1.9990073442459106 0.0019478737376630306 
2.6142160641029477E-4 3.9966349601745605 
2.6142160641029477E-4 3.9966349601745605 
1.3900175094604492 0.7952232956886292 
1.9138307571411133 0.7937265038490295 
1.2914230823516846 1.5893924236297607 
0.8335496783256531 1.5935001373291016 
0.3915809094905853 2.390291213989258 
0.7357968091964722 2.38240647315979 
0.30379143357276917 3.176119327545166 
0.1077694222331047 3.1807923316955566 
0.346281498670578 2.6274890899658203 
1.9320604801177979 0.5309798121452332 
1.9389749765396118 0.4364970028400421 
1.9223389625549316 0.6635512709617615 
0.35792168974876404 2.524583339691162 
0.07851375639438629 3.3697309494018555 
1.9189426898956299 0.723127543926239 
0.30965936183929443 3.0946764945983887 
0.7467576861381531 2.2317495346069336 
0.06463336199522018 3.558053970336914 
1.9484779834747314 0.3309588134288788 
1.9715871810913086 0.12184947729110718 
1.3340809345245361 1.0629372596740723 
0.04187566787004471 3.8928351402282715 
0.771609902381897 1.9315390586853027 
0.08249058574438095 3.318072557449341 
0.7909862399101257 1.758108139038086 
1.3755736351013184 0.8148240447044373 
1.3447521924972534 0.9721524715423584 
1.3036125898361206 1.4195102453231812 
0.7506428956985474 2.1856586933135986 
1.3109078407287598 1.3199926614761353 
0.7778972387313843 1.8692578077316284 
1.3392229080200195 1.018165946006775 
1.2965112924575806 1.5107619762420654 
1.9639039039611816 0.17618311941623688 
0.7414610981941223 2.3033580780029297 
0.06124885380268097 3.6200430393218994 
0.09519371390342712 3.21928334236145 
0.31513646245002747 3.0126662254333496 
1.362159013748169 0.8626647591590881 
0.04556671530008316 3.8463997840881348 
1.3076967000961304 1.3659168481826782 
0.04925090819597244 3.804234743118286 
0.055965930223464966 3.7055790424346924 
0.7607975006103516 2.0573816299438477 
0.7841799855232239 1.813423991203308 
0.05897750332951546 3.6544132232666016 
1.9546838998794556 0.26005294919013977 
0.7658348679542542 2.000678539276123 
0.30439138412475586 3.1705031394958496 
0.3124407231807709 3.0501744747161865 
0.06892086565494537 3.5015056133270264 
9.958050213754177E-4 3.9697725772857666 
1.3152486085891724 1.2663929462432861 
1.9789254665374756 0.07253194600343704 
1.9829169511795044 0.0558365061879158 
0.330623984336853 2.8009984493255615 
1.3172721862792969 1.242799162864685 
0.004527918994426727 3.895388126373291 
1.9934641122817993 0.01334373839199543 
0.7399258017539978 2.326894521713257 
0.3236915171146393 2.890005350112915 
1.3277273178100586 1.1271088123321533 
1.293433427810669 1.5603896379470825 
1.3581175804138184 0.8841822743415833 
1.9143821001052856 0.7862259745597839 
0.7677282094955444 1.9765264987945557 
0.08842088282108307 3.2649834156036377 
1.92742121219635 0.5952529311180115 
0.8061134815216064 1.6607199907302856 
0.7580277919769287 2.085430383682251 
0.32258448004722595 2.904695510864258 
0.33602914214134216 2.735692024230957 
0.07255689054727554 3.441023826599121 
0.3349611163139343 2.753114700317383 
0.8168045878410339 1.6183042526245117 
1.9438605308532715 0.3770032823085785 
1.927712082862854 0.5943225026130676 
0.002196176676079631 3.9084784984588623 
0.7979063391685486 1.70894455909729 
0.36442065238952637 2.4781718254089355 
0.3282788097858429 2.8312859535217285 
0.340322345495224 2.686108350753784 
0.7542917728424072 2.1318588256835938 
1.3225780725479126 1.184800386428833 
1.3218435049057007 1.1928313970565796 
0.7814931869506836 1.8382631540298462 
1.3271374702453613 1.133241057395935 
0.052236758172512054 3.757464647293091 
0.07005992531776428 3.476325273513794 
0.3770946264266968 2.4144885540008545 
0.8088487386703491 1.6513293981552124 
0.736193060874939 2.378218173980713 
0.10750926285982132 3.1808454990386963 
0.3187401294708252 2.957263708114624 
0.7969704270362854 1.7145562171936035 
1.306382656097412 1.413694143295288 
1.3515067100524902 0.923821747303009 
