3.27117508277297E-4 3.9972126483917236 
3.27117508277297E-4 3.9972126483917236 
1.3897678852081299 0.7953102588653564 
1.2908607721328735 1.5935938358306885 
0.8334512114524841 1.5937085151672363 
0.7353691458702087 2.3902626037597656 
0.3917674422264099 2.390437364578247 
0.3033291697502136 3.1803741455078125 
0.10793069005012512 3.1810390949249268 
0.004694600589573383 3.895533800125122 
1.303898811340332 1.409696102142334 
0.04776579141616821 3.8203816413879395 
0.05076688528060913 3.777122974395752 
0.367443323135376 2.4852330684661865 
0.753287136554718 2.148264169692993 
0.09708752483129501 3.2062184810638428 
0.35672104358673096 2.5317907333374023 
0.04178319126367569 3.8951568603515625 
1.2988358736038208 1.48063325881958 
0.3394739329814911 2.69718074798584 
0.33515265583992004 2.746737241744995 
0.7574800848960876 2.100722312927246 
0.7780728340148926 1.8683247566223145 
1.3092610836029053 1.3411939144134521 
0.32214969396591187 2.913526773452759 
0.31899064779281616 2.957767963409424 
0.3426578640937805 2.6626408100128174 
0.7929015159606934 1.7431926727294922 
0.08096610754728317 3.337178945541382 
0.7603482007980347 2.063725709915161 
1.2951233386993408 1.532658338546753 
0.07301938533782959 3.4387388229370117 
0.3104334771633148 3.0779831409454346 
1.3701200485229492 0.8300161361694336 
1.3199362754821777 1.2123345136642456 
0.7986491322517395 1.7042890787124634 
0.33233821392059326 2.7818636894226074 
0.7494473457336426 2.198073387145996 
0.04302503168582916 3.879802703857422 
0.8097829222679138 1.6450488567352295 
0.3290826082229614 2.822460651397705 
1.3534435033798218 0.9126906991004944 
0.7703836560249329 1.946336269378662 
0.3074474036693573 3.119572639465332 
1.323538064956665 1.1724520921707153 
1.3013675212860107 1.4450361728668213 
0.7448709607124329 2.2576563358306885 
1.346022129058838 0.9640064835548401 
0.0015374099602922797 3.9275388717651367 
0.36989936232566833 2.445403575897217 
0.7422432899475098 2.2934019565582275 
1.33940589427948 1.0172373056411743 
0.7395132780075073 2.3384199142456055 
0.05460347607731819 3.717909812927246 
4.953764146193862E-4 3.967707633972168 
0.06866557896137238 3.499647855758667 
0.07078798860311508 3.468636989593506 
1.3262468576431274 1.1433863639831543 
0.08920140564441681 3.2563698291778564 
1.293209433555603 1.5603035688400269 
1.312934398651123 1.2992229461669922 
0.7676883339881897 1.9752250909805298 
0.30542606115341187 3.150521993637085 
0.7637025117874146 2.0213162899017334 
0.7474238276481628 2.223353624343872 
0.06231629103422165 3.598695755004883 
0.06468138843774796 3.5596582889556885 
0.3250255286693573 2.8751022815704346 
0.3130344748497009 3.041161298751831 
1.3168492317199707 1.2473946809768677 
1.3616050481796265 0.8658822774887085 
1.3555394411087036 0.8990320563316345 
0.3161869943141937 2.9958126544952393 
0.8201356530189514 1.609723687171936 
0.38608303666114807 2.3938045501708984 
0.326459676027298 2.8559460639953613 
0.08366863429546356 3.3069117069244385 
1.3154903650283813 1.2685236930847168 
0.07657458633184433 3.3898329734802246 
0.08851909637451172 3.2618727684020996 
0.3515961766242981 2.5756101608276367 
0.07657458633184433 3.3898329734802246 
0.7821616530418396 1.8321000337600708 
0.7888262271881104 1.7764204740524292 
1.3304444551467896 1.1005370616912842 
0.7870463132858276 1.7879189252853394 
0.35289323329925537 2.563727378845215 
0.3469248116016388 2.6188712120056152 
0.7833423614501953 1.8198754787445068 
0.7658432126045227 2.006176471710205 
1.3418046236038208 0.9972507953643799 
0.05728019028902054 3.676762104034424 
1.3336973190307617 1.0681432485580444 
0.3765089213848114 2.4174623489379883 
1.3289945125579834 1.114092230796814 
0.3477431833744049 2.6121060848236084 
0.7401025891304016 2.325446128845215 
0.8033020496368408 1.6772314310073853 
1.3127033710479736 1.3325179815292358 
0.10626649111509323 3.1815147399902344 
