1.3912304639816284 0.7964416742324829 
0.0013965987600386143 3.9966495037078857 
0.8342915177345276 1.5947014093399048 
1.2919505834579468 1.5941277742385864 
0.7366828918457031 2.3881757259368896 
0.39157241582870483 2.3911566734313965 
0.10861071199178696 3.1816508769989014 
0.3040618300437927 3.181340217590332 
0.042843665927648544 3.896050214767456 
0.005514730699360371 3.896533250808716 
0.08658260852098465 3.2895960807800293 
1.295583724975586 1.5405280590057373 
0.3159996569156647 3.015943765640259 
0.7428383231163025 2.295888900756836 
1.354073405265808 0.9175111651420593 
0.047584619373083115 3.8313934803009033 
1.3460947275161743 0.9722568392753601 
0.05484163016080856 3.725311756134033 
1.311057448387146 1.3322817087173462 
0.740220844745636 2.337007761001587 
0.8103444576263428 1.6495155096054077 
0.8205012083053589 1.611477017402649 
0.7473612427711487 2.2353079319000244 
0.7594277262687683 2.097947359085083 
1.3712886571884155 0.8309206366539001 
0.8038063645362854 1.678472876548767 
0.3200066089630127 2.957986354827881 
0.7493796348571777 2.2075369358062744 
0.31248563528060913 3.063892126083374 
1.315165638923645 1.280768871307373 
0.3438371419906616 2.658796787261963 
0.30807623267173767 3.1229188442230225 
0.3700508177280426 2.449331045150757 
0.7666700482368469 2.0017664432525635 
0.7730543613433838 1.9304752349853516 
0.06668572872877121 3.546450138092041 
0.05251661688089371 3.768012762069702 
0.7542228102684021 2.152160406112671 
1.2995424270629883 1.480635404586792 
0.7692163586616516 1.9733189344406128 
0.06088975816965103 3.630821943283081 
0.3762385845184326 2.4215247631073 
1.3360884189605713 1.0567328929901123 
1.3205442428588867 1.2182350158691406 
0.3343854546546936 2.771423816680908 
1.3854788541793823 0.7990844249725342 
0.07991348206996918 3.3634371757507324 
0.07355837523937225 3.445300340652466 
0.09830333292484283 3.2062361240386963 
0.7975252866744995 1.7200871706008911 
1.3174190521240234 1.250318169593811 
0.05006059259176254 3.801616668701172 
1.3049602508544922 1.407482385635376 
1.3329095840454102 1.086942195892334 
0.7887913584709167 1.7827517986297607 
0.3570326566696167 2.538356304168701 
0.09025037288665771 3.2574870586395264 
0.07054349035024643 3.4913666248321533 
1.3298777341842651 1.1171001195907593 
0.33070069551467896 2.811521530151367 
1.3402440547943115 1.0198042392730713 
0.7763223648071289 1.8990600109100342 
0.30970796942710876 3.0992438793182373 
0.3630858063697815 2.4931962490081787 
0.33652761578559875 2.744215488433838 
0.32379835844039917 2.9057352542877197 
0.3263605535030365 2.8713161945343018 
0.30416062474250793 3.180163860321045 
0.7788043022155762 1.873825192451477 
1.3271065950393677 1.1468615531921387 
0.7555657625198364 2.134553909301758 
0.339653342962265 2.7044310569763184 
0.058235153555870056 3.6732840538024902 
0.7913658022880554 1.7624990940093994 
0.7845154404640198 1.8208318948745728 
0.3847672641277313 2.399092674255371 
1.3654906749725342 0.853367030620575 
1.292023777961731 1.593061923980713 
1.3426752090454102 0.9994141459465027 
0.322115957736969 2.930233955383301 
0.07714832574129105 3.3977296352386475 
0.7623226046562195 2.0486948490142822 
0.3524184823036194 2.5790488719940186 
0.002186725614592433 3.935142755508423 
0.7954368591308594 1.7342495918273926 
1.3031264543533325 1.436368703842163 
1.323606014251709 1.1834880113601685 
0.06311867386102676 3.595917224884033 
0.7623226046562195 2.0486948490142822 
1.3593751192092896 0.8855522871017456 
0.0015974171692505479 3.9813458919525146 
0.35541442036628723 2.549121141433716 
0.7826769351959229 1.8460921049118042 
0.07991348206996918 3.3634371757507324 
0.058458611369132996 3.6694624423980713 
0.8319382667541504 1.5955548286437988 
1.3079921007156372 1.3710676431655884 
0.00204453500919044 3.9465863704681396 
0.33923161029815674 2.713813543319702 
0.327958345413208 2.8466289043426514 
