2.0008394718170166 0.0016231238842010498 
0.0012724254047498107 3.9925284385681152 
2.0008394718170166 0.0016231238842010498 
1.3912162780761719 0.7956283092498779 
1.9148905277252197 0.7939656376838684 
1.2927331924438477 1.5942342281341553 
0.8345732092857361 1.5944790840148926 
0.7362769842147827 2.3897531032562256 
0.3924853503704071 2.3911619186401367 
0.30428147315979004 3.180596351623535 
0.10840141028165817 3.1816771030426025 
0.3185422122478485 2.973957061767578 
0.3266819715499878 2.8648581504821777 
0.047248873859643936 3.836672306060791 
1.3246890306472778 1.1731839179992676 
1.3035999536514282 1.4269620180130005 
0.04257506877183914 3.8964107036590576 
0.7746518850326538 1.9104118347167969 
0.7825739979743958 1.8354250192642212 
0.06427668780088425 3.5834648609161377 
1.9398977756500244 0.4392421841621399 
1.956558108329773 0.2519611120223999 
1.2949622869491577 1.5474607944488525 
1.971375584602356 0.12678228318691254 
0.7903135418891907 1.7708888053894043 
0.08902079612016678 3.269580364227295 
0.3430734872817993 2.6690731048583984 
1.9304143190383911 0.5710665583610535 
0.35489654541015625 2.554969310760498 
1.314885139465332 1.3083508014678955 
0.05248432233929634 3.7657854557037354 
1.3811125755310059 0.8026186227798462 
0.7665620446205139 1.9975980520248413 
1.3217941522598267 1.2206591367721558 
1.345658540725708 0.973950982093811 
1.3330858945846558 1.0952978134155273 
0.7483100891113281 2.223280429840088 
0.3382917046546936 2.7314789295196533 
0.3146951198577881 3.0272490978240967 
1.977931261062622 0.08687041699886322 
1.315934658050537 1.26842200756073 
0.0013408362865447998 3.981560707092285 
0.3625834286212921 2.495633840560913 
0.30731499195098877 3.1412556171417236 
1.9272339344024658 0.6158494353294373 
0.7945748567581177 1.7384158372879028 
1.3644939661026 0.8574008345603943 
0.8094619512557983 1.650928258895874 
0.3467540144920349 2.630178451538086 
0.005654302425682545 3.899914026260376 
0.331462562084198 2.8046841621398926 
0.07190393656492233 3.4767379760742188 
1.984349250793457 0.05104780197143555 
1.9241937398910522 0.6561533212661743 
0.3514266908168793 2.5893445014953613 
0.7519006729125977 2.1954257488250732 
0.7776349186897278 1.8805100917816162 
0.08591051399707794 3.3399462699890137 
0.0555679015815258 3.7176856994628906 
0.7437900304794312 2.2843120098114014 
1.308088779449463 1.3681365251541138 
0.33532825112342834 2.7565693855285645 
1.9640998840332031 0.18520581722259521 
0.07866045832633972 3.373953342437744 
1.3403785228729248 1.0192842483520508 
0.3101443946361542 3.0942177772521973 
1.9344923496246338 0.5137765407562256 
1.9211935997009277 0.6955727934837341 
1.9918266534805298 0.021775733679533005 
1.3516554832458496 0.9308087825775146 
1.9542299509048462 0.28983768820762634 
0.09295403212308884 3.235464096069336 
0.09784118086099625 3.2082362174987793 
0.060104962438344955 3.6484246253967285 
0.006375140510499477 3.897152900695801 
0.067326620221138 3.5358636379241943 
0.7543105483055115 2.144381284713745 
1.3377223014831543 1.0431756973266602 
0.7581686973571777 2.097033977508545 
1.942721962928772 0.4050663709640503 
1.916569471359253 0.7674165964126587 
1.9645013809204102 0.18181441724300385 
1.9450563192367554 0.375692218542099 
0.3287637531757355 2.837508201599121 
0.7387807369232178 2.354928493499756 
0.059280235320329666 3.657341480255127 
0.06869862973690033 3.5151069164276123 
1.9344923496246338 0.5137765407562256 
0.7618070840835571 2.0527279376983643 
0.8013179302215576 1.695426106452942 
0.07529151439666748 3.4177703857421875 
1.9479262828826904 0.3426775634288788 
0.07419052720069885 3.432208299636841 
1.9501643180847168 0.3193940222263336 
1.356929063796997 0.8986844420433044 
0.3770769238471985 2.4190759658813477 
0.7405568361282349 2.32922625541687 
1.3336644172668457 1.0809650421142578 
1.307103157043457 1.3805817365646362 
0.803356409072876 1.6883877515792847 
