6.935178535059094E-4 3.9986538887023926 
2.0006825923919678 7.818691083230078E-4 
1.9142788648605347 0.7927801609039307 
1.3901447057724 0.7956374883651733 
1.2912046909332275 1.592045783996582 
0.8334065079689026 1.593949317932129 
0.7356268763542175 2.390289068222046 
0.39197787642478943 2.390599489212036 
0.30349594354629517 3.1811485290527344 
0.1082327738404274 3.1811890602111816 
0.37009572982788086 2.446052312850952 
1.333276391029358 1.077828288078308 
1.9438592195510864 0.38271087408065796 
1.9267191886901855 0.6058271527290344 
1.9191062450408936 0.7201763391494751 
0.35512351989746094 2.5463123321533203 
1.3263366222381592 1.1454440355300903 
0.8070165514945984 1.659104347229004 
1.2945120334625244 1.5442817211151123 
0.3619793653488159 2.494985342025757 
0.3098180890083313 3.089695453643799 
1.9224215745925903 0.6678357124328613 
0.7398805022239685 2.330812931060791 
1.3107938766479492 1.324597954750061 
1.961713433265686 0.20022611320018768 
0.761650800704956 2.047762393951416 
1.338762640953064 1.0254091024398804 
0.004789403639733791 3.8957278728485107 
0.3259594440460205 2.8665568828582764 
0.06951549649238586 3.4909307956695557 
1.9558602571487427 0.25959181785583496 
0.06611575931310654 3.542510986328125 
1.979669451713562 0.07143114507198334 
1.9310827255249023 0.5437877178192139 
1.9919345378875732 0.019338468089699745 
0.0014740563929080963 3.9344911575317383 
0.331147164106369 2.804382801055908 
1.9339443445205688 0.5055490136146545 
0.7515985369682312 2.1723039150238037 
1.3773057460784912 0.8103576898574829 
0.7759602069854736 1.8917529582977295 
1.3219053745269775 1.1931182146072388 
0.3482981026172638 2.608804702758789 
0.33615538477897644 2.7387540340423584 
1.314661979675293 1.2780085802078247 
0.05140651762485504 3.769848108291626 
0.32276657223701477 2.9090423583984375 
1.3181920051574707 1.2357099056243896 
0.38817283511161804 2.3923351764678955 
1.9508378505706787 0.303671270608902 
0.0539894737303257 3.730818510055542 
0.042143434286117554 3.8943212032318115 
1.9384548664093018 0.44855111837387085 
1.2995060682296753 1.4751497507095337 
1.300353765487671 1.462827205657959 
0.31943100690841675 2.9536149501800537 
0.8219631314277649 1.6064021587371826 
1.9745572805404663 0.10086436569690704 
1.3503732681274414 0.9351932406425476 
0.7899555563926697 1.7677136659622192 
1.3053839206695557 1.3948861360549927 
0.3459565341472626 2.6344425678253174 
0.0433841310441494 3.8795695304870605 
1.3057963848114014 1.38882577419281 
0.7687348127365112 1.967008352279663 
0.7818835377693176 1.8359358310699463 
0.08307235687971115 3.3152453899383545 
0.7450978755950928 2.2601170539855957 
0.31693515181541443 2.989068031311035 
0.05708548426628113 3.6827452182769775 
1.9402681589126587 0.42490389943122864 
0.07324410229921341 3.4369633197784424 
0.800011396408081 1.6978023052215576 
0.7972144484519958 1.7157665491104126 
0.3334794342517853 2.7715046405792236 
0.7564228773117065 2.111119270324707 
1.9670920372009277 0.1546943634748459 
0.7567009329795837 2.107557535171509 
0.05846551060676575 3.662304401397705 
0.31458422541618347 3.021416664123535 
0.07762732356786728 3.380650520324707 
1.3647871017456055 0.8526208400726318 
0.3413110077381134 2.6808152198791504 
1.969061017036438 0.14094282686710358 
0.7368841767311096 2.3730573654174805 
0.04765404015779495 3.8239784240722656 
1.3582135438919067 0.8856571316719055 
0.08328528702259064 3.3137919902801514 
0.791348397731781 1.756455659866333 
1.3445409536361694 0.9776057600975037 
1.3549797534942627 0.9047470688819885 
0.07423050701618195 3.4238274097442627 
0.7487194538116455 2.211040735244751 
0.09765699505805969 3.2039098739624023 
0.04786234349012375 3.8207547664642334 
0.7827807664871216 1.8265459537506104 
0.7450978755950928 2.2601170539855957 
0.09520533680915833 3.2169389724731445 
0.08894148468971252 3.260305881500244 
0.09059882909059525 3.248197317123413 
