9.560527892184057E-5
1.0624125855406234E-4
1.0699008121179263E-4
1.0280783813995583E-4
0.0028007351084919315
0.0027876462528555503
9.70998561076044E-5
0.002795336064582684
0.002798294370194968
9.28750716821133E-5
1.0507900775108198E-4
0.0027973868202690456
0.002801880440868789
0.00279949842658358
9.891004066306158E-5
0.002795899661638595
1.1067545228933373E-4
0.0027968807589297154
9.786292591354694E-5
9.592164247800652E-5
9.830414685679998E-5
0.0027987850702437013
0.0027986320018456414
0.00279838235396022
0.002799628161347085
0.0028016143660336643
1.014421048099997E-4
0.0028014605687522003
0.002800992338206431
0.0027959168288832744
