1.891990471154421 2.6368221499323043 2.111125481065242 2.8152581383395185 3.5096862340389774 4.193774027521414 
0.00426754729469192 9.551911554213713E-4 2.1110515546695705 2.8148493830935934 3.508462811945003 4.194501241199541 
1.9109324860311343 1.0046447035002524 2.1110584465535878 2.814751058418514 3.50930815494173 4.194004553572885 
1.9747944025859203 2.2033206476266165 2.1111219756081576 2.8148205265615496 3.510406693518637 4.193773405899577 
1.9211537479899905 0.6708430120699687 2.111175051106445 2.814811467301703 3.509703608197778 4.194173490488394 
1.110169046829148 1.0162736591317005 2.111119625158362 2.8141452013392256 3.4986130884211892 4.198576428477757 
0.4321521796422435 0.812959256100455 2.1111208404619046 2.8147506075916895 3.4982082925999114 4.197991014887767 
0.13527496034065262 2.5690419031208753 2.1110970422946638 2.815168383111204 3.498450261168182 4.197844712325129 
0.4034951539843207 0.2310822781909005 2.1110970210099227 2.814728819917589 3.509457580966475 4.19382982849661 
0.16183212457471163 0.003197114398481138 2.1110520627431115 2.8147286148340163 3.5087269516556496 4.194481606076576 
0.3456340903017403 0.7997480856630506 2.1111679153836107 2.814723296398101 3.5087282433523233 4.193714112314373 
1.8681613166735045 2.4266598430273705 2.111056413482062 2.814734502714249 3.5094498146921316 4.193828228948679 
0.23809189394999497 2.4181950160972763 2.111178315286229 2.8152540336455005 3.497526240019618 4.193683736924425 
1.9396878089238438 0.655191710706225 2.1110997408264716 2.8143753037256762 3.4985423409591725 4.198239310182049 
1.893423889580645 2.533776025814597 2.1110902846350585 2.814731250402904 3.498370794692671 4.1932428792888645 
0.14565617327077124 0.8086561482771579 2.1113970300297993 2.815180321982835 3.4985069379766887 4.198265510986073 
1.9365131167698364 2.4266598430273705 2.1111283681833424 2.8147287908645353 3.5092112557533626 4.193672712592218 
0.23349877065365865 0.7158653997755503 2.1111473919838444 2.8143647288219635 3.498199447225645 4.197871865564849 
1.8891397091459192 2.4266598430273705 2.1111284632216654 2.8147287908645353 3.5092112557533626 4.193673303003056 
1.90112458247385 0.722724299492105 2.1111255007461938 2.8147458370752796 3.5079795718048543 4.194438021696887 
1.8668763481657784 1.0162736591317005 2.111119635810141 2.8141452013392256 3.499069479659594 4.193221911297629 
1.9855994095202074 0.8128303146096506 2.1110998903725724 2.814823458672654 3.4986346449576926 4.197866395633492 
1.9837498483330689 0.5816255932731091 2.1114238805464316 2.8153534300468617 3.498092238678882 4.19788132164631 
1.9402252191684197 0.7037282634369052 2.1193648397823033 2.8152384570432623 3.5094363799215627 4.194169456325642 
1.891990471154421 2.5833540402219106 2.111125623951947 2.8152581383395185 3.5096862340389774 4.193563165306995 
1.9932026729518046 0.7447757829382071 2.111095103655051 2.8144832420411023 3.4984069671244096 4.19789777759285 
0.355856943958035 2.2021707078529884 2.1110571146426045 2.81470420762411 3.5103898077840885 4.1936910588361505 
1.9427838481676063 0.670345679007782 2.1111672516109254 2.8143753037256762 3.498647314620571 4.198231961209966 
0.1476334107626108 2.583108974406035 2.111110589341147 2.814724290989059 3.5091904635477174 4.193563204047531 
1.8947796211256622 2.4266598430273705 2.11141589213165 2.8147748773370096 3.49803903442678 4.195597744089777 
0.20640313809895322 2.612848503301012 2.1113970300297993 2.8152726011625244 3.4984100419049997 4.1978798625661975 
0.14792918323924892 2.5629394542414774 2.111113651964849 2.815178693163046 3.4980512217938204 4.1978784168849925 
0.22694755213180817 2.6890418107105623 2.1110570194002314 2.8147017403687586 3.498040965289667 4.198190793186676 
1.7732965004112684 1.0637216529568476 2.1111161260364666 2.8147307299461315 3.510435217146399 4.203798304595906 
1.8890207527622616 0.853359644991337 2.1111254036476916 2.8147298524345574 3.508724609276044 4.1932430388133985 
0.4609126371002591 0.38190769401823094 2.1113924381581524 2.815219814739672 3.509447762458285 4.208896381806861 
0.1465042513119888 0.85865157887644 2.111383911498848 2.8148305962036235 3.4981549538146557 4.194086164899046 
1.776823804157653 1.0162736591317005 2.1110923466587703 2.8148428845263944 3.510512919452404 4.204521835595764 
1.888469555526405 2.3975578012933187 2.111125400570328 2.814707845693991 3.4982713453172347 4.199042566469072 
1.7774155510393224 1.0637216529568476 2.1111161260364666 2.8147307299461315 3.510435217146399 4.203798304595906 
0.4210738211137137 0.40576343448712804 2.1110978797041593 2.8149411246840277 3.498416914273363 4.197778501895023 
1.1185392076297824 0.9330475665121261 2.1111232323974227 2.8141648473673913 3.498426847475832 4.198576428477757 
1.918881367724218 2.4350125952930592 2.11105179343239 2.814790762128058 3.5093808430147284 4.194173262782287 
1.9064982306412601 2.417623106621692 2.111178315286229 2.8152086695711462 3.509541822814572 4.194109006248746 
0.16544623691190646 2.6496026316820087 2.1111182771385453 2.8147546233485685 3.511234709032622 4.193728469812155 
1.8843372530407068 2.6368221499323043 2.111125481065242 2.8149448159067965 3.5096862340389774 4.193774027521414 
0.4508609769663432 0.5282109710049906 2.111121873873204 2.815238080342625 3.5087799533292205 4.198355074316507 
0.3057480166597164 0.7596500489829219 2.111118726868235 2.814758019089716 3.5091494541467196 4.193316159932633 
0.4649840479083346 0.6610582183194463 2.111262448026621 2.814758940785773 3.510298668805799 4.193429835813484 
1.9932026729518046 0.723260175648757 2.1110950724655133 2.814470043067051 3.4984069671244096 4.193902549229682 
1.9984931781155701 2.226073318382104 2.1111191621256093 2.8141646728751075 3.498409499321329 4.197863215147837 
0.40275273039028947 0.3196766570466698 2.1110970210099227 2.8147337486748127 3.509422053587482 4.19378129526734 
1.990886598874818 2.2073614557736123 2.111095177241709 2.8147361694209274 3.499819261237984 4.197863215147837 
1.8681613166735045 2.527840358601322 2.1111262356674816 2.8147593497430967 3.509499853355894 4.193781712069149 
1.9455001662935028 0.7914280708433904 2.1111251712249213 2.815251253340183 3.497478150331272 4.195574383781917 
0.38146755834366664 2.320909552384098 2.111057124254091 2.8147042397381585 3.509458068117661 4.193691059984082 
0.38156869286371387 0.7596500489829219 2.111118726868235 2.814739237299793 3.5091480208024413 4.193316017247619 
0.23291168539872398 0.8743711829916246 2.111086328651035 2.815236377640014 3.499140044004446 4.1937362205571995 
1.8978023742747756 2.46034910076622 2.111235480035811 2.8144886679024474 3.50930815494173 4.19404246697154 
0.23291168539872398 2.4995442134766153 2.1113970300297993 2.8152672742549703 3.4983982793961492 4.1978784168849925 
1.8978023742747756 2.4883482602932268 2.111235480035811 2.8144822793614095 3.50930815494173 4.194022988481204 
1.9955380652849812 0.6502691241147939 2.111095177241709 2.8147449321566604 3.500477754927512 4.193436768872746 
0.14792918323924892 2.5707361057177356 2.111115792104743 2.815178693163046 3.498040965289667 4.197842972335923 
0.4034951539843207 2.3038608089256414 2.1110970210099227 2.8147288438829605 3.509457580966475 4.19378129526734 
0.18902847387863841 2.612848503301012 2.1113970300297993 2.8152726011625244 3.5090465888221067 4.19422843937086 
0.1476334107626108 2.636577084116429 2.111110446454442 2.814724290989059 3.5091904635477174 4.193774066261951 
0.16544623691190646 2.6130191251534978 2.1110970422946638 2.8147546233485685 3.509421316318915 4.193977762858217 
0.11787565587524476 2.6042327833754806 2.111386670408454 2.815483949845863 3.4984097297687367 4.197833791003657 
1.8891397091459192 0.8712986464989071 2.1111577173109644 2.8141542422484767 3.5092112557533626 4.198964638739354 
1.842780191711844 2.5626415227766124 2.1113923618334205 2.815177118887135 3.5085929181640334 4.197878480291191 
1.996395742205494 0.5816255932731091 2.111136451636447 2.8153395970504396 3.5092644600054648 4.19788132164631 
0.22074251975223674 2.5651066511985205 2.1113970300297993 2.8152672742549703 3.498206028332053 4.1978784168849925 
0.1905324260996637 0.838236501391457 2.1113970300297993 2.8151735195355845 3.499824777730203 4.198108458666742 
1.9496193678925655 0.7914280708433904 2.1111251712249213 2.815251253340183 3.497478150331272 4.195574383781917 
1.9499724651823982 0.7680872373769309 2.1111185267944443 2.814743630703338 3.4980989930573103 4.193696656931699 
0.3172443848158354 2.570823238153235 2.1111182795565937 2.8151397549621375 3.5112133001205437 4.193222826647624 
1.8934920537232807 2.5651066511985205 2.1113866441033244 2.815268442191266 3.498206028332053 4.195850083410408 
1.9748932731219757 2.2033206476266165 2.1111219756081576 2.8148205265615496 3.510406693518637 4.19378132356933 
1.9010702787733569 2.4883482602932268 2.111235480035811 2.8147475072664534 3.50930815494173 4.194445132993724 
0.2960817107701682 2.3312463362282747 2.111117934487333 2.8151397549621375 3.5112133001205437 4.193274595564004 
0.33180236851256717 0.7409569890805515 2.1111749781151063 2.8151397549621375 3.5112192443266284 4.1932099492035 
1.9412202095769335 0.714680505379822 2.1110945125808223 2.8152669394745353 3.4974292431030656 4.195574383781917 
0.2960817107701682 2.4704373433941456 2.111117934487333 2.8151397549621375 3.5112133001205437 4.193234554113813 
0.06557554055110759 0.012468006637994855 2.1110520627431115 2.8147286148340163 3.508653722687245 4.194481684546897 
1.9480982961269286 0.8068563791084946 2.1110970210099227 2.8147337486748127 3.509487747570213 4.197790608269225 
1.9064982306412601 2.370347269039298 2.111178315286229 2.8152086695711462 3.5094392989931085 4.193692617353252 
1.959874476238716 2.3192418754116484 2.1110564045483002 2.8147028892909494 3.509458068117661 4.193692215380931 
0.23118524678749452 0.8086561482771579 2.1113970300297993 2.8152663927808153 3.498200559620054 4.19799521227755 
1.9412202095769335 0.714680505379822 2.111094517715757 2.8152669394745353 3.4974292431030656 4.195574383781917 
1.9499724651823982 2.4350125952930592 2.11111852958862 2.8152445241232704 3.4980989930573103 4.193701293630223 
0.019839372219050966 9.551911554213713E-4 2.1111233899287813 2.8147286148340163 3.5103799637211806 4.194488331102059 
0.23775555204604581 2.6023243036426016 2.111119102472519 2.815178693163046 3.498040965289667 4.197843876977127 
1.9840155758079232 0.6912931621099233 2.1193648397823033 2.8152384570432623 3.5094363799215627 4.194101830194652 
0.4508609769663432 0.5282109710049906 2.111121873873204 2.815238080342625 3.5087799533292205 4.198355074316507 
0.10281208783050477 1.0162736591317005 2.111119485250962 2.815208679587639 3.4986130884211892 4.197884299483312 
1.9805409871631374 0.8574102523161996 2.1111679153836107 2.8148440646576787 3.498364732436938 4.193718045503663 
1.8681613166735045 2.460387793961936 2.1110597645411753 2.814734502714249 3.5094498146921316 4.193828748251042 
0.05608515649784668 0.003591287096251561 2.1110520627431115 2.8147286148340163 3.508653722687245 4.19791783831112 
0.13292656069836226 2.737100556612008 2.1110981920085896 2.8152227283135933 3.509447762458285 4.208896381806861 
0.3675471851505051 2.217522003674021 2.111408126074111 2.814838873013518 3.4983982793961492 4.1978784168849925 
