0.007570636170000422 0.004651769194856659 2.100703806783323 2.7994413364268516 3.532907833050135 4.224999176837766 
1.7821743662997567 2.85493660873617 2.100577331110111 2.7994304203005864 3.5092083818790685 4.224426734305789 
1.7821743662997567 2.85493660873617 2.100577331110111 2.7994304203005864 3.5092083818790685 4.224426734305789 
1.7857954949889168 2.5844886482355576 2.099029828001878 2.7990535744894562 3.5358684481791385 4.223466215187065 
1.7224273896733504 1.3815740531822558 2.101349780887432 2.7991442768084736 3.5350016102655553 4.224993914073582 
0.2721891076329054 2.6875993433363026 2.0988229452753706 2.7993678523071304 3.5348443138118806 4.182312054213792 
1.6905251943840252 1.144680081730762 2.1006990782586774 2.7991398816079984 3.533800522437451 4.225032001817464 
0.266226019169718 1.1442760857075762 2.100864716309825 2.799369897140802 3.535387769440929 4.225039747791327 
0.053702810480369734 2.7360987936350405 2.100972672030799 2.7991436047470666 3.535772683183653 4.223366791758526 
1.7076743818365838 1.144680081730762 2.1006990782586774 2.7990493874310234 3.533800522437451 4.225032001817464 
0.03266860375535528 0.9752259778291452 2.0988229452753706 2.8021446466823847 3.537785201332063 4.182312054213792 
0.1846360156186978 1.1382109344486646 2.0988258623319056 2.7994178634886375 3.5367132602322644 4.229190861648292 
1.7241185980063558 2.85493660873617 2.100815469088658 2.7991585451339143 3.506765847195681 4.223424956424669 
1.727392484339459 1.1363262865572192 2.100636181796165 2.79876286601344 3.5326553084502943 4.210227333729927 
1.7363654966344666 1.1365696637606053 2.100582302196549 2.8021809838512604 3.530871182040596 4.203328052676656 
0.09567490272923732 2.7831796790438066 2.0988227334809553 2.8022454571839006 3.5355900402723064 4.229799039687458 
0.07823181225669096 2.797661346436614 2.098935956497479 2.801012261716639 3.5364342466400154 4.210371344759539 
0.03218949573962242 0.26890883027592194 2.0992138392494883 2.7989452965590975 3.580772962905486 4.296589568158699 
0.03292512991293908 2.8050174428214993 2.0988161581943685 2.8021446466823847 3.5377857332911784 4.229799039687458 
1.8140300726808216 2.585262631896782 2.099029828001878 2.799352285234848 3.5358684481791385 4.223678238996973 
0.011528011843280173 1.0833691429317958 2.1006874081244313 2.802222710337384 3.535806376997327 4.224009967577341 
0.04543247244885007 1.2918138881699177 2.100803562098758 2.7989695222442856 3.582277297560875 4.298178855981645 
0.032668363850539166 1.0775877700074887 2.098816962165358 2.8021489717287484 3.5377857332911784 4.223671060625494 
0.11243371167009697 1.2424861283933895 2.0990041655684326 2.8024691800642416 3.538410633652731 4.226266956493299 
1.725559409934926 1.0895100656413388 2.100705947176629 2.8022801963847397 3.535726595416991 4.227846956877287 
1.8430129743560413 2.5091686015641623 2.100826246434818 2.7994178634886375 3.5822299329349376 4.296550513513268 
0.011432858017368952 0.18071329326979146 2.098822469234958 2.7993700238325814 3.5354941721101434 4.228790147941004 
1.7209335838561057 1.1936224727931621 2.0992720560605167 2.799143547680679 3.5357562625730075 4.224703180924834 
0.09879877025273677 2.8711619883402077 2.100823418519818 2.7991977219208652 3.509425897171261 4.209271949603397 
1.7501247364664287 2.7831607329521826 2.098901899774388 2.798845199503647 3.583057915438343 4.297807500978331 
1.714472078274151 2.7584844220157296 2.100873689382736 2.799434039983211 3.5090279087452334 4.224465406925692 
1.691399258817359 1.2841244340587246 2.1006796273211137 2.7991435467033576 3.53430037758593 4.224993914073582 
0.047847374256064 2.812497381671692 2.1008631580192496 2.7993698945375605 3.5355240099322804 4.223435768495355 
0.0336881447967145 1.0059702739391279 2.1008620281385797 2.7993698945375605 3.5355167812245814 4.226165931013877 
1.7857457942526562 1.1139046796655236 2.100967973699285 2.802528326381872 3.5406026329926865 4.210056383273999 
1.8143341958542334 2.6883790803038106 2.100608376041416 2.7993501584705833 3.5095460637582505 4.2096540219933685 
1.7488461081600675 2.7831607329521826 2.1008207692227456 2.7988439072835227 3.505500584616755 4.221512674621161 
0.11217481062142254 2.782117480965795 2.1007036508264902 2.7991538459925493 3.5383793682969795 4.226321932685406 
0.1399092028870959 1.288535433805733 2.099026430778206 2.8024020520852897 3.5389733002766004 4.223889435065449 
1.9412029501935992 0.8672340741504393 2.0989572248788733 2.8023287382508886 3.535354168933069 4.27154849932085 
1.6968045076577973 2.845358660327053 2.099367646790063 2.7991426099430354 3.5370463102400427 4.225002329263881 
0.030807955258038346 2.788374514509663 2.1008206449180555 2.7992892638318696 3.529670720093988 4.205720323909865 
1.9106287692267303 0.8332421521045792 2.098914310889175 2.7990808980369826 3.5353536807188917 4.2257001236714276 
1.7161252322153309 1.1517177272627235 2.098935956497479 2.801012261716639 3.536431709206841 4.225287701158233 
0.09699617891895143 2.700125584948634 2.0988229452753706 2.8021446466823847 3.5377857332911784 4.229799039687458 
1.739715297593389 2.8615915021851333 2.100815469088658 2.7991585451339143 3.506765847195681 4.223424956424669 
1.7098476394727509 2.7549717701562004 2.1014938167105033 2.7988957173278024 3.537584809852274 4.270445387182389 
1.7224273896733504 1.3401185262403814 2.101335584533915 2.7991442768084736 3.5350016102655553 4.224993914073582 
1.7015307553282306 2.8615915021851333 2.100815469088658 2.7991513012589433 3.506765847195681 4.223500954393669 
1.6830790112707863 1.255942602859843 2.1007036508264902 2.799143547680679 3.535726595416991 4.2278783961419055 
1.8143341958542334 2.697935287938502 2.1005294968236776 2.7993501584705833 3.534837120031483 4.215203133233059 
0.030807955258038346 2.8039787875086795 2.1008206449180555 2.7992892638318696 3.529670720093988 4.205720323909865 
0.07962381752505354 2.782117480965795 2.1007036508264902 2.799143547680679 3.5357220666067373 4.2278783961419055 
1.7653657982467317 2.855601148535834 2.100815469088658 2.7991585451339143 3.5050866691060203 4.223424956424669 
1.7101786716955114 1.1139046796655236 2.1015356887666607 2.8025308384733765 3.5329016365055446 4.210056383273999 
0.020943172259349274 1.3815122386631329 2.10140952877689 2.7991442926890864 3.534508215749084 4.2249848485935715 
1.725927489559803 1.1936224727931621 2.0992720560605167 2.799085752029986 3.534943629861818 4.224703180924834 
0.0768658631344652 1.0833691429317958 2.100701126063481 2.7989048671251013 3.535806376997327 4.223568815865783 
1.705267001163126 2.85493660873617 2.100577331110111 2.7992279794076795 3.5085566155622887 4.224427420190603 
1.6968045076577973 2.8100433519152697 2.099353450436545 2.7991426099430354 3.5370463102400427 4.225002329263881 
1.7224273896733504 2.8039729193379634 2.099026315359433 2.7991426099430354 3.5349734265149335 4.223899027056309 
0.012584333136322123 1.1456725383571724 2.098822469234958 2.799351393909755 3.5376708308572113 4.228869144971415 
1.7296468003493704 1.1139046796655236 2.100809275366582 2.8025560319041816 3.506972556404969 4.210056383273999 
1.7893842010498573 1.1476990433714143 2.100809275366582 2.802543385569812 3.506972556404969 4.210056383273999 
1.6940525463906297 2.779499128502206 2.100651488066823 2.8025079998416382 3.5831183469691554 4.276469206961931 
1.6905251943840252 1.144680081730762 2.1006990782586774 2.7991398816079984 3.533800522437451 4.225032001817464 
0.11243371167009697 2.8246868422422167 2.0989643307758743 2.8024691800642416 3.5358534819631195 4.2258015820228225 
0.038238603353001444 1.286315796613494 2.100803562098758 2.7989695222442856 3.582277297560875 4.132740475594417 
0.20018785961544827 0.9322810086783431 2.1008484056117602 2.7993609651685065 3.5348207553752586 4.221867837883698 
0.09879877025273677 2.734618885768423 2.100597825549524 2.7994020005297933 3.5364060699270614 4.235384720313546 
1.6488829772272204 1.3815740531822558 2.1013563571231795 2.7994334225434008 3.508925144916348 4.224993914073582 
1.7224273896733504 1.2607381112438163 2.1006777585310106 2.7991442768084736 3.5350016102655553 4.225032799395785 
1.692911201788866 1.3815122386631329 2.1006796273211137 2.7991442926890864 3.53430037758593 4.224993914073582 
0.13567518475128948 2.812511904883157 2.117899004104186 2.7917998694498443 3.5644033386520793 4.271173086114528 
0.3148972179221182 2.5179616254958326 2.098895134994098 2.7991443480044023 3.5365175832077687 4.20364162763804 
0.20018785961544827 0.8720245414402821 2.1008484056117602 2.7993609651685065 3.5354525814017457 4.225178962693484 
1.685066795530067 2.7940124064193026 2.0990582281950765 2.799143547680679 3.535725208710408 4.2278783961419055 
0.20376357046639237 0.8557627077799994 2.1008484056117602 2.7993609651685065 3.535524891445972 4.225178962693484 
0.03292512991293908 1.2379615586677717 2.0988161581943685 2.7988239191810798 3.5377857332911784 4.229740206459226 
1.768903590650228 1.192962593035475 2.0992713967768233 2.799143547680679 3.5358376718546047 4.224703180924834 
0.19450602554602525 2.783353762616762 2.0989366409415333 2.798845199503647 3.583057915438343 4.148632079554175 
0.10605816193081596 2.8246868422422167 2.0989643307758743 2.7994529827493055 3.5348528846139073 4.181132788043107 
1.7450184169771195 2.7360987936350405 2.101709189644189 2.7991226364006634 3.5378500212281736 4.224864876992826 
0.19666156818309347 2.7963305581263245 2.0992471365905816 2.8021533363300244 3.5377852760016686 4.229966481484189 
0.2737695107068423 0.8935485739620743 2.0988229452753706 2.8021446466823847 3.537785201332063 4.182312054213792 
0.09879877025273677 1.1021751261880208 2.100608376041416 2.7991977219208652 3.509425897171261 4.209267977936385 
1.6717880484631784 3.0259605079697085 2.101399114255262 2.8022454571839006 3.5350187699182865 4.229799039687458 
0.09699617891895143 2.700125584948634 2.0988229452753706 2.8021446466823847 3.5377857332911784 4.229799039687458 
0.08036604188665553 2.8277598164864606 2.0988258623319056 2.8010449522737306 3.5367132602322644 4.221871100044478 
1.705327433789507 1.2065583938872848 2.1006938442655647 2.7992305446816483 3.5085566155622887 4.224427420190603 
1.8309961429695352 2.546086804247753 2.100601563595269 2.799352285234848 3.5358684481791385 4.223678238996973 
0.18585588350155297 2.7217290320064245 2.0989172279870085 2.8025177634690364 3.535177066922911 4.271553909652527 
0.02806391163238796 3.053151483256889 2.1014582299907976 2.7992892638318696 3.529590599086039 4.205720323909865 
1.7224273896733504 1.1291334095289038 2.0989960995106287 2.7994166944796013 3.5346930870578004 4.220713166274855 
1.7224273896733504 2.8039729193379634 2.099026315359433 2.7991426099430354 3.5349734265149335 4.223899027056309 
0.23816702242319965 1.1382109344486646 2.0988238846926235 2.7994178634886375 3.5367132602322644 4.2291927945492445 
0.045441281860198135 2.8277598164864606 2.098850805208157 2.80100881684866 3.5367132602322644 4.221871100044478 
1.727392484339459 2.703382170827273 2.100636181796165 2.802083593514745 3.5326553084502943 4.210286166958159 
0.03577898156032899 1.1275344443301574 2.0990120508635988 2.8021809838512604 3.530871182040596 4.203328052676656 
1.7496776280026867 2.85493660873617 2.100815469088658 2.7991585451339143 3.506765847195681 4.223424956424669 
