1.844473057418424 2.7318161882814724 2.1124806860649645 2.816631757819846 3.5028061341353194 4.203367083412889 
1.844473057418424 2.7318161882814724 2.1124806860649645 2.816631757819846 3.5028061341353194 4.203367083412889 
5.046675660799818E-4 0.0063475776689443375 2.1125182346049627 2.816631098771087 3.502466137617021 4.202985646816379 
1.7736645699989262 2.605465932236308 2.112481136098455 2.8166596646045665 3.502472779884563 4.201989599960205 
1.8586977544684522 1.1094065780439435 2.1124837243903225 2.8165874978359713 3.50246478864656 4.203020451333153 
1.7791916047896852 0.9542450007425427 2.1122022698989857 2.816655001889676 3.5028110081050454 4.203402270346004 
0.4041767559620568 2.4303893349054886 2.1124094467974888 2.8169392927696584 3.5028375992251712 4.203397046295476 
0.36489806769707145 0.9471840037321396 2.1126217567013086 2.8168183379043614 3.5026853631011394 4.203305604955034 
0.16169085101576447 2.516122129695671 2.1124869466048706 2.8166378398662713 3.502820051447994 4.2033232332074375 
1.7773029562149587 1.0004701490362837 2.1125051642038843 2.816635339356607 3.5028038587247163 4.203368284160763 
0.1986670721773312 2.691832816684393 2.112489061757754 2.8174612187641874 3.502685110282155 4.20302948399276 
1.9719653520819689 0.6895659356148086 2.112621093695523 2.8168040277366244 3.5023925918990906 4.203032380637505 
0.20183670129458942 1.0302975141691528 2.1125760025302984 2.816785428125175 3.50281746933731 4.2008239736309045 
1.8090194491687606 1.094758806847317 2.1124855004831735 2.8168053403796507 3.5024532821752996 4.203367017815951 
0.0723120362803291 0.004655563778351635 2.1124854989110027 2.8166681143145094 3.5028038090659823 4.20336643881606 
6.009443727093E-4 1.0368801657965898 2.1126210055268095 2.8168171560604542 3.5026020246698057 4.2030518670206485 
0.19907878879218746 1.1046885020436232 2.112487065675001 2.8174505122591045 3.5025980372245007 4.20302429411176 
1.8586977544684522 0.9449541914881323 2.112486697965238 2.816744480410019 3.502599347175802 4.203025673629962 
1.8155172850301753 1.012930922149573 2.112510200396876 2.8164336215768913 3.502585969007466 4.203271586357337 
1.8369037115805174 2.5992550037409847 2.112373723058354 2.816591186048634 3.5025564106055205 4.203303843980801 
0.18723805511299296 2.7975845264379116 2.1125111994993837 2.8167363204271307 3.502820051447994 4.203391412605727 
0.11475204647081949 0.9039178027410957 2.1125747125677994 2.8168177279603133 3.5026016685343975 4.203004989176796 
0.24436427158806429 0.9713169816238102 2.1126211207970593 2.816395821285891 3.502810617524122 4.202015497944515 
1.8018620261754816 2.7318161882814724 2.1124805735930132 2.816631757819846 3.5028061341353194 4.203367083412889 
0.05029356368030646 1.0048803516767622 2.112499957037315 2.8168046539687905 3.502817738496347 4.203295081792698 
0.12038610517531162 2.691832816684393 2.1124866997838416 2.816429226422053 3.502685110282155 4.203028589700131 
0.28462196308995824 2.5626700997740675 2.1125029654940546 2.816633848154135 3.502835336406877 4.2008239736309045 
1.7995085378615998 2.7211520840769037 2.1124866340995574 2.816585388709133 3.5028061341353194 4.203367182175555 
1.823688835819044 0.9290495122564679 2.1123703756654346 2.816808255745462 3.502812309307474 4.203365447221323 
1.80160223955469 1.070908239284016 2.1124856821755595 2.816536095562641 3.5028213668314034 4.203370786059121 
1.8864611137654583 0.9731958486601113 2.1124913435067416 2.8166155127501056 3.5025607640466534 4.20307811919894 
1.7895746359629727 2.596551867571466 2.1124840423193514 2.81643396061363 3.5028061341353194 4.203290529011105 
1.8133315254141356 0.9877946962764576 2.112486533510977 2.816630710408356 3.5024572666081615 4.203500613933049 
0.08163482026452884 1.1431643413416521 2.112510468500431 2.81676859720251 3.5024631814830602 4.2033033598279195 
1.8369037115805174 2.5810633714456173 2.112373723058354 2.816591186048634 3.5025564106055205 4.21220537905648 
0.16538148957765747 0.004655563778351635 2.112485503678927 2.8166681143145094 3.5028038090659823 4.203365896803438 
1.79032739746382 0.9474311482556053 2.1124912655380395 2.8166155127501056 3.502595289148495 4.20307811919894 
0.12253403919565209 2.7318161882814724 2.1124867154111313 2.8166318368842367 3.502800372200687 4.203365892476081 
1.7843286217848686 0.9678483085260522 2.1125022600083834 2.816635339356607 3.5028181141066215 4.203368119451933 
0.11791865038272897 2.7913862564591634 2.1126270810340078 2.8168177279603133 3.5026016685343975 4.203015179601253 
1.8370049716797952 2.515244607309432 2.1123691014208448 2.8167205566946163 3.5025636941793357 4.201028494889915 
1.787205100168594 1.012382976227662 2.1126266717141986 2.8168328619443073 3.5028224373880126 4.203295081792698 
0.11447740852981736 0.9453343476552716 2.112577570204301 2.8168188907211436 3.50260219508007 4.2033684455324565 
1.7216684227370331 2.724107914413088 2.1125179297730248 2.816592177576486 3.5028006480608607 4.200557979571431 
0.13842146449769344 1.1102078350292186 2.112242123955134 2.816748303653243 3.5023853132323546 4.203015140417157 
1.8155172850301753 2.5825409138380344 2.1125114097027238 2.816733131129172 3.5028026832948465 4.203310404423319 
1.7998951461383277 2.5969173725286527 2.112507446127954 2.816733131129172 3.5028106794140266 4.203442511534013 
1.8370049716797952 2.5084290397309035 2.1125732191159865 2.8167205566946163 3.5025636941793357 4.20096313136085 
0.13614922160564946 2.6047817384854937 2.1124908719898023 2.8164377735684942 3.502685110282155 4.203021507974333 
0.13614922160564946 2.7206825544287154 2.1124908719898023 2.8164377735684942 3.502685110282155 4.203021507974333 
1.782664197740251 0.9542450007425427 2.1124910319112247 2.8166150011849216 3.5028110081050454 4.20307811919894 
0.12992476822632426 0.9581910328726047 2.1123984930281847 2.816817205745373 3.502823661221944 4.201030435505874 
1.8855901482059925 2.508235860295274 2.1125732191159865 2.8167205566946163 3.5025636941793357 4.20096313136085 
0.12465831340583686 2.6440304841684106 2.1126207393532455 2.8168183379043614 3.502685126577077 4.203305604955034 
1.7895965554574798 1.0193256209904185 2.1126266717141986 2.8164299289828443 3.5028224373880126 4.2032949854617225 
0.20972333959251088 2.5471158032202625 2.1124801422462776 2.816654311658498 3.5027933699202776 4.203297471370336 
0.12195809456198081 2.7008422153694553 2.1124866997838416 2.8164526775949184 3.5028388177955874 4.203415829503465 
0.03858158834887948 1.1092316870057752 2.1124855004831735 2.8168111781838356 3.5024532821752996 4.203366442349501 
0.18512401667872447 2.5840847552867325 2.1125738153030533 2.816440850519402 3.5025729317127894 4.2010611059584955 
1.7800001483961865 2.6889114312750917 2.112373798265829 2.8165844085366825 3.502806909320194 4.203292300543498 
1.862419131635498 2.566811635571845 2.1124866340995574 2.8166322505104775 3.5028061341353194 4.203367182175555 
1.805233819414378 1.0013896988824325 2.112613771362203 2.8168196128150123 3.5026036650435546 4.203001920102654 
0.19907878879218746 0.9365347907535739 2.112487065675001 2.816659117880212 3.5025980372245007 4.203017943127714 
1.8602469682399287 2.5185276011058018 2.112490564294882 2.8166344129370606 3.5025536336860723 4.2009052247348375 
0.11476262903375123 2.687795273401052 2.1125119613271064 2.8166637315140304 3.5024621676600654 4.203053225299079 
0.15627611909284644 2.6993123870160964 2.112489061757754 2.816436695774934 3.502685110282155 4.20302948399276 
1.8354297069065195 1.0314997057423607 2.112505856746162 2.816723303296105 3.5025655344363242 4.203368284160763 
0.15721984921348808 2.5840847552867325 2.1125747508830592 2.8164377735684942 3.502607569222825 4.2010611059584955 
0.0036570199279332763 7.357950752695519E-4 2.112516450171962 2.816631098771087 3.502466137617021 4.202986738730481 
0.24286132640882963 2.7318161882814724 2.112576948655756 2.816631757819846 3.5028223308219797 4.203367083412889 
1.8155172850301753 2.7224799686219048 2.1125103951521753 2.8167351331537573 3.5028026640165404 4.203393176739683 
6.009443727093E-4 1.0612745304700988 2.1126210055268095 2.8168171560604542 3.5026020246698057 4.20306587752543 
0.30541885985411177 2.52681772832459 2.112511891688905 2.8166604088706384 3.502797486882504 4.203053225299079 
0.0836602339941439 2.87385856880631 2.112630162309154 2.81681756452121 3.502812309307474 4.203366442349501 
0.20682384592378067 0.9455114015153775 2.1124084411835744 2.8163162970296574 3.502824487629986 4.202949799430714 
1.777508599996553 2.607156000026353 2.1125051642038843 2.8166358785965038 3.5028038587247163 4.203368284160763 
0.18314126443430012 2.687795273401052 2.112511891688905 2.8166637315140304 3.5026861864693277 4.203053225299079 
1.6755934838861712 2.8067164328438703 2.112485343257294 2.8168196128150123 3.5026036650435546 4.203001920102654 
0.15675531603346649 2.5478800691187833 2.1124801422462776 2.816654311658498 3.502793124722351 4.203297471370336 
0.16024041136694395 1.2719912781282532 2.112486559917297 2.8166676507695634 3.502456954904456 4.203046013889131 
1.8775578588669275 2.468626519220052 2.112511891688905 2.8166637315140304 3.5025734620605125 4.203053225299079 
1.7737771915720706 1.0193256209904185 2.112629093801857 2.8166514384501062 3.5028224373880126 4.203358516503636 
1.8775578588669275 2.468626519220052 2.112511891688905 2.8166637315140304 3.5025734620605125 4.203053225299079 
0.0036570199279332763 1.2532949387019987 2.1125731304882107 2.8166676507695634 3.5027839922801927 4.203048190501947 
0.034768192468426926 2.80138826925393 2.1123774506377373 2.816819232588834 3.502469222821322 4.2033284705287555 
0.1318871024955739 1.2798266871531172 2.1124908719898023 2.816673160615579 3.502787929560273 4.203048617042948 
1.7898142666275312 1.1094065780439435 2.1124893023984495 2.816550738294094 3.50246478864656 4.203020451333153 
1.8154433617497643 2.665925543151886 2.1125114097027238 2.816733131129172 3.5028224232435377 4.203310404423319 
0.026089170195548027 2.8023241995331043 2.1126270810340078 2.816819232588834 3.50246495600218 4.203350644578163 
1.779476848503681 1.0356854096479846 2.112486725608467 2.816536095562641 3.5028070113025294 4.203367048124254 
0.11475204647081949 1.0031212015130548 2.1126270810340078 2.816817205745373 3.502823661221944 4.203023315503304 
1.9121694038462504 0.9474278691391731 2.112231499303828 2.8167480171064523 3.502810882206874 4.203049390396919 
1.815377045214543 1.174772064409323 2.112486533510977 2.816630710408356 3.5024572666081615 4.20349354489828 
1.8021255394471956 2.59918399409085 2.112373723058354 2.816585111123925 3.502831667596225 4.203303843980801 
0.17885383784591435 2.55443903373161 2.112485380630926 2.8166322505104775 3.5024604823207803 4.203367182175555 
1.844473057418424 2.678971399137814 2.1124806860649645 2.8222640971869035 3.5028026073955427 4.203393121486948 
1.8859475941399733 2.535139526786388 2.1125051778238313 2.80331435529157 3.5025674043795014 4.200963908039577 
1.8155172850301753 2.6039335279101237 2.1124870178434403 2.822195864861595 3.5028027241725312 4.203394165050805 
0.16538148957765747 2.515869889544601 2.112485503678927 2.8166312624665166 3.5028037460113532 4.203365896803438 
1.7843286217848686 0.9678483085260522 2.1125022600083834 2.816635339356607 3.5028181141066215 4.203368119451933 
