1.9993959235799867 3.9980831054354837 2.1016710584529585 2.7989805002897086 3.4992095095249454 4.199002505269895 
9.514097313541026E-4 0.005347610378914375 2.101668555912068 2.7985446016556104 3.499312350300497 4.19930967291818 
9.514097313541026E-4 0.005347610378914375 2.101668555912068 2.7985446016556104 3.499312350300497 4.19930967291818 
1.709488094970632 3.0018419601575475 2.1018134731609663 2.7991825568478395 3.4992004340087406 4.199321464095594 
1.9539004576088974 3.8719415590535275 2.101912252233305 2.799579379261276 3.499188350621493 4.199014026150865 
1.485018549040644 3.18360542091908 2.1022294379743 2.8071434110187328 3.4990165317124218 4.199384306461978 
0.41517340083121446 3.9976395360546544 2.101096057374294 2.7992075695537135 3.4988816807988132 4.1985731268282125 
0.5948686201547405 2.050321146374793 2.101713995865264 2.7988728061310746 3.4983759144412176 4.198335260106927 
0.4589489045221031 3.5963009327449282 2.1011157780890133 2.798996614492049 3.498878764928672 4.198402497631784 
0.35071979980059076 2.139675237838591 2.097098796595812 2.8070636550857895 3.4988651038797127 4.198573291359789 
0.290080357612318 1.097242462182688 2.1018134693455925 2.7991764075461867 3.499203901217638 4.199319785842203 
0.453404905457721 2.132408653178422 2.0970984101781442 2.8072866733159687 3.499022698403497 4.198392809766417 
1.9289149390628522 3.9674048149216192 2.0970985544324816 2.8070641247240204 3.4991995042928825 4.197891199928288 
1.9759123358221107 3.8918604404236774 2.1022857990493757 2.7984713054310357 3.4984904296677937 4.1982941682610715 
1.9539004576088974 3.8935575763140995 2.1015684041746345 2.7999736739179575 3.498908321050034 4.199247182950686 
0.4793918097070816 2.132408653178422 2.096658394169714 2.807255157644607 3.498849104761931 4.199304158745045 
0.633879700592525 0.15680318472552557 2.096794742610189 2.807635972567916 3.498518426887943 4.197179244030927 
1.9548236105145145 3.88172370434444 2.096645754506061 2.8083359848668312 3.4992340479348094 4.197065401122414 
0.6039359276796556 1.6601164223607578 2.101824188219696 2.8075162050503844 3.4984717883646885 4.199368035478008 
0.46811825643488836 3.61355823229644 2.1016754397898856 2.7985691501095054 3.498524861468985 4.199334226898557 
0.07103412840468615 1.15325527310957 2.1016978400792685 2.7990382332141905 3.499194298882275 4.19855208734345 
1.992473957658418 3.88172370434444 2.096645754506061 2.8083359848668312 3.498849259867254 4.197065401122414 
1.992473957658418 3.940691202924996 2.096645754506061 2.797459932782366 3.498849259867254 4.199392076642422 
1.6851495761495128 2.9003220440674062 2.101686911463031 2.7988942579891978 3.4991851572499204 4.1990011565205 
0.4589489045221031 0.12240955793328064 2.1015966160151063 2.799222058936636 3.4992678552204097 4.198544375922621 
0.37936204716470967 3.8719717844047685 2.101683945142945 2.7991128525312527 3.498849259867254 4.199533746959511 
0.5948686201547405 0.27527572965039115 2.101713995865264 2.798802509566249 3.4983759144412176 4.198335260106927 
0.3645118241748705 3.9631319897636783 2.0970984801356916 2.807063225201574 3.499283118052386 4.198969883690309 
1.598627790907524 3.18360542091908 2.0965218172281306 2.8070132069083527 3.498502534939309 4.198334201945019 
1.709488094970632 2.880326359577544 2.10181375154873 2.799182362040658 3.4991994778223687 4.199321464095594 
1.554013908924902 3.0785740935620307 2.102246849194181 2.807720328766143 3.4992053745552463 4.198556181668347 
0.4819814874169983 3.597286011072583 2.1022934000693394 2.8075465488619242 3.498878764928672 4.198561465491584 
1.5460328422164582 3.1152999419743828 2.102288235924083 2.7991575035377645 3.498518391361089 4.199312544899635 
0.5320761308804329 3.586534238768815 2.102284443707881 2.7989497779193067 3.498466766690401 4.198572988632856 
1.7019001038080124 2.880326359577544 2.1018173403504106 2.7991865012289607 3.498516092155391 4.199321464095594 
1.485018549040644 3.1984414043388796 2.1022294379743 2.7990521967762754 3.4990165317124218 4.199384306461978 
1.9999747556298468 3.907354762631181 2.102465674778332 2.7984675077279766 3.4992539023184253 4.199293056222353 
0.46815751509352865 3.5963009327449282 2.1016634781829575 2.7985705750102747 3.498877873960156 4.198402497631784 
0.5057726712905716 0.24333031571340125 2.101136989240181 2.8070009652581014 3.498513289174357 4.197551666399128 
0.7143528778349338 0.14048438730648427 2.1010897931733665 2.8085891735771202 3.497586759800523 4.197143431541482 
0.37772923745834697 2.139675237838591 2.097100603505258 2.8070776703538463 3.4988651038797127 4.198395292065375 
1.7328824024293887 2.880326359577544 2.101976029798586 2.799182362040658 3.4991994778223687 4.199315950530377 
0.2936551208729773 0.4986008461314444 2.10161984084311 2.7992075695537135 3.4988723466449736 4.1985731268282125 
1.499772714466031 3.198109623074964 2.1016696030727315 2.807021509394608 3.4993828575484875 4.198149474582208 
0.441890793002782 0.23879749551802987 2.096181567728737 2.807449309240607 3.498472264918065 4.199360363594643 
0.4767281013671939 0.24333031571340125 2.1010897931733665 2.8085891735771202 3.498513289174357 4.197551666399128 
0.5336091616037316 3.527332546128829 2.1021942330533685 2.8071077999508143 3.499209610811683 4.199054202475641 
0.3574588578909357 3.9554471928871657 2.0970963303985037 2.8070636163608444 3.499283118052386 4.19899550683751 
0.4864827328048903 0.25886261434168634 2.0966652625504754 2.8083344956195644 3.498513289174357 4.197516294111438 
1.9959725462807822 3.8918604404236774 2.1019320343092893 2.7986481142600614 3.498511788460257 4.198209593407896 
0.5279081682752498 3.554564169688812 2.09640077053746 2.807144159050422 3.4993828575484875 4.198149474582208 
0.453404905457721 1.936216691387993 2.0963401748180037 2.8072834118352485 3.499014690678802 4.198391096789729 
1.417153097847036 0.048307986489101395 2.102296827882932 2.8058285586691367 3.499228009201062 4.199337895509333 
0.5248550438485927 0.28316796795343624 2.09640077053746 2.807144159050422 3.4993828575484875 4.1981502708788305 
0.003006214886456582 0.05709071263861398 2.101675317513227 2.80866414028929 3.4993128055341005 4.199046712219888 
1.554013908924902 3.1111949365314455 2.102246849194181 2.799555046357006 3.4992053745552463 4.198557378670773 
1.9750359501627557 3.9955713246124063 2.101082167198614 2.798996614492049 3.498878764928672 4.198393022623783 
1.9814998312914125 3.991218759185663 2.0964776865630523 2.79848755533216 3.498534795750552 4.198415561924892 
0.03900521097443893 2.8909269742122494 2.101674089042359 2.798865532186289 3.4992498251557427 4.198337985195985 
1.5460328422164582 3.1325596440148886 2.1022737818799944 2.7991575035377645 3.498518391361089 4.199312544899635 
0.056535726775618994 0.21857410813186606 2.1018691468212025 2.7988049515166464 3.498898677497082 4.198547494838613 
1.9986716044251986 3.9854749360210207 2.1010811506625178 2.7992075695537135 3.4988712681448715 4.1985731268282125 
0.466010094042132 3.595095208719776 2.101614269009162 2.799601082820268 3.498524861468985 4.197057457034572 
0.019365900402519842 2.8981867674592725 2.101675317513227 2.7985663691899094 3.499310275673089 4.19904336980571 
1.5670986797236595 3.1188271908298493 2.102288235924083 2.7989783104127492 3.4985144157163006 4.198585828803421 
1.485018549040644 3.189045469895356 2.10226068167524 2.80728516736023 3.4990163932568725 4.199387554322932 
1.6696050287146806 2.995793473525325 2.1018173403504106 2.7991824736239828 3.498474605736632 4.199321464095594 
1.9539004576088974 3.8731600854281267 2.101912252233305 2.799579379261276 3.499188350621493 4.198400621590441 
0.35071979980059076 3.9158509655284006 2.097098796595812 2.807194709118473 3.4988650761982236 4.198578752689595 
0.5265515921340486 0.4609841985084666 2.1011184977052375 2.7992075695537135 3.495458766736487 4.1985731268282125 
1.9289704494466888 3.9554786288171 2.097085760347814 2.8070641247240204 3.4991995042928825 4.197937381611872 
0.41831051310505635 3.9048059788737985 2.1011342259413746 2.799203415214658 3.4988787599658373 4.198573290125021 
0.3337036642055301 3.9194943992819833 2.101013426724977 2.799167146575532 3.498506355086879 4.198293715311466 
0.0058958684767091984 2.919995770041693 2.1016692492600186 2.798564397510895 3.4993128055341005 4.199319783340295 
0.5982714580958334 1.7972517121987752 2.101713995865264 2.7988728061310746 3.49835947018568 4.19833597594423 
0.4589489045221031 0.4553455474438347 2.1015886654581757 2.7991747941073792 3.499265944753006 4.198544375922621 
0.453404905457721 2.0803564476830116 2.10160507220574 2.8071440903670535 3.4992048134044937 4.199070684862182 
0.6056700137058509 3.5638540353046584 2.1011191353153484 2.7992798497365885 3.4988780799323465 4.198363952858359 
1.991818116571914 3.872592124914138 2.1016710584529585 2.799564531407195 3.498860783671367 4.1990139780647295 
1.963394091699695 3.886836431746463 2.096645754506061 2.8070578509242585 3.4992340479348094 4.197065401122414 
0.0058958684767091984 0.2125499384623808 2.1016692492600186 2.798564397510895 3.4993128055341005 4.199319783340295 
1.5272114992396923 1.6601164223607578 2.1022688741267936 2.7996084447672516 3.4984717883646885 4.199368035478008 
0.11471815615830527 2.891000423288589 2.097084303668202 2.8070842725205614 3.4991995838228367 4.198383786285242 
0.4360317642345787 2.0857964967536056 2.1016334848419507 2.7995062628859086 3.498523163808911 4.199086772599621 
0.41399186599844484 2.185755820078576 2.1019385385772087 2.7986605320174904 3.499210346614557 4.199404071070866 
0.3337036642055301 3.9073488764080855 2.1010481840126474 2.799167146575532 3.498507217959573 4.198293715311466 
1.6737320715708264 2.891000423288589 2.097084303668202 2.80708993990642 3.4991995838228367 4.198383786285242 
1.6727509760287977 2.891000423288589 2.097125838442196 2.80708993990642 3.4991995838228367 4.198383786285242 
1.5300142145012068 1.6013990238571452 2.096981106023127 2.807039889252554 3.498475548538155 4.198406215648137 
1.5680610694798762 3.1152999419743828 2.102288235924083 2.7991575035377645 3.498518391361089 4.198401195921006 
0.3454094025257203 0.4681162029790029 2.0967506066718045 2.807255157644607 3.498854634857423 4.198392809766417 
0.07103412840468615 1.207227372815749 2.101697193727637 2.7990382332141905 3.4988876066214103 4.19855208734345 
0.4516550677743051 2.274356219751065 2.101381408034715 2.799222058936636 3.498864082910468 4.199374030269451 
0.6025888660896102 3.542942188969215 2.1017746198290075 2.8075162050503844 3.4984717883646885 4.199368035478008 
0.4589489045221031 3.597286011072583 2.1022934000693394 2.7992091311938565 3.498878764928672 4.198561465491584 
0.6873518190743172 0.3003018426698689 2.101713995865264 2.798802509566249 3.4983759144412176 4.198335260106927 
0.0113924984539584 2.8909269742122494 2.101675317513227 2.7985663691899094 3.499311401737234 4.199044049162826 
1.5007979458772114 1.7101540982334522 2.1022868677798185 2.7988343681577197 3.4984961561868513 4.1990274438848525 
1.50284522219541 3.182535578146897 2.1234945385993274 2.8067011540197053 3.4992419671984196 4.19839103690316 
1.5669909269556963 3.1834698093739537 2.101814633940561 2.7995780186648926 3.499204498766139 4.19900323580305 
