0.0013080314863012088 0.003610852874328385 2.0983104193229933 2.804346730733642 3.5008131264536155 4.200973693905446 
0.0013080314863012088 0.003610852874328385 2.0983104193229933 2.804346730733642 3.5008131264536155 4.200973693905446 
1.7007872459908495 3.018333444659297 2.0981489622488394 2.8048882275362867 3.500734347572982 4.2009023926696205 
1.6937632777960843 2.7652860045700227 2.097449615674239 2.8063485817877702 3.5008179611664785 4.20097313095583 
1.7023567962439574 1.422272845559305 2.0977119766459396 2.8048353620365805 3.500811443520915 4.2009790736180275 
1.7470443262632915 1.018332963402342 2.0979015600254662 2.8050100025950457 3.5008180162422096 4.2009696243066506 
0.18080859773633717 2.8786157453731898 2.0974616091374068 2.8060783630702306 3.500834160583807 4.201188417869748 
0.13425758983816571 2.5711485684836632 2.0976567654304503 2.805876639176242 3.5007653844443984 4.200935880443899 
0.10605259912039294 1.4646134605231207 2.097678119365462 2.806049280896556 3.500778743703096 4.202199037518805 
0.1512613859556452 0.029900318493292 2.097658695177165 2.805885316637763 3.5003384807134683 4.20100441008131 
1.71450603016552 2.759500552075788 2.0981341692486697 2.804878067342354 3.5008053683349685 4.200914405734761 
0.04204562371073561 1.0248196617395209 2.101965938487811 2.8060818405409993 3.500834191941053 4.200950309861443 
0.11455038954444921 0.9147459620055429 2.101998474074581 2.806036393116766 3.5007652596484538 4.200948072953375 
0.15218801669562254 2.8136400833541004 2.098276534777239 2.8049834260485573 3.4997609313262497 4.260208876256165 
1.7324697712235297 1.1056808606769515 2.098345497168412 2.806043045813254 3.5011112876251174 4.200956261263998 
0.06429257431290888 1.4606810534473156 2.097678119365462 2.805031061994675 3.5012583457947017 4.202178117892706 
0.16369246776444835 2.759561395352713 2.097449615674239 2.806338743416802 3.5008222661409687 4.200969756455577 
0.06595713789178298 0.9059914569767786 2.0982250431196587 2.8050237148995665 3.499809595538556 4.200972233449108 
1.7136991986928647 2.7469694566107394 2.0974616091374068 2.8048882778762616 3.500733226407178 4.201183318049887 
0.12486823875393982 2.759500552075788 2.098145912678899 2.80486456449438 3.501222825765882 4.200914405734761 
0.08793478811860944 2.8136400833541004 2.0983694308831056 2.804845474149997 3.5007652035554035 4.200938915742988 
1.741993780294359 1.0990403278545737 2.107463749355998 2.8031732686166673 3.5007783371200647 4.200935255509943 
1.7222990617511584 1.2064248945754332 2.097471811021303 2.8060503279507474 3.5007783371200647 4.201179808403286 
1.67163402739443 2.859545564375085 2.097685538641541 2.8061925368334575 3.5008575911088737 4.200904190227038 
0.09906824692394633 2.7306567400668422 2.097888636371209 2.8034361151874796 3.5007829749853956 4.201383865340525 
0.02057223727165057 2.872487028953639 2.0972441508652455 2.80602631570482 3.500779880751223 4.201405111716042 
0.10502213672651933 2.8136400833541004 2.0983694308831056 2.804849480601422 3.5012319849763243 4.2009270411506 
1.6295298097766155 1.4394866106443287 2.097671205736501 2.8060213240858536 3.501106317055384 4.2016024220749 
0.10491760025775343 1.2396998164307453 2.097678119365462 2.8060534291601167 3.5012455251240167 4.20217790653181 
1.630671550940713 1.3315087565598587 2.097671205736501 2.808542191051214 3.4999691666336394 4.201626902396873 
1.703104814316218 2.7580932996597447 2.097659190165844 2.8043446339038653 3.500816485299485 4.201480825080678 
0.039320968450276994 1.2963645010449634 2.1019760071680373 2.8060530595767457 3.5013348306090415 4.201377286310877 
0.06496343334678001 2.7434547382764967 2.097888636371209 2.802661829207622 3.5012047173485685 4.2013817933088315 
1.6815164551681527 3.0041439353709682 2.0979232062424327 2.804936139368566 3.5010892971754246 4.200945016087072 
1.736137148096431 2.759500552075788 2.097450706580763 2.8063485817877702 3.5008179611664785 4.200972067476831 
1.6295298097766155 1.457821975436607 2.097679493329802 2.804928713147961 3.5010987669675724 4.201594972737159 
0.006177600190829136 2.963779702985991 2.098119075427535 2.805983335522419 3.500732034717529 4.200914076469385 
1.6563602861951154 1.2453834187170123 2.0976676169724664 2.806694714153366 3.5008262905619687 4.201188707588889 
0.13331989846872982 0.7873404293679571 2.098262073012668 2.804346730733642 3.5008386101995614 4.201425852615925 
1.7001336592027252 1.3520561958335597 2.1019086231480273 2.8048076359970135 3.5008136561039933 4.2013819756826605 
0.09495777627150714 2.7711906882183084 2.0974406890971937 2.806053881573762 3.5008170115644863 4.200907064944907 
1.7205220160775558 2.8811064784585496 2.097953396369294 2.8060263505827483 3.501122295724664 4.201423263936771 
1.7855378326746472 1.055156309843423 2.0979046699539983 2.8031406490054347 3.5011222126769597 4.20089935200335 
0.022997101596879066 2.8136400833541004 2.098276534777239 2.804845474149997 3.500733023107463 4.201009010627724 
1.67163402739443 2.8982053467716287 2.097901866864114 2.8061913419822653 3.500781600135494 4.200904190227038 
1.7109491932317134 2.759500552075788 2.097449615674239 2.8063485817877702 3.5008179611664785 4.20097313095583 
1.6727501661609205 1.1980281099227421 2.098356468652017 2.804866869335323 3.4999536253723575 4.200974829493115 
1.7713713379223734 2.759500552075788 2.097449615674239 2.8063485817877702 3.5008179611664785 4.20097313095583 
0.00729631420786972 0.14716256724538002 2.0982748341262702 2.8060639379157655 3.5007670849473826 4.201595253095582 
0.15153752649476082 2.842576008880118 2.0983506512858447 2.8048980484149886 3.5007326486762005 4.201008256918979 
1.758326192860778 1.018332963402342 2.097900884639517 2.8050558754420822 3.50081712860499 4.200973780878711 
1.7006642019024367 2.8831104852258385 2.0977585253598137 2.8048882275362867 3.499955519035406 4.200964275127289 
1.7344063551953426 1.0556991128861446 2.1070423677024097 2.8031039275966196 3.5007783371200647 4.20088379463515 
0.04357830011518926 1.1005212834157212 2.0979046699539983 2.803077098131912 3.5011222126769597 4.200906132111368 
0.015517894912669083 0.035320676306688226 2.0983104193229933 2.804346730733642 3.5008131264536155 4.200973693905446 
0.06496343334678001 1.2039465237091131 2.097888636371209 2.8058815512884774 3.5012207693986515 4.2013817933088315 
0.07407959211410242 1.2064248945754332 2.097471811021303 2.8060753493917643 3.5007783371200647 4.201179808403286 
1.7421075103177064 2.764600393216966 2.0976914316411652 2.805881960828594 3.5008369766243432 4.201615262076518 
0.24911914340942753 1.0246142290444016 2.097722917098042 2.8058815512884774 3.5012207693986515 4.200980393780509 
1.6683823182182989 2.8222935000941924 2.0981274052150702 2.8060171480929457 3.501229807951672 4.200913610687601 
1.7357208403928532 2.740532878065184 2.097678119365462 2.806049551146413 3.5012455251240167 4.206073408190991 
1.7023567962439574 1.2129155773539277 2.0977119766459396 2.804823512456139 3.500809737308906 4.2009790736180275 
0.13344107502400215 2.5826076854543896 2.097678249267487 2.8060339352217607 3.5012455988341356 4.200946772988415 
1.7032148897891353 1.1980281099227421 2.098365922285081 2.806082122685865 3.4999816023765744 4.200950324971716 
1.7457933031669342 1.0602665041850141 2.097907329656983 2.804936139368566 3.5010990371074904 4.2009451723938565 
0.039320968450276994 1.1901671777131235 2.1019760071680373 2.8060530595767457 3.5013348306090415 4.201377286310877 
0.044872233235157516 1.204620645594371 2.0976840415968856 2.806054463373586 3.5007553384243795 4.200906907434444 
0.10506707695401787 2.732094413512364 2.097888636371209 2.8034361151874796 3.500772181184598 4.201385018446306 
0.06496343334678001 2.7556705462854882 2.097888457100615 2.8063482922819976 3.500782993533838 4.201384037477204 
1.7006323372439085 2.8222935000941924 2.0981274052150702 2.8048862300570017 3.501229807951672 4.200913610687601 
1.6705838199482845 3.0032062846684897 2.0983694308831056 2.804845474149997 3.5007652035554035 4.200938472567507 
1.7007872459908495 2.9264968085044085 2.0981489622488394 2.805019253365728 3.500734347572982 4.2009023926696205 
0.06807067564636406 2.764600393216966 2.0976914316411652 2.805881960828594 3.500837276340371 4.201615262076518 
1.7177224013179722 1.3498464721860977 2.098352268251073 2.804814270917167 3.5008134120022767 4.2009589083982934 
1.6078656207510238 6.42068742803592E-4 2.0983104193229933 2.804365451936507 3.500838492004051 4.200973693905446 
0.08893503163310112 2.7711506772646946 2.0976840415968856 2.806053881573762 3.500763486341519 4.200906907434444 
0.1401300629987895 1.1943497008679058 2.097661516340372 2.805876639176242 3.5007653844443984 4.200935880443899 
1.7003543958217313 2.8181198870595514 2.1068744013590224 2.8048862300570017 3.5000041237664288 4.200905486539282 
0.15190091938171085 1.1056808606769515 2.097679314965786 2.805000833160244 3.499719723925407 4.2014357185632685 
0.248481369355379 1.0200800263596264 2.0977209624549573 2.806075361017846 3.5008314336001023 4.200980725537327 
0.19592923976011967 2.6719174161732946 2.0983689399611123 2.8060358154061156 3.500766261110524 4.200935880443899 
0.15190091938171085 1.1056808606769515 2.097679314965786 2.805000833160244 3.499719723925407 4.2014357185632685 
1.7222990617511584 1.2190127278374487 2.097471811021303 2.806050162275002 3.503294489035561 4.201179808403286 
1.630671550940713 1.4233453911240623 2.097671205736501 2.8084111652217727 3.4999691666336394 4.201626902396873 
1.7468488624582443 2.7664524197207387 2.0976829870139766 2.8063466278239173 3.5008181386221304 4.200906907434444 
1.7493122065044493 1.181380531415184 2.0979194537602943 2.8048781416946587 3.5008128135821526 4.201423463965686 
0.16369246776444835 2.742400601057449 2.097449615674239 2.8063485817877702 3.5008179611664785 4.200907541921464 
0.11542320837122624 2.812202409908579 2.0983694308831056 2.804849480601422 3.501242778777122 4.20092588804482 
1.78114008619239 1.1056808606769515 2.097677282046288 2.806043045813254 3.5011123582609422 4.200956261263998 
1.7766219990547438 1.0556991128861446 2.0974887741631267 2.8030751821428135 3.5007783371200647 4.19334815185539 
1.7356308138221703 2.819604896433784 2.097511797884921 2.8060850032185747 3.5008135486286265 4.201185913657562 
0.24653176367174276 0.723383608126406 2.0982424749923525 2.805887427943172 3.5012487894811515 4.200963397615546 
1.67163402739443 2.9259010119348585 2.097901866864114 2.804855830540368 3.5007820592287797 4.200905540759516 
0.06857997945935529 3.037024980151576 2.0979049171540676 2.803183288822189 3.5007800396188133 4.201621872006374 
1.7494318575110956 2.7576059119326515 2.0979390933034736 2.804845474149997 3.500737959282354 4.201016185209514 
0.02057223727165057 3.0050793902805717 2.097259957856926 2.80602631570482 3.500779880751223 4.201405111716042 
1.7660209018148196 0.9954289931740614 2.097449956472344 2.8067380718138706 3.5002514846845676 4.20144526508744 
1.7693605160617683 1.1928209426375784 2.098345497168412 2.806043045813254 3.5011112876251174 4.200956261263998 
1.71450603016552 2.776207611929162 2.098145912678899 2.804878067342354 3.535254477146898 4.200927367862149 
0.2681283623879227 1.1278266995990571 2.0978817134474967 2.8060358154061156 3.500767041396189 4.200935880443899 
