1.9999934256421086 3.9999986880851313 2.1032515261520848 2.8043304125970874 3.517924872037412 4.222295249244202 
2.08234210822833E-5 0.01286315439413388 2.103155590141704 2.8042491731989525 3.519010417729881 4.222563243580246 
1.9123065595023754 3.9552007741189446 2.103161841135866 2.804251128376348 3.5181197245132063 4.222175604611252 
1.2113170686574026 3.9965805308073845 2.103248749672635 2.804247360401058 3.519708860655174 4.223667144087849 
0.4314606938583609 3.963682264175955 2.103166847976435 2.804286022660484 3.5046214980144805 4.194057768482958 
1.2049637040632255 3.743141627973544 2.1031868936110394 2.804437505455467 3.5194865268343216 4.2229529543620155 
0.3846396494206293 3.743609138574741 2.103194195807634 2.804437356851691 3.519482287918485 4.222955044400107 
1.2478017651296145 0.745475012787307 2.1031843011229703 2.804267718236929 3.51973270872793 4.22369004361085 
0.4330420867620254 0.8091457689693775 2.1031417908736043 2.8042896822609715 3.504901055051294 4.197533032322653 
1.234852905783143 0.3701115869939148 2.1031641578640343 2.8042469838251436 3.51974929651145 4.224132165648801 
1.1759139833851062 3.9633988088809398 2.103224466372515 2.8042837283731314 3.5178863803891565 4.19384123401794 
1.134632688775213 0.6086326991486475 2.103121663129456 2.8042441794361297 3.5190724463236833 4.222548537757063 
0.40736998146807013 3.854658527340929 2.103265305444811 2.804254190640411 3.519704111981879 4.222298786017676 
0.3405684362541904 3.9535505412247742 2.1031654107638764 2.80421022224484 3.5049287506622093 4.1936713367829475 
1.1759139833851062 3.9995027572434156 2.103225107257315 2.804329581513866 3.5178863803891565 4.19384123401794 
1.9350480569573802 3.9412456184968048 2.1031646341181918 2.8042527441331915 3.519068914494189 4.222877232957944 
1.2451341325703686 0.43264564097484226 2.1032849542370022 2.8044938217479625 3.5197093116908706 4.223683856088682 
1.9382945281865118 3.976663655036374 2.1032447433075574 2.804286022660484 3.5044392583659016 4.1936713367829475 
1.9948873546912071 3.8862416598578062 2.103224466372515 2.804323529228805 3.517861784096477 4.222078102954372 
1.165115487307312 0.8492590007298984 2.1032326247534776 2.804308820115648 3.5179604253195604 4.197561108367957 
1.9109396404279486 3.9767977376837504 2.1031654107638764 2.804286022660484 3.5044392583659016 4.1936713367829475 
0.4330420867620254 3.865497020829168 2.1031417908736043 2.8042896822609715 3.504901055051294 4.197533032322653 
1.1612170916157891 3.965061817331494 2.103116211209273 2.804322328862909 3.5196578820802094 4.22231849677886 
1.929299092467678 3.9786717228929724 2.098447940899345 2.8042536988947573 3.5197243098180735 4.2239268312987015 
0.014017788783069252 0.3057197791349342 2.103183819721354 2.8042125130695243 3.519727983106828 4.189486843889048 
1.9818024459403905 3.898788100530106 2.103593233682357 2.8042872602335063 3.5045101327681056 4.195756952358264 
0.33655190196113793 3.8564463898708903 2.098567152173466 2.80916990314599 3.519841423271808 4.222489013779438 
0.3100642674407105 3.963685523968543 2.103166039964523 2.804286051766167 3.5044392583659016 4.206558382257893 
0.2656777705330673 0.7728018822793397 2.10318544515829 2.8042491694283886 3.5197137737016018 4.220619902826508 
1.1526970896442896 3.9563313185612476 2.103083030496259 2.8043209220462053 3.5179293227170416 4.2231226977554375 
1.1405005232761227 0.7790962863040529 2.098109124334879 2.8042477781402284 3.5197240747724403 4.223668828509198 
1.165115487307312 3.86708404142807 2.1032326247534776 2.804336121204561 3.5179604253195604 4.197561108367957 
1.1540641433459713 3.90290253535335 2.103166039964523 2.8042862324781908 3.5044392583659016 4.206496753013749 
1.2734376455668976 3.8281570000919016 2.103080655202404 2.8043194126076223 3.517837990751098 4.222174913351097 
1.2211910641278398 0.5892664025736571 2.098077109634915 2.8042475263960545 3.505236458878983 4.22360320570635 
1.142497887757692 3.996098900958587 2.10496779866988 2.8042867884862837 3.5197243098180735 4.223708319066224 
1.1405005232761227 0.7388029654804336 2.1029218031927424 2.8042477781402284 3.5197240866542208 4.223668828509198 
1.2506251154370895 0.45268527706881345 2.098191885757173 2.804439295621832 3.519726502783393 4.223678704734802 
0.26734130100115167 0.8034828547135497 2.0984826072783673 2.8042499408883894 3.478850832918121 4.220619902826508 
1.1575962155245485 0.6227518818554182 2.103268024206112 2.804211852773835 3.5190697618644053 4.223706769402302 
0.35691762783048 3.8862416598578062 2.103224466372515 2.8042884515385325 3.5183075018762895 4.222078102954372 
0.33069304090367024 0.7631113855476405 2.103516490531148 2.8041202126905462 3.5190289790921567 4.224179314884267 
1.1405005232761227 0.7143583978142725 2.1032038721316373 2.8042477781402284 3.5197240866542208 4.223624113104922 
0.4330420867620254 0.5892664025736571 2.098110951510722 2.8042895384758895 3.504439266804268 4.2236111590151815 
0.40061919629653614 3.7477467444560673 2.103246889884875 2.804286022422611 3.5045603243086 4.1976122881773765 
0.3145562568406778 0.7631113855476405 2.1032752042209855 2.8042121412188963 3.5190289790921567 4.224179314884267 
0.35184608965599223 3.8599449246339197 2.1031658904820545 2.804284970255601 3.5044392583659016 4.194057768482958 
0.37658323611141775 3.8153401531094353 2.090567424416821 2.804327671272802 3.5174120487268232 4.1997670383072085 
1.9818024459403905 3.8680627586664524 2.103593233682357 2.8042872602335063 3.518259404890304 4.195756952358264 
0.3634916114619098 0.3808948534018952 2.1031843784008197 2.8043132991722572 3.5191016911626365 4.223717776593325 
0.5127405670277768 0.013213555043465303 2.103039064544173 2.804118979471813 3.5190723747598485 4.222631237439703 
1.1045979734435663 3.9653487198675763 2.103119929417922 2.8043270048652547 3.5192402702816863 4.225117094504912 
1.929839082645576 0.75902136964573 2.1031646341181918 2.8042527441331915 3.519791339281847 4.222877232957944 
1.9821203787014696 3.9847749394140295 2.103178407066621 2.8042442140747044 3.519888985684597 4.222425215794014 
1.1940954587919015 3.7789249643026697 2.1031592410343416 2.804320943022011 3.517181073907377 4.223163580573828 
0.26734130100115167 0.7382467722304867 2.10307891812311 2.8042410554615302 3.519618308079885 4.2205716649696825 
1.1940954587919015 3.7716607889450113 2.1031592410343416 2.804320943022011 3.479203896342356 4.223127709422383 
0.4086787398703442 0.23411480399814 2.103266526061431 2.8043226887881305 3.5176084399700747 4.19174172054288 
1.1317264852365418 3.9609063010010006 2.1031997056976386 2.8043263955331312 3.5190394500262068 4.223713556504335 
0.40061919629653614 0.4031526298543837 2.103246889884875 2.804286022422611 3.5045603243086 4.224277214376325 
1.1405080000060874 3.9653077165966057 2.10311723391428 2.8043270048652547 3.5196067111792 4.223669068261502 
0.33075125028254476 3.8633370677458303 2.1031826372763573 2.8042376474464246 3.519722845718729 4.223711280508566 
1.2608634618335406 0.6065401983343066 2.103260343284684 2.8042444027697173 3.519102750724481 4.222664746988551 
1.9656729773873916 3.9767977376837504 2.1031641096492137 2.804286022660484 3.5044392583659016 4.1936713367829475 
1.982143561292413 3.9647466692269946 2.103080655202404 2.803530495628206 3.517837990751098 4.2224193466107725 
1.0426821906019175 0.7790962863040529 2.103532574937217 2.804643088102825 3.5197240747724403 4.223670289060327 
0.3686089906600845 0.3843892765281389 2.1031638475834837 2.8042183801093192 3.5048289271258644 4.224132165648801 
0.26734130100115167 0.7188268878692639 2.0984826072783673 2.8042499408883894 3.4811046587234076 4.220619902826508 
0.43138679316428946 3.905517793468281 2.103224466372515 2.8042884341517915 3.517918560976602 4.222782537734264 
0.39096350473583996 0.3808948534018952 2.1031843784008197 2.8043123939739614 3.5191016911626365 4.223633992333568 
1.9657093748329282 3.9582549080191716 2.1032698793141735 2.8043202532705287 3.518986846522819 4.197949114364001 
1.9657093748329282 3.9609063010010006 2.1031991300680812 2.804311367553142 3.518987982964526 4.222075445112885 
0.4314606938583609 0.7176654026697002 2.1031918078247376 2.804286022660484 3.5044392583659016 4.224481508578935 
0.5026746414511694 0.5498688623375649 2.0980577934910314 2.804245389883913 3.519711336342149 4.276834605505397 
0.38522765655649793 0.7209740037795871 2.1031924057593567 2.8042478411718808 3.5197359799658794 4.224495380174041 
0.4314606938583609 3.826784982407587 2.098134404894448 2.804286022422611 3.5044392583659016 4.194057768482958 
0.36975028148990985 3.855363267016146 2.103248749672635 2.8042460304342076 3.519872175752624 4.222673151732744 
1.1359619172631246 0.7143583978142725 2.103205057761088 2.8042477781402284 3.5197451234411496 4.223720630736914 
1.243947484882762 3.694294498890482 2.103161938728842 2.804250454317291 3.4792812833231026 4.222418104260295 
1.1878520702426216 3.8417146493432517 2.1032685232470794 2.804211852773835 3.5190697618644053 4.197319485256343 
1.142497887757692 3.9695110968921714 2.104993599783284 2.804287179348072 3.5197243098180735 4.223710461694844 
1.9821203787014696 3.85647553481082 2.1031648067899145 2.8042442140747044 3.5198918028640924 4.222425215794014 
0.40083259538770766 3.7477467444560673 2.103246889884875 2.804287118792848 3.5043536433528772 4.1976122881773765 
1.9254070824271845 3.941032159892863 2.103083030496259 2.8043209220462053 3.5179293227170416 4.222880455177899 
1.9821203787014696 3.858088501066852 2.103178407066621 2.803875976598921 3.519888985684597 4.222425215794014 
1.9708892060620944 3.9653077165966057 2.103116658284723 2.8043119768852653 3.5195552441175186 4.222030956870051 
0.4467039303418439 0.2812189593229716 2.1031979997398413 2.804289025368659 3.51974929651145 4.224132165648801 
0.4091475923832925 3.955048970148578 2.102888920548995 2.804286022422611 3.5198096890496955 4.22403715639829 
1.99588870261487 0.7190500893789162 2.1031787797445123 2.8042491694283886 3.5197023353593115 4.220619902826508 
1.2451341325703686 0.43264564097484226 2.1032849542370022 2.8044938217479625 3.5197093116908706 4.223683856088682 
0.3832457009868247 3.854658527340929 2.103265305444811 2.804251244181062 3.519704111981879 4.223695295784258 
1.1187379263707582 3.99648269510236 2.0984918928540037 2.8042134649684525 3.5197240866542208 4.193135626869499 
1.9999934256421086 3.9934059916575024 2.1032325537721377 2.8043304125970874 3.517924872037412 4.222295249244202 
1.9656729773873916 3.8571990759623307 2.1031641096492137 2.804289723031815 3.5049034016795373 4.1936713367829475 
1.9109760378478378 3.9609063010010006 2.103200431182744 2.804311367553142 3.518987982964526 4.222075445112885 
1.983752700803905 3.9656768342285287 2.0984992363546087 2.8043304125970874 3.518600290202669 4.22239339818742 
0.0012118658252458893 0.10966298646497624 2.1030337211970807 2.8042777790252953 3.51950375239229 4.222965608184558 
2.08234210822833E-5 0.13999903673978287 2.103155590141704 2.8042491731989525 3.519010417729881 4.222563243580246 
1.2106617251170841 3.769656927322325 2.1031583128345295 2.804323541830203 3.5188805505043144 4.2231061674116335 
1.1907710562231444 3.855363267016146 2.103248749672635 2.804247360401058 3.519708860655174 4.22265430170253 
