1.242778255862293 3.934873606290931 2.103264949508723 2.803758875336046 3.485271377671023 4.2325477792830055 
1.0732982361782994E-4 5.6461113574435284E-5 2.1030049344305524 2.8041182608568604 3.4856354745308074 4.232366127975753 
1.2102025349788952 3.732755418608608 2.1026738345121716 2.803566578932995 3.4856784318690197 4.23254776809608 
0.4919263933691004 3.843473286496752 2.0977925970493954 2.805304532142637 3.485649915926391 4.232534188057219 
0.3706736708595101 3.7712212705509707 2.0978216668388465 2.8053369876495724 3.485636096804363 4.2327976808261285 
0.39997195823138265 2.439353993228022 2.103230139440766 2.804212381381063 3.486079754025057 4.232338946738329 
0.4423345341143205 1.9555925920739659 2.1027166754113362 2.8033830426478468 3.484673295166362 4.23321549035603 
0.46423033180252893 0.7496978645451223 2.1031510037672705 2.803263784305972 3.4856672606943846 4.232550594509718 
1.266443196962063 0.5841642464007286 2.0984027089645463 2.8033109801352296 3.4856425772755304 4.232570498302804 
1.2347130230855032 3.7323808186955816 2.097811203772719 2.8053615899646442 3.48563438212076 4.23254776809608 
0.5292827006202252 1.9053894644424574 2.0978307961420763 2.8039453194891264 3.485685305302631 4.232544610466842 
0.3560468384185817 3.856030004284156 2.0978602590128252 2.805331452187051 3.485636160318154 4.232807772343172 
1.2299620780920164 3.7250544907815333 2.103001572072459 2.803287326542196 3.484714308266906 4.2343909802803035 
0.45369345787522397 3.7061687967600916 2.10286588104768 2.8034817678219235 3.484859930033316 4.2343909802803035 
0.3791555480823159 3.8262135444941157 2.098293131522398 2.803492512958175 3.485254035950189 4.232539485868652 
0.3999627702247986 2.3934255872312997 2.0987142336914535 2.804262330431556 3.486079754025057 4.232173543972715 
1.2854450770567847 3.7741159076086888 2.1033856566583755 2.803742382721837 3.4856372253247967 4.232660930126503 
1.2299620780920164 3.7061687967600916 2.103001572072459 2.803392189262531 3.484714308266906 4.2343909802803035 
0.4704938680971304 3.753736697744088 2.09846138986877 2.8035923976919084 3.485184445256182 4.232502648916847 
0.44864967616264595 0.38030733087661917 2.0984593507514866 2.803669184550919 3.4870926565658564 4.232352370533523 
0.46712384284472014 3.697192297284513 2.0979138049341657 2.803314704801995 3.4856308179383593 4.232552695178338 
0.42312149511961583 0.37689054745854955 2.098555062391752 2.8035938400350306 3.485253703177822 4.232524157868464 
0.5299975868064977 3.4788151453612826 2.102544715704104 2.8035109887167127 3.486371862806929 4.232191419110353 
0.3788985559657735 0.3755181588917559 2.098492400428859 2.803669184550919 3.487306821539675 4.2344566921587585 
0.4539371173042494 3.738716556622508 2.102897832318225 2.803258361592932 3.4848516846633406 4.232338080303094 
1.2846244784407461 0.33187436719932367 2.0976033950162223 2.8031599066120876 3.4855627328222116 4.232491723075864 
0.5261202826180909 3.6167237657243194 2.1031647798923974 2.8033922694272855 3.486420494588683 4.23231530124285 
1.2995146832270483 3.613750466702647 2.1027673704687255 2.80321027962304 3.486091475759506 4.232566399922843 
0.37042950919861667 0.44590323140693 2.0981598939500588 2.8036926754961424 3.485642717984101 4.232618504646463 
0.48799634025437405 0.4873909513892941 2.1028199827076413 2.804257569031943 3.4855692599840467 4.2320328538441485 
0.44827730498300566 3.6598318286561 2.0984557775829455 2.803574488082867 3.485677402290121 4.232548301213592 
1.322548651440429 3.732755418608608 2.102558621706278 2.8035818598281304 3.4852414582775983 4.23254776809608 
0.11908194105153877 0.09144220595661862 2.103282488494133 2.803293989740674 3.486114451843679 4.2319776765997155 
1.2822132673094382 0.37689054745854955 2.098555062391752 2.8035938400350306 3.4856640783781874 4.232524157868464 
1.2058602906996398 3.9054077088551438 2.0978234842101107 2.803998932136859 3.4846744722822343 4.234443603808892 
0.48713874631092163 0.06347718290375626 2.1027166754113362 2.8033830426478468 3.484673295166362 4.23321549035603 
0.4671906890087838 0.4455358906186804 2.097795576143782 2.803232449500056 3.4856310448948093 4.232544381761155 
0.4506779044730481 3.647207533461807 2.102669044521899 2.803377170571562 3.4847019037005227 4.232588335513079 
0.5955269760223643 1.905613458648374 2.103221886803598 2.803785606696015 3.4846867390455736 4.23403920353303 
1.3121398975675829 3.705745075619128 2.1031513753276565 2.803535192258907 3.486091475759506 4.232696369298682 
1.219733850596241 3.736598660179566 2.1033856566583755 2.8037590344368293 3.485270383111856 4.232677247858213 
0.3839745218068921 0.5710908310899852 2.102753767366723 2.8032337994264362 3.48467274799629 4.232617245609252 
0.3958986894522454 3.736580649475254 2.1033856566583755 2.803742382721837 3.485224113943444 4.232576217997329 
0.37444133997711176 0.688019542470133 2.0978925001297393 2.8036822328781663 3.4852561712845667 4.232548005628646 
0.4967044457764894 3.607883314356473 2.0978227531004414 2.805304532142637 3.4860631373766537 4.232552884575258 
0.5880617439620515 1.9024688900839493 2.0984972711599976 2.8037706253300194 3.484686704247719 4.234466829321299 
0.46614084237263853 0.5708608389285983 2.0977879433418143 2.803232449500056 3.4856310448948093 4.232544381761155 
0.429364307523226 3.736598660179566 2.1033856566583755 2.803742382721837 3.485251325407365 4.232673090575547 
0.06336219360094253 2.608620046610777E-4 2.103284296967922 2.8042004556114124 3.485672852293236 4.231964073952154 
0.4431921280577729 1.9621893871073663 2.1032840882874524 2.803306536243235 3.486056055561363 4.2320328538441485 
0.45534008820003397 1.955881050943829 2.0978925001297393 2.803482830493015 3.528057146247243 4.232548005628646 
1.2822132673094382 0.47695547703906294 2.103431961845717 2.803753831609711 3.4856634718810477 4.232514387476974 
1.2830678069505448 3.7291917364439073 2.1026632036129733 2.804162751693839 3.4856461455000995 4.232514696249584 
0.4431921280577729 1.99714856013562 2.1032840882874524 2.8032924417698197 3.4861104237244724 4.2320328538441485 
0.46712384284472014 0.4238167974460163 2.0979138049341657 2.803314704801995 3.4856310448948093 4.232552695178338 
1.261218635650889 3.697192297284513 2.0984844261853492 2.804243270568526 3.485236713095437 4.232550934571426 
0.46712384284472014 0.6228114352152505 2.1029647783325722 2.8042279665563123 3.485631304162349 4.232536770769332 
0.4704938680971304 3.7365293209031676 2.103390422985216 2.8034888195117764 3.4852533596424164 4.232502648916847 
1.275629817096455 0.44424693923565717 2.1026738345121716 2.8035590404319564 3.4856461455000995 4.232575193486556 
1.3253642750701038 0.33217624862381123 2.1032014899675215 2.803968562604761 3.485615003438886 4.232492322699049 
0.3775627553219392 0.3361137678881174 2.1031589405025257 2.8032754679806695 3.485561729311596 4.232502563091134 
0.4423345341143205 1.975953034232459 2.1027166754113362 2.8033830426478468 3.4845066206435473 4.23321549035603 
0.44403944834648135 0.19914666989077384 2.1030330963293724 2.8042100477070173 3.4855828395944117 4.232538218556847 
1.2058602906996398 3.850815819776233 2.0977872112041274 2.803547967065019 3.485629792161377 4.2315435998920075 
1.2121127206676774 3.8153877334500756 2.1026738345121716 2.8042470222397995 3.4856461455000995 4.2325755425356855 
0.43028721069101133 0.6602912830959634 2.1031439626587867 2.8034817678219235 3.4856672958687596 4.2343909802803035 
1.2914961785400965 3.647207533461807 2.102669044521899 2.8041754160240435 3.485602224787741 4.232588951441486 
0.009345800907514412 2.608620046610777E-4 2.1032842901990247 2.8042233802775463 3.485672852293236 4.231964456199941 
0.48799634025437405 0.0629776654103304 2.1032840882874524 2.8032924417698197 3.4861104237244724 4.2320328538441485 
0.4423345341143205 1.9963375622807242 2.1027166754113362 2.8033830426478468 3.4846471757441773 4.233194806387711 
0.5296198951465645 1.9577392798660291 2.098747717419262 2.80377542497054 3.484711713180022 4.232313232126585 
0.37042950919861667 0.5710908310899852 2.103399900846115 2.8040086227765215 3.4856427258105853 4.232617245609252 
0.4757663127810546 1.9710350230525424 2.0984980831227573 2.803367035806801 3.484701882988754 4.233228122691952 
1.340199095304635 0.378008899206419 2.102801448626447 2.803965865977766 3.4854527056487217 4.232538894360828 
0.4539371173042494 3.8747160682438193 2.102892647426316 2.803258361592932 3.4848516846633406 4.2333243976807395 
0.5483420956038039 3.6167237657243194 2.1031688021877657 2.8033922694272855 3.48637238909192 4.23231530124285 
1.3017853513390674 3.647207533461807 2.102669044521899 2.80417101303009 3.48472675496988 4.232588335513079 
1.2058602906996398 3.8140916500974287 2.0978079128162004 2.8042574275542567 3.4847157169066554 4.231626411261154 
0.45969003850240253 0.4893708663012737 2.0979138049341657 2.8042525711848456 3.4856310448948093 4.231613356920827 
0.5105088156821664 0.5841642464007286 2.0984103937281797 2.759234105524822 3.4856425772755304 4.232570498302804 
0.4919263933691004 3.7488231210066223 2.102632111819812 2.80357619789987 3.485649915926391 4.2325299425493 
1.2058602906996398 3.848521598395833 2.0978079128162004 2.803555198121302 3.4856707889797107 4.231565564975052 
0.37342913278666684 3.7712212705509707 2.0978378316869195 2.8053369876495724 3.4856372771185478 4.23280465929193 
1.2830178629464801 3.613750466702647 2.1031513753276565 2.8042054221881627 3.486091475759506 4.232696369298682 
0.45765973887153333 0.3361137678881174 2.1031451209945473 2.8032754679806695 3.485561729311596 4.232514412540731 
0.45534008820003397 0.674962338977374 2.0978925001297393 2.8039682474975 3.4852561712845667 4.232548005628646 
0.47403854011878827 3.5749154388673148 2.103266436707915 2.8035589534035186 3.4856397453562873 4.232549499823716 
1.373011281188092 2.0643754308847337 2.1033100817914816 2.803306536243235 3.486055324894462 4.232049241661758 
1.242778255862293 3.817777903578684 2.1033501522483653 2.8037683439347525 3.485254116449812 4.232539519513667 
0.4757663127810546 1.9599991793337264 2.098288192886471 2.8033667386624397 3.484689164360349 4.2325821968365585 
1.2830281294365402 0.49759072196821563 2.103440183395671 2.8042354531812057 3.4860922165350243 4.232696369298682 
0.4423345341143205 3.8293511407416254 2.098494427664535 2.8033771717243594 3.4853121810517513 4.232229172978386 
0.058507496563139916 0.06347718290375626 2.1027226645348307 2.8033769409395357 3.484673295166362 4.233183172284692 
0.37042950919861667 0.5710908310899852 2.103399900846115 2.8040086227765215 3.4856427258105853 4.232617245609252 
0.3079320001485083 0.6316678250207353 2.103100991990446 2.803742382721837 3.4856372253247967 4.232660930126503 
1.2121127206676774 3.7336749827369773 2.1026738345121716 2.8042470222397995 3.4856461455000995 4.2325755425356855 
1.1661794704666033 3.905412558970303 2.1027559364959933 2.803409313057899 3.4846744840607733 4.234487125014574 
0.5299975868064977 0.09994318092908272 2.10267092385406 2.804106350877274 3.486371862806929 4.232191419110353 
1.2270579799248418 3.8300894888232184 2.1025224164392866 2.8033836524749405 3.4856262908411297 4.232223746281656 
1.2842805937794501 3.7061687967600916 2.1031472392464585 2.8037542618002824 3.4855617289218057 4.232466696428163 
