4.010680685893539E-5 0.0039979509092081394 2.0973596048268974 2.7965374353745744 3.505251840318241 4.206256258908059 
1.9999586556758635 3.999971559831754 2.104332920836187 2.7966786010766476 3.5025407992934157 4.205983261543391 
1.9498421464524864 3.880269067513889 2.1044628071834546 2.8058543740801842 3.5054206798632443 4.206422710410976 
1.3075486788773987 3.804941230494989 2.097376928433 2.7965356626322966 3.5052642100161364 4.2062331027149416 
1.1448880630242964 3.8633659313817414 2.0976122295380297 2.796850472618307 3.5055666092633606 4.2063739224271135 
1.961182061026849 0.9037422861410089 2.0973974267737385 2.7965547037084937 3.5027077904606507 4.205029199166178 
1.9880383258831364 0.5363947588134211 2.103976183475743 2.797180726136677 3.5052924595513297 4.205859975826903 
1.2506630792839366 0.7391187948896296 2.104056415483268 2.7972083154942085 3.5052641474008794 4.206245833619228 
1.1861385116170964 0.4671997072176006 2.1043158853802733 2.796874638932753 3.5028067157751277 4.205044741169084 
0.42087313786984587 0.8362090088604842 2.1040216344570966 2.7969683915634675 3.505563876889152 4.206273176823744 
1.2419320831641285 0.6614585939198647 2.103687973912977 2.7969518041214303 3.505252031088268 4.206260197766697 
1.2653351864142968 3.735899622558377 2.09647606638535 2.7966902680854178 3.5054319124300104 4.206267140421751 
1.9293673519469527 3.9963506951582977 2.104313383787458 2.7964237461508814 3.505703531270303 4.2062580410157 
1.9148681252448776 3.9817973373271025 2.1042839013649073 2.797215395035003 3.502796396942414 4.2062581140209865 
1.9068927505974613 3.978071822176724 2.097320112507848 2.796379406911057 3.5052802073406797 4.199513354159124 
1.1851676926433061 0.7087083034472245 2.1039964246787255 2.7972076233345526 3.505274953047505 4.206351573836568 
1.2364960721667684 3.775361640511785 2.0975282152470416 2.7966936561786713 3.5027651736265195 4.206264190392869 
1.969925155191752 0.8029324932462534 2.104314184953714 2.796691042132018 3.5054319124300104 4.206267140421751 
1.1556916754534312 3.8507414959691366 2.0975312521890044 2.796885997286 3.502786881651785 4.205463668672824 
1.22400900098962 0.6611937069682536 2.104316180440096 2.797219730124024 3.5029693813099825 4.20623012874775 
1.2135807646411567 0.4424129004105617 2.104326662221567 2.796787638682922 3.505309821921621 4.2062231577976545 
1.9278927590424206 3.9448962452929104 2.103830680200784 2.7969051712352155 3.505461027420014 4.206338638779722 
1.9293673519469527 0.6675154030229153 2.1040577166700327 2.7968570055121322 3.5055604783097154 4.2062580410157 
1.2412691748551665 3.7238813501457875 2.1036786101446316 2.7969518041214303 3.505252031088268 4.206391691179091 
1.959552385073071 3.981180027515771 2.103912154888646 2.796379406911057 3.5052799538404047 4.199585857528526 
1.92772945710098 0.7417274681902679 2.10482307209766 2.797354894921885 3.502898441377151 4.204985170496179 
1.2525517547972644 3.7768699210108574 2.1039742577766574 2.796926658569013 3.50286543329605 4.20626371595722 
0.02981722961059119 0.26946132312217896 2.097936935351546 2.797209204029477 3.5052773750433 4.205857437927617 
1.2319458169853497 0.48145554057173534 2.103861816550975 2.7966957876037912 3.505688499028892 4.206374251717444 
0.5123504727639422 0.3151246647385715 2.1039240611575774 2.7969276636892952 3.502986793120111 4.2062615376696035 
1.9982590720253985 3.8876702179787976 2.109726267712543 2.7969471421535617 3.5052467290191167 4.206245712589606 
0.40297393919255364 0.49986025820748803 2.104060358973192 2.7964151789033793 3.502861927744975 4.205359377524197 
1.997384035707187 3.9516047595222474 2.1044968709896734 2.7965356626322966 3.505375078795728 4.205220565333607 
1.98472654228564 3.853375617667143 2.1042769364287843 2.796926922529449 3.505375212717036 4.20635256909458 
1.9979977347443179 3.9817973373271025 2.1042839013649073 2.797215395035003 3.502796396942414 4.205358354338124 
0.03138115975592992 0.08070311830419441 2.1046287033617297 2.7966902680854178 3.5054319124300104 4.206256211748123 
1.2507043118546433 0.4665487222456316 2.1038423667506567 2.796876175530077 3.5100865063349005 4.205861352297644 
1.9554695420387278 3.9191294494108395 2.104482276676469 2.805986569670081 3.5054206798632443 4.206422710410976 
1.9290274521554458 0.7065223081062197 2.1040577166700327 2.796865433455972 3.5055604783097154 4.206245716659379 
1.2418486704229177 3.9019917416963983 2.0975312521890044 2.7968887851994566 3.50277230156724 4.205467092685185 
1.99178231388 0.6598184258001469 2.1043274522062716 2.7964305613105305 3.505279884984049 4.206353043530229 
1.189918300525539 3.8566159680721723 2.1044832898329413 2.7972659187656284 3.5053065401626875 4.206011148827736 
1.261676707993004 0.5244989052545702 2.104326662221567 2.7967875781121423 3.502887924953029 4.206386174613025 
1.2506630792839366 0.49140931161946844 2.104312003782188 2.796881328005382 3.5027550260979905 4.205863559118471 
1.1134375130979792 3.9898106323583766 2.1045825272358067 2.7965395619712927 3.5029927493723743 4.206233946354506 
0.4177902748066203 0.31397281954570283 2.1037045044619873 2.796929389503397 3.5054445316181333 4.206238391851413 
1.2319458169853497 0.4665487222456316 2.1038423667506567 2.796876175530077 3.5057396114167227 4.2050986458741795 
1.187797336559064 3.8507414959691366 2.10398131103326 2.796885997286 3.502786881651785 4.206233131087695 
1.2613437092087911 0.7010623270578151 2.1036786101446316 2.796695177164261 3.5052723096289427 4.206389274017363 
1.9741234212892347 3.9248154800865778 2.1045282786699038 2.805442908964269 3.5027079400482504 4.20537290255091 
0.39654429929138735 0.385469400500986 2.1043140012317347 2.796881328005382 3.5027550260979905 4.205863559118471 
0.4069313909967251 0.2252354093670521 2.1036786101446316 2.7969591198402917 3.505252031088268 4.20639156643676 
1.9293673519469527 3.982582330759868 2.104313383787458 2.7964237461508814 3.505703531270303 4.2062580410157 
1.098691091195276 3.9781118426828828 2.1043133771236353 2.79641906242281 3.5057047603884213 4.206233946354506 
1.1864872717646948 3.804941230494989 2.104055853279693 2.7965356626322966 3.505276053752658 4.2062331027149416 
1.1952957481827013 0.5244989052545702 2.104326662221567 2.7972130240524335 3.5052882675676744 4.2063945007281065 
1.9796013498966658 0.8310266068719669 2.0981509419430386 2.797211112618488 3.5054300394328415 4.206240084939891 
1.9999993099678206 3.9336062095876336 2.103995244154682 2.797213004649672 3.5054244585110337 4.206260248498327 
1.2540858429505253 3.804941230494989 2.10403282499617 2.7964151630838137 3.5056104407559947 4.2062331027149416 
1.9390099131289686 0.8102167043373869 2.0974113906364806 2.7962063131357824 3.5053211082215583 4.2062690314847115 
1.2406536352106485 3.7103094319830916 2.103861816550975 2.7966961097001666 3.505420786915408 4.2063768890579025 
1.2653351864142968 0.5055723808552692 2.09647606638535 2.796689945989042 3.5056996245434946 4.206264503081292 
0.35729744064709623 0.3399413780898388 2.1038653604749125 2.7971799854117805 3.5028915169860895 4.206239051059181 
1.2412741173266975 3.7103094319830916 2.103861816550975 2.7969447390299558 3.505420786915408 4.2063770839221135 
1.9391997111414925 0.7417274681902679 2.10482307209766 2.797354894921885 3.502898441377151 4.204985170496179 
0.3680006591298344 3.92629185411781 2.098071392442269 2.7965352961350383 3.5029079353201293 4.2058872678544015 
0.39235291236532627 0.682930817519935 2.1038624665565058 2.7972157512559326 3.5028915169860895 4.205392006527037 
1.982388740397769 0.5782502522433703 2.1040114678237454 2.7964981104243978 3.5029653583051927 4.206238391851413 
1.187797336559064 0.5275008404605785 2.10398131103326 2.7968864073878885 3.502786881651785 4.206233090894092 
0.4134925902048721 0.385469400500986 2.1043140012317347 2.796881328005382 3.5027550260979905 4.205863559118471 
1.9601254275085174 3.9258872450880116 2.104520552311573 2.8056057982645295 3.505417468110182 4.206371779345954 
0.4374513482502735 0.5013895571973424 2.1036786101446316 2.7969591198402917 3.505252031088268 4.20639156643676 
1.9902324497588009 0.7398949320189236 2.1042346782286585 2.7963924999576153 3.505274695844716 4.20640995078583 
1.9902324497588009 0.7308778496810817 2.1034018023028795 2.7963964122677507 3.505274695844716 4.206380379152653 
1.2401444361873075 0.49986025820748803 2.1040583615236454 2.7964151789033793 3.502861927744975 4.205359377524197 
1.9965129163508324 0.5872237027614392 2.1044832898329413 2.7972659187656284 3.5053147820446777 4.206011148827736 
1.9939887824401248 3.92629185411781 2.098071392442269 2.7965352961350383 3.5054205505242555 4.2058872678544015 
1.990038114086752 0.6011024816297137 2.1043274522062716 2.7966604599930487 3.5052799432361996 4.20637582219698 
0.4469530868843889 0.3325738519222605 2.104121503431735 2.7964151789033793 3.5053753656163638 4.2058947530465 
1.1838646402717132 0.5244989052545702 2.104326662221567 2.796787638682922 3.5053101941713694 4.2063905677838465 
0.41909103685504295 0.5782502522433703 2.104059843656053 2.7964981104243978 3.5029653583051927 4.20624577218581 
1.1960851484360695 3.9599418466266294 2.1045282786699038 2.797034948700391 3.5027192062237096 4.20537290255091 
1.138826298374756 0.7384823172081496 2.104326878382329 2.797174791013373 3.5028761513416695 4.206379639058595 
1.9612851291254332 3.9963506951582977 2.1039167135492347 2.7964237461508814 3.505703531270303 4.199732042203342 
1.9293673519469527 0.6577084512121996 2.104315590553852 2.796865103186035 3.5056023080022056 4.2062580410157 
0.4743482165615267 0.15727569804912775 2.104057563901593 2.7968570055121322 3.5055604783097154 4.2062580410157 
1.2418486704229177 3.8507414959691366 2.0975312521890044 2.7968887851994566 3.502786881651785 4.205464232241686 
0.49143279568872794 0.48606113495101144 2.104326662221567 2.7967718778483217 3.505311029886362 4.205971896943086 
1.9780910120709843 0.7367256243778568 2.1045658958180513 2.796691042132018 3.5054319124300104 4.206267140421751 
1.2349779432947232 3.8276052422466735 2.103861816550975 2.7966961097001666 3.505420786915408 4.2063541103911515 
1.3201274670276368 3.685421666640139 2.0976736292873537 2.7968547531977865 3.50286543329605 4.20626371595722 
0.44845626609886086 0.4885145849515231 2.104503523550131 2.797205613266291 3.505252031088268 4.206397362956136 
1.9822555304482057 0.5904480068270059 2.1040676214447225 2.7964937948520223 3.5055900874083807 4.206238391851413 
0.42087313786984587 0.7517947626085634 2.104018211126313 2.7969814352454434 3.5027913628329923 4.199249801613968 
0.4743482165615267 0.15999623695238385 2.104065391733307 2.7968570055121322 3.505276984598571 4.2062580410157 
1.9796013498966658 0.7064002740067855 2.0981509419430386 2.797215273296994 3.5054300394328415 4.20623940719531 
1.982388740397769 0.5782502522433703 2.1040114678237454 2.7964981104243978 3.5029653583051927 4.206238391851413 
0.4328774252212516 0.7064002740067855 2.1038219575545214 2.796931739934285 3.5054300394328415 4.20623940719531 
0.38988777305856825 0.7391187948896296 2.104060370390555 2.7971856415335203 3.502878404664189 4.205863559118471 
0.3360927524376156 0.8599850012730736 2.1048381157067992 2.796947601364184 3.502898441377151 4.206392715816659 
