0.017781376838684082
0.7965083853778196
0.016962707042694092
0.020837903022766113
0.7948973314341856
0.014145486056804657
0.7957945005473448
0.7960689799365355
0.017735064029693604
0.014307141304016113
0.7950011627253843
0.7962653772410704
0.7950254814204527
0.013611912727355957
0.7957574264582945
0.021818101406097412
0.01706218719482422
0.013463497161865234
0.019688129425048828
0.7947840230044676
0.7956512109813048
0.7966826693591429
0.7954707877215696
0.016000807285308838
0.7950639860209776
0.014821052551269531
0.015901297330856323
0.015467166900634766
0.01791214942932129
0.795607639985974
