2.0011205673217773 0.0011212899116799235 
0.0011927381856366992 3.991682767868042 
2.0011205673217773 0.0011212899116799235 
0.0011927381856366992 3.991682767868042 
1.915234088897705 0.7931047677993774 
1.3915390968322754 0.7962741255760193 
1.2919371128082275 1.5929862260818481 
0.8343560695648193 1.5944987535476685 
0.39185062050819397 2.3911373615264893 
0.7362805008888245 2.389979362487793 
0.10868003219366074 3.1817095279693604 
0.30416595935821533 3.180906295776367 
0.7870407104492188 1.795620083808899 
1.353675127029419 0.9163469672203064 
0.34348931908607483 2.6631834506988525 
0.3376549780368805 2.7288694381713867 
1.928626298904419 0.5881020426750183 
0.05177587643265724 3.7810657024383545 
1.9414712190628052 0.4167490005493164 
0.3206610381603241 2.945312738418579 
0.3253284990787506 2.881955862045288 
0.34827521443367004 2.6144611835479736 
0.05998055264353752 3.650958299636841 
0.07089544832706451 3.4792466163635254 
1.331932783126831 1.107737421989441 
0.35776928067207336 2.5300755500793457 
0.7378419637680054 2.367931842803955 
1.3431156873703003 0.9935569763183594 
0.7490234971046448 2.213960647583008 
0.04264792799949646 3.895122766494751 
0.7641434669494629 2.025186538696289 
1.9494318962097168 0.3285428285598755 
0.7548742294311523 2.1378214359283447 
0.06381651014089584 3.594303846359253 
1.366371750831604 0.8486515283584595 
1.9322168827056885 0.537520170211792 
1.966713547706604 0.16270402073860168 
0.09189789742231369 3.2422940731048584 
1.318027138710022 1.2435874938964844 
0.37772902846336365 2.4199860095977783 
1.3044688701629639 1.4152804613113403 
1.310706377029419 1.3507758378982544 
0.795551061630249 1.7312642335891724 
0.004045900888741016 3.9009552001953125 
0.35359832644462585 2.564871311187744 
0.7718620300292969 1.9674053192138672 
0.36598750948905945 2.4729185104370117 
0.775296151638031 1.9039347171783447 
1.2979638576507568 1.51116943359375 
0.06595488637685776 3.552696466445923 
1.9245542287826538 0.647762656211853 
1.348023772239685 0.955299437046051 
0.7613720297813416 2.0590598583221436 
0.8059946894645691 1.6674294471740723 
0.04607223719358444 3.8526530265808105 
1.3154021501541138 1.2772339582443237 
0.09871749579906464 3.2027323246002197 
1.2939975261688232 1.5790431499481201 
0.333971232175827 2.771974563598633 
0.053703803569078445 3.7435414791107178 
0.31305766105651855 3.0509252548217773 
1.9584778547286987 0.23270750045776367 
1.940214991569519 0.4342106282711029 
0.7437252998352051 2.289346694946289 
0.7478010654449463 2.237053632736206 
1.3787389993667603 0.8099632859230042 
1.3025745153427124 1.4392129182815552 
0.07646157592535019 3.4021706581115723 
1.9196776151657104 0.7210680246353149 
1.9890888929367065 0.03129981458187103 
0.3284693658351898 2.840825319290161 
0.0693899616599083 3.505831480026245 
0.08248858153820038 3.3322670459747314 
1.3113584518432617 1.324461817741394 
0.005415181629359722 3.896299123764038 
0.08033698052167892 3.356095314025879 
1.2994178533554077 1.4901974201202393 
0.33094102144241333 2.8086912631988525 
1.9226423501968384 0.6753069758415222 
0.3696093261241913 2.4521989822387695 
0.30602237582206726 3.152453899383545 
1.9784897565841675 0.08070951700210571 
0.3109273910522461 3.0826873779296875 
1.3270204067230225 1.1439244747161865 
0.317457377910614 3.00520396232605 
1.9719104766845703 0.12386050075292587 
1.9841060638427734 0.052060000598430634 
0.8143537044525146 1.6314407587051392 
0.7719615697860718 1.938496470451355 
1.3377245664596558 1.048448920249939 
0.7803411483764648 1.8546874523162842 
0.7571181654930115 2.1090970039367676 
1.3377245664596558 1.048448920249939 
0.3177977502346039 2.989457130432129 
1.935595154762268 0.49310487508773804 
0.7437252998352051 2.289346694946289 
1.369158148765564 0.8371167182922363 
1.9535222053527832 0.28295737504959106 
0.7803411483764648 1.8546874523162842 
0.8003562092781067 1.6994407176971436 
