2.2421401808969676E-4 3.9789886474609375 
1.3895466327667236 0.795303463935852 
2.2421401808969676E-4 3.9789886474609375 
1.2910445928573608 1.5880213975906372 
0.8331372141838074 1.5934885740280151 
0.7355595231056213 2.3870010375976562 
0.3920491337776184 2.390249729156494 
0.1081584095954895 3.1812782287597656 
0.3032189905643463 3.180684804916382 
0.060819368809461594 3.617114782333374 
0.004540895111858845 3.895267963409424 
0.06455899029970169 3.5586345195770264 
0.37668827176094055 2.4180266857147217 
0.7567209005355835 2.1096291542053223 
0.7510636448860168 2.1725165843963623 
0.04242287203669548 3.8942809104919434 
1.3154464960098267 1.2749541997909546 
0.3117530047893524 3.065605878829956 
1.3466936349868774 0.9573926329612732 
1.3369686603546143 1.036686897277832 
0.7413036823272705 2.30592679977417 
1.3410240411758423 1.0017364025115967 
0.0884515792131424 3.269540309906006 
0.07112293690443039 3.4599926471710205 
1.3116265535354614 1.3145008087158203 
0.33977994322776794 2.7076222896575928 
1.2980892658233643 1.4928247928619385 
0.7474095225334167 2.2280352115631104 
0.34361425042152405 2.650660991668701 
1.318774700164795 1.2219271659851074 
1.3044679164886475 1.4056226015090942 
0.7762884497642517 1.8884176015853882 
0.33072593808174133 2.8001396656036377 
1.2937129735946655 1.5513370037078857 
0.333114892244339 2.769672155380249 
0.001156514510512352 3.930901527404785 
0.09292580932378769 3.2308263778686523 
1.3251858949661255 1.1612805128097534 
0.7827178239822388 1.8242541551589966 
0.09762348234653473 3.2047815322875977 
0.35752958059310913 2.5233943462371826 
0.7594476342201233 2.0759737491607666 
0.7428178191184998 2.2854957580566406 
0.7677961587905884 1.9734203815460205 
0.3218764662742615 2.914379596710205 
0.7876467704772949 1.7820817232131958 
0.05610600486397743 3.6911275386810303 
0.327243447303772 2.8432977199554443 
0.7799006104469299 1.8490756750106812 
0.3367704153060913 2.72735333442688 
0.30463048815727234 3.158616781234741 
1.3212292194366455 1.1964863538742065 
0.8160878419876099 1.6207242012023926 
0.8064936995506287 1.658776044845581 
0.7937915921211243 1.73473060131073 
0.07927317917346954 3.366612672805786 
0.3478549122810364 2.608283281326294 
0.766169011592865 1.989959955215454 
0.3188525438308716 2.9562106132507324 
1.2965458631515503 1.5138866901397705 
0.8001912832260132 1.692834496498108 
0.07722873985767365 3.3793041706085205 
0.0441901870071888 3.8729724884033203 
0.08234819024801254 3.319991111755371 
0.8260003924369812 1.6018832921981812 
0.3175174295902252 2.9733121395111084 
0.0534539520740509 3.732241153717041 
0.05238612741231918 3.7477617263793945 
0.08362680673599243 3.3101704120635986 
0.7490597367286682 2.2078053951263428 
1.3331509828567505 1.0893197059631348 
0.36268889904022217 2.4867138862609863 
0.38393497467041016 2.3970086574554443 
0.04973098263144493 3.7884140014648438 
1.3023552894592285 1.4350700378417969 
0.36439549922943115 2.4760026931762695 
0.7902557253837585 1.7605044841766357 
1.375685691833496 0.8163581490516663 
0.3524809777736664 2.564427614212036 
0.8108435273170471 1.6422621011734009 
0.7723715901374817 1.922414779663086 
0.31459304690361023 3.023249864578247 
0.7624742984771729 2.0318849086761475 
0.06787455826997757 3.5075457096099854 
0.3081548511981964 3.1158697605133057 
1.3690484762191772 0.8548477292060852 
0.3148154020309448 3.012643337249756 
1.3569490909576416 0.8930396437644958 
0.048794135451316833 3.802133798599243 
0.06787455826997757 3.5075457096099854 
0.3250819444656372 2.888974189758301 
0.05610600486397743 3.6911275386810303 
0.07463327795267105 3.422492742538452 
0.7623641490936279 2.039841651916504 
0.3081548511981964 3.1158697605133057 
1.327760934829712 1.126323938369751 
0.32629621028900146 2.8698508739471436 
1.3085800409317017 1.3531516790390015 
1.3080165386199951 1.356581687927246 
3.413112717680633E-4 3.972100019454956 
