2.0013842582702637 0.0013846218353137374 
0.0014010920422151685 4.000851631164551 
2.0013842582702637 0.0013846218353137374 
1.3918254375457764 0.7965443730354309 
1.9149110317230225 0.7948572635650635 
0.835578978061676 1.5950746536254883 
1.292472243309021 1.5871403217315674 
0.7366887331008911 2.3859658241271973 
0.3927662968635559 2.3914976119995117 
0.10920369625091553 3.1824796199798584 
0.3044982850551605 3.178609609603882 
0.3370499610900879 2.745056629180908 
0.06993040442466736 3.497338056564331 
1.3441325426101685 0.9885735511779785 
0.07430437952280045 3.4328083992004395 
1.3353554010391235 1.0653643608093262 
0.32614201307296753 2.8792200088500977 
0.34476014971733093 2.651670455932617 
0.33179771900177 2.8082337379455566 
1.3032991886138916 1.4334080219268799 
0.31107980012893677 3.0828566551208496 
1.977676272392273 0.08970994502305984 
1.9557379484176636 0.2623932361602783 
0.7794713377952576 1.8701753616333008 
0.7724186182022095 1.940537691116333 
1.9925087690353394 0.021494397893548012 
1.2967462539672852 1.5278615951538086 
0.767931342124939 1.9912327527999878 
0.06370992958545685 3.5919198989868164 
0.047949131578207016 3.8366403579711914 
1.3210724592208862 1.2229126691818237 
0.060253094881772995 3.654559850692749 
0.35448482632637024 2.563570022583008 
0.30711498856544495 3.154390573501587 
1.316653847694397 1.2665016651153564 
1.3293859958648682 1.1231991052627563 
1.3067234754562378 1.393158197402954 
1.9386593103408813 0.4553051292896271 
0.3885675370693207 2.393376111984253 
1.934437870979309 0.5157466530799866 
0.7872251272201538 1.7993818521499634 
1.925606608390808 0.6382445096969604 
0.8139634132385254 1.6394811868667603 
0.31509238481521606 3.0262298583984375 
0.09336362779140472 3.2336554527282715 
0.7600864768028259 2.0816538333892822 
1.943731427192688 0.3923449218273163 
1.9505435228347778 0.31598713994026184 
1.3529703617095947 0.9242839813232422 
1.962778925895691 0.19688910245895386 
0.36234238743782043 2.501356840133667 
1.3751156330108643 0.8221195340156555 
1.3125510215759277 1.3114902973175049 
0.7524318695068359 2.1809895038604736 
0.8189722895622253 1.621797800064087 
0.7440887689590454 2.2878570556640625 
0.08124501258134842 3.353761911392212 
1.9642102718353271 0.1874343454837799 
0.7838733792304993 1.8295384645462036 
0.32112306356430054 2.9499926567077637 
0.0056726327165961266 3.8964741230010986 
1.9198641777038574 0.7241005301475525 
0.7937589287757874 1.7476645708084106 
1.9717562198638916 0.12848138809204102 
0.08752109110355377 3.284095287322998 
0.09844119101762772 3.207098960876465 
0.056966252624988556 3.7028846740722656 
0.08532986044883728 3.3006176948547363 
0.004173099063336849 3.9009177684783936 
0.7415890097618103 2.321636438369751 
1.915655493736267 0.7827897071838379 
1.3249965906143188 1.1697686910629272 
1.3578681945800781 0.8988847136497498 
1.3658111095428467 0.8571863770484924 
0.043279629200696945 3.895000696182251 
0.7962125539779663 1.733858346939087 
0.05163610726594925 3.790964365005493 
0.3708499073982239 2.4506869316101074 
0.7488214373588562 2.2232260704040527 
0.3489095866680145 2.610244035720825 
0.7390420436859131 2.358652353286743 
0.7473524808883667 2.245772123336792 
1.9434330463409424 0.39722326397895813 
0.3708499073982239 2.4506869316101074 
1.92985999584198 0.5768776535987854 
0.0016597409266978502 3.970221519470215 
1.92985999584198 0.5768776535987854 
0.06291268765926361 3.6027989387512207 
1.9361618757247925 0.48687171936035156 
0.31772831082344055 2.997201442718506 
1.2957110404968262 1.5396291017532349 
0.04341321811079979 3.8938405513763428 
0.3639969229698181 2.491609811782837 
0.08124501258134842 3.353761911392212 
0.8028973340988159 1.688968300819397 
1.9511711597442627 0.3124324381351471 
1.9204977750778198 0.7084223031997681 
0.8028973340988159 1.688968300819397 
0.7600864768028259 2.0816538333892822 
0.7550668120384216 2.1469225883483887 
