2.0007245540618896 9.665024699643254E-4 
0.001002317643724382 3.994194746017456 
2.0007245540618896 9.665024699643254E-4 
1.9143067598342896 0.7959854006767273 
1.3906824588775635 0.796028196811676 
0.8334612250328064 1.5941523313522339 
1.2917561531066895 1.5899628400802612 
0.7365990281105042 2.388720989227295 
0.39262738823890686 2.391078472137451 
0.30450281500816345 3.1733837127685547 
0.10899379104375839 3.1819231510162354 
1.9341762065887451 0.5055512189865112 
0.32020097970962524 2.9538440704345703 
0.7460263967514038 2.2712650299072266 
0.7770447134971619 1.8887099027633667 
0.32577523589134216 2.8722827434539795 
1.9622353315353394 0.20194077491760254 
0.7991952300071716 1.7070871591567993 
0.3500063717365265 2.594564437866211 
0.7687427997589111 1.9752485752105713 
1.9206451177597046 0.7002434134483337 
0.34243467450141907 2.6712441444396973 
1.9437187910079956 0.3988298773765564 
1.9721711874008179 0.12624891102313995 
0.0762234777212143 3.4214677810668945 
0.005554307252168655 3.896507978439331 
1.927748680114746 0.5983304381370544 
1.3124839067459106 1.3108283281326294 
0.057635486125946045 3.6858088970184326 
0.756099283695221 2.1247313022613525 
0.04237672686576843 3.895311117172241 
0.7901666760444641 1.769591212272644 
0.33302614092826843 2.787830114364624 
1.9265856742858887 0.6144136786460876 
0.31076300144195557 3.082240343093872 
0.36382317543029785 2.4882240295410156 
1.3580970764160156 0.8886523246765137 
1.335548758506775 1.0585590600967407 
0.7809171676635742 1.8515510559082031 
0.05210776627063751 3.7738165855407715 
0.06251860409975052 3.6136791706085205 
0.0824572816491127 3.339367628097534 
0.3081691861152649 3.1413137912750244 
0.08989042788743973 3.2593300342559814 
0.7866764068603516 1.8003226518630981 
1.3478676080703735 0.958869993686676 
0.3298826813697815 2.8257555961608887 
0.31596285104751587 3.0111806392669678 
1.3189074993133545 1.2374292612075806 
1.3762670755386353 0.8152934908866882 
1.9384793043136597 0.45133331418037415 
0.08114775270223618 3.346191644668579 
0.00201357901096344 3.9399707317352295 
0.3380414843559265 2.7258992195129395 
1.351959228515625 0.9248704314231873 
1.3204646110534668 1.2304402589797974 
0.7532343864440918 2.1752476692199707 
1.9513391256332397 0.3124948740005493 
0.06622448563575745 3.55757212638855 
1.9575458765029907 0.24388587474822998 
0.046450354158878326 3.8501126766204834 
1.3098134994506836 1.3428531885147095 
1.3006707429885864 1.4667980670928955 
0.740378201007843 2.341552495956421 
0.7603878378868103 2.070241928100586 
0.3137783408164978 3.0379881858825684 
0.37830236554145813 2.415674924850464 
1.3256165981292725 1.1606559753417969 
1.302735447883606 1.4450440406799316 
0.05536255985498428 3.7206201553344727 
1.9847877025604248 0.04976797476410866 
0.3549768328666687 2.5560200214385986 
0.07304894179105759 3.457947015762329 
0.06895879656076431 3.5157957077026367 
1.3313840627670288 1.1021592617034912 
0.7496472001075745 2.201685667037964 
1.292913556098938 1.5801421403884888 
0.3708621561527252 2.4437308311462402 
1.2966488599777222 1.5261846780776978 
1.9176758527755737 0.7456915974617004 
1.3056795597076416 1.3962141275405884 
1.3256165981292725 1.1606559753417969 
1.2968757152557373 1.5164430141448975 
0.8077634572982788 1.6597543954849243 
1.3416017293930054 1.0043282508850098 
0.0707876905798912 3.4889392852783203 
0.09857666492462158 3.21366810798645 
0.806914210319519 1.6620278358459473 
0.064449742436409 3.5949697494506836 
0.33949223160743713 2.709275960922241 
1.9407169818878174 0.4240283966064453 
1.367437481880188 0.8444516658782959 
1.3066800832748413 1.3827592134475708 
0.054036546498537064 3.7588441371917725 
1.3416017293930054 1.0043282508850098 
1.954919457435608 0.2739347815513611 
0.046450354158878326 3.8501126766204834 
0.0010770746739581227 3.9805469512939453 
0.7662010788917542 2.0040371417999268 
0.8334612250328064 1.5941523313522339 
