2.0017592906951904 0.0017855913611128926 
0.001629419857636094 3.999204397201538 
1.3916643857955933 0.7967159152030945 
1.9153417348861694 0.7956222295761108 
0.8346190452575684 1.5950281620025635 
1.2923047542572021 1.5924346446990967 
0.39347952604293823 2.391749620437622 
0.7374012470245361 2.387636184692383 
0.1092834547162056 3.1822776794433594 
0.3049694001674652 3.1790592670440674 
0.04383517801761627 3.8882429599761963 
0.0557703860104084 3.7232837677001953 
0.7456054091453552 2.26772403717041 
0.09101272374391556 3.2539596557617188 
0.7526634335517883 2.1733686923980713 
1.3325722217559814 1.0932908058166504 
0.005891678389161825 3.8967700004577637 
1.3068320751190186 1.3915433883666992 
1.9838041067123413 0.05487826094031334 
0.8187720775604248 1.618563175201416 
1.324123740196228 1.1811211109161377 
0.3687534034252167 2.46010422706604 
0.7400894165039062 2.344957113265991 
0.06041272357106209 3.6496052742004395 
1.3039964437484741 1.4283504486083984 
0.36054128408432007 2.5145161151885986 
1.3142157793045044 1.2968738079071045 
1.3481775522232056 0.9609505534172058 
0.3185773193836212 3.021982431411743 
1.9220960140228271 0.697534441947937 
0.7782962322235107 1.8802027702331543 
0.771672248840332 1.9479267597198486 
0.3791103959083557 2.4142258167266846 
0.3133838176727295 3.055790662765503 
1.9440890550613403 0.3956383764743805 
0.07699829339981079 3.4044153690338135 
1.3668091297149658 0.8507091403007507 
0.7868170738220215 1.802453875541687 
0.3317679762840271 2.8053903579711914 
0.34306222200393677 2.6739535331726074 
1.3747023344039917 0.8211134672164917 
1.2985390424728394 1.50674569606781 
0.7969690561294556 1.726753830909729 
1.9587382078170776 0.23967859148979187 
0.32102808356285095 2.947850227355957 
1.337310552597046 1.0495048761367798 
0.3465355336666107 2.63993239402771 
0.32547900080680847 2.887678384780884 
0.32885026931762695 2.8429105281829834 
1.2975846529006958 1.518998384475708 
0.7618662118911743 2.0593864917755127 
0.07883378118276596 3.3809306621551514 
0.33835142850875854 2.7294087409973145 
0.3511623442173004 2.5917882919311523 
0.07140804082155228 3.4793343544006348 
1.9304887056350708 0.5683765411376953 
0.3364148736000061 2.750979423522949 
1.9954441785812378 0.01371611375361681 
1.9730280637741089 0.11920047551393509 
1.9263763427734375 0.6252843141555786 
0.7669352293014526 2.0053231716156006 
0.06507717818021774 3.575993537902832 
1.2925387620925903 1.5895565748214722 
1.3569713830947876 0.899907112121582 
0.7576434016227722 2.110081434249878 
0.05743124336004257 3.6950738430023193 
0.7920441031455994 1.7605347633361816 
0.08329486846923828 3.3262999057769775 
0.776005208492279 1.9031156301498413 
0.3091100752353668 3.118643045425415 
1.9192001819610596 0.7339611053466797 
0.0020008310675621033 3.9595582485198975 
0.8039969801902771 1.6817127466201782 
1.9399926662445068 0.44183993339538574 
0.8039969801902771 1.6817127466201782 
1.9324886798858643 0.5403124690055847 
0.08329486846923828 3.3262999057769775 
1.917133092880249 0.7665778398513794 
0.3225957155227661 2.9280049800872803 
1.3575820922851562 0.8965762257575989 
1.9270148277282715 0.6189122200012207 
1.3418941497802734 1.0113110542297363 
0.3547621965408325 2.5600674152374268 
0.30851346254348755 3.1257236003875732 
1.3433758020401 0.9980150461196899 
1.9482405185699463 0.34468159079551697 
1.9675272703170776 0.1621847003698349 
1.9386645555496216 0.45971450209617615 
1.321121335029602 1.2155197858810425 
0.30531081557273865 3.1740615367889404 
0.06939377635717392 3.510044574737549 
0.7583228349685669 2.101578712463379 
1.317062258720398 1.2630836963653564 
1.9502980709075928 0.3248131275177002 
1.3196049928665161 1.2325103282928467 
1.9621663093566895 0.20508034527301788 
1.9360133409500122 0.49504780769348145 
1.963672161102295 0.1942627727985382 
0.7881883978843689 1.7912416458129883 
1.9355069398880005 0.5070260167121887 
