1.391503095626831 0.7965048551559448 
0.0011962823336943984 3.9992177486419678 
0.0011962823336943984 3.9992177486419678 
0.8339624404907227 1.594857931137085 
1.2920337915420532 1.5934062004089355 
0.7368366122245789 2.387838125228882 
0.3926568925380707 2.3915109634399414 
0.10909963399171829 3.182138442993164 
0.3044912815093994 3.1811883449554443 
0.042914245277643204 3.896334171295166 
0.3386460244655609 2.7209312915802 
0.3191586434841156 2.9726550579071045 
0.7563526034355164 2.1236748695373535 
0.048654042184352875 3.8231563568115234 
1.3145670890808105 1.290958285331726 
0.8029066920280457 1.7125252485275269 
0.7607514262199402 2.0696332454681396 
0.09283614158630371 3.238823413848877 
1.3731547594070435 0.8253597021102905 
0.7929005026817322 1.7522636651992798 
1.340804934501648 1.0165307521820068 
1.295333981513977 1.5459308624267578 
0.7403085827827454 2.3380041122436523 
0.06809806823730469 3.526337146759033 
0.09910669922828674 3.2040207386016846 
0.32378703355789185 2.9088261127471924 
0.005843921564519405 3.896531105041504 
0.36399468779563904 2.4886696338653564 
0.08724192529916763 3.2859551906585693 
0.7819615006446838 1.844618797302246 
1.3482601642608643 0.9565661549568176 
0.0021165218204259872 3.958310127258301 
0.7477790117263794 2.235523223876953 
0.3300463855266571 2.825064182281494 
0.7688027024269104 1.9765615463256836 
0.3436759412288666 2.66587495803833 
1.3619673252105713 0.8712102174758911 
0.7448655366897583 2.275078535079956 
0.06184571981430054 3.6350083351135254 
0.32764938473701477 2.8604648113250732 
1.30874502658844 1.3644498586654663 
0.35819458961486816 2.5322623252868652 
0.8179996013641357 1.6197971105575562 
0.36785444617271423 2.463717222213745 
0.0640149936079979 3.5888397693634033 
0.7714246511459351 1.9480501413345337 
1.3459347486495972 0.9744080305099487 
0.3337264955043793 2.779656171798706 
0.7747873067855835 1.912874698638916 
0.05958683416247368 3.659489870071411 
0.31243667006492615 3.0660390853881836 
0.7425761222839355 2.3060686588287354 
0.7504777908325195 2.1994142532348633 
1.3365731239318848 1.0532491207122803 
0.07375364005565643 3.443258762359619 
0.05082591623067856 3.7957937717437744 
0.08155065774917603 3.344226598739624 
0.06589029729366302 3.566807985305786 
0.8063488006591797 1.667686104774475 
1.3674185276031494 0.8460172414779663 
0.7872685790061951 1.7971614599227905 
1.355566382408142 0.9071458578109741 
0.31170177459716797 3.0811736583709717 
0.3561953604221344 2.5491228103637695 
1.2982057332992554 1.5054519176483154 
1.3342903852462769 1.0745831727981567 
0.35192736983299255 2.585984230041504 
0.0033973045647144318 3.915085554122925 
0.7650341987609863 2.018742322921753 
0.07545141130685806 3.421373128890991 
0.34754523634910583 2.625434160232544 
1.323142409324646 1.190783143043518 
0.053955573588609695 3.7460036277770996 
1.3309382200241089 1.1076669692993164 
1.3286106586456299 1.132188320159912 
0.8228178024291992 1.607343077659607 
0.3249387741088867 2.8937392234802246 
0.31588977575302124 3.0172526836395264 
0.8063488006591797 1.667686104774475 
0.05675918981432915 3.7023990154266357 
1.2923576831817627 1.5921097993850708 
0.7774627804756165 1.8862780332565308 
0.3065604865550995 3.1512067317962646 
0.7524818778038025 2.173215866088867 
0.3333534002304077 2.78519606590271 
1.3194113969802856 1.232108235359192 
0.31588977575302124 3.0172526836395264 
0.7792717218399048 1.868354082107544 
1.3561451435089111 0.9037695527076721 
0.3082972764968872 3.1273131370544434 
0.07786261290311813 3.3885257244110107 
0.35028746724128723 2.602092981338501 
0.05705510452389717 3.6978814601898193 
0.3450606167316437 2.6503238677978516 
0.3804597556591034 2.4092116355895996 
1.3027068376541138 1.4436454772949219 
0.07118352502584457 3.484276533126831 
1.30874502658844 1.3644498586654663 
0.07118352502584457 3.484276533126831 
1.3045172691345215 1.4186843633651733 
