1.010982961733984E-4
0.002797211203987601
1.0020506517879009E-4
1.0456622579224622E-4
0.0028016432034057674
1.0647632151446248E-4
0.0027967685150086206
0.002799160793192269
1.0115165306973483E-4
9.931909263819108E-5
0.0028002395268495917
0.0027948899205312147
0.002795497555170227
1.0570424510126391E-4
0.002798231574062201
1.0254768520296315E-4
1.1355794574628395E-4
1.0078933708794149E-4
1.0459132880658584E-4
0.002801934514837637
0.0027990033819178567
0.0027956684729248523
0.002804353686652584
9.962138330617055E-5
0.0028019607873999357
1.0830933672867658E-4
1.040773078436254E-4
1.0446951124316493E-4
1.0485882661537668E-4
0.0028001337235307577
