1.999999968818592 3.99999916897398 2.0985238086924483 2.797837937312804 3.5165020706266157 4.189289595555102 
0.009397852971752996 2.229568263105719E-4 2.098499503956895 2.7978842276078026 3.5176123041376823 4.221397826632563 
1.999999968818592 3.99999916897398 2.0985238086924483 2.797837937312804 3.5165020706266157 4.189289595555102 
0.009397852971752996 2.229568263105719E-4 2.098499503956895 2.7978842276078026 3.5176123041376823 4.221397826632563 
1.9953810933805316 3.7892863362786633 2.0980719389542495 2.7978263338514275 3.487148046672234 4.229083814221239 
1.9754027904646612 2.4713924013454855 2.0986023873293 2.797870790977539 3.516462870865639 4.222300183805411 
1.1837141355688492 3.785677106113123 2.0985991583375156 2.797831936376427 3.520987349026376 4.222074258464262 
0.4431929979203526 3.940967102701096 2.0982021304110194 2.7978286459528117 3.4903605555547563 4.221351705439236 
1.2274806865489511 0.7827584175482044 2.0985364185266837 2.7978716383999385 3.5165144691591044 4.220174921430181 
1.9995707465483827 0.5135360795307149 2.0985285072244055 2.797880033976022 3.516464907142409 4.2214502123528375 
0.49496114341444664 0.6874283903577514 2.098516166516203 2.7978813878015054 3.5173582013182942 4.221402991892476 
1.1216322877391371 0.596492727934712 2.098517047881147 2.797848353981618 3.51745315282107 4.222118009633314 
1.890801851568083 0.8957354271876937 2.0986003954802532 2.797829288626484 3.516358056758996 4.2215089628156335 
1.9761240861647413 2.3686531949882617 2.098705287136253 2.798672667574326 3.5168556733244376 4.22149739353787 
1.1148364006225222 0.794124508382293 2.0985013485664843 2.7978305774039964 3.5167813032620336 4.221532473545657 
0.3012344304855378 2.394388105756806 2.0980840125708156 2.798249883808545 3.5176302780583413 4.221521789397905 
1.983840566168631 3.847143978631051 2.098622229240016 2.797880033976022 3.519960532335436 4.2222904564581505 
0.30242857137199286 0.5368566812829028 2.104726054856666 2.797634912005472 3.4879141957634343 4.221532973371183 
1.9884860588818596 3.870964511365751 2.098203767887575 2.797594438564613 3.5166298923045565 4.2205448228865885 
0.3967788301455539 2.1245668507340962 2.098205619190255 2.7978309282676257 3.518163084557034 4.222076229567042 
0.3636996989896851 2.212682447629846 2.098205619190255 2.7976520565788454 3.5181568343176077 4.22149739353787 
1.1907759701377838 0.6639054506486459 2.098203070115055 2.7976528059317047 3.516776000833994 4.221417106397538 
0.1364455131759073 0.961763747791627 2.098645129492964 2.7986378434050847 3.517352164553735 4.198039339660936 
0.22903340608915032 0.889921309931204 2.0982619017751176 2.7978036134512294 3.5185233343714337 4.221450437995678 
1.1959837048538104 3.8667740425006536 2.1046893127775297 2.7975888223011363 3.532077703787809 4.188765564136755 
1.1391854610583076 0.8099611303807104 2.0982827325705307 2.7978744743646384 3.5174415023678174 4.221102367196482 
0.26659818497966636 3.9845582844778153 2.098573355233704 2.797836822046873 3.516496798194587 4.2215463088308525 
1.148586107815891 3.995166946780032 2.0985013485664843 2.7978303027625264 3.5167813032620336 4.221518182356333 
1.97893402181682 0.596492727934712 2.0985092010231616 2.797848353981618 3.5174467291729625 4.222118009633314 
0.2862071605786397 0.4663881159723338 2.0985144697837295 2.7978711051064713 3.5173687973616277 4.221402856567859 
1.991632934479196 0.6203089592945552 2.098271515960197 2.797887493513526 3.51813300763091 4.221153350034347 
1.9336939254382828 3.99999916897398 2.098587954003461 2.7976340217191606 3.5201630443155096 4.2266714247068 
1.8686534109722188 0.8361668837903978 2.0985156082674203 2.7978729347742615 3.516173494929852 4.221504681396838 
0.2772955153101482 0.7178659405732728 2.104726054856666 2.797634912005472 3.4879141957634343 4.222197572460517 
1.2061166345922072 3.9426540670169987 2.098227039189815 2.797831116169419 3.5180324562219623 4.221072367299455 
1.9884869267892822 3.847143978631051 2.098643270610409 2.797880033976022 3.5166851727180695 4.2222904564581505 
1.9977885751760438 3.9162814654347 2.0985285398818494 2.797880033976022 3.5173681841684523 4.223531748625277 
0.28903409289895116 0.9614167081919403 2.0985255532202234 2.7986378434050847 3.516517805783479 4.221427298076822 
1.114466952364837 3.995684079713353 2.0985013485664843 2.7978303027625264 3.5167813032620336 4.220983407306918 
1.227924442680391 0.7170952879778498 2.098536710448965 2.797887493513526 3.484918407835505 4.220140888877335 
1.846769261811622 2.4940246478769783 2.098515018471114 2.7978310714178627 3.5161859028115483 4.222287269834116 
1.9904612725573099 2.2202855547867464 2.0985314482324045 2.7978725591443885 3.5174411201059845 4.241795958472061 
0.3873271587892645 3.9296381359115142 2.0985131903885037 2.797879931946045 3.51994368770182 4.22228225291928 
0.04673655092078466 0.17529357697895187 2.098602109065423 2.79765707685084 3.516478336527048 4.221476835839026 
1.1005267242875565 0.8685295753405584 2.0986036401662003 2.797862990580048 3.516447190503447 4.221102367196482 
0.38875878340728953 3.8433491479565833 2.098618424398932 2.785376851497665 3.4892403922985795 4.2203269955156815 
0.315294632077027 2.4940246478769783 2.0984908362954453 2.7978289511179435 3.5176342038399886 4.222287269834116 
1.9735316877621463 0.6925634851067014 2.0986006789634026 2.7978814029030823 3.518335539112536 4.2222904564581505 
1.1959837048538104 3.776699190996043 2.1046893127775297 2.7975888223011363 3.523191314408896 4.2291056860953535 
0.2529720254433327 0.7934921927774735 2.09849944430935 2.797830625192505 3.5167813032620336 4.221386651305212 
1.9522756325069144 3.8997215145573874 2.098705287136253 2.798672667574326 3.5168556733244376 4.224962968123808 
1.1552470571258449 3.995166946780032 2.0985013485664843 2.7978303027625264 3.5167813032620336 4.220983407306918 
1.9990642313413451 0.596145920331479 2.0985091441081525 2.79784993746924 3.519960532335436 4.222287675014283 
0.3689176828046026 3.99999916897398 2.0982115188451536 2.797837937312804 3.517615056342675 4.189289595555102 
0.5305766638019541 0.019873359576594862 2.09851600205791 2.7978813878015054 3.517354356647649 4.221397805434479 
1.1750965948239127 3.866806217920531 2.104687040543644 2.7975888223011363 3.5165942413566764 4.188765564136755 
0.49496114341444664 0.6070616167184388 2.098516166516203 2.797829891672815 3.5173767397799165 4.221402991892476 
1.1959837048538104 3.7639342774803377 2.1046893127775297 2.797601672826754 3.532077703787809 4.222163877277213 
0.29581199999898167 2.3885329573573912 2.098205619190255 2.7978708144743423 3.5176283640182375 4.221504681396838 
0.3516330371358368 0.4663881159723338 2.0985464192460666 2.7978711051064713 3.5173835901293806 4.221402856567859 
1.1574570452137785 0.5676586995752597 2.0986036401662003 2.7978629224444025 3.516447190503447 4.220637374917781 
1.9884860588818596 3.914285624534073 2.098203767887575 2.797594438564613 3.5166298923045565 4.2205448228865885 
1.9986048581226958 3.847143978631051 2.098622292450244 2.7978799616325283 3.5199481797158065 4.22228225291928 
1.2273878157082032 2.081435434478146 2.0985988859587565 2.797830982577693 3.5231579506769863 4.226668112002055 
0.3887153370297417 3.7713989775726997 2.0980719389542495 2.7978263338514275 3.4892403922985795 4.229477051368665 
1.1945408971300302 3.9981223567561197 2.098535569426334 2.7975920131077885 3.518252529731111 4.22658610355817 
1.969331569059646 2.2440459730686104 2.098705287136253 2.798672667574326 3.5168556733244376 4.221496258520053 
0.2529720254433327 0.8951955759776061 2.0985013485664843 2.797651008805816 3.5167813032620336 4.221532473545657 
1.9701930380800836 3.851421671409798 2.0985165199066427 2.7978716212474986 3.5174486671565193 4.186586456572409 
1.9896521829934786 3.9898083537756666 2.0985013485664843 2.797826181671012 3.5167813032620336 4.221518182356333 
1.1180872140917149 0.7185505513963398 2.098537689976887 2.7978880073033854 3.5167847660603715 4.2216811850227165 
0.18417173008578547 0.9621415231656628 2.0985364185266837 2.7978716383999385 3.5165133028547917 4.200157160370602 
0.24626465433787043 0.961763747791627 2.098645129492964 2.7986378434050847 3.517352164553735 4.198140372337592 
1.9812571827890335 2.2440459730686104 2.098705287136253 2.798672667574326 3.5168556733244376 4.22149739353787 
0.1002723095329161 0.13028427524993402 2.098217584254208 2.797664199098307 3.5176218456870636 4.220767934452377 
0.23914216918232392 0.957132568376947 2.0989017645493977 2.798624055293042 3.517642356514464 4.197202692537318 
1.9708565669899107 2.2310167238632364 2.09857066981247 2.7978716383999385 3.4867029877770683 4.222324489010997 
1.1256493019215768 0.7151159056312522 2.0986055557394305 2.7978635746260223 3.5164686671813428 4.220637374917781 
1.9737689979181643 3.8519805640214866 2.0985165199066427 2.797838249084507 3.5165006502705833 4.2234877815127625 
1.2274891933450414 0.6856277778774834 2.0985032673610595 2.7978637860943967 3.5167660506991405 4.22199056167684 
0.3356580139297738 2.1777629807314227 2.0986049878496935 2.7978629224444025 3.517174854426211 4.220637374917781 
1.9711583224511795 3.9999997117409403 2.098524536267952 2.797837937312804 3.5165018600324687 4.220213965198239 
0.3737570328250292 2.1245668507340962 2.098205619190255 2.7978309282676257 3.518163084557034 4.222076229567042 
1.148586107815891 3.9516983789417464 2.0985013485664843 2.7978303027625264 3.5167813032620336 4.221518182356333 
0.3617762538867131 2.1746424524684698 2.098205619190255 2.7976519447031793 3.531979423111029 4.222161992627203 
1.9903098510203603 3.94448012157478 2.0985314482324045 2.797871267447046 3.517458342925181 4.223505044029228 
1.9782117523242526 3.9999997117409403 2.098524430626016 2.797837937312804 3.5165020706266157 4.2214124788765535 
1.976102376343353 0.8116410471841715 2.098520740754922 2.7978328003505495 3.4890221095870073 4.2214009899841045 
1.987556613578923 0.6537341683745731 2.098205619190255 2.797869227014717 3.5173568787583327 4.221497614784927 
1.1961167628470173 3.8831782496443683 2.1046893127775297 2.7975888223011363 3.5317595500486436 4.1798233107608205 
0.3934735688424379 3.8689596374246342 2.098205619190255 2.79765292249901 3.5176302780583413 4.22149739353787 
1.1871528233545603 2.206600880714248 2.0986898390990594 2.798672667574326 3.5165905251981333 4.221496258520053 
1.1961167628470173 3.8831782496443683 2.1046893127775297 2.7975888223011363 3.5317595500486436 4.1798233107608205 
1.1677929495507322 0.5676586995752597 2.0986036401662003 2.7978621926107032 3.486765043726403 4.22886010750876 
1.9903098510203603 3.8519805640214866 2.0985314482324045 2.7978819467969918 3.5174486709315733 4.223505044029228 
1.2273878157082032 2.081435434478146 2.0985988859587565 2.797830982577693 3.5231579506769863 4.226668112002055 
1.9761240861647413 2.4102688226019486 2.098705287136253 2.7986615565843858 3.5168556733244376 4.22149739353787 
1.9903098510203603 3.8976534598546992 2.0985314482324045 2.797882795379077 3.517449176345914 4.223487337726911 
0.3934735688424379 3.8689596374246342 2.098205619190255 2.79765292249901 3.5176302780583413 4.22149739353787 
1.98567639841965 0.7484276231314151 2.0984968859160307 2.797880033976022 3.5164813154939565 4.2222904564581505 
