1.9999979796147025 3.9999996662149284 2.098489893707436 2.803910682734488 3.505886763023865 4.196560256407432 
0.0045999739415792384 6.984761414794427E-4 2.10170891369286 2.8022387978241836 3.4984723341280746 4.20344985806835 
0.0045999739415792384 6.984761414794427E-4 2.10170891369286 2.8022387978241836 3.4984723341280746 4.20344985806835 
1.9999979796147025 3.9999996662149284 2.098489893707436 2.803910682734488 3.505886763023865 4.196560256407432 
1.981502299052247 3.816660361796961 2.099384705034511 2.8020517590461425 3.498551104283002 4.203154226065809 
1.2101301821749744 3.999982538516217 2.0992143597928083 2.802194646801382 3.504399331799768 4.1970793632230485 
1.185321441582006 3.782782509212527 2.099429725969045 2.8020270910830636 3.5051358180152135 4.196774142711352 
1.9807809756320314 0.8671979996081167 2.0991590264449984 2.80215912704429 3.498316197577887 4.203156112483521 
0.2988138934339274 3.9158192265864997 2.0990876813057002 2.8024489319148636 3.5057607304555556 4.196295640249702 
1.2156029465702995 0.8071060386323139 2.100880284868471 2.802539469537966 3.5020219116268643 4.202799505110853 
0.21566290134787722 1.2469356749749934 2.103297186652662 2.8044218569780446 3.4988652660828516 4.202892697238461 
1.0596801111458445 0.7211471511173599 2.1024348402417825 2.8021695037185252 3.502088164964739 4.202832561849354 
0.020969690138377184 1.0436107510640205 2.111250534628435 2.8038905381423906 3.504571654635708 4.20298287649988 
0.03157516905244451 1.1147101631286007 2.1022413242443205 2.804416613113956 3.498342513867297 4.203144885304088 
1.9756647101590556 0.7431902673868955 2.0890135759668347 2.806557359542653 3.502088164964739 4.24906424807298 
1.2011188675679263 0.7093138000704615 2.0990705657356212 2.8025403157872577 3.50213857131502 4.202786856288173 
0.30558819460180653 0.850088366383704 2.0993105509644483 2.802542040910636 3.5020219116268643 4.202808753326076 
1.922944085108203 3.9859004683594743 2.099048528016768 2.802184815179727 3.4996749896391837 4.203235244260918 
1.9809499450798738 3.9859004683594743 2.099046404856008 2.8040071249467653 3.4996749896391837 4.203235244260918 
0.39288341668525456 0.7571973504720864 2.107097838249926 2.8050623607963 3.4977291275862523 4.1960882015934144 
1.23494255990322 3.775136622469475 2.1007674709974977 2.802568955188009 3.5041835735133926 4.2029922146456755 
1.2011188675679263 3.8631239867516816 2.0990705657356212 2.8025403157872577 3.50213857131502 4.202786856288173 
0.19642545537752387 0.6456851525292215 2.0987994013674056 2.7967216705103004 3.4992862881075046 4.203019649443717 
1.23494255990322 3.7079561838596677 2.1007674709974977 2.802568955188009 3.5041835735133926 4.2029922146456755 
1.2038788439833077 3.7839690448047194 2.099076161117025 2.8019989782334402 3.5021017591195824 4.196862926248131 
1.15990471737497 0.5419207252464691 2.101724144943833 2.8040540881566454 3.5044041461225146 4.197157831385459 
1.1333939990034119 0.7957602116425315 2.1027355313501483 2.8019620568059884 3.4992528668397793 4.203274021326494 
0.16536727547966135 5.311247866170987E-4 2.0986384400744305 2.803414669704378 3.49830887519915 4.2028232240001 
1.964182692812377 0.7472321684402314 2.0991028353723813 2.803939967312907 3.4995705052390824 4.203218506279961 
1.858047207834674 0.9009322429739419 2.10185074752615 2.8039310368434673 3.5044240701763627 4.203486110721754 
1.1702571186805242 3.8287017530351286 2.099082686283255 2.8042963298652723 3.4994173904481727 4.196876670834173 
1.9937041864091536 3.926618721161423 2.0990277486899624 2.8025403157872577 3.504444213244893 4.202887917550197 
1.9680675690970282 0.7211471511173599 2.1024348402417825 2.8021695037185252 3.502088164964739 4.202832561849354 
1.9881989596030183 3.8174888180607627 2.099084918009945 2.8042930266747974 3.4992853078927344 4.196876759081692 
1.982328972487957 3.8810597775545603 2.0990871466055636 2.8021655713183007 3.504889259178903 4.203108183533059 
1.9958461936834817 3.8174888180607627 2.0990850103417285 2.8042301600530686 3.501969676564144 4.1968630144956505 
1.9881827028128043 3.958604810656005 2.099090973283157 2.8042746266897964 3.499262237548038 4.203266805491316 
1.9815216369421034 3.91745677522049 2.0990959026966993 2.803573605076353 3.5044342264307473 4.203154421137382 
1.8458315871558997 0.8859976303943606 2.1016637927827286 2.803931017319347 3.5044240701763627 4.203486110721754 
0.05351313264336552 1.1523568125558434 2.103297186652662 2.8044218569780446 3.499430992178909 4.203189265810105 
1.9994183640746392 3.9979389130853944 2.099089843815147 2.8035239233397364 3.4997868812953508 4.203266805491316 
0.06457135617733001 6.984761414794427E-4 2.10170891369286 2.8022387978241836 3.5040592216703637 4.203469168394554 
1.8672585647974527 0.9060409367188627 2.099134606692886 2.802608631510551 3.4997903960659067 4.20315547489046 
0.2364132618404856 0.850088366383704 2.0993105509644483 2.802542040910636 3.5020473364267537 4.202808753326076 
1.9947925007150848 0.7431902673868955 2.088485824649277 2.804350678669823 3.502088164964739 4.249505631148085 
1.1016462580895454 0.75146637388034 2.107097838249926 2.8038623292575133 3.4978569161745736 4.196495653652034 
1.132716240482092 0.7431902673868955 2.1026382603023794 2.804123045129074 3.502088164964739 4.202982541513609 
1.8612815669347076 0.8752448952928995 2.102727123796094 2.8026084903002273 3.4997519253315783 4.2032460516363725 
0.3062222436890872 3.924354880113114 2.0992143597928083 2.802194646801382 3.5044372737503986 4.1970793632230485 
0.17060247926949668 0.934882384360866 2.0990263181530713 2.806569619859996 3.4992879911700094 4.202901359631414 
1.2059995781843882 3.7447286078392015 2.099404456272534 2.804221749592086 3.504392184399457 4.203267161846675 
0.17060247926949668 0.8700791285990404 2.0993814634593053 2.803947920553311 3.499587361328863 4.20327461471343 
1.9892745409610806 3.893106166823581 2.0990848110282294 2.8035858742193858 3.499696323183894 4.196876759081692 
1.8612815669347076 0.9060409367188627 2.102727123796094 2.802608631510551 3.4997903960659067 4.2032460516363725 
1.1358234883708442 0.6432078844716849 2.102917244029444 2.80215456017829 3.5055696005044297 4.19651574441321 
0.3263352394525219 0.9307129434211829 2.102767502251113 2.80343265909143 3.499766176329876 4.202726952468007 
1.1358234883708442 0.7833331327504764 2.102917244029444 2.80215456017829 3.5055696005044297 4.19651574441321 
1.0936873134432856 0.75146637388034 2.106972503707211 2.8038623292575133 3.497864096948095 4.196496672731766 
1.2015758916445725 3.9097225401199003 2.1021385633609837 2.802093066211069 3.5020513259967934 4.196579958957882 
1.8491031714426 0.8946481065271639 2.1027595374235477 2.8026084903002273 3.4997519253315783 4.2032460516363725 
0.1668216659757309 1.0436948768926073 2.110871980838639 2.8038905381423906 3.504571654635708 4.20298287649988 
1.1115026975754538 0.7476977975457915 2.0990662181417763 2.8026117581481698 3.4979414039798544 4.196497003392377 
1.3569902938445852 3.6658757116458416 2.103309526138834 2.803943471709103 3.4716154697517014 4.202897840385693 
1.1515643914109561 3.9320362749808164 2.098381424739581 2.802165171650601 3.5020219116268643 4.202799505110853 
1.160810305775561 3.9628779298496064 2.1021385633609837 2.802093066211069 3.504429452258086 4.19651574441321 
0.1668216659757309 1.0436948768926073 2.110871980838639 2.8038905381423906 3.504571654635708 4.20298287649988 
0.2364132618404856 0.8429169248912973 2.099291966493462 2.8025939458535114 3.5020473364267537 4.202894076109655 
1.8146780625705377 0.9199775031025148 2.099408182594129 2.8039589825491484 3.5044022596505737 4.20299285283727 
1.2090816296057803 0.509408631857837 2.102554031177504 2.8019943309691384 3.5021017591195824 4.202901167684664 
1.1858466412231192 3.904402480626219 2.0990859094319116 2.8020932993991603 3.5051358180152135 4.19708790549512 
1.991847448991104 3.817821807145516 2.1021517461785977 2.802094015192256 3.4985510178487185 4.203154226065809 
1.9858653869604421 3.8810597775545603 2.0990871466055636 2.8021655713183007 3.504889259178903 4.203108183533059 
0.3219271918141734 0.7809298855147282 2.0993939829409953 2.802154495782436 3.5055522802720533 4.203317885614877 
1.816820523301202 0.9199775031025148 2.0993933791910933 2.8039188608704353 3.5044022596505737 4.20299285283727 
1.1225576243008857 0.7476977975457915 2.0990662181417763 2.8026117581481698 3.4979414039798544 4.196497003392377 
1.9892582841708664 3.91745677522049 2.099089843815147 2.8035239233397364 3.499673252839198 4.203266805491316 
0.38607529763440196 3.9778662731502883 2.1069315145809435 2.802016514959264 3.499755874015285 4.19654755023053 
1.8871325306596738 0.753925499877381 2.099370978715776 2.8039310368434673 3.498837182634073 4.202878530059487 
1.0879087424278544 0.7211471511173599 2.1024898701668584 2.8065718612922543 3.504518129874465 4.196902163808922 
1.1858466412231192 3.964861499792065 2.0990859094319116 2.8020932993991603 3.5051358180152135 4.196859512313335 
1.2094386482344925 0.7211471511173599 2.1025094036746403 2.8021695037185252 3.504318407057375 4.202832561849354 
1.2038788439833077 3.916556699998322 2.0994265307234405 2.8019989782334402 3.5021017591195824 4.196863986301325 
1.2038788439833077 3.8182936004023924 2.099082778615038 2.8023691852326817 3.5021017591195824 4.196862961151285 
1.9705494499727145 3.87885061218525 2.0991086707763644 2.8038610941019293 3.5049122839026143 4.203430404138902 
1.9999979796147025 3.9012162888088993 2.098489893707436 2.803910682734488 3.505886763023865 4.236375267378482 
1.1692727447720148 3.863481432415878 2.0990959026966993 2.803573605076353 3.5020917723054366 4.203154421137382 
1.9705494499727145 3.87885061218525 2.0991086707763644 2.8038610941019293 3.5049122839026143 4.203430404138902 
1.1924325815701413 0.6432078844716849 2.1027540666138824 2.80215456017829 3.504429452258086 4.19651574441321 
1.119851695165877 0.7431902673868955 2.1026382603023794 2.806571974841102 3.502088164964739 4.202982541513609 
1.2191998967698843 3.775136622469475 2.102243277829804 2.8042798311448074 3.499667579775163 4.19690031192025 
0.32497405832992377 3.9158192265864997 2.0990876813057002 2.80245989495813 3.5057766567924595 4.196295640249702 
1.2191998967698843 3.775136622469475 2.102243277829804 2.8042798311448074 3.499667579775163 4.19690031192025 
1.0978106764889426 0.6834512090804873 2.0967102038849665 2.803960344488118 3.5023218891304873 4.202841803794873 
1.9807809756320314 0.81670195607103 2.0991590264449984 2.80215912704429 3.498316197577887 4.203156112483521 
1.0899720710257235 0.7204024785491993 2.1027540666138824 2.806770189353382 3.504429452258086 4.196516135336449 
1.9688687821981719 3.924354880113114 2.0992143597928083 2.79675367463892 3.4990594274823703 4.197141814994073 
1.060510136356382 0.7211471511173599 2.1024348402417825 2.8021695037185252 3.501877576678544 4.202832561849354 
1.0978106764889426 0.6834512090804873 2.0967102038849665 2.803960344488118 3.5023218891304873 4.202841803794873 
1.1924325815701413 0.6432078844716849 2.1027540666138824 2.80215456017829 3.504429452258086 4.19651574441321 
1.1729150788945468 3.854739243223781 2.1031722550232104 2.805226729024615 3.499675007826673 4.203147751577652 
