5.909800757214097E-4 0.005463322616434008 2.101302248241743 2.80728043549183 3.5046789844947575 4.205927265167961 
1.8562173608090113 2.707633485301289 2.0953251735772347 2.8116240124364653 3.50343564260318 4.203166037472709 
5.909800757214097E-4 0.005463322616434008 2.101302248241743 2.80728043549183 3.5046789844947575 4.205927265167961 
1.7823097318394443 2.5884908216603764 2.095405895206255 2.811648046673356 3.5055100059559514 4.204036901026822 
1.9526127360713614 0.920286562163659 2.0951492831901186 2.811751068051507 3.5055645080625526 4.203705310450483 
0.1205971323555607 2.9988963676883027 2.0952313224825594 2.811739862386485 3.5054388376085686 4.203791761200622 
1.7503631314287535 1.0123537590039837 2.107430037306665 2.809094520272594 3.494883922505276 4.210751204005998 
0.15770270186752625 1.3594883073885153 2.096408243618666 2.807341622643736 3.5091060722580627 4.210822899114673 
0.1550187541460662 2.5298469723368564 2.095420834009713 2.811756160188254 3.4948872418250376 4.211615268267765 
0.2975065417063011 0.7611236347234351 2.095612925172673 2.8120773982491856 3.50381341465025 4.210164376606865 
1.848678536558582 0.9629371360487475 2.0952292599217333 2.8117375695397815 3.5054388376085686 4.203577036140236 
1.8669033233678185 2.4623201559149934 2.107842191417021 2.811556844234613 3.4949736456552043 4.205906079708703 
1.789888344676821 2.605823733553058 2.0954172001716795 2.811527617404686 3.504046916061041 4.203576615246646 
0.11127106528203326 2.814016360418024 2.095394963334287 2.81170357504508 3.4948493459346257 4.210558916490794 
0.1618131829997217 0.9379646575931535 2.095704225692227 2.8120953532504647 3.495274526689919 4.210464783258128 
1.7703583136384577 1.099835572421311 2.107430037306665 2.809094520272594 3.503241637410542 4.210751204005998 
0.18350652232774423 1.1204299611192887 2.0953906516891947 2.811519476445941 3.505692609305731 4.21066443546098 
1.8555874334225142 2.499632943523337 2.09542117116317 2.81160048581508 3.4949736456552043 4.21091403680414 
0.02828437562658044 0.9819478445062556 2.0953385877137523 2.8116305401386326 3.503911116655907 4.203576615246646 
1.917958753043678 0.764966542938918 2.0953251884897943 2.811497849248762 3.49522888266322 4.210548468748206 
0.27500835243864674 0.8619759971272207 2.107596931737679 2.8126515125664118 3.4948865249356458 4.206177321753918 
1.9403114279859017 2.446644014768519 2.0953630375242094 2.8116475186497274 3.4950707165957717 4.213316391547679 
1.862693685657239 2.446644014768519 2.0954280927366 2.8123300692620066 3.505234069508399 4.210592769471497 
0.18871806885535047 0.8415145545684563 2.1160243409391315 2.811580152820577 3.503761385647408 4.210584759580044 
1.7399166222928446 2.7728684297036184 2.0953251735772347 2.8116299872435113 3.504046916061041 4.203576615246646 
0.264287838917039 2.458999065937906 2.095219409110322 2.812097523481785 3.4941777520890467 4.213199083129549 
0.20758316616075345 2.754336390435755 2.0963310956952004 2.8075018055695082 3.5091060722580627 4.211126556114941 
0.1665165068457825 7.605938818458372E-5 2.1007162299925652 2.80728043549183 3.5046920459917468 4.205927265167961 
1.758823177600548 1.0144359753862036 2.101728069462707 2.811105185030823 3.5034148084616343 4.20588625759326 
1.7784424646199544 1.1513185023680599 2.095749018008066 2.811633973459205 3.494554870182862 4.203428653885014 
1.889391372546036 0.764966542938918 2.095339537879077 2.811497849248762 3.49522888266322 4.211135733223997 
0.018611537483805174 0.019180194054769784 2.1008074868113407 2.807230515428508 3.495670810739531 4.2035927374309185 
1.7570549736700785 1.0088119888178426 2.095259476564156 2.8091067923171957 3.4947991185546043 4.210757371618431 
1.818306443940419 2.5298469723368564 2.0956062500463113 2.8115154578952097 3.506705867319377 4.205280982972654 
0.075405196475827 2.7404265604020726 2.0954388809618343 2.8116262176424045 3.5038766278162194 4.211125924860795 
0.1076808100674296 1.3594883073885153 2.1012406829933625 2.807341622643736 3.4878178836963194 4.211360735448075 
1.7513013107953315 2.842829799522499 2.0951559071604815 2.811739862386485 3.5055848355578516 4.2031823975325135 
1.7828551819046312 0.9975097425494234 2.095381349098878 2.8090187842368333 3.495749205469025 4.20408921825274 
1.7861496681612552 1.0123537590039837 2.107430037306665 2.809094520272594 3.5051776637440586 4.2107490077687935 
0.18935117541946545 1.0603229686003877 2.1160243409391315 2.811580152820577 3.5037611417637704 4.2108037063492265 
0.11471850785644866 0.0017448760310065925 2.101302248241743 2.80728043549183 3.5046789844947575 4.205927265167961 
0.18350652232774423 2.5884908216603764 2.0953866219701025 2.8115742766465868 3.4952667432243816 4.210594952876447 
1.8328110277084262 1.0879682041738779 2.095726758498612 2.8091283036135675 3.505603780134046 4.210664586256043 
0.05898278033028238 2.7334460368681475 2.095457725071513 2.809068857878638 3.4949868355899207 4.210547398349363 
0.1329137066358311 2.7955714696429292 2.09532226207292 2.8073941177144532 3.5057698931516486 4.2055455037024645 
0.015090214478625574 1.1185912357386611 2.0954201825160013 2.794175172655362 3.4952694248605662 4.2109654258375775 
1.724673783300294 2.707633485301289 2.0956041115324697 2.8116299872435113 3.504046916061041 4.210329721459428 
1.7570549736700785 1.2221874339836651 2.095259974936723 2.8091152637229664 3.4943729448506278 4.210757371618431 
1.7807948664548205 1.0118863577801012 2.1075376911564976 2.8091453901792764 3.5050228833822437 4.210670341413156 
1.9908599993617435 0.7031374944112242 2.1157519582324267 2.811497849248762 3.503780478609134 4.21082222202669 
0.06995141703448049 2.7235897818856256 2.0954626081725896 2.8091472063522436 3.505126211544063 4.205838409009719 
0.18508575299934604 2.6409901624162075 2.0954069068004557 2.811635397218513 3.4948493459346257 4.211934677218305 
1.7513013107953315 2.793618297247617 2.0951559071604815 2.811637208488603 3.5056296015595487 4.204082512347439 
1.9908599993617435 0.7031374944112242 2.1157519582324267 2.811497849248762 3.503780478609134 4.21082222202669 
0.0015654071020909655 2.896193270495317 2.1012476549521013 2.8070900085032666 3.5056023838535473 4.205927265167961 
0.1618131829997217 0.9942965322995749 2.095704225692227 2.812080610981369 3.49527786445264 4.210442672027569 
1.8624522864368998 2.539957009769352 2.0948671345003267 2.8116879498341856 3.4948176351955755 4.203718551176562 
1.8562173608090113 1.006690872769695 2.0953251735772347 2.8116044744890463 3.504045866690258 4.203576615246646 
0.16317712255261388 0.8538215023675501 2.095337344532129 2.812952083397944 3.4947932401019925 4.205953256618498 
0.19408654883826126 2.5356568019939227 2.095219831898381 2.8073990367319066 3.5054194800226344 4.2055455037024645 
0.35294956536087196 2.5110578702918795 2.095197121520995 2.812874740142928 3.4945267752715736 4.211145142812436 
0.16678976606201146 2.6752166311737207 2.095420618010507 2.811756160188254 3.4948872418250376 4.211311034003226 
1.911870262149649 2.3960625981540247 2.095394963334287 2.8117442693435715 3.4948493459346257 4.212421182251913 
1.8101559851588858 2.6675703267624478 2.107902471219666 2.809152259247789 3.5037188525676464 4.205682264714221 
0.028451435151559346 1.0123537590039837 2.096749775817358 2.8091469047928066 3.50512804507135 4.205997701446277 
0.04103183341677452 1.1131821604189056 2.095597571196499 2.8115804314475126 3.4952095458178563 4.2105334168335995 
0.14472904648739615 0.8371905172974194 2.107038057747551 2.809291284408498 3.5037851906280286 4.203503066843112 
1.8127578864352918 1.0000051282016984 2.0954311895981794 2.8116455306229775 3.4949006324024143 4.213291460839199 
0.13541406225597097 1.0276583688429632 2.095735478658199 2.8115134565260127 3.505611842267227 4.203593431863332 
0.06995141703448049 2.7334460368681475 2.0954626081725896 2.809068857878638 3.505126211544063 4.205838409009719 
1.9035812681862796 2.500724735886998 2.1083249678694593 2.811522609876914 3.504998977994971 4.2109239680946144 
0.1426538344978544 2.6869494823496165 2.0951644886402168 2.8121003952618002 3.4943729079201282 4.1877168903304245 
0.10474023159204021 2.899146119710216 2.095399074455604 2.8070900085032666 3.5056023838535473 4.205927265167961 
1.9931197368154385 0.6260985112796918 2.0948265614847963 2.811580152820577 3.5035421514290457 4.2108037063492265 
0.10207996265165711 2.729870833717344 2.0951556374511138 2.8117381765150995 3.4943729079201282 4.211169243671621 
1.9526127360713614 0.9056674439972959 2.0951492831901186 2.811751068051507 3.5055645080625526 4.203705310450483 
0.2732621539299957 2.5884908216603764 2.0953866219701025 2.8115742766465868 3.4952667432243816 4.210594952876447 
0.14113939929648633 2.6869494823496165 2.0951644886402168 2.812321398449516 3.4943729079201282 4.210998306546042 
1.7888729846064688 2.7826288499834027 2.0951492831901186 2.8116254072690507 3.5055645080625526 4.203576354929286 
1.9188522285081409 2.3998359567848304 2.095394963334287 2.811635469041769 3.4948493459346257 4.212451671365118 
1.9941215478190486 0.6260985112796918 2.0948265614847963 2.811580152820577 3.5035421514290457 4.2108037063492265 
0.10474023159204021 2.896193270495317 2.1012476549521013 2.8070900085032666 3.5056023838535473 4.205927265167961 
1.8328110277084262 1.1129802519066416 2.095726758498612 2.8091283036135675 3.505603780134046 4.210664586256043 
0.2732621539299957 2.5884908216603764 2.0953866219701025 2.8115742766465868 3.4952667432243816 4.210594952876447 
1.8219994298603062 0.9367729800131851 2.0954242274652235 2.8115742766465868 3.4947580621793977 4.210594952876447 
0.1076808100674296 1.3204722154971558 2.10102373209087 2.807341622643736 3.48824518977172 4.211156618144729 
1.7503631314287535 1.0126008283357744 2.107229062996868 2.8116920941877104 3.494883922505276 4.210751204005998 
0.11127106528203326 2.7204960726102865 2.095394963334287 2.81170357504508 3.4948493459346257 4.210558916490794 
1.9035812681862796 2.500724735886998 2.1083249678694593 2.811522609876914 3.504998977994971 4.2109239680946144 
1.8461984749413118 0.8619759971272207 2.107596931737679 2.812619867929085 3.4951050621969326 4.206177321753918 
1.8018261859730793 2.6373777907509885 2.095395356969153 2.8116257584477737 3.5050700482124206 4.204075251376583 
0.1700146478003241 0.7644064671022558 2.094781875758958 2.811574268833804 3.494811133593819 4.210594952876447 
0.15698108199136884 2.754336390435755 2.0963310956952004 2.8075018055695082 3.5091060722580627 4.211126556114941 
1.8643979943412987 2.539957009769352 2.0948587487611103 2.8116879498341856 3.4947730077569292 4.203718551176562 
0.009111417587367915 1.072070123119248 2.1160252758576585 2.805355794159168 3.4942322495420717 4.2108037063492265 
1.8173755809634202 2.641002688914429 2.0957314341932562 2.8117657275073817 3.5055848355578516 4.204050800414047 
0.09405129835761816 2.724847800776013 2.095232809601729 2.811653468174293 3.505190599736071 4.205838732621166 
1.8124566878781871 1.0000051282016984 2.0954311895981794 2.8116455306229775 3.4949006324024143 4.213291460839199 
1.7444812076753577 1.0626537023935856 2.095726758498612 2.8091283036135675 3.505603780134046 4.210664586256043 
0.18935117541946545 1.048681292306874 2.1160243409391315 2.811580152820577 3.5037611417637704 4.203759037409158 
