1.590039886767697 3.2400793410437894 2.1075782809639905 2.7944641933480088 3.52554214787091 4.230640992169855 
0.009319375523371292 0.001367127273517399 2.107836330234526 2.8107951060932144 3.521231821882073 4.221491754415901 
1.590039886767697 3.2400793410437894 2.1075782809639905 2.7944641933480088 3.52554214787091 4.230640992169855 
1.5661097084052358 3.0206337714475264 2.1075738131237722 2.7944703351472686 3.5244418735550127 4.230785550373606 
1.5460947006534809 1.7371583882134582 2.1070650403748203 2.809191706022268 3.524957800127676 4.2301486579895275 
1.549303800002981 1.4141132598349118 2.1087897135111646 2.7941877481568826 3.4859807559872866 4.231095410018613 
1.4807843804948053 0.28003873635472487 2.107107516352648 2.8084977704869307 3.526043284445537 4.2307644879385435 
1.4192252249939439 0.0011615083695581396 2.1071152865280953 2.8084992754298055 3.521231941182391 4.221488631077059 
0.11962803204066486 1.4371175892625625 2.107847524118636 2.794473589665901 3.5242514209091977 4.2299433045411226 
1.417870444498467 1.7335284066237853 2.1089211539694452 2.8106044000880908 3.524139027015903 4.22994308490333 
1.5977782962623932 2.9939882671562232 2.107675712478146 2.794469152612742 3.5243008013819295 4.230070578076518 
0.039620536577358756 1.1482321958633972 2.1071199394986753 2.795135681563965 3.524983438299631 4.231565613927573 
1.5445356481666468 1.5196218678709976 2.107566718061993 2.7944782916577084 3.525193056618844 4.230463728931318 
1.4242051083293636 0.29681253126128015 2.107879456309956 2.7945745596661755 3.5241240656845028 4.229945347887727 
1.5851731849351307 1.4141132598349118 2.1087897135111646 2.7944725607614544 3.4859807559872866 4.231227193135851 
0.012727935147266223 1.0134434629112818 2.1075566779103956 2.7944952317417173 3.5243177220424085 4.230313869801559 
1.335813462748668 0.2670399182874015 2.1078176363229133 2.7945406736865523 3.52551993551507 4.23069807924885 
1.415213716543644 0.28003873635472487 2.107107516352648 2.8084977704869307 3.4918618637266094 4.2307644879385435 
1.5615594265480774 1.4199938765164872 2.1078785147603094 2.7940191824159037 3.5232055943203435 4.230551090512468 
1.5554984576303357 3.099426505067727 2.1078773002329725 2.7944604325643687 3.5241133852888575 4.23108613480076 
1.4948217556326835 3.1958107306061527 2.1078697429600117 2.7942547275017846 3.5241240656845028 4.229945347887727 
0.03519735231614529 0.06611142883425059 2.107675712478146 2.794469152612742 3.524011319776306 4.23004469954382 
0.03841780004721107 1.1095377832449123 2.1078687490074604 2.794186460735438 3.524553012526618 4.23044193592556 
1.3573262144883251 1.9241951295600372 2.1089211539694452 2.7944736948368663 3.524139027015903 4.229938516074891 
1.4277601362363759 0.107923009292401 2.1071371744835945 2.7947000484417 3.5212870810456436 4.230052251290621 
1.4266446575440153 0.144269471759644 2.1087579195427595 2.7941898374579086 3.485618441085919 4.2306395254375255 
1.6057150083280987 3.0427621344022784 2.1075800403865306 2.794470578420602 3.5241240656845028 4.229887349669919 
1.43586756713591 0.14471707170853354 2.107835105962897 2.8108133611419945 3.5241888169187514 4.219527034351782 
1.5628011640942112 0.0574582434452916 2.1087693080464125 2.7494241538599438 3.524597532758586 4.229925090872501 
1.641557455972381 3.0646710229211767 2.107902037775533 2.7944704582902404 3.524293073604346 4.229952700572158 
0.006325976884759998 1.3978906490615972 2.107874428940464 2.795137593388093 3.524175271948484 4.230463690484032 
1.5460947006534809 1.7003084945796207 2.1071071008121876 2.8086021824106178 3.524957800127676 4.2301486579895275 
1.436228789891213 0.054008774027939355 2.1078707193283446 2.8108133611419945 3.519015116803804 4.219527034351782 
0.013619180232903302 2.957008537541178 2.1075566779103956 2.795137593388093 3.5243150957728915 4.230477857898437 
1.5557434793596205 3.1878842259579816 2.1078697429600117 2.7944737705039415 3.5241240656845028 4.229945347887727 
0.005200559830750207 3.0193166711538435 2.1075437394354406 2.795172226468026 3.524314716565694 4.230465359869788 
1.590111856413632 3.0439019144842057 2.1078773002329725 2.794460711861086 3.5241133852888575 4.229945347887727 
0.105154662816767 1.1337205750149366 2.107858784707422 2.7942485258731438 3.5242413176148077 4.23045872324535 
0.005064257902146961 0.32295903115649566 2.1078232429731343 2.7944301723143075 3.525784764175894 4.23093074258075 
1.4817105717822123 0.09618432608662575 2.1071465204868867 2.8084397970257227 3.5190384279738347 4.219179086970073 
1.417870444498467 1.9241951295600372 2.1089211539694452 2.7944736948368663 3.524139027015903 4.229938516074891 
1.5318550751285316 3.2400793410437894 2.160415694323689 2.7944641933480088 3.524201448011181 4.2310910902012004 
1.4192252249939439 0.04879436501103779 2.1071152865280953 2.8125345143915483 3.521231941182391 4.231007510398155 
1.4614100785612696 3.2400793410437894 2.1078773700548767 2.79433114718647 3.525513465598338 4.230640992169855 
1.500529191189338 0.04680864853435503 2.107116692099944 2.8094811982588848 3.525034467063619 4.230052251290621 
1.427912596932575 0.05690111572014929 2.1071371744835945 2.8084992754298055 3.5212864239414 4.230052251290621 
1.6431180230780449 1.4374814844404833 2.1070868873586353 2.7948827162247984 3.5241240656845028 4.230056411928266 
1.5554984576303357 3.099426505067727 2.1078773002329725 2.7944604325643687 3.5241133852888575 4.23108613480076 
0.01290798169184415 1.1377383074360696 2.107853593583832 2.7944661405590754 3.5245545288901172 4.2304790553241665 
1.5615594265480774 3.0478433429041165 2.1078775649465524 2.7940191824159037 3.5243218882708125 4.230530713245274 
0.009981227394234238 1.4151841093543804 2.107874428940464 2.795137593388093 3.524155948720943 4.230463690484032 
1.5615594265480774 1.4199938765164872 2.1078785147603094 2.7940191824159037 3.5232055943203435 4.230551090512468 
1.4149937575362495 1.6996037999127729 2.107890784907826 2.7944750337424415 3.52489901529326 4.229917852118132 
1.417870444498467 1.8318061902195768 2.1089219890087425 2.7944737236821453 3.524139027015903 4.229938516074891 
1.3985525828270453 0.06611142883425059 2.10709818505747 2.7946382480273377 3.489202489649417 4.23004469954382 
0.034743123179386555 1.1990910879401535 2.107847524118636 2.794473589665901 3.5242514209091977 4.230452170461504 
1.5964346369878004 3.0427621344022784 2.1075800403865306 2.794470578420602 3.5241240656845028 4.229887349669919 
1.546752087573901 3.1719597175479537 2.1070978030027034 2.8083969813246963 3.4918618637266094 4.2307644879385435 
1.5378299185501267 3.2076623121014007 2.1075629268351226 2.8110888368905793 3.521247557872682 4.230645975398496 
0.06620135165175742 1.4454484073141045 2.1075689439655534 2.7944797587469323 3.5244419424894082 4.229950034223933 
1.6057150083280987 1.4374814844404833 2.1078208124270565 2.794478580383374 3.5241240656845028 4.229945347887727 
1.6264029869140615 3.0697156840058106 2.1070978030027034 2.8083969813246963 3.4918618637266094 4.2307644879385435 
1.450483220100601 3.369377727202369 2.1048244246353502 2.794330702601795 3.5254706017675277 4.231756133042856 
0.01290798169184415 1.1095377832449123 2.1078687490074604 2.7944661405590754 3.524553012526618 4.2304790553241665 
0.03403487304586683 1.3913501804438793 2.107030238799682 2.793998483507019 3.524324057876136 4.23040025144835 
0.09630862540838248 1.1337205750149366 2.107858784707422 2.7942485258731438 3.5242413176148077 4.23045872324535 
0.003017451055097209 1.0662286804644698 2.1078691751460554 2.7944661405590754 3.524553012526618 4.2304790553241665 
0.03697980777233345 1.2074219059916953 2.1075689439655534 2.7944797587469323 3.5244419424894082 4.230458900144315 
1.4891916453149328 0.107923009292401 2.1071371744835945 2.7947097371553022 3.5212870810456436 4.230052251290621 
1.5439391627920283 1.598016214150797 2.107566718061993 2.7944652054684904 3.525193056618844 4.230463728931318 
0.01290798169184415 1.0664240465353958 2.107854019722427 2.7944661405590754 3.5245545288901172 4.2304790553241665 
1.6498711726784687 3.092006668281838 2.1078772736949216 2.809487169942777 3.524997513181031 4.2306432661650994 
1.6156653338293323 1.4382591660516448 2.1078208124270565 2.8086887777391962 3.518909489120674 4.229945347887727 
0.10947350848386997 1.1573040817024283 2.107556048159617 2.7946517587141684 3.524311752515152 4.230399148492548 
1.382087551839631 1.9244949702951542 2.1089806347609286 2.7944736950975884 3.524139027015903 4.229938516074891 
0.013619180232903302 1.5050375149929947 2.1075741958170906 2.795137593388093 3.523197806120391 4.230483721870173 
0.05514071746096808 1.0090376425200271 2.107556048159617 2.7946517587141684 3.524311752515152 4.230399148492548 
1.4186876605494525 1.7844204977582125 2.1089814698002263 2.794473723942868 3.524139027015903 4.229938516074891 
0.07984637150918455 1.446253142991526 2.107816789949868 2.8108856574999836 3.524316702128013 4.221615428002963 
1.635354903571868 3.057538265525352 2.107099489916147 2.8084992754298055 3.5243545082883885 4.221488631077059 
1.5225864613387594 1.6926174630012398 2.107877535237783 2.794381338555665 3.5249739720786852 4.230736606888253 
1.6563579701174211 1.392997003422924 2.1070456562902335 2.7939907336055967 3.524551539427111 4.229961539196699 
0.013619180232903302 3.052772156115784 2.107613761451981 2.795137593388093 3.5243079685118253 4.230477857898437 
1.4156953506551664 0.04879436501103779 2.1077945815834895 2.7934911730622676 3.525126838700725 4.231017851292328 
1.5615594265480774 1.492275785809929 2.1078785147603094 2.8078087206904074 3.5232055943203435 4.230551090512468 
1.5491402983395197 3.182882648250432 2.107879318087041 2.7943339691110674 3.524610014271961 4.231095410018613 
1.3477482161732792 0.2076477510961542 2.107107516352648 2.8084977704869307 3.5260111245791816 4.2307644879385435 
0.23338795174248406 1.0127834219311074 2.107917059785412 2.7944686450171954 3.5219243171925245 4.221727177450295 
1.417870444498467 1.7437776543062722 2.1089211539694452 2.7936369908157825 3.524139027015903 4.22994308490333 
0.0012262887466445759 0.32295903115649566 2.1078232429731343 2.7944301723143075 3.5257345125543966 4.23093074258075 
1.6571006893081144 1.392997003422924 2.1070456562902335 2.7939907336055967 3.524551539427111 4.229961539196699 
1.5143448231961991 3.1371228341305804 2.1078697429600117 2.7944737705039415 3.5240765641146496 4.229945347887727 
1.5903201753899825 3.0455805566571965 2.107879018319528 2.7943342484077847 3.524613697467039 4.263729987993234 
1.3215166680385335 0.2076477510961542 2.1079193865503782 2.8084977704869307 3.524977690085138 4.2307644879385435 
1.6180142844801815 1.5110362229297278 2.095455122160411 2.793627228785812 3.502827692292526 4.220961278796103 
1.585580701592962 3.070208164930853 2.107902037775533 2.810260375555893 3.518951265048052 4.230998369889703 
1.566803452075428 1.4399333517434023 2.107869627697523 2.794458040561383 3.524157745083264 4.23110588921976 
1.6567121200683135 3.0624647487632193 2.107877200053852 2.8099315132863256 3.5249739720786852 4.230641111896964 
1.6498711726784687 3.0624647487632193 2.107877200053852 2.8098259875101417 3.5249739720786852 4.2306432661650994 
0.07984637150918455 1.2196903126455263 2.1071256922034367 2.8108856574999836 3.524316702128013 4.22176625759031 
