0.0010684360050864927 0.008587209850702271 2.1046735921346027 2.7966717285721305 3.5051890203703544 4.19609628799864 
1.4949384845465674 3.4273651274495007 2.1047578042329507 2.7965877734305997 3.504257479605432 4.196997561811626 
1.4949384845465674 3.4273651274495007 2.1047578042329507 2.7965877734305997 3.504257479605432 4.196997561811626 
0.0010684360050864927 0.008587209850702271 2.1046735921346027 2.7966717285721305 3.5051890203703544 4.19609628799864 
1.5147391101262138 3.125295316181849 2.107544836392608 2.810083880380843 3.5041485032888366 4.197671291274815 
1.6220088904989858 1.5815112827702464 2.1048234338043295 2.7966918659696725 3.5042565522730365 4.197657123497311 
1.5875473009051047 0.06618756646090174 2.1075855375286605 2.810149152146025 3.505183985860176 4.197620484470049 
1.4566101662877782 1.6009063906757695 2.1074107554409216 2.810018317281479 3.504699840358609 4.197595221287568 
1.3955603458247434 0.048767471001802565 2.104601079805361 2.7961237823663665 3.504633119416126 4.197650090771426 
0.0380688989107244 1.6009063906757695 2.107311405313456 2.8100315387534733 3.5045673007864053 4.1976566313218155 
1.512097795488496 1.1573265367853525E-5 2.1042157070536316 2.7966717285721305 3.50516739111817 4.1968536204106615 
1.512097795488496 3.208417320842453 2.1042157070536316 2.7966904795884266 3.50516739111817 4.1968536204106615 
1.5020526154779175 0.048767471001802565 2.1057678380712437 2.810005983873582 3.504699951894648 4.197593088419349 
0.18420219659610182 1.1305934651230247 2.107309253643411 2.811407249052658 3.504139692952168 4.197601891826381 
0.5142573428458554 0.0117775618584538 2.1066246594921103 2.809916955281456 3.5051937551367374 4.196953063651227 
1.5526102797926802 0.07332211712574732 2.107637063448045 2.796169509148406 3.50429639686175 4.19768430293027 
1.5570208186520262 3.1671708051800995 2.107535506304108 2.8100713987440775 3.5041041501839167 4.196155974749394 
0.008382588776241762 1.115319324536197 2.104183330273159 2.7967273014915355 3.5041357728077007 4.19769481725528 
0.003491331051017843 1.06315044659735 2.1071858861305164 2.797163483303391 3.50597679244164 4.197522646640746 
0.016011627067603784 1.1702557016468733 2.1067911652843745 2.796245597393843 3.5052793886825264 4.197599864261492 
1.4081531046905162 0.04361348337644522 2.1047345315611463 2.796144821228927 3.5051915471302153 4.1976359496698 
0.08485891023229819 1.0778564465411544 2.106627635843533 2.809926177713571 3.505110643542072 4.196907094789107 
0.14412367788931268 1.132226946064288 2.104183330273159 2.7954220372868614 3.5041357728077007 4.197655259347707 
0.16342674636403723 0.008813775170066068 2.1048562650834617 2.7966717285721305 3.5051317172435095 4.1968663635069845 
1.5282867548474075 0.017893939570370665 2.107101449928534 2.7967058488877323 3.5044173949344017 4.197605652849204 
1.5556622603969275 1.6011899960569018 2.107192063436611 2.8101200098845878 3.5047024809991987 4.196223547653102 
1.5208317777896616 1.6067981700770457 2.1071917943232354 2.796531451728524 3.504700409571638 4.196354621324121 
1.4948885544573718 1.7052392297213521 2.1074911555186504 2.810074626599148 3.5059271195095554 4.196211199362739 
1.4514236442575692 1.7088569137659206 2.1042103552290397 2.7966178163731734 3.504259749557096 4.196978666161046 
1.481875297332822 0.03825160929520631 2.104625951160303 2.8095013562752356 3.504661265206344 4.197502476444873 
1.4625848976959008 0.04385151008392674 2.107021495228702 2.809980852355974 3.5069953242552683 4.197511126684331 
1.4942701262163862 3.270123105438097 2.107177869081343 2.810082201138038 3.50597679244164 4.196152683888667 
1.5003656796632359 3.270123105438097 2.1071858861305164 2.8099462339992125 3.50597679244164 4.197515611116714 
0.01011766135202985 1.5367210557023498 2.107544992654578 2.8099785751457724 3.5046684117223705 4.196143440838791 
1.4636077489027914 1.6653403669941151 2.104183330273159 2.796166717722365 3.5042597695506785 4.197643373658795 
1.581616560498222 3.149656745077415 2.104151406686581 2.7969652366656526 3.5065869839627926 4.197678083800283 
1.4475241019876024 3.3022118837762955 2.1071605842015835 2.81007470466595 3.505976981251766 4.196050656329142 
1.3699010973197843 0.14250012825767855 2.107586041916525 2.8100730554377145 3.5046654429164463 4.196050202173564 
1.5041704543731345 1.527447476277723 2.104803076585062 2.796027101415216 3.5048581349912458 4.219734719416586 
1.5004269869189095 1.5519562679379046 2.107307032547987 2.8105350963229103 3.5041399427590805 4.196947554791848 
0.2209473799845525 0.9182069055911857 2.1068337848332823 2.7976167374538194 3.5046600488502846 4.196871172577744 
1.5517715870634845 0.03157889452323248 2.1071858861305164 2.7963444516379186 3.50597679244164 4.197683077157282 
1.4440891057757061 1.714915194651201 2.1042103552290397 2.795983107814035 3.504275576666797 4.1969470520406675 
1.4514236442575692 1.6416273591594952 2.104628896363 2.795841387057903 3.504259749557096 4.19610055971024 
1.5860942646611387 3.072143042529919 2.105196915028098 2.7961775920938754 3.50415521291327 4.1968890654798425 
1.3647528166623792 0.14250012825767855 2.107549630707453 2.8099713843645193 3.5046654429164463 4.197679866938004 
1.4234937752651071 0.0660426240354274 2.106923376093676 2.7952159935398497 3.505959922259141 4.1962334305558695 
1.4514236442575692 1.7251068892611472 2.104745688769134 2.7958084127456058 3.5051726141735413 4.196116718406666 
0.08086376531841166 1.1571241274904094 2.1066264623952 2.8099261208075754 3.5050881677076 4.196941037339912 
1.490377772416725 1.6751816082253135 2.1042499565026382 2.7960257907767723 3.5042144149119325 4.197588901430165 
1.5517715870634845 3.270123105438097 2.1071858861305164 2.796363202654215 3.50597679244164 4.197683077157282 
0.022759542705253388 1.1320159772018512 2.1047177772362313 2.7966967940469436 3.5045658598407794 4.196114265176599 
1.6145730252039021 2.988417796437002 2.1049849985809863 2.8098859334720494 3.504349985985089 4.197479833022713 
0.020742507990446857 0.16605273158611933 2.1047385894001183 2.8101114118636543 3.5051890410448006 4.196151792363088 
1.4902301484023732 1.6011899960569018 2.1013275292954345 2.8101200098845878 3.5051874357744914 4.196223547653102 
1.450097689025726 3.270123105438097 2.1071858861305164 2.795806006295069 3.50597679244164 4.197683077157282 
1.4861185417934375 3.328941400723084 2.1072086807072528 2.809878490844451 3.5046287096169406 4.197635786498882 
1.4514236442575692 1.7251068892611472 2.104745688769134 2.7958084127456058 3.5051726141735413 4.196116718406666 
1.5162540241393672 0.06618756646090174 2.107591800556912 2.8098514808882813 3.505877127123115 4.197653908966827 
0.02247207920174643 1.1112523117052482 2.10714525728611 2.8097468962439778 3.5045658598407794 4.197657351640494 
0.18420219659610182 1.0856425100612865 2.107309253643411 2.811407249052658 3.506228918043274 4.197601891826381 
1.4582264314399718 0.01391998960897567 2.1072086807072528 2.7966581919073676 3.5052089716091763 4.197622238458843 
1.4475241019876024 3.452280783152286 2.1071605842015835 2.8100743468702585 3.505976981251766 4.196050656329142 
1.487413167792058 3.2743002511372845 2.1076004606755374 2.7962084101517695 3.5051563983266845 4.197620373991156 
1.5862109764526586 1.6067981700770457 2.1073089215962795 2.8101105362019907 3.504700365552896 4.197605379991823 
1.5847395420988413 2.997111494655812 2.1067618757051076 2.8099472159117793 3.5065869839627926 4.19768810605889 
1.566465094341777 1.6139707774036078 2.1066253378040383 2.8099265922657004 3.5051130635770096 4.197657446627588 
1.4681538032714372 3.4579156311242456 2.1072093164392887 2.809878490844451 3.498249963396968 4.197640424567212 
0.08485891023229819 1.0983814609366025 2.106627635843533 2.8099261208075754 3.505110643542072 4.196907094789107 
1.4514236442575692 1.7677673717905793 2.1073783690258963 2.7958084127456058 3.505914116047297 4.1961198276818985 
1.4949384845465674 1.5793884722345404 2.105117978876726 2.7962817090253633 3.504257479605432 4.196996876700475 
0.020727424789497375 1.338545532623693 2.104571491870882 2.811362168445841 3.506073380787234 4.196188803569481 
1.4861185417934375 3.2136464120545627 2.1071472808507576 2.7962084101517695 3.504634939582386 4.197642266669167 
1.4947159934373055 3.327933014588384E-4 2.104212577226449 2.7966717285721305 3.50518981183192 4.196127582419588 
1.474829562869913 0.008587209850702271 2.1046735921346027 2.7965405336281695 3.5051890203703544 4.196067108387904 
1.5558283901603558 3.0903951488316985 2.1047862487363442 2.8109637666358513 3.5047984764230176 4.196246395726486 
1.4485879648525253 0.02365551952322853 2.1070050118320784 2.810065580993972 3.5060688480190128 4.196212151712028 
1.4486025781560687 1.6282704914628696 2.1042103552290397 2.795841387057903 3.504259749557096 4.197551172329312 
1.5239087458605456 0.07794366378237705 2.105047603546804 2.811194187185696 3.504349985985089 4.197482444811841 
0.20619209202885647 0.9182069055911857 2.1068337848332823 2.7976167374538194 3.5046600488502846 4.196871172577744 
1.4211200260150463 1.7342215442609785 2.1072004530863078 2.7958253532291115 3.505928024921237 4.196223794669153 
0.10648684061248181 1.0706838392145923 2.1073112196357737 2.8101101216498616 3.504697945517958 4.196907094789107 
0.020742507990446857 0.04361348337644522 2.1047385894001183 2.7966798476580843 3.5051890410448006 4.196150808883951 
1.4136216495929772 0.12316593051822788 2.104601079805361 2.8113290760406153 3.5046668846869515 4.197631127590558 
1.4081531046905162 0.08205165850331231 2.1047345315611463 2.796144821228927 3.5051915471302153 4.1957087481616755 
1.5159568318182257 0.07332211712574732 2.107637063448045 2.796166717722365 3.50429639686175 4.197654176897061 
1.4949384845465674 3.33906625384809 2.1048029066597365 2.7965877734305997 3.504257479605432 4.196997561811626 
0.13535852648318025 1.3459455691721958 2.1075430743724564 2.809519764303313 3.5046733093868974 4.196828439265678 
0.06371232595587872 1.3224216286511106 2.106824259785644 2.796244185737097 3.5067480833538642 4.197660680915258 
1.512097795488496 1.5017246179769392 2.1047626307345677 2.79665553465887 3.505172663468914 4.19613708327064 
1.45077045114734 1.7677673717905793 2.1069311461228817 2.7958195616334676 3.505914116047297 4.196232255317671 
1.6145730252039021 2.988417796437002 2.1049849985809863 2.8098862912677416 3.504349985985089 4.197479833022713 
0.12020363269543921 1.3459455691721958 2.0947413139474165 2.809519764303313 3.5052840296151357 4.196847151743818 
1.5709394841861841 1.5621924480995575 2.1070015100318096 2.8105483411769154 3.5046649780919417 4.196959593680197 
1.4081531046905162 0.08205165850331231 2.1047345315611463 2.796144821228927 3.5051915471302153 4.1957087481616755 
1.6101939938151837 2.988417796437002 2.1049849985809863 2.797084688925872 3.50513375116577 4.197445412409742 
1.5957371870475885 1.5621924480995575 2.107562015922918 2.81052273323536 3.504668463197129 4.196959593680197 
1.4949384845465674 3.33906625384809 2.1048029066597365 2.7965877734305997 3.504257479605432 4.196997561811626 
1.505074948913373 3.1683951560317776 2.104600878691546 2.7961203144136415 3.504517792362688 4.197650143015515 
1.4861185417934375 3.328941400723084 2.1072086807072528 2.809878490844451 3.5046287096169406 4.197635786498882 
