1.3904075622558594 0.796457827091217 
0.0017890401650220156 3.998790740966797 
0.8352752923965454 1.5946367979049683 
1.2924699783325195 1.5930074453353882 
0.7368101477622986 2.3911828994750977 
0.39307308197021484 2.39150071144104 
0.10898153483867645 3.1820478439331055 
0.30477380752563477 3.179877996444702 
1.3084455728530884 1.3613016605377197 
0.35870790481567383 2.5283451080322266 
1.330307126045227 1.120445966720581 
0.06133474409580231 3.6386468410491943 
1.3242099285125732 1.187791109085083 
0.7429013252258301 2.3082332611083984 
0.3256050646305084 2.8878183364868164 
0.06558389961719513 3.5567009449005127 
0.7592147588729858 2.092294931411743 
1.3382633924484253 1.04323410987854 
1.3041807413101196 1.4244146347045898 
0.3297978639602661 2.8280773162841797 
0.33284395933151245 2.794210195541382 
0.005749315954744816 3.8968403339385986 
0.7561618685722351 2.131354808807373 
0.3189479112625122 2.9740750789642334 
0.3067881762981415 3.15189790725708 
0.3223870098590851 2.9308416843414307 
0.3517947196960449 2.587742567062378 
0.3123607635498047 3.071749687194824 
0.08744824677705765 3.2854511737823486 
0.08334991335868835 3.3219175338745117 
0.04310615733265877 3.8968210220336914 
0.763775646686554 2.0377893447875977 
0.7395930886268616 2.351454496383667 
0.3376190960407257 2.737025499343872 
1.3338814973831177 1.0808454751968384 
0.3645300567150116 2.4843101501464844 
0.34421873092651367 2.654740810394287 
1.3436193466186523 0.9925651550292969 
0.00332846213132143 3.9146246910095215 
0.0019366875058040023 3.9764981269836426 
0.07992924004793167 3.3661563396453857 
0.8032750487327576 1.6816420555114746 
1.314214825630188 1.3007678985595703 
0.046614162623882294 3.8529374599456787 
0.3800736963748932 2.4116668701171875 
0.7936158776283264 1.7512892484664917 
0.7693762183189392 1.9745112657546997 
0.34955525398254395 2.6077189445495605 
1.3556883335113525 0.9103298187255859 
0.0922943726181984 3.242231845855713 
0.8115511536598206 1.647695541381836 
1.3778319358825684 0.8123375177383423 
1.3181190490722656 1.2461133003234863 
0.04934319853782654 3.8131885528564453 
1.3492056131362915 0.9495732188224792 
0.7726812362670898 1.9376206398010254 
0.7525560259819031 2.179744243621826 
0.7467165589332581 2.2475290298461914 
1.3207573890686035 1.2216095924377441 
0.37164416909217834 2.454587936401367 
0.34217414259910583 2.6838109493255615 
0.0563712939620018 3.710416555404663 
0.07175986468791962 3.4794113636016846 
1.295457363128662 1.5502768754959106 
0.7792456746101379 1.863928198814392 
1.3149055242538452 1.2896144390106201 
0.31282010674476624 3.0653414726257324 
0.10188603401184082 3.192150354385376 
0.7877585887908936 1.7946432828903198 
0.8207458257675171 1.611769199371338 
0.07635363191366196 3.407766580581665 
0.7768351435661316 1.8912256956100464 
0.7984513640403748 1.7196037769317627 
1.3590606451034546 0.8879916667938232 
0.7837266325950623 1.8319021463394165 
0.7886192798614502 1.7824256420135498 
1.2979671955108643 1.5125459432601929 
0.7751220464706421 1.9128473997116089 
1.347144603729248 0.9708855152130127 
1.2990303039550781 1.5022594928741455 
0.06912599503993988 3.5049026012420654 
0.31611767411231995 3.0188539028167725 
0.31611767411231995 3.0188539028167725 
1.301093339920044 1.4647356271743774 
1.3710355758666992 0.8335197567939758 
0.05111302435398102 3.7819581031799316 
0.04394325986504555 3.887181282043457 
0.0528409406542778 3.7690436840057373 
1.3626677989959717 0.8691329956054688 
0.076949343085289 3.3945798873901367 
0.058717887848615646 3.6771538257598877 
1.2941207885742188 1.5690298080444336 
0.8001482486724854 1.7085881233215332 
0.8160447478294373 1.628542423248291 
0.07389068603515625 3.4459640979766846 
1.3019531965255737 1.456636905670166 
0.36904898285865784 2.4577879905700684 
0.7485048770904541 2.2259812355041504 
0.059187013655900955 3.6672871112823486 
0.7665268182754517 2.008591413497925 
