0.002401168690994382 4.000699520111084 
2.0023679733276367 0.0023815296590328217 
1.3902606964111328 0.7959320545196533 
1.9173698425292969 0.7731717824935913 
0.8340960741043091 1.5942342281341553 
1.2917535305023193 1.5900834798812866 
0.39374420046806335 2.391204833984375 
0.7365679144859314 2.381683588027954 
0.3045644462108612 3.1713461875915527 
0.10982123762369156 3.183022975921631 
0.34022486209869385 2.695701837539673 
1.9384171962738037 0.4829317629337311 
0.04672642797231674 3.874392032623291 
0.35002219676971436 2.5953922271728516 
1.314521312713623 1.2824338674545288 
1.945393681526184 0.38802608847618103 
1.3052465915679932 1.3999301195144653 
1.3006985187530518 1.4868357181549072 
0.7686942219734192 1.989688515663147 
1.3086154460906982 1.3565669059753418 
1.3245251178741455 1.1856043338775635 
0.37546592950820923 2.431892156600952 
1.9594290256500244 0.2385147213935852 
0.7603442072868347 2.0661959648132324 
0.7422052621841431 2.3280656337738037 
1.3647271394729614 0.8545699715614319 
1.2975306510925293 1.5293710231781006 
0.7481032609939575 2.221984624862671 
0.8131635189056396 1.63402259349823 
0.0050905323587358 3.8960485458374023 
0.7559636235237122 2.151561737060547 
1.319140911102295 1.2270549535751343 
0.36569079756736755 2.5164928436279297 
0.3178672790527344 2.97957181930542 
0.3549416661262512 2.5671072006225586 
0.7709816694259644 1.9458789825439453 
1.3860766887664795 0.797611653804779 
0.7840709090232849 1.8331621885299683 
0.05180750787258148 3.7673184871673584 
1.9335747957229614 0.5381460189819336 
0.32664862275123596 2.8826615810394287 
1.9710124731063843 0.1269865185022354 
0.09009202569723129 3.2744927406311035 
0.06432542204856873 3.577162265777588 
0.30980291962623596 3.1211066246032715 
1.3407323360443115 1.0114690065383911 
0.31446582078933716 3.036780595779419 
1.948198676109314 0.3549019694328308 
1.9260014295578003 0.646915853023529 
0.002889244118705392 3.9560883045196533 
0.06911978125572205 3.520282030105591 
0.09374414384365082 3.22786021232605 
1.3292851448059082 1.118018627166748 
0.808866560459137 1.6644045114517212 
0.08419136703014374 3.3078880310058594 
0.8021669983863831 1.7016123533248901 
0.05494067445397377 3.721590757369995 
0.058456555008888245 3.692981004714966 
0.3357885777950287 2.770451545715332 
0.7457131147384644 2.2778916358947754 
1.953092336654663 0.3014572560787201 
1.9668265581130981 0.17274095118045807 
1.9642301797866821 0.1948961466550827 
1.986223816871643 0.040623411536216736 
0.7774137854576111 1.8972727060317993 
0.32995447516441345 2.818256378173828 
0.7774268388748169 1.8799593448638916 
1.921825647354126 0.7066322565078735 
0.07699751853942871 3.4147963523864746 
0.0726098120212555 3.473170757293701 
0.10038305819034576 3.2032413482666016 
0.06137917935848236 3.6443381309509277 
1.3357751369476318 1.0572584867477417 
1.347716212272644 0.9700953960418701 
1.3320692777633667 1.1105362176895142 
1.92127525806427 0.7146776914596558 
1.9274177551269531 0.621835470199585 
0.7873889803886414 1.7903817892074585 
1.9817826747894287 0.08342980593442917 
1.9923547506332397 0.025364026427268982 
0.07408851385116577 3.453329086303711 
0.06725732982158661 3.557027578353882 
0.32314062118530273 2.93318247795105 
1.9175108671188354 0.7709590196609497 
1.9778573513031006 0.09517348557710648 
1.3481367826461792 0.9524280428886414 
1.3533823490142822 0.916681706905365 
0.003095730673521757 3.9068756103515625 
0.04806803539395332 3.822007179260254 
1.952622890472412 0.3063826262950897 
0.07762952893972397 3.383439064025879 
0.048633549362421036 3.8148555755615234 
0.31115052103996277 3.074693202972412 
0.30681949853897095 3.1640775203704834 
0.7480452060699463 2.256563901901245 
0.3686966896057129 2.469980478286743 
0.33554697036743164 2.771209955215454 
1.9287389516830444 0.5804437398910522 
0.08082803338766098 3.3447015285491943 
0.3224319815635681 2.9405736923217773 
