2.000497341156006 5.195961566641927E-4 
5.188201321288943E-4 3.995276689529419 
1.3898060321807861 0.7954278588294983 
1.913991093635559 0.7949724197387695 
0.8335814476013184 1.5937577486038208 
1.2911385297775269 1.5911535024642944 
0.7356495261192322 2.3877270221710205 
0.3915615379810333 2.3905022144317627 
0.30366310477256775 3.177154541015625 
0.10771019011735916 3.181046962738037 
1.3261760473251343 1.144714117050171 
1.9408836364746094 0.41909533739089966 
0.3227902948856354 2.9051411151885986 
0.7415134906768799 2.3138837814331055 
1.9759072065353394 0.09184867143630981 
1.9345412254333496 0.49599772691726685 
1.9671497344970703 0.15240614116191864 
0.31258076429367065 3.0479962825775146 
1.3149417638778687 1.2717046737670898 
0.04201924428343773 3.8937816619873047 
0.3299475908279419 2.812176465988159 
0.7468798160552979 2.233876943588257 
0.004843992181122303 3.895643949508667 
1.3334507942199707 1.0728012323379517 
0.3715374171733856 2.4376158714294434 
1.9609780311584473 0.20337486267089844 
0.8078070878982544 1.6542774438858032 
1.3441944122314453 0.9783166646957397 
1.3586305379867554 0.8820284605026245 
0.06985166668891907 3.4838173389434814 
0.31876078248023987 2.962169885635376 
1.9510895013809204 0.30220165848731995 
0.790992259979248 1.7574303150177002 
1.2965999841690063 1.5153135061264038 
0.81556636095047 1.6233186721801758 
1.3101390600204468 1.3316028118133545 
0.09344321489334106 3.227015256881714 
1.3660006523132324 0.8465043306350708 
1.9278628826141357 0.5866830348968506 
1.931247353553772 0.5413605570793152 
0.7512757778167725 2.175762414932251 
0.3377423584461212 2.7183878421783447 
0.3512500822544098 2.578927516937256 
0.3579200804233551 2.532191753387451 
0.050558026880025864 3.7799770832061768 
0.3093196749687195 3.0967936515808105 
1.3769065141677856 0.8106786608695984 
0.07479280233383179 3.414055109024048 
1.9257490634918213 0.6361901164054871 
0.7868251800537109 1.8067115545272827 
0.05320202559232712 3.740415096282959 
1.3000494241714478 1.464126467704773 
0.3041064441204071 3.172879695892334 
1.920855164527893 0.6894160509109497 
0.34154024720191956 2.676023006439209 
1.2930841445922852 1.5623791217803955 
0.7565146088600159 2.108290672302246 
0.7384797930717468 2.360901355743408 
0.33403077721595764 2.762547254562378 
1.3207043409347534 1.2079769372940063 
0.06030924990773201 3.6299076080322266 
0.0675019919872284 3.5195577144622803 
1.9163953065872192 0.7600712180137634 
0.3647240996360779 2.475431442260742 
0.7815836668014526 1.8362501859664917 
0.7977908849716187 1.7114897966384888 
1.3073962926864624 1.3669122457504272 
0.3476502001285553 2.6127498149871826 
0.07960737496614456 3.3541007041931152 
0.06182756647467613 3.6075427532196045 
1.3048094511032104 1.4008076190948486 
0.045940618962049484 3.8446550369262695 
0.3863907754421234 2.393784999847412 
0.3445166349411011 2.6446034908294678 
1.319706678390503 1.215533971786499 
1.3377689123153687 1.0320134162902832 
1.9453959465026855 0.3626377284526825 
0.04720862954854965 3.827890634536743 
0.05688638240098953 3.681248664855957 
1.3023340702056885 1.433379888534546 
1.9460254907608032 0.3554491102695465 
1.9849519729614258 0.04486202076077461 
0.08673486113548279 3.277763843536377 
0.36122235655784607 2.498613119125366 
0.76035475730896 2.061750650405884 
0.0759773701429367 3.397634267807007 
0.7779831290245056 1.8697996139526367 
1.9876480102539062 0.03408969193696976 
1.955585241317749 0.25386273860931396 
0.05621098354458809 3.6952340602874756 
1.3500727415084839 0.9354825615882874 
0.3199266493320465 2.945101022720337 
0.7755426168441772 1.8934991359710693 
1.3500727415084839 0.9354825615882874 
0.7973374724388123 1.7132456302642822 
0.0010572487954050303 3.9444222450256348 
0.7729498147964478 1.9203773736953735 
0.7665702104568481 1.9882745742797852 
0.33171790838241577 2.790142059326172 
1.9550756216049194 0.25886812806129456 
