1.3891297578811646 0.79539954662323 
5.7925411965698E-4 3.997462034225464 
1.290944218635559 1.5930691957473755 
0.8334275484085083 1.5938985347747803 
0.735686182975769 2.390016794204712 
0.3918345868587494 2.3905088901519775 
0.30361154675483704 3.179287910461426 
0.10844733566045761 3.1811609268188477 
0.08707073330879211 3.2765586376190186 
0.042122744023799896 3.894174337387085 
1.3284013271331787 1.122788667678833 
0.07956019043922424 3.3543670177459717 
0.32133597135543823 2.9260318279266357 
0.3088793158531189 3.101285457611084 
0.004991733469069004 3.8957200050354004 
0.8112719655036926 1.6400777101516724 
0.056056953966617584 3.6982944011688232 
1.3704044818878174 0.8302515149116516 
0.7458412647247314 2.246533155441284 
1.3153223991394043 1.2676769495010376 
0.05285658314824104 3.7475290298461914 
0.7416747212409973 2.305321216583252 
0.3159956932067871 3.0007972717285156 
0.0917709544301033 3.238758087158203 
0.32646822929382324 2.859712839126587 
0.7377356290817261 2.3589420318603516 
0.8332154750823975 1.5939092636108398 
0.37705421447753906 2.415990114212036 
1.3628880977630615 0.8613542914390564 
0.3501768708229065 2.5895018577575684 
0.07440947741270065 3.4209935665130615 
0.30399972200393677 3.1732404232025146 
0.7509016990661621 2.184670925140381 
1.3354079723358154 1.0551600456237793 
0.3187718093395233 2.962418556213379 
0.09800083935260773 3.2028555870056152 
1.3194996118545532 1.2201496362686157 
0.784860372543335 1.808925747871399 
0.07130181789398193 3.463369607925415 
1.356764793395996 0.8937559723854065 
0.06576284021139145 3.5458920001983643 
0.3127046525478363 3.047459363937378 
0.7973959445953369 1.7138241529464722 
0.3295811116695404 2.815406084060669 
0.3420100510120392 2.672013998031616 
1.308672547340393 1.350530743598938 
0.07719345390796661 3.383704900741577 
0.06327630579471588 3.584266185760498 
1.3822706937789917 0.801174521446228 
0.3385176658630371 2.760279417037964 
0.33329471945762634 2.7732741832733154 
1.3057353496551514 1.3901981115341187 
0.0011145732132717967 3.944688558578491 
0.7916086316108704 1.7548999786376953 
0.7898585200309753 1.7665135860443115 
1.3436167240142822 0.9865065217018127 
0.7684118151664734 1.9685256481170654 
0.7818868160247803 1.8342773914337158 
0.06144149601459503 3.613835573196411 
0.050179947167634964 3.7872493267059326 
0.7442824840545654 2.2736477851867676 
0.7602582573890686 2.063995361328125 
1.3401939868927002 1.0127567052841187 
0.7763959765434265 1.8865705728530884 
0.7787561416625977 1.8638721704483032 
1.312275767326355 1.3062119483947754 
0.7534356713294983 2.148176670074463 
0.04891975596547127 3.806868314743042 
1.2931362390518188 1.5611629486083984 
0.3110671043395996 3.072671413421631 
0.7648505568504333 2.009453773498535 
0.35774198174476624 2.526165246963501 
0.757049560546875 2.102571725845337 
1.3469178676605225 0.9587889909744263 
1.3216683864593506 1.1958439350128174 
1.3014124631881714 1.445304036140442 
0.05853939428925514 3.6551554203033447 
0.3616493046283722 2.4960718154907227 
0.391404390335083 2.3905253410339355 
0.0680157020688057 3.5115976333618164 
0.363994836807251 2.4808242321014404 
0.3541572391986847 2.5544939041137695 
0.36855950951576233 2.453444719314575 
0.37126395106315613 2.4404890537261963 
1.3247946500778198 1.1613177061080933 
0.3462449312210083 2.6298460960388184 
0.07120934873819351 3.4994308948516846 
1.2981947660446167 1.4926365613937378 
0.3386760950088501 2.7089240550994873 
1.2987630367279053 1.4846599102020264 
1.2953448295593262 1.5321799516677856 
0.7559704780578613 2.115607261657715 
0.045161325484514236 3.8571550846099854 
1.3109290599822998 1.3218803405761719 
0.7617831230163574 2.045428991317749 
0.32778868079185486 2.8421969413757324 
1.3036911487579346 1.4137216806411743 
1.3372858762741089 1.0379246473312378 
0.8030480146408081 1.6796358823776245 
1.3522061109542847 0.9213770627975464 
