1.3909571170806885 0.796459436416626 
0.0015642717480659485 3.9976587295532227 
1.2923239469528198 1.5928175449371338 
0.8342034220695496 1.59493887424469 
0.7364552021026611 2.391406536102295 
0.39308133721351624 2.391631841659546 
0.3047036826610565 3.1806793212890625 
0.1091749519109726 3.182162284851074 
1.29459547996521 1.5562082529067993 
0.3172670006752014 2.999850034713745 
0.0628877654671669 3.608408212661743 
0.06759567558765411 3.5333855152130127 
1.3073217868804932 1.3815367221832275 
1.3020304441452026 1.4522645473480225 
0.08784198760986328 3.2783432006835938 
0.0431642159819603 3.8954851627349854 
0.32203346490859985 2.930738925933838 
1.360469937324524 0.8787325620651245 
0.771507978439331 1.948050618171692 
0.31004032492637634 3.104537010192871 
0.7602607011795044 2.077143430709839 
0.09398448467254639 3.229951858520508 
0.8015938401222229 1.694799780845642 
0.34077465534210205 2.698547601699829 
0.05983596667647362 3.6569032669067383 
0.002072165487334132 3.958191156387329 
1.3323044776916504 1.1013766527175903 
0.07050590962171555 3.4905037879943848 
0.3566022515296936 2.544184446334839 
1.3429687023162842 1.0004996061325073 
0.07870877534151077 3.3799662590026855 
0.005907951854169369 3.896752119064331 
0.30703336000442505 3.1476497650146484 
1.3503777980804443 0.9420720338821411 
0.3269934058189392 2.866715908050537 
1.3286622762680054 1.1331653594970703 
0.08367428183555603 3.3223533630371094 
0.7671345472335815 1.9966881275177002 
0.34701645374298096 2.6321442127227783 
0.054436877369880676 3.739905834197998 
0.0751284509897232 3.42522931098938 
0.7953157424926758 1.7365292310714722 
1.3023284673690796 1.4506586790084839 
0.37896040081977844 2.414506196975708 
0.7836846709251404 1.8285493850708008 
1.3104265928268433 1.3412245512008667 
0.8073699474334717 1.662479281425476 
0.7394411563873291 2.3532118797302246 
0.3703615963459015 2.45231556892395 
0.0733424574136734 3.4516077041625977 
0.32409414649009705 2.902268886566162 
1.3363367319107056 1.0552303791046143 
0.7752065658569336 1.909145474433899 
0.33012643456459045 2.8284101486206055 
0.09987297654151917 3.200744867324829 
0.3517443537712097 2.586010694503784 
0.7801733613014221 1.8626655340194702 
0.04959937185049057 3.812175750732422 
0.7532244920730591 2.167663097381592 
0.04697432368993759 3.848306179046631 
1.363493800163269 0.8635745644569397 
1.338331699371338 1.0398296117782593 
0.7922891974449158 1.7564164400100708 
0.08117072284221649 3.3496663570404053 
0.741363525390625 2.3225131034851074 
0.76319819688797 2.0440139770507812 
0.7488636374473572 2.2250277996063232 
0.7509375214576721 2.1931965351104736 
1.3815642595291138 0.806545078754425 
1.317647099494934 1.254303216934204 
0.31347861886024475 3.0530214309692383 
0.8125300407409668 1.6391198635101318 
1.3466801643371582 0.9682650566101074 
1.3710086345672607 0.8319097757339478 
1.314400315284729 1.2943291664123535 
0.3626912832260132 2.4980738162994385 
0.755837619304657 2.1329710483551025 
1.3219362497329712 1.205255150794983 
0.0037917206063866615 3.9061741828918457 
0.3346753716468811 2.7693450450897217 
0.3133878707885742 3.0562961101531982 
0.36752644181251526 2.465937376022339 
0.7774173021316528 1.8867545127868652 
0.3473660945892334 2.628178834915161 
0.765130341053009 2.019378900527954 
1.312712550163269 1.3124853372573853 
0.04501951113343239 3.8730967044830322 
0.38392195105552673 2.4006459712982178 
0.3369705379009247 2.7421817779541016 
0.0523734949529171 3.7741942405700684 
0.35362380743026733 2.5692949295043945 
1.3250222206115723 1.1713215112686157 
0.7882273197174072 1.789880633354187 
1.3735271692276 0.8236061930656433 
0.05736807733774185 3.695342779159546 
0.7874465584754944 1.7968748807907104 
1.3173792362213135 1.2603517770767212 
0.8178138136863708 1.6218661069869995 
0.0570993646979332 3.700531244277954 
0.755837619304657 2.1329710483551025 
