1.3905094861984253 0.7959221601486206 
0.0010206922888755798 3.9959707260131836 
0.8339908123016357 1.5938994884490967 
1.291293740272522 1.5922715663909912 
0.7360429167747498 2.3906428813934326 
0.39248567819595337 2.3909504413604736 
0.10859766602516174 3.1813230514526367 
0.30389925837516785 3.1809117794036865 
1.3013814687728882 1.4471498727798462 
0.04245060682296753 3.895536422729492 
1.326766848564148 1.1458295583724976 
0.7613248825073242 2.0560011863708496 
0.0473543219268322 3.833348035812378 
0.054426535964012146 3.729933023452759 
0.0506112277507782 3.7884297370910645 
1.2953298091888428 1.5393226146697998 
0.7459940910339355 2.2521798610687256 
1.34287428855896 0.9936543107032776 
1.3643547296524048 0.856367290019989 
0.7525180578231812 2.1648433208465576 
0.34714487195014954 2.623670816421509 
0.74930340051651 2.212493419647217 
0.7904183268547058 1.7696683406829834 
0.7419483065605164 2.3068878650665283 
0.057455383241176605 3.6824028491973877 
0.3068332374095917 3.144761562347412 
0.776830792427063 1.8867658376693726 
0.0016660257242619991 3.938047170639038 
0.3770694434642792 2.41835355758667 
1.3333382606506348 1.0804109573364258 
0.08469180762767792 3.3032500743865967 
0.31727614998817444 2.9913225173950195 
0.005051073618233204 3.8958473205566406 
0.7808408141136169 1.850750207901001 
1.3072888851165771 1.3752433061599731 
1.3577765226364136 0.890068769454956 
0.35164910554885864 2.581468105316162 
0.07596591114997864 3.3996481895446777 
0.30980026721954346 3.0975394248962402 
1.319360613822937 1.227129340171814 
0.7995415329933167 1.7025227546691895 
0.8054748773574829 1.668951153755188 
0.07279938459396362 3.442091703414917 
0.8105496764183044 1.6451101303100586 
0.09829302132129669 3.2023768424987793 
0.7713436484336853 1.9423068761825562 
0.32012099027633667 2.951472759246826 
0.07140359282493591 3.4709715843200684 
0.35452327132225037 2.554912567138672 
0.3632029891014099 2.4908108711242676 
0.7574461102485657 2.104090929031372 
0.06122014299035072 3.6267263889312744 
0.33845579624176025 2.7163052558898926 
0.7663906812667847 1.9973233938217163 
0.31131768226623535 3.0699267387390137 
1.311034083366394 1.3269321918487549 
1.3496414422988892 0.9422470331192017 
0.06967638432979584 3.5130691528320312 
0.772316575050354 1.9275513887405396 
0.08836251497268677 3.269894599914551 
1.3733195066452026 0.822209894657135 
0.3432823121547699 2.6647255420684814 
0.7666263580322266 1.9941372871398926 
1.3533269166946411 0.9181731939315796 
1.3758851289749146 0.8149498701095581 
0.0600244514644146 3.645399570465088 
0.39021846652030945 2.393895149230957 
1.3234443664550781 1.1851869821548462 
0.0640709325671196 3.57865834236145 
1.3160033226013184 1.2656413316726685 
0.7857504487037659 1.8053580522537231 
0.08118870109319687 3.345919370651245 
1.2943602800369263 1.549699068069458 
0.0010901503264904022 3.983867883682251 
1.312473177909851 1.3075718879699707 
0.09383179992437363 3.2275736331939697 
0.7845788598060608 1.8160825967788696 
0.8310887217521667 1.5950431823730469 
0.32572829723358154 2.875887870788574 
1.3364099264144897 1.0553897619247437 
0.3347591459751129 2.761364698410034 
0.7398523092269897 2.3363611698150635 
0.3290175199508667 2.8342130184173584 
1.307692289352417 1.369255781173706 
0.33589380979537964 2.743760347366333 
0.7558099031448364 2.1238534450531006 
0.07873239368200302 3.3702232837677 
0.7954989075660706 1.728980541229248 
0.8188634514808655 1.6156935691833496 
1.3222235441207886 1.1966736316680908 
0.3318816125392914 2.800262928009033 
0.31421977281570435 3.0285816192626953 
1.3149054050445557 1.2768959999084473 
0.004286776762455702 3.896843671798706 
0.06635432690382004 3.5443639755249023 
1.2917101383209229 1.5904476642608643 
0.8183313012123108 1.6171706914901733 
0.3141677975654602 3.0344338417053223 
0.34161317348480225 2.6816678047180176 
0.3321628272533417 2.7902684211730957 
