0.0011862110113725066 3.997277021408081 
1.3904900550842285 0.7962538003921509 
1.292083501815796 1.5877183675765991 
0.8343220949172974 1.5945059061050415 
0.7366505265235901 2.3849034309387207 
0.39285457134246826 2.3912012577056885 
0.30428606271743774 3.179332971572876 
0.10852731019258499 3.181746482849121 
1.334455132484436 1.0706439018249512 
1.3428127765655518 1.0019543170928955 
0.3562307059764862 2.54300594329834 
0.3664829432964325 2.473600149154663 
1.348386526107788 0.9528670907020569 
1.32896089553833 1.1248102188110352 
0.042698558419942856 3.89570689201355 
0.7858721017837524 1.8114972114562988 
1.3550068140029907 0.9095286726951599 
1.3168400526046753 1.2585853338241577 
0.059337157756090164 3.6588971614837646 
0.7799853086471558 1.863352656364441 
0.005293351598083973 3.8963963985443115 
0.0636492595076561 3.599956750869751 
0.32784220576286316 2.8541085720062256 
0.3862377405166626 2.396611452102661 
0.0015437969705089927 3.955847978591919 
1.2961442470550537 1.5305769443511963 
0.3309049606323242 2.8103983402252197 
0.37211883068084717 2.440556049346924 
0.0718032643198967 3.4787790775299072 
0.33806878328323364 2.733351945877075 
0.33393073081970215 2.773829221725464 
0.73985755443573 2.344435691833496 
0.8150265216827393 1.6286859512329102 
1.3062105178833008 1.3974406719207764 
1.3027986288070679 1.4367139339447021 
1.312522053718567 1.3121625185012817 
0.04729924350976944 3.8381893634796143 
0.08929447084665298 3.2624692916870117 
1.3253530263900757 1.1689481735229492 
0.7568492293357849 2.119340658187866 
0.3161989748477936 3.008274793624878 
0.3409367799758911 2.6963415145874023 
0.06957215070724487 3.5130093097686768 
0.08085384964942932 3.347172975540161 
0.7702890634536743 1.9570794105529785 
1.30013906955719 1.4752109050750732 
0.35260209441185 2.5742104053497314 
1.360874056816101 0.8747064471244812 
0.31876620650291443 2.970918655395508 
0.7539427876472473 2.149712324142456 
0.057374145835638046 3.6888983249664307 
0.3063734769821167 3.1486496925354004 
0.07448023557662964 3.430687189102173 
0.3211154043674469 2.9391989707946777 
0.8236185908317566 1.6052281856536865 
0.7479584813117981 2.229482889175415 
0.7897936105728149 1.7778631448745728 
0.7598837614059448 2.075910806655884 
0.07846137136220932 3.3848929405212402 
0.8074190020561218 1.6610143184661865 
0.09590207040309906 3.2169508934020996 
0.7429432272911072 2.3061044216156006 
0.800151526927948 1.703973412513733 
1.3088370561599731 1.3585155010223389 
0.7639279365539551 2.0339040756225586 
0.0662403404712677 3.548189878463745 
0.34355443716049194 2.6627209186553955 
0.3091391623020172 3.1120078563690186 
0.04526257514953613 3.8745789527893066 
0.0034420678857713938 3.9058315753936768 
0.7740805745124817 1.9208781719207764 
0.08456601947546005 3.3072094917297363 
1.2978447675704956 1.506523847579956 
0.7956900596618652 1.7295972108840942 
0.34897831082344055 2.607496738433838 
0.7927271127700806 1.7507966756820679 
0.3135360777378082 3.044292688369751 
0.7455161809921265 2.2624728679656982 
0.3243660628795624 2.895214557647705 
0.8043555021286011 1.6772173643112183 
0.0547688826918602 3.7274818420410156 
0.31040558218955994 3.0895297527313232 
1.36848783493042 0.8406978249549866 
0.06555959582328796 3.572876214981079 
0.050287216901779175 3.796152353286743 
0.7667741179466248 1.9977304935455322 
1.322237253189087 1.1982378959655762 
0.07604143768548965 3.4103424549102783 
0.7512431740760803 2.1856398582458496 
1.311401128768921 1.3372106552124023 
0.10493384301662445 3.1852540969848633 
1.3198294639587402 1.2231247425079346 
0.31255432963371277 3.0613584518432617 
1.3655487298965454 0.8528102040290833 
1.37968909740448 0.8075069189071655 
0.32363104820251465 2.9045121669769287 
0.7503848075866699 2.1963748931884766 
0.7617121338844299 2.055659294128418 
0.7766009569168091 1.891063928604126 
0.7444325089454651 2.282180070877075 
