1.3903613090515137 0.7957553267478943 
8.200345910154283E-4 3.9905905723571777 
1.291263222694397 1.5936704874038696 
0.8334243893623352 1.594098687171936 
0.39195191860198975 2.390723466873169 
0.7360492944717407 2.3869729042053223 
0.3038312792778015 3.1793410778045654 
0.10824844241142273 3.1813459396362305 
1.3157669305801392 1.2679065465927124 
1.3239877223968506 1.17157781124115 
0.3301795721054077 2.813779592514038 
0.005087625700980425 3.895901679992676 
0.07028059661388397 3.481327533721924 
0.04221400246024132 3.895573854446411 
0.0661332979798317 3.543717861175537 
0.7838957905769348 1.818468451499939 
0.7529306411743164 2.1589303016662598 
1.3474351167678833 0.9565141201019287 
0.30772385001182556 3.1224658489227295 
0.0979858934879303 3.2038400173187256 
1.3555198907852173 0.9022427797317505 
0.34780988097190857 2.614527702331543 
0.073567695915699 3.434124231338501 
0.7786536812782288 1.8666836023330688 
0.7890790700912476 1.7752468585968018 
1.3025246858596802 1.434732437133789 
0.749223530292511 2.206125259399414 
0.8150957226753235 1.6441465616226196 
0.7402117252349854 2.328256845474243 
0.3600631058216095 2.5150158405303955 
0.04803747683763504 3.8228960037231445 
0.06368822604417801 3.583831787109375 
1.2943294048309326 1.5488801002502441 
0.34418466687202454 2.6511151790618896 
0.3407944440841675 2.687710762023926 
1.3118091821670532 1.3139972686767578 
0.09067206084728241 3.249258518218994 
0.31549590826034546 3.0107221603393555 
0.052305348217487335 3.7585225105285645 
0.35257235169410706 2.5702266693115234 
0.32503417134284973 2.880211591720581 
1.2994639873504639 1.4763984680175781 
1.3096914291381836 1.3405734300613403 
0.3679795265197754 2.4580960273742676 
1.3715054988861084 0.827140748500824 
0.7603989839553833 2.0640649795532227 
0.3644629418849945 2.479173183441162 
0.7643541097640991 2.0197043418884277 
1.380357265472412 0.8045858144760132 
0.7691923379898071 1.963196039199829 
1.3324633836746216 1.0844504833221436 
0.3549855053424835 2.5493526458740234 
1.3439351320266724 0.9840457439422607 
0.7932056784629822 1.7452595233917236 
0.3812630772590637 2.404520034790039 
1.3292632102966309 1.1162456274032593 
0.31831127405166626 2.971389055252075 
0.084625244140625 3.301821231842041 
0.7382553219795227 2.3555855751037598 
1.3268595933914185 1.141014575958252 
1.3660154342651367 0.8480352759361267 
0.7564669251441956 2.1123156547546387 
0.31982487440109253 2.9513790607452393 
1.306538462638855 1.381500005722046 
0.799393892288208 1.702144980430603 
0.055006906390190125 3.7173571586608887 
0.7720421552658081 1.9329246282577515 
0.07642541080713272 3.3969814777374268 
1.3055949211120605 1.396056890487671 
0.061059676110744476 3.6228392124176025 
0.744012713432312 2.275634765625 
0.3341107964515686 2.765167236328125 
1.3353838920593262 1.0568598508834839 
0.0016030020778998733 3.9353222846984863 
0.7963814735412598 1.7217400074005127 
0.8045684695243835 1.6722122430801392 
0.7756651043891907 1.8956444263458252 
1.3379194736480713 1.0355446338653564 
0.056580085307359695 3.6953980922698975 
0.044843416661024094 3.867568016052246 
0.08170034736394882 3.334383249282837 
0.3749468922615051 2.425116777420044 
1.2965977191925049 1.5165711641311646 
0.7467248439788818 2.2386631965637207 
0.3102797865867615 3.0874221324920654 
0.8210952877998352 1.608972430229187 
0.08059182018041611 3.345353841781616 
0.8195033073425293 1.612857460975647 
0.31317955255508423 3.0436482429504395 
1.3611947298049927 0.8706033229827881 
0.0016362862661480904 3.9337422847747803 
0.052872736006975174 3.750075101852417 
1.2975049018859863 1.503537654876709 
0.33759933710098267 2.7238235473632812 
0.060253892093896866 3.638267993927002 
0.1075890064239502 3.181438446044922 
0.7664670944213867 1.9936081171035767 
0.7741032838821411 1.9116114377975464 
0.3224031925201416 2.9152121543884277 
0.758838415145874 2.0830893516540527 
