2.000927686691284 9.302259422838688E-4 
9.90453758276999E-4 3.997163772583008 
1.3905019760131836 0.7959319949150085 
1.9144071340560913 0.7951987981796265 
1.291393518447876 1.5940961837768555 
0.833915650844574 1.5942730903625488 
0.7361780405044556 2.387770891189575 
0.39240989089012146 2.3909218311309814 
0.10832399874925613 3.181504726409912 
0.3041929304599762 3.1764719486236572 
1.9379020929336548 0.514704167842865 
1.925764560699463 0.6241922378540039 
1.9659368991851807 0.16658826172351837 
0.3534519076347351 2.5638113021850586 
0.7925069332122803 1.7517166137695312 
1.324535846710205 1.1678746938705444 
1.3183541297912598 1.2374061346054077 
1.2989696264266968 1.4854992628097534 
1.9425817728042603 0.40025267004966736 
0.33705195784568787 2.732111930847168 
0.3614012897014618 2.50118350982666 
1.9389294385910034 0.4458508789539337 
1.304372787475586 1.4130809307098389 
0.05556224659085274 3.7124760150909424 
1.9762024879455566 0.09343823045492172 
0.32188940048217773 2.924086093902588 
0.7395607233047485 2.341248035430908 
0.005194997880607843 3.8960399627685547 
0.34805047512054443 2.616609573364258 
0.06406121701002121 3.5788402557373047 
0.3153470456600189 3.0172526836395264 
1.3310202360153198 1.104312539100647 
1.9193593263626099 0.7189396619796753 
0.319021075963974 2.9636428356170654 
1.3122714757919312 1.3111515045166016 
0.08738277852535248 3.278024196624756 
0.04246573522686958 3.8952558040618896 
1.3386741876602173 1.0304886102676392 
0.0732751116156578 3.441920042037964 
0.08195436000823975 3.33241868019104 
0.3668614625930786 2.4662814140319824 
0.09821140021085739 3.204218626022339 
1.9909114837646484 0.02491850219666958 
0.09119536727666855 3.245319366455078 
0.7682555317878723 1.9752064943313599 
0.8088197112083435 1.6522948741912842 
0.05213956907391548 3.765958070755005 
0.06984215974807739 3.4905128479003906 
0.7787784934043884 1.8670560121536255 
0.07626959681510925 3.4006412029266357 
0.05945315212011337 3.651562213897705 
0.7480018734931946 2.2251219749450684 
1.9535417556762695 0.27982887625694275 
1.9602280855178833 0.2142425775527954 
0.04712779447436333 3.8355629444122314 
1.9151142835617065 0.7849149703979492 
1.314623475074768 1.2817597389221191 
0.7857819199562073 1.8051007986068726 
0.3420542776584625 2.675844192504883 
1.353190302848816 0.9192318320274353 
0.7494580745697021 2.204555034637451 
0.3328917622566223 2.7823166847229004 
0.33118200302124023 2.8030202388763428 
0.3266027271747589 2.8616409301757812 
1.3695095777511597 0.8351508975028992 
1.3604098558425903 0.8753619194030762 
0.05008399486541748 3.7946462631225586 
0.07945984601974487 3.363546133041382 
1.9578239917755127 0.23753732442855835 
0.7720572352409363 1.9353783130645752 
1.3074239492416382 1.3729616403579712 
1.2957003116607666 1.5376050472259521 
1.3426682949066162 0.9956421852111816 
1.3287464380264282 1.123728632926941 
0.7840604782104492 1.8200352191925049 
0.7636759877204895 2.028804302215576 
1.9480353593826294 0.3386382758617401 
0.001952277380041778 3.930675745010376 
0.7533839344978333 2.1526291370391846 
0.7592873573303223 2.0791139602661133 
0.3076501488685608 3.1261749267578125 
0.800527036190033 1.6963975429534912 
1.9820523262023926 0.060466282069683075 
0.3438529968261719 2.6609184741973877 
0.7583281397819519 2.0921192169189453 
0.3119719624519348 3.065389633178711 
0.754421591758728 2.1404495239257812 
1.921602487564087 0.6841131448745728 
0.3108484745025635 3.0792763233184814 
0.7436892986297607 2.2834229469299316 
0.04446874186396599 3.8704023361206055 
0.05885481461882591 3.6591131687164307 
0.3273937702178955 2.8532323837280273 
0.8286252617835999 1.5971198081970215 
1.9505195617675781 0.3126988112926483 
0.7435109615325928 2.285322427749634 
0.06766614317893982 3.523367404937744 
0.0012143178610131145 3.9627645015716553 
0.7649087309837341 2.0147593021392822 
0.06604518741369247 3.5487167835235596 
