0.788448515954952
0.7946874153313639
0.7890045654031979
0.7794757686417508
0.7597388957736132
0.7951689128985234
0.7972927640798765
0.77877138975046
0.7647390355293753
0.779412762090424
0.7790556642177858
0.7979376055372753
0.7865803377397541
0.8057441692849526
0.7787127178669605
0.7724429478806192
0.7774147766039837
0.7981059429832772
0.771066348566399
0.7975760499253876
0.7911779691527964
0.7870601636336916
0.787956682953056
0.7882532368970615
0.8014006186759082
0.7943152365566307
0.782369905825581
0.7734916192641379
0.77682270972543
0.8007739896100363
