1.483932716341302 3.4521477042664537 2.1045374333945874 2.8058388146465223 3.488382331955694 4.226058765161361 
0.0024122400826723355 0.002983688206479096 2.1052829127508565 2.7965205825107753 3.488749701107946 4.225388164846413 
1.3581945177944514 3.4368136884557123 2.1060120181119486 2.8091849597268306 3.488166006967326 4.226633014781855 
1.750662725206174 1.3242116513004425 2.1052810954564087 2.7965006304349336 3.487921909181347 4.227339485213213 
1.5380513373194589 1.4363062658061625 2.10429459318536 2.8053450731032457 3.488709405968829 4.225418631073416 
1.490793600144242 0.25917254892504066 2.1060090948056667 2.7955822712185534 3.4882417227975435 4.226043982516027 
1.304856210910203 0.23028044547989446 2.1062876820192593 2.7961839794268233 3.488078793261327 4.2260397093306175 
0.09271059535401507 1.4922752929389556 2.1059919033961587 2.79564117339599 3.4883761974116214 4.225475465468663 
1.3616062582431803 3.4368136884557123 2.1044488722110257 2.805797103480296 3.488195640883196 4.226723796181222 
1.325568898233786 0.2486758092588801 2.10601846509588 2.8058377223607875 3.4883972423201794 4.226659331971014 
0.26704000652318627 0.72905845726397 2.1059925051855513 2.7957037520644135 3.4878791849759674 4.227374563384433 
0.005004283089746542 1.3023352320972146 2.1064083317021187 2.7956053659497546 3.489499571675633 4.223466430982202 
1.3380720768991712 3.518410430662782 2.104608059296766 2.7971154195903223 3.488022559852923 4.2265924496651825 
1.3308842836532673 3.518410430662782 2.104608059296766 2.7971154195903223 3.488022559852923 4.2265924496651825 
0.032680107347959786 1.4363062658061625 2.1043208904168744 2.796515209181596 3.488706370893745 4.225470790443182 
0.15494868723082666 0.72905845726397 2.1058933353527225 2.7957037520644135 3.4878791849759674 4.227374563384433 
1.425850027679357 0.07152141427367642 2.104388381639083 2.805736900443015 3.4883914657372292 4.226645387612521 
1.4429516494680277 3.45235649721648 2.104401508493997 2.7968800874107242 3.4880605186577993 4.2265606792639 
1.6502065345696306 1.3256556717728036 2.1060119866984097 2.8068595100947014 3.4886973732439572 4.225388466368374 
1.4200795919929787 0.02490603600565229 2.1058791932782643 2.797890567738123 3.48811274396612 4.223160752388551 
1.6589187936924286 1.271658238499926 2.1059043535665465 2.806046847156124 3.4894456696816176 4.225347313501788 
0.032680107347959786 1.4897378501333645 2.1043208904168744 2.805507959511027 3.488706370893745 4.225470790443182 
1.4494126370960587 1.8236086435289252 2.1057284057507655 2.795714766539939 3.488382355253331 4.226560148085999 
1.327467316176527 0.35427760410493975 2.1057312492295317 2.797175422866829 3.4882570930849943 4.226423042748969 
0.25086683457923065 0.72905845726397 2.105390332413921 2.7973238808856205 3.4880486542005174 4.227374563384433 
0.04275566131895492 0.004400630791331343 2.1043971515768582 2.7956368085588785 3.4887170335558944 4.2266224642780035 
1.3831433562994353 3.494116194782431 2.1099777801955697 2.7972902781638425 3.4883810631621337 4.226080736466032 
0.008322874807209737 1.3240632713419804 2.1059568288280976 2.7959278491489927 3.5147441650514137 4.222816978427738 
1.4262609034587463 0.22826465737089455 2.1064440020156505 2.7956370910425585 3.488026122650735 4.2266441563116235 
1.3736224177100642 3.543012901751821 2.1066348377009514 2.797220059076793 3.4882492583685782 4.224393002777065 
0.020696265271661685 1.376247816046802 2.1060117128395137 2.795633006665941 3.4879193172003324 4.2243987442158835 
0.007773150519976291 0.31669238937214333 2.105718559019087 2.7962991535236252 3.4881058854702847 4.226635079262015 
1.299720559630048 0.25142649776009895 2.107042886253817 2.7956344395110055 3.488158582658065 4.225418631073416 
1.4269540862209376 3.4568802551484676 2.105375029533984 2.7956162571928793 3.5155528371469793 4.223082523544061 
1.3378455470372492 0.26994469974037005 2.1064083317021187 2.795596981198653 3.488117971677314 4.22659281673494 
1.407121523114972 3.4375594173139783 2.1070678095128668 2.8096638713429365 3.488066742976523 4.226038174139559 
0.0692916368072557 1.3240632713419804 2.1059568288280976 2.8058257049999016 3.490998616831495 4.225165874125357 
1.6430581422422599 1.3256556717728036 2.1060266193434463 2.7963084447410966 3.488080144678079 4.22653659378576 
1.4890056970201535 0.059600649555566654 2.106365285451549 2.795714766539939 3.4882521035107055 4.226566115211538 
0.012899254145171419 1.1468607876563048 2.1060332417031256 2.796493886510605 3.4887170335558944 4.225389738176998 
0.008322874807209737 1.3684535878078572 2.1059568288280976 2.7959278491489927 3.5147441650514137 4.223021921634665 
1.6513636708231847 1.3993722856724589 2.1058564480756554 2.7973334041085196 3.4878010362322045 4.226429344658848 
1.3449974869612047 3.490537100934798 2.1059504981181516 2.8054905990898376 3.488022559852923 4.226587435833412 
1.4576452048093476 0.26424164100141534 2.106355244904719 2.795713408505108 3.488270718238008 4.226592847733358 
1.6687207358975842 1.3278055667133133 2.105905798806863 2.806139160984401 3.4887002855798688 4.225388466368374 
1.342313825224845 3.518410430662782 2.1044734743566047 2.805723459993188 3.4883778964332985 4.2265924496651825 
1.684389217733037 1.3723799570274249 2.1063733767030905 2.7953902578031307 3.489534264232723 4.223448537475149 
1.3716788254121508 1.777925627971868 2.1060712123046392 2.80875744559344 3.4881314215942796 4.224437841826588 
1.4236290432614156 0.29379242700256647 2.104517455910183 2.795630065214106 3.5141474608656442 4.226039916168971 
0.021385772040948714 1.3242116513004425 2.1052810954564087 2.795630946612932 3.487921909181347 4.227339485213213 
1.425850027679357 0.08136293054074883 2.104388381639083 2.805736900443015 3.4883914657372292 4.225459387153184 
1.4107160878856901 3.4518057953540464 2.104432677684881 2.7968943097755847 3.4881664295723307 4.226052908576372 
1.750662725206174 1.1367675572936293 2.104461277874701 2.7965006304349336 3.487936525831444 4.227339485213213 
1.4045344600115968 0.1503814287568539 2.1060214392635177 2.8106502844858614 3.488792196036827 4.225375162082124 
0.17821579825310685 1.245585710186767 2.10639486962905 2.8085813504670414 3.4880583712728637 4.2274221852472795 
1.490793600144242 0.07761489135173812 2.1060090948056667 2.7955822712185534 3.4882417227975435 4.226043982516027 
1.6589187936924286 1.3355555613650802 2.1078041338059794 2.797083643671307 3.4895126840582944 4.223284698932148 
0.15494868723082666 0.8068549538252177 2.105946576530756 2.795645841580599 3.4880585464771476 4.227393376376831 
1.6513636708231847 1.2633145030256325 2.0965695220844682 2.7973334041085196 3.4878010362322045 4.225436090268005 
0.17821579825310685 0.72905845726397 2.106454505835488 2.795229214748896 3.4880219045287517 4.226579463639095 
1.442782109230806 3.4607222916958627 2.1045293416969364 2.79728348733891 3.4881595402560004 4.226050048649184 
1.3561117259362492 3.565674585138922 2.1066222842740467 2.8057583290858363 3.4882422011439793 4.22610461841313 
1.483897661652007 1.7254797485804818 2.1044653143763647 2.8057393792696073 3.4883811708022177 4.226058765161361 
0.01830183743172975 1.4040037779859895 2.1059919033961587 2.7963508725887203 3.488394176393891 4.226413517058576 
1.356728338243794 1.814931183362198 2.104410390809001 2.806072427398722 3.48837859043243 4.226066638626591 
1.7143258381302378 1.1698750185168856 2.106473124524028 2.797432818073975 3.487874797881533 4.226620322730257 
1.4333356031074245 1.68512823312257 2.106639584722042 2.7978457471102804 3.488070108787859 4.226606470791126 
1.6439572194313676 1.271658238499926 2.1063541303193123 2.7953902578031307 3.4895126840582944 4.223211146841079 
1.4511220764925048 3.490537100934798 2.1059504981181516 2.8054905990898376 3.488022559852923 4.235522041472077 
1.3923529609004541 3.4375594173139783 2.104461125480709 2.806171624997814 3.5154250782615035 4.225962042122239 
1.4058478027782035 0.07035725390477451 2.106012669325743 2.805736900443015 3.4883914657372292 4.22541108818093 
1.7282744125626757 1.3010886237533392 2.1044653143763647 2.8062611223283334 3.4883811708022177 4.225868251896346 
1.483932716341302 3.3332461784024927 2.104545050107934 2.7971125349953216 3.4883811708022177 4.226058765161361 
1.483932716341302 3.398713621993305 2.1045374333945874 2.796846064317091 3.488382331955694 4.226058765161361 
1.3878567336588168 3.4375594173139783 2.1059045379606607 2.7981486606521275 3.5150270588598858 4.2230944527357455 
1.4200795919929787 0.26771891841865947 2.1058791932782643 2.79557882489741 3.488241010594852 4.223160752388551 
1.4465840414246263 1.68169135912897 2.1060100416014134 2.797722987322145 3.4881563575434225 4.226367773895087 
1.3561117259362492 3.521545377719627 2.1066428230815344 2.79564118083357 3.4882422011439793 4.226113028427289 
0.08477002791437827 0.07103995236544947 2.1043971515768582 2.797136336141621 3.4887170335558944 4.226593817930146 
1.4846013865142544 0.01212416167385777 2.1060214392635177 2.7956368085588785 3.4887170335558944 4.226408372719968 
1.4280515620800407 0.02490603600565229 2.1063819587686243 2.797890567738123 3.4881315230695917 4.226057420062481 
1.3380132374413805 0.4539773991101914 2.104599488783576 2.797116369562923 3.4880274184770457 4.226423042748969 
1.750662725206174 1.143966257977001 2.104461277874701 2.805318056912545 3.4878840646109524 4.225438286596992 
1.4898901480317988 0.059600649555566654 2.1057284057507655 2.795714766539939 3.4882520431607076 4.226566115211538 
1.6387607313709283 1.3278055667133133 2.105905798806863 2.806139160984401 3.488401471718161 4.225388466368374 
1.3454146309480697 3.518410430662782 2.1044734743566047 2.805723459993188 3.4883778964332985 4.2265924496651825 
0.15494868723082666 0.7521386530161549 2.10589517376897 2.7957037520644135 3.487860462125782 4.227374563384433 
1.3616062582431803 0.4786076701304949 2.1044488722110257 2.805797103480296 3.4881998575140662 4.226723796181222 
1.3791639890975633 0.2334672212566024 2.106498809789717 2.7953887931836636 3.4880986078594827 4.226608734276697 
0.013205218934116733 1.1207147025679738 2.1070836666104156 2.796496291389407 3.488101880784033 4.225442529407645 
1.4900207016986562 0.08752072763742791 2.1057284057507655 2.795641912461044 3.4882515585684715 4.226566115211538 
1.3561117259362492 3.529845328084392 2.1066371761365947 2.7954098235054445 3.4882422011439793 4.224508921316145 
1.6901321933443019 1.2994690536017737 2.105913741228757 2.806253499368439 3.4886969992315677 4.22583022440936 
1.4429516494680277 3.487408305816544 2.1044431903789964 2.7968800874107242 3.4881068734278937 4.226558693294288 
0.03195930886284182 1.1405198274870838 2.104466438222587 2.79564117339599 3.4883877838425486 4.225555705246677 
1.4267194241669152 1.8236086435289252 2.104387449079423 2.795714766539939 3.488382253931651 4.226648458003451 
1.4236290432614156 3.3736770638957037 2.104535906743236 2.795630065214106 3.5141474608656442 4.226064802730275 
1.7237781853132002 1.3256580548444532 2.105908726856317 2.7982381579826474 3.4879831514005994 4.223000662509852 
0.17310467109517325 0.8546506167963845 2.106454505835488 2.795251743031521 3.488057649479034 4.227408707279699 
1.4465840414246263 1.68169135912897 2.1060098459929018 2.797722987322145 3.4881563575434225 4.226367773895087 
