1.9999994112938895 3.999998411853573 2.094279939084593 2.7923523220377606 3.4998426518576045 4.20038401591315 
9.170710725203701E-6 0.0076324082968664 2.093932214524281 2.7919420401281405 3.500022191503945 4.199801109882182 
1.963898252364234 2.4924094250283733 2.093939053968684 2.81490764427526 3.4998010308268848 4.200426573917638 
1.944147224018065 3.8913120599937723 2.094272044302623 2.8141236389987414 3.499842338452801 4.200385012550155 
1.1345400430322843 3.8837379048713707 2.093937942996773 2.791944897265365 3.4998481838734055 4.200376211433018 
1.1663670166797495 2.4939384340057584 2.09387029046333 2.7918065231930203 3.499803088466892 4.200403840185888 
0.3148706489369041 3.8833877539320354 2.094051195468444 2.7920184253814924 3.499846450044209 4.199755559421819 
0.3214604729412302 2.5980118590173027 2.094282672508056 2.7926900971426303 3.4998446184838996 4.200384921378094 
0.3313779587994623 1.0134023922314768 2.0939384426949323 2.7919428861438553 3.4998050598082373 4.19978226603023 
0.10968862114308861 2.621752560319054 2.094220355852985 2.7929144318681276 3.500092540382586 4.199776741144322 
1.9417163326185953 3.9457089116200965 2.093862588753701 2.769485746556486 3.499801015195222 4.199878877301767 
1.957974345448883 3.892381806307003 2.0939088355230595 2.8140996564202116 3.499856866647361 4.199801506238074 
1.9756746764770612 3.9591894809993207 2.105340693428419 2.7928963517090373 3.4998030440004646 4.200554068094111 
0.23513594189993314 2.5997331083044717 2.0942829478981073 2.8144744053356123 3.499755269327529 4.200540868511128 
1.9382786148052156 0.8185720227303859 2.0936953348130762 2.793359668911413 3.4996986386177107 4.199858039602213 
1.948007810957638 2.346729225124194 2.0938762832415474 2.791855101516959 3.4997730472767947 4.2005466868190995 
1.1165291724402255 3.992949137576561 2.094034129283002 2.8150166574376403 3.499753821259854 4.200384951419641 
1.193024738687763 3.787454435659886 2.0942166701345255 2.7921842002893755 3.4998061115190517 4.200383939840047 
1.9271776649862624 3.9970063054895504 2.094259169734895 2.7924866943260795 3.4997705410210354 4.199777556835432 
1.1404112602934435 0.7146377775024082 2.094364279043255 2.7921102831360947 3.4998048773575645 4.200396717003396 
1.1634949129464243 0.778446015212793 2.0939381391473595 2.7919369455922003 3.4998053891355636 4.200397177276425 
1.963898252364234 3.914116221394453 2.093939053968684 2.792121315197489 3.4998010308268848 4.200554955345379 
1.1569958163888074 3.8739694703365104 2.0938793756364644 2.79259694571462 3.4997752650019347 4.200385012550155 
0.1627852170839586 0.8663746219323561 2.0938668909468316 2.7917977503744424 3.499854377274145 4.201046553915091 
1.9959782736283609 3.9448359028312163 2.0938838736654413 2.792258653192505 3.500067850915727 4.199750266486523 
1.1165291724402255 0.6922515905696882 2.0942794886485183 2.814308142605007 3.500076935406308 4.200384019402804 
0.26711732522064424 3.9896722145682113 2.1042316999251027 2.8129157110526526 3.499842332397401 4.199814054758472 
0.060229424573552306 0.2117447219351638 2.094271219321592 2.813924770217297 3.499785065238597 4.200535713373342 
1.1617280511889545 0.7210065171347908 2.1056536481847608 2.7919149615378887 3.4997771604745394 4.200536579994718 
0.20762242336887568 0.8669161839202562 2.0938262754531736 2.7920461811306505 3.4998456735653316 4.199772032809791 
0.1993695771430561 2.495027102493876 2.0934653196547717 2.791789457874839 3.5000994658552416 4.200553598311597 
1.142351609887084 3.9746565114634422 2.094032422058264 2.815050202215922 3.49738980679765 4.200387120557016 
1.953501263343741 3.8850883773594687 2.0940446262286923 2.791944897265365 3.4998481838734055 4.200372323021276 
0.3434953322647401 2.2247874378855217 2.094237104967225 2.7924384140061664 3.4996942409941196 4.199790991681937 
1.1569958163888074 3.8954283030241363 2.0938793756364644 2.79259694571462 3.4998408664051275 4.200385012550155 
0.23886889679807766 1.0238070582791505 2.0939322779791305 2.7913129527541005 3.4998568971855906 4.199795179843859 
0.09883194840108901 0.8408244510366618 2.105478172257367 2.793073071523793 3.499854483254119 4.200557479123408 
1.9689695016213675 2.342605881863967 2.0933734396032433 2.8141605940316237 3.4997727637534632 4.200382868365626 
0.25628929231033853 0.8605508394278366 2.0938262754531736 2.7920461811306505 3.4998456735653316 4.200528728914763 
0.20095128454847455 1.0518803706761406 2.1050893810105498 2.7930884379322487 3.5000767895366587 4.200154295134632 
1.1613506566117469 0.8066537376518483 2.0939598903260945 2.7929749282689644 3.4997591315555003 4.199783540289571 
0.31322249974141414 0.9674686941474442 2.0936953348130762 2.791988763680607 3.4996986386177107 4.199858039602213 
1.993197079123048 3.9873610012456093 2.104485015467278 2.814493497227687 3.4998426207404942 4.199833147022991 
0.27234405250529975 0.9909760837592629 2.0940287059414415 2.7920424538467485 3.4998461402417096 4.1998380769256665 
0.31873034045134774 3.980325717292498 2.0942430526886087 2.814208329150815 3.499672723226076 4.200531969377386 
1.2034227566076854 2.3407090673749424 2.0939379132587534 2.7919369455922003 3.4998053891355636 4.200549892376766 
0.1299076150118798 0.8930406233619244 2.0933880882140485 2.791926150793091 3.4997730472767947 4.2005466868190995 
0.22801614682388338 0.8842571104607865 2.093939053968684 2.81490764427526 3.499800152733773 4.200411998131528 
1.9365888393566777 0.778446015212793 2.0939381391473595 2.7919369455922003 3.4998053891355636 4.200397177276425 
0.3414708728976152 0.7190887268367163 2.0942168737013036 2.7921836949591605 3.4998057749359046 4.2005603719288676 
0.27060609099627464 0.6927258720263287 2.094027511713581 2.793302065810058 3.499844656819127 4.20035348448361 
0.3231251711216071 3.9053318498076175 2.0938694650424354 2.8129157110526526 3.499803650502029 4.200395095253181 
1.9437832586859631 3.9914196094816203 2.095148807939173 2.7920176162420884 3.4998463327245757 4.20015046112766 
1.989031535661853 3.918234721690802 2.094364279043255 2.793013891971462 3.4998055497109104 4.199878852733589 
0.06379304728221157 0.9686193269135814 2.094282586528972 2.7921209769236754 3.4998048920983433 4.200536986630068 
1.953501263343741 3.8742688304193664 2.0940462126545576 2.791944897265365 3.4998481838734055 4.200372323021276 
1.127539213559748 3.960823774782422 2.0938799118312676 2.8149437652754856 3.49984351743264 4.200385012550155 
0.37978397885709225 3.914116221394453 2.093939053968684 2.7911557019082682 3.4998000625525134 4.199760693528539 
1.0024625974367236 1.0134023922314768 2.093936688700243 2.7919428861438553 3.4998050598082373 4.200360259742942 
1.2159890211909614 3.88770686979597 2.0936953348130762 2.793359668911413 3.499702005535603 4.1998422536937925 
0.3363897372293124 3.883836432866411 2.0940292867301924 2.792265167515008 3.499801242068382 4.199760294019278 
0.3663538699443407 2.2434620199752158 2.094233594645342 2.815007205475826 3.499802630386182 4.200560262748892 
1.112197082854587 0.7440416400500578 2.0942826549190574 2.7920960531366905 3.499853740357174 4.200390044341281 
1.1274656531972018 0.6922515905696882 2.094045390467971 2.814308142605007 3.499828205704932 4.200384019402804 
1.9387619354665158 2.4863022530224783 2.0940258490148267 2.8154350593642166 3.4998465393683325 4.200554567515842 
1.97810143640408 2.3834702358648427 2.095146779250765 2.792738843217374 3.4998425232528603 4.200148694870987 
0.17322590405685656 0.7839916026884377 2.093947020249821 2.813924770217297 3.499785065238597 4.200532199367207 
0.25736086812020903 0.914816590835087 2.095859005898648 2.7916492068471057 3.499808222557258 4.200560253186152 
1.9872629564069737 3.9153933436315995 2.093825519617261 2.791515725691827 3.4997479486226597 4.20054931656088 
0.3193833575425761 3.990978336540823 2.093770275792601 2.8143172055368093 3.499755442408762 4.200393633801177 
1.1280368549281268 3.940159362167397 2.0940352998483256 2.8154802445412273 3.49976371304907 4.20014506671383 
1.118461813473196 3.926600260681756 2.094364279043255 2.7900137145433384 3.4998041233723183 4.200396470189379 
1.1710541128676009 3.949484126109664 2.0939259520059834 2.792929971264781 3.4998008689656146 4.199832934961165 
1.1574934577571863 3.9390930113742746 2.09403188586346 2.792703382655057 3.499761062021558 4.200154285302042 
1.8888888810135671 0.8903663158348278 2.093366795661487 2.791925935644539 3.4997730472767947 4.2005466868190995 
1.1278983691939992 2.346729225124194 2.0933880882140485 2.8160128203217174 3.4997637032074307 4.2005466868190995 
1.9437832586859631 3.9773922805917925 2.095148807939173 2.7920176162420884 3.4998425232528603 4.200148694870987 
9.170710725203701E-6 0.1544818952812529 2.0939388726898542 2.7919420401281405 3.500022191503945 4.201079109338401 
0.3231251711216071 3.9233619572325242 2.0957096914966296 2.8129157110526526 3.499803686860014 4.200395095253181 
0.3049184377666679 3.9789309610057715 2.0942269643829703 2.814344119562407 3.4998579760439976 4.1998658366898125 
0.10849324543317744 2.6406779375813367 2.0939388726898542 2.7919420401281405 3.500021207473237 4.199776308759638 
1.9365888393566777 0.8480470025299667 2.0939319744315577 2.7919369455922003 3.499843023165226 4.200397177276425 
1.9759260828794174 3.999998411853573 2.0942826549190574 2.7929996619720576 3.4998544127105196 4.199872180071473 
1.118461813473196 0.7879037044793282 2.0943687703469362 2.7900137145433384 3.4998041233723183 4.200396470189379 
1.1105103944909895 2.3643138500136103 2.105478172257367 2.793062479903008 3.499854483254119 4.200557479123408 
0.1993695771430561 2.479013913344139 2.0934653196547717 2.791795005876389 3.500097723512399 4.200553598311597 
0.28989619233655267 3.992949137576561 2.094035883277691 2.8150166574376403 3.499753821259854 4.1998069577069295 
1.992975681280342 3.8119941289478576 2.0942718930333144 2.8141236389987414 3.4998408664051275 4.200385012550155 
0.12770551614543865 2.617699054577955 2.094217478062923 2.792484389542823 3.500092540382586 4.199785959732534 
0.316265963323782 3.904984676644348 2.0937639398083903 2.8143556210292684 3.4997472507335465 4.200366406157863 
0.06379304728221157 0.9363994471716992 2.094282586528972 2.79212987688583 3.500134147159979 4.200536986630068 
0.1685678569911867 0.8916267107095908 2.0942692754627994 2.792359243363584 3.4998456752140994 4.200383865988256 
1.1414835246694952 0.6672641247018125 2.0943709044041277 2.791381403525072 3.4998051765803004 4.200396470189379 
1.9438128522482705 0.9220967420986232 2.093690341284299 2.791140764397933 3.4997951193161865 4.199858039602213 
1.9778150081257042 3.9153933436315995 2.0952595583162235 2.791515725691827 3.4997479486226597 4.200567907968543 
0.31603537102109724 3.904984676644348 2.0939198874411984 2.8143556210292684 3.4997472507335465 4.199795027848627 
0.10293674067877095 1.1126949612017487 2.094004166643919 2.813687575274768 3.499854472508858 4.1997614174575535 
9.170710725203701E-6 0.0782427099212002 2.0942855660741606 2.7921117141670946 3.500022191503945 4.199801109882182 
1.1278983691939992 2.35066898832335 2.094061720351932 2.8160128203217174 3.5000738888866683 4.200549865464443 
0.1416405965818498 1.0186613632400086 2.0938264051386115 2.8137152624895836 3.499854638193281 4.199771254328261 
