1.7088763376127414E-4 0.0030610739398355957 2.109902107667722 2.813346206814486 3.5299870576607244 4.23585304181225 
1.999997207455137 3.999990260209188 2.1096390366986597 2.812815722655468 3.529675874431182 4.236032760067799 
1.343277154478087 3.733018330084177 2.110206853955182 2.8133767155217266 3.5016329418444503 4.199362223095947 
1.9403050581787697 3.902791027459718 2.10990120641617 2.8133606206983366 3.5299870576607244 4.23585304181225 
0.5020254170855747 3.8233164876820505 2.109318657551737 2.81340323151028 3.499417411552995 4.199528810844003 
1.2079874633633283 3.7376046674356824 2.1098729954595554 2.812873767078617 3.498106517945527 4.198425133006301 
1.3529301183040112 0.5407529241877891 2.110154385088347 2.813389632670367 3.499417411552995 4.1991070475399805 
0.2752380103754705 3.9640437683304452 2.1093650322617403 2.8127802744851014 3.500365551397339 4.198971458834498 
1.2094442371528482 0.42393219851716624 2.1096386716040536 2.8134628039608907 3.4989744207578086 4.201432354493036 
0.38062359038336274 0.9147534737697696 2.1094359256640027 2.813366800896131 3.531520949985619 4.237850320181441 
1.3093221507127417 0.3914308534181039 2.110152166193537 2.813395061064079 3.4991111529091894 4.1990803514475195 
1.95509588677074 3.9247657109465957 2.1093650322617403 2.812796958840402 3.500853443349622 4.237587297573845 
0.3837987339520149 0.2948139113357242 2.1271637921713262 2.811528418291781 3.4991111529091894 4.197499799373627 
1.3529301183040112 0.3484794637003501 2.1093596278067044 2.813412552013397 3.4988989975665294 4.1991086313780555 
1.1814671473319573 3.8528077483735355 2.110152065180799 2.8133907020026454 3.4994174316570517 4.199094695238448 
1.9753302003537607 3.903671790809099 2.1110262637260107 2.8133681963117483 3.530778607937994 4.235717539163691 
1.1799928353298015 3.8306413271967426 2.110123104038509 2.81340323151028 3.499417411552995 4.199528810844003 
1.1799928353298015 3.8135900525876485 2.1101240917726622 2.81340323151028 3.499417411552995 4.228364191003743 
0.39949251967123955 3.8150508283952225 2.1099205898071562 2.812358146572973 3.5300714044859403 4.2299590972604175 
1.285158466001147 3.6293431955732247 2.1099519671037825 2.8133767155217266 3.5018067612934827 4.199362223095947 
1.162608707079479 3.9135039475262468 2.109640551609769 2.813442049810269 3.5307655863530436 4.236212448451478 
1.355271655474593 0.4498844108700169 2.1096357015652627 2.8133591539196647 3.5300207303920117 4.238721564985609 
1.9482719453396973 3.9935282002328663 2.1109698316045202 2.813342657966055 3.530783371111421 4.237515887247106 
1.9876025523827456 0.6170295175949836 2.1101445620496664 2.8123118748987506 3.500346268731834 4.1998203052009275 
0.34469321191389074 3.8379708824492718 2.109494994674222 2.7924536738633194 3.5307168423081583 4.229754146251833 
1.3456143085727994 3.6599007189461688 2.109965169718674 2.8134079226334294 3.4989512346152103 4.201344095179571 
1.2138580516989745 3.7376046674356824 2.1098729954595554 2.8133676938626504 3.5315766755346996 4.238559630249135 
0.29413781147119655 3.9640437683304452 2.1093650322617403 2.8127802744851014 3.500365551397339 4.198976928779427 
0.3807338447429775 3.9998598093406352 2.09548216806151 2.8134066220180034 3.499480833133088 4.199533780894877 
0.03586057477661675 0.2568026406270294 2.11015558455231 2.813389079352013 3.499417411552995 4.199367963902903 
1.9351107399877603 0.7002525015273968 2.1098994009764787 2.814170180751057 3.5053607662698334 4.2379762173362865 
1.2564941458411556 3.7154136330824024 2.1091412075245106 2.8127627737592125 3.4994230512368065 4.199524422561897 
1.5463633515157595 0.006736260847011621 2.109901750126643 2.813349277703784 3.5318995233186987 4.144797123399421 
1.225816092076256 0.4547469760145286 2.109883405087572 2.813564668263286 3.499287804627392 4.199147714021562 
1.2941289866794765 0.4809133307113742 2.1101007988206093 2.814118552077395 3.5330277532158085 4.2399003084575435 
0.32038052149314666 3.9857630774119097 2.1098444238522194 2.813351185840816 3.501669122475736 4.199533780894877 
1.312979276945419 3.782490914049301 2.1096294509324762 2.8121330579055597 3.4991111529091894 4.199538276186534 
0.38087455657198255 3.9021339007652793 2.094873221684768 2.8137514622334687 3.5294937594829285 4.235906144298941 
0.383299294924706 0.38505073674039325 2.1096726311383116 2.812737355709289 3.499441645041224 4.199509911225765 
1.9605008782597988 3.9032440709685634 2.109637915491054 2.813481130413111 3.5315199094807452 4.239055361102029 
1.4432575418895333 0.05376776319278331 2.109739377064263 2.8128922859477994 3.529996500788312 4.229997734616273 
1.9876025523827456 3.948619634337783 2.110124996579223 2.8123118748987506 3.500346268731834 4.200224653492881 
0.3754602845287377 0.7561037790358447 2.1099598533007797 2.813438548210151 3.5300427321133574 4.200345718425294 
0.36684726708913146 0.5496645337366299 2.1101695054452545 2.8134690751864335 3.4978332535095773 4.199538092424126 
1.1797597873911405 0.500367913905698 2.1101537506846966 2.8133894200716076 3.499417411552995 4.2285915836936665 
1.3132745124528127 3.6599007189461688 2.1099552578564853 2.8121165633600156 3.4989512346152103 4.199498171008423 
1.4162379810473358 0.054928849599730434 2.110091066219999 2.813370667746246 3.4946275921432495 4.191999377607537 
1.9717449187829073 3.9181189726380494 2.1098726566926875 2.813366800896131 3.530098236458067 4.229974269741289 
1.9605008782597988 3.8836443221546935 2.109637915491054 2.813484249947615 3.5315199094807452 4.2286119525800405 
0.04775968068713837 7.685337460590358E-4 2.109892656739327 2.813321022563829 3.5299870576607244 4.229624136580991 
0.31137384621731634 0.6986245358486938 2.1099551478102927 2.813006393503663 3.4863506073080015 4.229368718087345 
0.43108374997411925 0.6950435268519999 2.1099651675821463 2.813387217416326 3.4989512346152103 4.201344095179571 
1.2093735761997915 3.8368403668466553 2.1096386716040536 2.8134628039608907 3.4989744207578086 4.201432354493036 
0.3754602845287377 3.9900091929513684 2.1093963850299855 2.813442698417298 3.529126703368558 4.200345718425294 
0.43196988861026203 0.6103123041300182 2.109965169718674 2.813389632670367 3.4989512346152103 4.201344095179571 
0.4102786422354598 3.8990620358078942 2.108520671513048 2.813386191778151 3.529027397035604 4.201353932677491 
0.4092679742395482 0.366898784119015 2.1093651888630305 2.813386191778151 3.4989512346152103 4.201353932677491 
0.38634322785288816 0.43400565240577893 2.1096508092001436 2.8114961016709676 3.5300207303920117 4.238721564985609 
1.3213302844507122 0.3386686774078649 2.1101007988206093 2.814131487390143 3.535161417642298 4.239397492096494 
0.34604135390546154 3.8471133867023077 2.109494994674222 2.8118738157725525 3.5307168423081583 4.229754146251833 
1.9856270994960465 3.902791027459718 2.109878491551902 2.8133612376438895 3.531889207648846 4.23585304181225 
1.9659521803607514 3.9771603792633092 2.1098726566926875 2.813366800896131 3.530098236458067 4.230127080492371 
1.985412948566894 3.9315206029807976 2.0939120031394776 2.812249473118196 3.5278360174501944 4.229104949608939 
1.987512967026162 3.987780416912546 2.1093650322617403 2.8123118748987506 3.500365551397339 4.200209741918971 
0.41483222212703796 3.8125235902667143 2.1099205898071562 2.812358146572973 3.5300714044859403 4.2299590972604175 
1.3529301183040112 0.25696492448537406 2.1095613184158144 2.813389632670367 3.5008522217821967 4.199136096326743 
0.4620466618698661 3.7232264743493 2.1091439616812253 2.813379260602559 3.499411154240804 4.199712046192923 
1.9381462740060664 3.9181189726380494 2.1098726566926875 2.8133663806929388 3.530098236458067 4.229974269741289 
0.3805513986604618 0.6320402011536416 2.109943789493678 2.8123516987332975 3.531198273195062 4.230029618973099 
0.38087455657198255 0.5911284452199652 2.094873221684768 2.8137514622334687 3.5294937594829285 4.235906144298941 
0.41461084375436635 0.7695856192455885 2.109637888880264 2.8141988452309676 3.531575616844713 4.238953478536118 
0.34469321191389074 0.5503358630437643 2.1094950032275555 2.7933579550035814 3.5307357551764307 4.23593380156058 
1.2178570739613193 3.8368403668466553 2.1096386716040536 2.812057912697963 3.500365551397339 4.1969009208444925 
1.171917280911696 3.957028922622256 2.109640551609769 2.813383981028496 3.5315199094807452 4.230107372047405 
1.225816092076256 3.8064555288608357 2.1098804640926585 2.813562403553498 3.531849683202189 4.243561057851072 
1.9451556989150034 3.902747595991026 2.109901314037621 2.8133669207069407 3.529969159926046 4.2378234757246 
1.904765790077387 3.99946042742864 2.1096147862211283 2.8106114020729676 3.5278360174501944 4.229254301406735 
1.9311694785354878 0.8169286111617187 2.109964290250432 2.814196114810102 3.4995968139023654 4.200970711814069 
1.987512967026162 3.9675077243247756 2.1093650322617403 2.813221821501693 3.500365551397339 4.254404647347727 
1.9872679963757944 3.9998104869146434 2.1096390366986597 2.812781516581996 3.5300134759423782 4.237008500785004 
0.2273563504652678 0.9116492630251245 2.1101871161628276 2.813366242222834 3.5297344170001033 4.237867093615579 
0.2994732706850639 0.6986245358486938 2.1099545489708693 2.8133885147280706 3.532001926230503 4.229368718087345 
1.1748573143885568 0.57307885511643 2.109965169718674 2.813389632670367 3.4990054586261743 4.22992341463337 
1.9403050581787697 3.903150868294313 2.10990120641617 2.8133606206983366 3.5299870576607244 4.23585304181225 
1.9716179134411178 3.9935282002328663 2.111009189468359 2.813332198996162 3.530783371111421 4.231008907816946 
1.1799928353298015 3.946643034443667 2.110149285235104 2.81340323151028 3.499417411552995 4.200826662154901 
1.3456143085727994 3.6294455049654166 2.109965169718674 2.8133785552079713 3.4990554329540067 4.201344095179571 
0.057619305728369374 0.11926299689707509 2.1099519671037825 2.813389136396736 3.5018067612934827 4.1993681055096745 
0.383299294924706 0.34126650517019197 2.1096726311383116 2.813389632670367 3.4994337780877576 4.199509911225765 
1.9500743763048858 3.972710317908315 2.1093808927347797 2.811998432766183 3.5300929878953107 4.238989053992558 
0.43543265634370637 0.5436663640172928 2.109965169718674 2.813389632670367 3.4989477741696113 4.201344095179571 
0.43543265634370637 0.24305809424900993 2.109965169718674 2.8127190036956984 3.4989855008674082 4.201339038465895 
1.1669337975727376 0.5407529241877891 2.110147544788206 2.8133409216912235 3.4994313305420492 4.200804779052906 
1.3085935248005365 0.22856269444052324 2.109901261013839 2.8134008119092724 3.527666745002509 4.2388135183407565 
0.4034407754602381 3.7376046674356824 2.1098729954595554 2.811527887754954 3.5315766755346996 4.2021488458281935 
1.3050433249336568 0.5180770216825681 2.1101530817171517 2.8132657258475824 3.5300427321133574 4.199069980933315 
1.3211546799637264 0.3386686774078649 2.1101007988206093 2.814118552077395 3.5330277532158085 4.239397492096494 
1.9178197135992372 3.980499371701477 2.1093650322617403 2.812796958840402 3.500365551397339 4.19912192432419 
0.43543265634370637 0.57307885511643 2.109965169718674 2.813389632670367 3.4989512346152103 4.201344095179571 
1.179306248131462 0.5615894730568523 2.109633354415755 2.8119984436443497 3.530092407933313 4.238955432724321 
