1.7906015972725584 2.8369012176686366 2.099342698558516 2.801556391790242 3.5051964729282865 4.205059220244863 
0.0024898169041406293 0.0012522948834913228 2.0980796231172048 2.8040900210181263 3.502463412863099 4.204910614821816 
1.5782610663211847 2.996396266673454 2.098639910390141 2.8035324754998303 3.505082168771841 4.206133853435543 
0.9046563923140876 3.017010780629395 2.097996418489023 2.804087248889031 3.5052036127291455 4.205936875997496 
0.7350024290908173 3.0425372588194275 2.0992623527770706 2.804014842183392 3.502533108422503 4.20622488578816 
0.11102235365447279 3.018169138401491 2.098558112344895 2.8040890890116947 3.50499213076057 4.205934322400836 
0.001591783452394968 2.8369012176686366 2.0980810223976167 2.804096448077122 3.505166804584136 4.205086066343671 
0.820579079257205 0.03896984236697931 2.0981030925944464 2.8037538927700876 3.505206988138824 4.206301585297271 
0.7317894898573089 0.03896984236697931 2.098081407055753 2.804085659909792 3.5061011021595863 4.206297275084093 
0.0393019062875659 0.9606197281855484 2.098062722442011 2.8038503100671557 3.5051954499574425 4.205022919612381 
1.6189257125946646 3.016371379264491 2.097996418489023 2.804087248889031 3.5052036127291455 4.205936875997496 
0.6985618248023217 0.03896984236697931 2.098616617659045 2.80364020472514 3.5061011021595863 4.206297275084093 
0.010993577674524545 2.902520328318062 2.098551070267191 2.803590384325194 3.506177346038152 4.206701905647561 
0.0027120009178069407 2.860285556919845 2.0986214703273744 2.8040900210181263 3.502463412863099 4.204910614821816 
0.14943945402396785 0.03896984236697931 2.097996236207817 2.8045277057969757 3.5023585847852576 4.205012956130763 
0.9038255918062339 2.9485997532784634 2.0980623000511254 2.803840175827903 3.5063367302352995 4.205976695407077 
8.715247812851462E-4 1.1999015558546728 2.0979923775556344 2.8037625829160095 3.5051646351226897 4.205089358120956 
1.6745308042060134 3.018144307602701 2.0979321115308602 2.8039775770283297 3.50575727350428 4.206288524289141 
0.751594997499133 3.0430561774226232 2.098584954792483 2.8035406412396155 3.5050420930387207 4.206836818930852 
1.5782919433829252 3.0623865710261495 2.098617063821915 2.8042094505257062 3.505178817592316 4.206121449527221 
0.025787444796524766 1.1147344463605258 2.0979518677377937 2.8038654473949616 3.5050455650150116 4.205124508101149 
0.732630124857679 3.0669698867834265 2.0986300845448276 2.8040716346541537 3.5061876690679643 4.204993225942126 
0.9129077494854063 1.0733024133286297 2.097996418489023 2.804087248889031 3.505194373096383 4.206023084289488 
0.7295602240117798 0.08392957728965822 2.099297837559386 2.804031289573982 3.506183229762099 4.206161534329691 
0.011963073355978793 2.92384964536512 2.0979933251519762 2.803298800636414 3.5061483146216976 4.206145830160549 
0.7361634077286062 3.0473464200226967 2.098576923917114 2.8040283954531913 3.5050389892688 4.206168492747927 
0.9043237372109009 3.017010780629395 2.097996418489023 2.804087248889031 3.5052036127291455 4.205936875997496 
0.05837386856272931 3.059393150595109 2.098079966709559 2.8040926241890873 3.5024732245122494 4.204916032175695 
1.8107530701063839 2.725527641200948 2.0981039173872924 2.8035313789647582 3.5061622489954587 4.206649609864426 
0.07226342690632936 2.9124483556255285 2.098622174532095 2.8036267543639837 3.5061834917826786 4.20623207062034 
0.058505840075696584 1.2703782474087753 2.0979019599487216 2.8041132164986577 3.505223849564798 4.205207309885883 
0.001591783452394968 2.8388807207415017 2.098081441671977 2.804096706047533 3.505157988415024 4.206204683554235 
0.9126806596710811 2.736176160448679 2.098106165282396 2.8041120318718256 3.5095008944042516 4.206286923421087 
1.7693396353262978 2.7343321563353555 2.098082197448951 2.803665603193257 3.5057872829585297 4.205228879955931 
0.05388903114782945 2.8043090113200475 2.097973936141509 2.8036711314238434 3.5052179349136305 4.205788738608958 
0.7196439189986469 0.15639076878467795 2.0979818459012742 2.804112401572168 3.5051482260901463 4.205013216430574 
1.5939247202660758 3.042126108937184 2.0980351660130028 2.804161019732124 3.5058777168187305 4.205081888788939 
1.7873783269724521 1.097333541826857 2.097951153445559 2.803867815709907 3.5061325769598284 4.206677946718826 
0.033667680315372595 1.2908947338817351 2.0980801205953767 2.803983016812902 3.5051927430475813 4.206296830671454 
1.802292148341853 2.726022423335128 2.0979893240700274 2.8035313789647582 3.5051488283525263 4.206616567100955 
0.058505840075696584 1.1864966075098402 2.0980929578300174 2.8041133907654365 3.505223849564798 4.205208870845022 
0.02344338307438315 2.836651950807654 2.0980810223976167 2.8040884184728747 3.505177866846996 4.205086066343671 
0.843722426675192 3.02479443283954 2.0980926573239786 2.803865564286859 3.5061454799013307 4.206121449527221 
0.039674036866905404 2.884317336868649 2.0993339787995793 2.8016340573472354 3.504660381448762 4.206528210419253 
0.03602761949143983 2.9477329517981814 2.098041150499253 2.803946582252182 3.5050329621251297 4.205033978618949 
1.5915386066660502 3.017779381818893 2.098098674198856 2.804136175852923 3.505042810344209 4.20546691009002 
0.019648852692745522 1.3747561827691555 2.0980860005952953 2.803983016812902 3.5051928467790003 4.206296830671454 
0.033667680315372595 1.210992177646584 2.0980801205953767 2.8039420916737177 3.505012335997163 4.206296830671454 
1.6907220957327531 3.017573495387276 2.09931212376019 2.8040020602616873 3.5061836045972594 4.206288524289141 
0.0013292401150489797 2.983225814564147 2.0980796231172048 2.8460814326465145 3.502463412863099 4.204910614821816 
0.03602761949143983 2.907409424492246 2.0980615872368444 2.8039606116470512 3.5061571620363794 4.205033978618949 
1.5871158350835348 3.0183507828123313 2.0979316062878324 2.8039775770283297 3.50575727350428 4.204976472814409 
0.05837386856272931 0.0012522948834913228 2.098079966709559 2.8040900210181263 3.5024732245122494 4.204916032175695 
0.8500364944176869 2.993515635976828 2.0979934564694283 2.803843305824008 3.506220350476385 4.2049652813242515 
0.8201547885235916 3.0483295813495386 2.098566315372312 2.8038298608047127 3.5051586588625576 4.206276795643296 
1.5887426813287209 3.1171016988667377 2.0985982390384823 2.804202003212148 3.509445808095144 4.206287775524458 
0.7361790175803323 3.1472710824517764 2.098584954792483 2.8035406412396155 3.5050420930387207 4.206836818930852 
0.8361950378284122 2.9904343783959035 2.0980614896094045 2.8038500288880646 3.505152736571418 4.206244360857179 
0.09218325995366278 1.0744978284677147 2.0985578084089735 2.8040948391473757 3.506289116275374 4.2050451119471814 
0.010496235059054115 1.1150162080343198 2.097989564227372 2.8035033749556484 3.5051646351226897 4.206141021653446 
0.9126806596710811 2.714460992239341 2.098062201831528 2.804111985623481 3.5093576605036993 4.205032530407715 
0.8009713109212696 2.9908195466488645 2.099325190038224 2.8040307897130208 3.506183343189729 4.206205840587841 
1.5889565033429176 3.108016622895528 2.0980926573239786 2.803865564286859 3.5061454799013307 4.206121449527221 
0.935923585900344 2.7731961956973756 2.097990782115264 2.8040416302058033 3.505258575709606 4.205090934040263 
0.8069512639427654 3.038685955038116 2.098098984618299 2.804136175852923 3.5061397048351592 4.206178402169987 
1.5782610663211847 3.0538988330681334 2.098098532125173 2.803867679451689 3.5061286317520075 4.206129162299493 
0.8398069747465754 2.8910626113846973 2.0979935938527148 2.8036141444055196 3.5050837642658426 4.204993875420418 
0.025787444796524766 1.06873934653896 2.0979518677377937 2.8038654473949616 3.5061325769598284 4.2051075602630466 
1.4740686609703018 3.2107565170430425 2.098584954792483 2.8035406412396155 3.5050420930387207 4.206138094545183 
0.8322547684201385 1.2107101599990195 2.097976721634573 2.8037625829160095 3.506158617960865 4.204999355210448 
0.7664228039363643 3.0749835765945503 2.0980291383082963 2.803747601912671 3.5052036127291455 4.205936875997496 
0.011281162615210068 3.067732768869374 2.098078555962626 2.803318448273025 3.50617419296635 4.204916032175695 
0.7572910150568388 3.067891344509951 2.0979897194328094 2.803507977599305 3.5052128841591146 4.206171344908128 
1.5889565033429176 3.1262714799679294 2.098623427848136 2.8041945717704135 3.5061555236040314 4.206650628569135 
1.5618756839501562 3.1120417613577693 2.0979778726763003 2.803590384325194 3.506177346038152 4.206700546149001 
1.5782610663211847 3.0248354879200328 2.0985958881035924 2.8036141193288056 3.5050500589347564 4.2062984924281865 
0.03926653522803039 1.1525456704477328 2.0993339787995793 2.8016340573472354 3.5052097082184654 4.206573107981807 
0.03135979482089535 3.0456959916576696 2.0985758651915805 2.8041089719684 3.5050377487617532 4.205113932528169 
0.11102235365447279 3.016320107110121 2.098551663301701 2.8040890890116947 3.505013574533018 4.205934322400836 
0.033667680315372595 1.2587255206519707 2.0980801205953767 2.803983016812902 3.505012335997163 4.206296830671454 
0.036446195145111736 3.0456959916576696 2.098041150499253 2.8041089719684 3.5050377487617532 4.205113932528169 
0.06500216451568597 2.944680589299161 2.099377130385953 2.8034743685166488 3.5061614442117084 4.206296843585953 
0.11102235365447279 2.916969641269303 2.098551663301701 2.8038708648504906 3.505013574533018 4.206635367119496 
0.12380086842775218 2.9027028320914 2.0979513318353584 2.8039606116470512 3.506161403557386 4.206701905647561 
1.6010914386686863 3.042126108937184 2.0980351660130028 2.804161277702535 3.505874892509131 4.205063437460365 
0.10015045278482249 2.8379357068855957 2.0979712269694577 2.8015513355684734 3.5061483146216976 4.205198687310472 
0.13115481147245678 1.0732792714585078 2.120355443882521 2.8040872599963893 3.5062603981707685 4.206023084289488 
1.5908144649657556 2.9904343783959035 2.0980614896094045 2.8038497680692984 3.5062277429708657 4.2049652813242515 
0.03947663316031008 2.9256044881191534 2.0985271363512745 2.803511064778495 3.5062067547625095 4.1975978052292815 
1.5328014208599197 3.108016622895528 2.0979507167897253 2.8035975647505267 3.506160173076997 4.206522975508453 
1.6616252991492806 2.841177039263458 2.0980717037019594 2.804134206431593 3.5061577811676927 4.206203813482149 
0.7849554473874738 3.009146014067137 2.098061492870206 2.8038508107043154 3.505152736571418 4.205980244656124 
0.0038083943065313243 1.06873934653896 2.097946144070127 2.803536766804589 3.50513812879194 4.205102142909166 
1.5521853382471333 3.102620922982145 2.098098984618299 2.804136175852923 3.505042810344209 4.206178402169987 
0.935923585900344 2.7259624019094915 2.0979963352729345 2.804044559032135 3.505300046030164 4.205090934040263 
0.02575917197160197 2.902520328318062 2.0979664229538577 2.8039606681977216 3.5061571620363794 4.206708776650268 
1.6745308042060134 2.8386487614209415 2.099316589305715 2.801565790872973 3.506167695923583 4.206364963960324 
1.7763017001024115 2.725527641200948 2.0980962912975203 2.804090662045248 3.5061622489954587 4.206649609864426 
0.8520949496069306 3.026055595553868 2.0980926573239786 2.8039459233720385 3.5061454799013307 4.206168001442023 
1.6049266877146862 3.1087123993476773 2.098622174532095 2.8036141193288056 3.5058146414193043 4.205226185637747 
