1.362717823477992 3.694816143156995 2.103354014650159 2.7977713283438614 3.4931283903553854 4.215675597810996 
0.004781958325052238 5.32241058469024E-4 2.103488463254088 2.7978088858347134 3.492652525820823 4.216377306429406 
0.6733209598708237 3.481485964540162 2.103449590413843 2.7971257672523757 3.500796899348862 4.2040843306819005 
1.3836442641061357 3.3858299303821338 2.1034359193642427 2.805558682290414 3.5063415941790907 4.208514194205808 
1.3185693514811652 1.8753462339889886 2.1034842613292857 2.7977594684622606 3.49248774038519 4.216409065823454 
1.38870188789187 0.4637459087661152 2.1033816804664762 2.797513218022009 3.4937427293620114 4.215086236861896 
0.6198171851534479 0.44038290135220787 2.1039634526111004 2.7971522889253135 3.506782389067226 4.20443076338877 
1.2172762040377698 0.4051214112916662 2.1039745740113913 2.797150043076369 3.512608770566005 4.215087501266543 
1.370984332809543 3.439039850032801 2.1035670564696636 2.7971825119242566 3.5001703300879488 4.204080038348725 
0.519049758037058 9.357958416844354E-5 2.103513614160899 2.797863667319213 3.492714192733134 4.215170425550755 
1.4401146868646966 3.368134825068039 2.104019607847453 2.797427799046561 3.514813488563394 4.216407113595253 
1.3868769810114723 1.8212756718747927 2.104169766039116 2.7973869622684604 3.493154871907736 4.214603044582346 
0.5409169214782243 0.016362469434706428 2.103485095646713 2.797928185214296 3.4929580615294347 4.216374119340944 
0.519049758037058 0.14135617005213652 2.1035120062905888 2.797765290655204 3.492714192733134 4.215170425550755 
0.4661918358527631 0.20307168170818946 2.103357292494026 2.805925456017167 3.51253614560499 4.215708347575556 
1.390744437248158 3.3816629204768542 2.104012917693673 2.7977064414286232 3.49248774038519 4.215425538768838 
1.3348319224488834 1.8753462339889886 2.1034771781884616 2.7977648304075227 3.492258283325204 4.216413716995759 
1.3531339971568803 3.5859708659472544 2.1040803956598775 2.7977927286135857 3.4953484154229 4.19291828642469 
1.3276323787358757 3.694816143156995 2.103354014650159 2.797742724548739 3.5132150606899666 4.214495449485497 
1.3425441319009166 1.8814488318142502 2.103471295106842 2.7979156892865182 3.512728237455226 4.215667757944265 
1.38870188789187 0.2637446278731278 2.103939980899899 2.805716159995161 3.493772681565746 4.215096730416384 
0.5192026213993706 3.5163553153185974 2.1040086049374804 2.797485585708708 3.5005436923451567 4.216279214997311 
1.396663575570793 1.8943669609453309 2.104146615599314 2.797832992086808 3.490751422103014 4.216106408566133 
1.3292514147266208 1.8734428289655036 2.1038874974173742 2.805699396167532 3.4934058080021773 4.214573727919966 
0.6060948235356979 7.260281583154615E-4 2.1034873041877944 2.797481249904984 3.492742364491364 4.216377306429406 
1.3195833469698754 0.21252765010818742 2.1040124520088255 2.7981015679727523 3.4921978236865296 4.20454169134296 
1.376949579137359 1.8912151498896221 2.103931976638748 2.7980393314874195 3.494458925143416 4.214566930177146 
0.008627537849490274 0.11786487934108215 2.103973478187878 2.8050663315283373 3.5007101073968956 4.209880497074293 
1.4003712896853546 0.37312591784285976 2.1040122771645677 2.7978844145248805 3.511937424686744 4.216090315214447 
1.250392558048531 3.7651419400511106 2.103354014650159 2.797927444298071 3.49220269633872 4.209119476559743 
0.5657124978580899 0.34690486035180723 2.1039275823242845 2.7973871432290567 3.4930800023945556 4.214563574322313 
1.3984718254129374 0.1055502030280907 2.1040001696653996 2.79792878123851 3.5143408452747007 4.21452081216649 
0.032947212359979244 0.2682902332910261 2.103991394734507 2.79710536156253 3.5064143225629527 4.2043385897374455 
1.3868769810114723 1.8835334391781227 2.104171056003197 2.7973869622684604 3.4914948213273456 4.2145329649257475 
1.2501396782927916 3.695484939895472 2.103354014650159 2.797915487790124 3.4931319518998523 4.209539883744743 
1.3188296805503206 3.694816143156995 2.103354014650159 2.7977618808969136 3.4931283903553854 4.215675597810996 
0.588649368336112 1.8838770123565314 2.104018288305945 2.805938428819379 3.4927339469696466 4.214763375204482 
0.5521721763258209 0.29814562665387156 2.103449590413843 2.7971257672523757 3.5006601961596133 4.2040843306819005 
1.3327274548883052 0.2016937464901658 2.0982149018440084 2.805603995649215 3.5144092993174554 4.216412388708181 
1.4460007902436156 3.336432300937191 2.1040150172830603 2.7971490681595395 3.514063790673735 4.217531909672249 
0.588649368336112 3.5407513874245966 2.103497861405507 2.805609132693431 3.4953483559198104 4.1930629209914505 
1.3184972292554444 2.09978821300612 2.1033612596930347 2.7971671946463323 3.4931283903553854 4.215654913898386 
0.6194373256645034 0.1338398600441515 2.103560215496357 2.8051719280359007 3.5005424327781283 4.204047039591375 
0.5289642340104854 3.694816143156995 2.103370592787332 2.796969277532375 3.4931581338748363 4.215771437283696 
0.5782466356327741 0.44038290135220787 2.1039722558422533 2.8054837500946066 3.50678458441578 4.20443076338877 
1.3868769810114723 1.8538606229572179 2.1034730290077266 2.797381228475912 3.49308012683823 4.2145329649257475 
1.334426516963931 0.24713777521955174 2.103825536852798 2.8058323858231686 3.5144929284738473 4.216407113595253 
0.623975988564857 0.1055502030280907 2.1040001696653996 2.7979228367545015 3.514446182930863 4.21452081216649 
1.4093780215552276 0.25590410306044864 2.104093741833828 2.7970139967782033 3.507009801908155 4.193136154770069 
1.3695778171277229 0.37312591784285976 2.1009456210400668 2.8055800225256484 3.5071700652143227 4.2145255704430955 
0.5673293850012532 3.4475416986959893 2.1034867434281996 2.797848415232434 3.5149058115440233 4.216374119340944 
0.6198171851534479 0.011048021687019238 2.1035111279570007 2.7971465916469516 3.506480803475282 4.215977621539086 
1.38870188789187 0.22434497039199797 2.103939980899899 2.797537061933531 3.4934495239164134 4.215081826775438 
1.3868769810114723 1.8376546627080617 2.104169766039116 2.7973869622684604 3.49308012683823 4.2145329649257475 
1.3346430322426865 0.20686042375198155 2.1034359193642427 2.805558682290414 3.506200157481689 4.20866261426426 
1.390744437248158 3.4245121939139747 2.1034843711770743 2.7977594684622606 3.49248774038519 4.215438390130028 
1.346087551889184 3.6183078221076315 2.1038903477711925 2.805699396167532 3.4935954340232 4.214573727919966 
0.6288302244858042 0.06851735321513908 2.098940268578569 2.797088029786956 3.49467358583934 4.182602122724191 
0.5964884959571001 3.439039850032801 2.1035670564696636 2.797176567440248 3.5002756677441114 4.204080038348725 
0.6054050240769896 0.2987747149446296 2.1040126934438863 2.796693170775016 3.4930433733916333 4.216526642779874 
1.3531339971568803 3.667828076021168 2.104141844193632 2.79779311647718 3.4953230060723923 4.19291828642469 
1.3868563788885957 0.24940112119168575 2.103825536852798 2.8058323858231686 3.5144929284738473 4.216407113595253 
1.3873279981266737 1.8376546627080617 2.104182873153642 2.7973869622684604 3.4937356413277696 4.2145329649257475 
1.434553001907672 3.451009222612763 2.104292257702225 2.7974049094790296 3.511937424686744 4.2160569623847 
1.3813457382496708 3.6183078221076315 2.1038903477711925 2.805699396167532 3.4935954340232 4.214573727919966 
0.6170898752631809 0.004017837973843974 2.1034763587033316 2.7978615831145053 3.506726498549559 4.216566997490546 
1.3868368433073672 0.4512066005037182 2.1033853571061933 2.7973869622684604 3.49308012683823 4.238965206375414 
1.3316116118167811 3.575348668857823 2.096105970780652 2.7970728741935376 3.493080431267492 4.213738687954419 
0.5468455098131155 0.18858831205519455 2.103944079788202 2.797541104469858 3.4934495239164134 4.215086721771403 
1.441552678242531 3.336432300937191 2.1040175852469165 2.7971490681595395 3.513385319655534 4.216099230982695 
0.5409169214782243 3.5917527567650245 2.103490505527622 2.797848415232434 3.5149058115440233 4.216374119340944 
0.5497871827114599 0.34374907280396916 2.1039275823242845 2.8058375364227355 3.4906949895830284 4.214563574322313 
1.3868769810114723 3.3873827217985277 2.103344607153438 2.797381228475912 3.4946911748668645 4.208923711455481 
0.004781958325052238 0.024947273939977643 2.1034873041877944 2.7978446413836706 3.493188027504689 4.216377306429406 
1.4302207358629917 3.3497437769945537 2.103348302883572 2.7970742127352226 3.494658888419958 4.208841408922746 
0.637298574209198 0.28304416844216695 2.1039915260081266 2.7975329469379107 3.493436022374892 4.215084139119031 
1.3984718254129374 1.8726727877581206 2.1040001696653996 2.79792878123851 3.5143408452747007 4.21452081216649 
1.356149829949132 2.105490544930402 2.1040010635449486 2.805363310660047 3.4940791367085517 4.2146228753425055 
0.5523190379922837 1.8375636476721098 2.104165303811781 2.798253330852159 3.4959793807470287 4.214532608714982 
1.3677401909016709 3.5377352955511543 2.1034257698194954 2.79753126986106 3.521256689188071 4.215473522451248 
1.4457620609794646 0.09264461640592292 2.1040173436489695 2.805293027054423 3.493080431267492 4.208873731875126 
1.3457674802604256 1.833499193781589 2.1041694858031157 2.7973719643791224 3.493898653742792 4.214611988871727 
1.4032489421826098 0.15062683819330058 2.1035120062905888 2.805652604924017 3.492714192733134 4.2085360595307595 
1.346087551889184 3.504829378217017 2.1038903477711925 2.805896077503561 3.4935954340232 4.214573727919966 
0.5700571014430875 1.850727186247218 2.1039722558422533 2.8054837500946066 3.5073529727285013 4.20443076338877 
1.318262853524217 1.940509584179436 2.103485866885181 2.797169187482381 3.4930554437195775 4.216249079675358 
0.5190742908932404 0.38622420194891505 2.103909302120089 2.797509845341981 3.512897622835747 4.2150818094422675 
1.3882742085347979 1.9286420105420863 2.103506104661011 2.7975034799629523 3.5123340747581877 4.215603868397488 
0.6506668615041852 3.477634821892967 2.1040150172830603 2.7971490681595395 3.514063790673735 4.217488724691383 
1.3686869816139922 3.4983583634719384 2.103926858377042 2.805153286154346 3.4919862859702904 4.209690536266918 
1.3195833469698754 0.3304545448331111 2.1040124520088255 2.7981015679727523 3.4921978236865296 4.20454169134296 
1.4024676782748877 0.08494519702637437 2.103474910678424 2.797123441127795 3.5072303719913296 4.209571852498541 
1.3677401909016709 3.481485964540162 2.1034257698194954 2.7975316011300446 3.5006239690858973 4.209459411972186 
0.01887074473846287 0.2651787377322605 2.1039850788730465 2.7970893030097037 3.5064143225629527 4.2043385897374455 
0.5190742908932404 0.2666650540605412 2.103909302120089 2.8056889434036107 3.5132207804850797 4.215096713083214 
1.3881945045713342 3.3771194300566276 2.104156814128517 2.7969242123179177 3.493080431267492 4.214806549472676 
1.358873018268567 2.059572771910366 2.1033554578086737 2.79783011763818 3.514697788400635 4.215711722150071 
0.5176128447652604 1.8528164795883564 2.1040258252062416 2.7972034932242376 3.5131255566129735 4.217412703530207 
0.5523190379922837 1.9112861022660244 2.103931976638748 2.798253330852159 3.494458925143416 4.214566930177146 
0.5143094134048443 1.9445418233727008 2.103449590413843 2.797205121703131 3.5008400784581593 4.209428632195503 
