0.958947201737351 0.022859681162758924 
0.2935339221715835 0.46169766820781394 
0.2931238634700165 0.46204946329265334 
0.9591389148811391 0.022163265700271675 
0.1450762029261698 0.6354512230920133 
0.14786568399118874 0.6335923794292323 
0.9589640046649733 0.022766774193229786 
0.958759831298445 0.023487727369782115 
0.2961746220615523 0.45871614451056814 
0.9587600417778087 0.023473699951887927 
0.14555010600289522 0.6352291093601942 
0.13417135236775576 0.63878036217366 
0.9620331170041272 0.021257769025331354 
0.12855700344974516 0.6474574773039482 
0.29671843721746827 0.4584769742445645 
0.13724596707545042 0.6364284505537184 
0.12909292816604 0.6456743027496422 
0.30994924596303797 0.4584169912940825 
0.29309393590937777 0.46207169159935707 
0.9611375143761344 0.021258320168322395 
0.12830426452301508 0.6606967744655231 
0.958965726672829 0.022216481642196695 
0.14405649454398956 0.635984411705959 
0.14577112624993355 0.6348568066662834 
0.1494316776655653 0.6322564957063191 
0.30246074714762466 0.4584310966311687 
0.13014615684160044 0.6456495315467183 
0.14959336454155964 0.6315276489580857 
0.29464919381075955 0.45953637343057924 
0.2936933027086621 0.45985243398405196 
0.9623293116865941 0.02096634666185222 
0.2967577024593576 0.45846735226219043 
0.1341682713994867 0.6413395540109179 
0.13436607543210793 0.6378657859253862 
0.1315208460777377 0.6456490836664568 
0.12907950848608324 0.646657271248698 
0.13587249184336553 0.6368462476506649 
0.12841280198301017 0.6515411217071375 
0.12849872011032978 0.648416551536803 
0.13690316127244076 0.6365064885854809 
0.14902477813632262 0.6322966340155022 
0.14840599473746607 0.6329012383347845 
0.29257140971857737 0.4623820401912789 
0.29384309037439255 0.45971621063909823 
0.9597335717842602 0.0217121697135417 
0.9626674713575417 0.02081446771574713 
