0.3598748818785032 0.408723374644062 
0.34980607275511183 0.4131204841786256 
0.3601417279967731 0.4086698617085822 
0.3639561495584012 0.4031005093596383 
0.352194743256718 0.4113995788356617 
0.3524221888217653 0.4113726718085856 
0.34702890933216923 0.416696092546711 
0.6848578253335081 0.1755197798177583 
0.3627068542288922 0.4043963416253875 
0.6847858332279784 0.1759038758572105 
0.3627068408427742 0.4047584386194127 
0.3500074582953296 0.41244277272401225 
0.3511937490585422 0.41197573549543515 
0.35254297121374056 0.41134337224000295 
0.36496879495196294 0.40208916757620733 
0.3611183592517662 0.40600186306622904 
0.6804867670700188 0.1813092249600854 
0.3470275459502104 0.41929299276802656 
0.3494161420890041 0.41403637972686697 
0.6729631970862255 0.19883718058895358 
0.6846293705171358 0.1765670919011791 
0.3635902431990434 0.4031266398403259 
0.6884804368135967 0.17504236266328516 
0.6848990366949809 0.17539091756687225 
0.3527384083913066 0.4113091936696092 
0.6843404448610612 0.1768745519286151 
0.357514672453916 0.4089282429806856 
0.674742969723071 0.1864945069502442 
0.6940539820554119 0.17406899155752859 
0.6992629289650366 0.16895835639889156 
0.6851983567798868 0.17531184187232765 
0.33924551694634236 0.4581652373757553 
0.6747971783511858 0.18600563955359503 
0.34274146979774633 0.42530405123655546 
0.6802779476178761 0.18164569638841896 
0.695248002199703 0.16934209668871378 
0.24147326462749974 0.6685219379439266 
0.6726898735696644 0.20899789705876226 
0.6726934552705555 0.19904559174420489 
0.34043951645974363 0.4274735475409326 
0.6738821544797857 0.1924472859686884 
0.6732650490182175 0.19253344353193175 
0.6923396466708398 0.17438270237659617 
0.3656616602318364 0.40164511931780505 
0.6825579974932339 0.17769358804441315 
0.6731043495817804 0.1925358490991966 
0.3393355028748397 0.4530693485398689 
0.6959501214020585 0.16899182363869947 
0.6745717418758862 0.18940632347600847 
0.7026831376246757 0.16878404439009048 
0.36499995028017673 0.40178504151317546 
0.6904735840341821 0.17458670858817102 
0.6873132329709625 0.17530355803948763 
0.3393611506472141 0.433195582620277 
0.3396668307023305 0.4291206362655491 
0.36448904947459926 0.40307000292181816 
0.3633208654770268 0.4037470061387369 
0.7010600510965941 0.16878487364203348 
0.35640127269616406 0.41011765226567576 
0.6822379654554239 0.1787617895141875 
0.24096407905917103 0.6698975300541571 
