0.8156234512570825 0.10116514755945027 
0.1254927911054649 0.6599667372639831 
0.16653440710251574 0.6218861302012753 
0.4589778972217907 0.3322238171494195 
0.49112449698611854 0.3103565029463765 
0.7924557570494762 0.11742261604635626 
0.15590814305125533 0.621978264322865 
0.1397539450025165 0.6352133759829828 
0.4748816527650385 0.3130717740078921 
0.48547902857455294 0.3105251067760032 
0.12584113538978947 0.6550615468881624 
0.14010259388254112 0.6290799514758642 
0.4746417581068627 0.3174182975312424 
0.7939415975965244 0.11220808497647955 
0.12552225042669377 0.6591393930455919 
0.8031635088950027 0.10726583587742161 
0.1510930177541696 0.6226394490552334 
0.47144315364915607 0.31888085113121944 
0.12599452457941704 0.6526736508419294 
0.45904259508854556 0.32814421474619415 
0.7967942437644422 0.11136233656427245 
0.4590128902986971 0.3318387937994909 
0.7988729581894118 0.10855636656683937 
0.8013522590611821 0.10806398697299396 
0.13743092668095883 0.6357952855221519 
0.8071622721945915 0.10690851009993911 
0.14502250877602985 0.6257342109905737 
0.4680759593546949 0.3192887911608023 
0.14636975574000327 0.6243481627311951 
0.47750225695871873 0.3122454587930901 
0.7939367019126119 0.11381358146539025 
0.1405885578412282 0.6290793451127191 
0.4628914402346753 0.32402449244438114 
0.46017476188959616 0.3253528408568009 
0.1289735509853026 0.6450888563233117 
0.4829405399745157 0.3108238192110582 
0.4594440077711764 0.3262452059530387 
0.12843100017964884 0.6458186432186749 
0.4643186949425124 0.32330684330412696 
0.12675833313518214 0.6491671584552785 
0.14192608864109862 0.6271842942564058 
0.792595523018479 0.11490251383278369 
0.1546243152326798 0.6225680912194096 
0.4723117641711063 0.3184033063108709 
0.8088427063691599 0.1040648005310469 
0.8115022375085931 0.10201907373822096 
0.4743879373792861 0.31830260319883047 
0.132737352670078 0.6406545695167253 
0.8142653142349975 0.10139267031665264 
0.13227963841396143 0.6418733179778977 
0.13677017249093268 0.6375554795857838 
0.48078794064557007 0.3114335352931979 
0.4653426586430314 0.3208822913810377 
0.7978484985423968 0.10921832162044366 
0.14305314528381272 0.626355643963603 
0.12990083353761836 0.6437214167716977 
0.13533099313764382 0.6381876664441617 
0.14963568461504895 0.6228849841576496 
0.12659737402432814 0.6508078318216303 
0.1283641489925077 0.6478354386966614 
0.12599865354902498 0.6510170264993768 
0.48190453880822653 0.3109124098009543 
0.1489828374207795 0.623461215376094 
0.46771570593731004 0.31960590467045275 
0.13685636781273555 0.6366766634820848 
0.12715042870660356 0.6482017392183738 
0.8020736236745574 0.10732610353096712 
0.13114576480155488 0.6421551037280455 
0.4590432604544769 0.3276915235543483 
0.14345698371235177 0.6257432094641798 
0.8092944722541061 0.10227357519058809 
0.7927903613316966 0.11466677988702757 
0.46664125574718895 0.3204230401734067 
0.46136193166745604 0.3245048366470032 
0.13314030428809892 0.6392182765766288 
0.13101020301327487 0.6430783960856866 
0.4648102470600472 0.3220763846373722 
0.8093182617007512 0.10224186574954906 
0.13431290107108806 0.638562230807175 
0.8073950997355245 0.10496585369322964 
0.7977601058570271 0.1103112648484826 
0.8125998929221161 0.10152048448115533 
0.8072364289523014 0.10622775018946892 
0.1481543786040124 0.6240100710785419 
0.79684521580176 0.11040756855643938 
0.4795616934459618 0.3117022039574862 
0.14737969463128797 0.6240258475450764 
0.13290694428143418 0.639529324534567 
0.14192711384303525 0.6271192093480882 
0.4789046758753906 0.3117099746061155 
0.461418217568472 0.32425336810848393 
0.4775966728435126 0.3118458751857028 
0.15465822240723745 0.6225465682597838 
0.4645817271608302 0.32232057826531235 
0.13013731759769093 0.6434221116871763 
0.46607123095245695 0.3204406662821915 
0.8084429227957468 0.10450127833164471 
0.8119784777429537 0.10152223018002364 
0.12808309996179737 0.6479500257479001 
0.8080242388559182 0.10484815414288734 
