0.9219397485297349 0.06604136717561013 
0.17642202207561591 0.7134730116183639 
0.5201853797352326 0.37710911783053175 
0.24526265468043124 0.5437531501089853 
0.5751234994350602 0.26506041828028754 
0.8440023644779635 0.18477677655406152 
0.5201910932763368 0.3143183002409155 
0.1770112930676477 0.6896567173519889 
0.8531878067689225 0.1609184057057938 
0.8539072479931064 0.10528111539925715 
0.183290544701485 0.6372866097301081 
0.17821390328557693 0.6516373859125135 
0.18679809934718225 0.5981641153674637 
0.90254310767054 0.06608571849416403 
0.8442865948710484 0.16436395156487343 
0.8440414138550757 0.18254072634964646 
0.8941217792741909 0.06610035424147297 
0.8542111698743932 0.10063679912874746 
0.8543357921483786 0.08811748807120233 
0.5202512397088851 0.3079803715473345 
0.19722956630146937 0.5643018173551098 
0.23806068085652426 0.5456259440004383 
0.19511345560925683 0.5711090023717634 
0.2021202279040928 0.5585228912208764 
0.18789536083763256 0.5806352661356873 
0.8846089976389397 0.06647557638618673 
0.19794526682536656 0.5612285647689479 
0.5235392663018118 0.2880199927149307 
0.5204545531808016 0.29844018220266744 
0.5211237350029274 0.29172988077005507 
0.5203297358083142 0.3009986898769606 
0.18789256856052916 0.5891238817502928 
0.8712173114747634 0.07357885529907467 
0.5280059630250808 0.28521296493649495 
0.1816098762371469 0.6472874066424271 
0.18690100617405053 0.5945829691889221 
0.5504110690495311 0.2667986233639944 
0.22720796196768347 0.5462046237270108 
0.5461326555175615 0.26822165993527664 
0.21922648307709475 0.5462298659813047 
0.1832309249635677 0.6414318457842584 
0.8482844985138878 0.1624807685135784 
0.24373907057553398 0.545460575311895 
0.23019845608750975 0.5459197866401987 
0.2065447766045091 0.5525869752145626 
0.5707595777835321 0.265549873751947 
0.5670258206145159 0.2656803992502663 
0.5539240809326627 0.2658997359706836 
0.8601116084390268 0.08684508894463994 
0.2137136159199794 0.5491025182119967 
0.18894621000817344 0.5770880613383974 
0.8738455431143999 0.0705188747075215 
0.2031853265402237 0.5551272050596366 
0.1869858302804389 0.5892052066104225 
0.21583991977254316 0.5479220312271125 
0.5346681657762605 0.27495877176774647 
0.878453853144998 0.07017624124262387 
0.21094793694262245 0.5517762413209253 
0.8648261532551956 0.08102276717432534 
0.5447921396441542 0.2703069911919812 
0.88188050740161 0.07007899316755059 
0.5626237108040365 0.2657151364554175 
0.8618251516833803 0.08279476115907136 
0.5219993959262035 0.2900101841751814 
0.5335875569935022 0.279369312983412 
0.19508433120678437 0.5731815411384673 
0.5393510630727295 0.2706887770725518 
0.5571225181028626 0.2657695451674757 
0.19392103472585479 0.5760761164927513 
0.8612431095423723 0.08381133654896213 
0.20454850418341558 0.5541600706525914 
0.18247385052672932 0.6447703044441669 
0.8477365379869422 0.16432080668134352 
0.8675056973256038 0.07433042740643658 
0.5417899004579037 0.27049938899824955 
0.2110519340672851 0.5504256781475998 
0.8660604375058325 0.07762160886285537 
0.8540366408867974 0.10229293031470015 
0.5372127793799114 0.27344348583898 
0.8581944827868427 0.08782996420253385 
0.5601941656665042 0.26575643431590457 
0.21841568564722938 0.5468904407320345 
0.538295965727624 0.27323403588899015 
0.8669740914681462 0.07522410057479957 
0.8840648736024677 0.06903083762111353 
0.8751666251903367 0.07040385090351066 
0.5317236529119046 0.2814521795739735 
0.19403327263687173 0.5759550428431569 
0.530631195865091 0.28404475712022925 
0.8558114077173508 0.08795415159921037 
0.531313314017626 0.2817372470212023 
0.5297636234575627 0.28413454052237047 
0.18242057791617525 0.6460953512151238 
0.5344020675020211 0.27722287198311346 
0.18829296572556184 0.5792162991034491 
0.884082685543562 0.067479323780992 
0.2292949838927588 0.5460922002174255 
0.5343905509103845 0.2779839618136106 
0.8658367808074892 0.07918324311695898 
0.8654708446743093 0.07989680070224335 
