0.7290876275938261 0.15523758621952743 
0.029419610118410267 0.840296183768698 
0.36315189523205915 0.40761335279704713 
0.06084688327506792 0.7749795877323898 
0.6964344615778993 0.18330746239017523 
0.39138648901603357 0.38147468332433687 
0.04430932496551062 0.7969240260059908 
0.04148161409530676 0.8107302985406669 
0.6964886307266202 0.17447684541800834 
0.7117375670348648 0.163322011602112 
0.04646730022520922 0.7896478791898098 
0.7233741179916091 0.1553037749350381 
0.37150956424754467 0.3955073978843817 
0.6969101320081782 0.1680365004248001 
0.7056399685924879 0.164207534814898 
0.386235279098402 0.38288305617072405 
0.3824330972149489 0.3841577979501804 
0.37626804358670657 0.39494531225437696 
0.030944934130015107 0.8321480410253401 
0.03465816753058928 0.8186134254705375 
0.03418373536602473 0.8231470690474595 
0.05435187592208521 0.7808052632809865 
0.0463060893677752 0.7934054489555602 
0.05075898827765836 0.7845548015594004 
0.03987838574701094 0.8107640986068526 
0.04738223847319039 0.7855499189481118 
0.05568452598219357 0.7777322630399056 
0.039630145736177104 0.8141258736772564 
0.7123220354793658 0.1602893323614708 
0.388912338244331 0.3824973326070446 
0.030597798001468765 0.8357976800411062 
0.03675931520461361 0.8166060571797826 
0.0474662875313781 0.7854308234119854 
0.7153174300122804 0.15717489492598857 
0.363158433269912 0.40506534922948634 
0.7213454694418959 0.15531777589647597 
0.6981249693707435 0.16685655472059105 
0.03708851462660444 0.8156180804001234 
0.03476421489972027 0.8177147694967686 
0.058505524766746496 0.7749803489407122 
0.03924165813121589 0.814885811612019 
0.05118241602456773 0.7810243604964547 
0.04473057501273117 0.795331999745506 
0.3697751038723831 0.39621182966524365 
0.031093256565745925 0.8297834939180383 
0.3644542413270574 0.40069175415374625 
0.030147154036704673 0.8385343821772804 
0.03207132549584273 0.8272696984371798 
0.031701971112351984 0.829195891345352 
0.04486607785488416 0.7935304199436735 
0.37926858152447135 0.38815351929669717 
0.7142917039396279 0.15764504897723844 
0.05318061785601853 0.7808055276615339 
0.36651441557862235 0.39773752770025056 
0.37863393496312764 0.3895413825239924 
0.7005588011829093 0.1666715172586882 
0.030383799446663633 0.8360265620804141 
0.7172315513764035 0.15622401155528806 
0.7192658020531926 0.15549672917611654 
0.36502444833256315 0.39851570332427927 
0.38791606337234436 0.38271629850663863 
0.057631776383310705 0.7758706361002777 
0.7036787483222604 0.164459043635426 
0.36351374949578963 0.4037401151633833 
0.3799029730552381 0.3873516949813435 
0.3803930087234329 0.3863534568377635 
0.033280020300886566 0.8236036795905289 
0.3819933592778513 0.38537868860152763 
0.36475790126019336 0.39906133345406586 
0.36868492513383555 0.39659792202867505 
0.3637660212520242 0.40175527931763383 
0.051132822346173126 0.7827535483732786 
0.7026449946372062 0.16455256025331214 
0.032306652897627894 0.8262798669154854 
0.3808972301942147 0.38542639787741256 
0.029959854879265904 0.8392692136155998 
0.057286896604023696 0.7767673197958369 
0.3780712752653487 0.39307316820358407 
0.7184671724929561 0.15563241130563593 
0.6973642721535901 0.16774812554090918 
0.3784820077724273 0.3906313103999908 
0.3775297595035109 0.3942182427315454 
0.7124367626785882 0.15770279758538797 
0.03284182738285417 0.8252543679602697 
0.7124069060533494 0.15933111850363577 
0.7018893462283423 0.165358832735457 
0.36371536557203593 0.40267884073691085 
0.3679980274898382 0.39720578523389827 
0.7055828392237401 0.164457217009056 
0.0508027724452748 0.7833074181057894 
0.056317008800190124 0.7770409577343413 
0.3784697034181397 0.39173940572173865 
0.7018291516525189 0.16601562501761905 
0.36728788009338514 0.39741458222369946 
0.3775048573963969 0.39482924908621314 
0.7008955528594544 0.16637997946339922 
0.717555743715393 0.15622137142351736 
0.3781756719511512 0.39240568463142833 
0.7124283625836108 0.1581076905070105 
0.03264459427625588 0.8252684289783186 
