0.060402704362919696 0.7712372899577578 
0.7820741407516619 0.11990514301347446 
0.3936078422131855 0.5173854622886791 
0.47063252604155903 0.3351748703767019 
0.7661927539855826 0.14569913177466468 
0.1270211684548432 0.6685351055780159 
0.3936454888772518 0.3987283314880055 
0.07323107621348271 0.7579243064730153 
0.09958167648082789 0.7002014170517967 
0.40328945155981316 0.3798527211820101 
0.43297932362442343 0.3532273839838703 
0.45056711672619365 0.3352114844840027 
0.06347110866533945 0.7625525285658371 
0.06142666867029927 0.7678225544466506 
0.39960104411827607 0.38132940140321986 
0.0676470365031645 0.7586201517124227 
0.39605470463485165 0.3862666551515991 
0.39378134512718743 0.39255604858239246 
0.11554936976872197 0.6699512398815543 
0.12174858020199422 0.6689651958602812 
0.7662020241257714 0.1406690842985679 
0.10652984018564944 0.6780370283418965 
0.1035183523498421 0.6837949644265684 
0.7685734085427113 0.13223973743501694 
0.39462325313542085 0.3901509405547023 
0.1220723751228991 0.6686738145999968 
0.09961018165818916 0.6960838191318651 
0.40004863106429767 0.3802452911503152 
0.7687125160779985 0.12886673233631912 
0.7713489719521285 0.12565454482591523 
0.1045230001223465 0.6811814159554522 
0.10206303514878051 0.6877187223113846 
0.7666284448145474 0.13915766150152084 
0.44717540119681226 0.33521423159534863 
0.3946361998055562 0.38680285743917603 
0.06103564889235506 0.7709910157116117 
0.7695254533583004 0.12665145999765215 
0.06965738504276052 0.7582389619055832 
0.10147861271554054 0.6901965790898207 
0.7731173167553491 0.12316641414913522 
0.43460094808116745 0.3509711161116964 
0.7796214771272654 0.12006254760180146 
0.11126831263180946 0.6735873687835665 
0.11141119767228534 0.671272992592167 
0.10811656488553961 0.6757610585671574 
0.7666295541844674 0.1359270211232536 
0.43436041057972063 0.35301114510244336 
0.10325467123545747 0.6855418657491649 
0.4460963246610648 0.3355829529659607 
0.09997137954332683 0.6939595683314449 
0.4376448484782715 0.3425031562753273 
0.7745565992703224 0.12197952415988673 
0.1138993723829343 0.6704776440649932 
0.09958413522861814 0.6984418919276366 
0.4372919124338841 0.34372357137724546 
0.10275946788672716 0.6867386735671174 
0.7670291141675791 0.13567613274268822 
0.39425642761136886 0.39165029408655594 
0.11253805555143477 0.670733980108895 
0.4389255322495169 0.3417046746202754 
0.4367865670147913 0.34500194221115243 
0.7692038876434306 0.128051887330337 
0.10061416304974402 0.691881140680608 
0.7671015279782684 0.13313515783831872 
0.776892299776242 0.12157948162540598 
0.10589196243830751 0.6792619542347048 
0.4445168508699335 0.336371309198537 
0.441048919604891 0.3384130106371988 
0.10962961514463297 0.6737014137592494 
0.43469343737389593 0.3492068125619542 
0.43942253959617067 0.3411152788422838 
0.7784505679889305 0.12069362492326877 
0.10007182220071947 0.6929471745956716 
0.4397630834970144 0.33936527721517246 
0.7753218972437766 0.1216878913250038 
0.10922867795524692 0.6745330128815753 
0.441773655857221 0.33835613516768753 
0.10140556599527326 0.691279611204202 
0.7719454270580841 0.12419809663334039 
0.4349312382188758 0.3485609874463488 
0.44390737295407184 0.33643244010159973 
0.7777717014790734 0.12105176981883782 
0.7672703895768452 0.1330283376513763 
0.06906282045733905 0.7584328578873135 
0.4349657876724528 0.3470304234053236 
0.44258893329790466 0.33732200781306176 
0.10486936187872543 0.6803822267238361 
0.43601755392255315 0.3455310947380062 
0.7723234188482128 0.12409295432550316 
0.44290265007533175 0.33721917335377743 
0.43964172111247046 0.33967805187384065 
0.10547232136106954 0.6799107535137222 
0.11546203845680802 0.6699892409163383 
0.10896779867017722 0.6756033443152311 
0.7662034355777012 0.14010760104058823 
0.39522906656783935 0.3863135505832472 
0.43596285585801486 0.346382650179754 
0.09958405321467018 0.6993866250922219 
0.435070657444538 0.34649291382198394 
0.1083158122884354 0.6757014688557196 
