0.539194859492378
0.42844497215622496
0.5444397811149257
0.535497025947567
0.51938631168775
0.5448759772344107
0.5376065359212807
0.5507222330856333
0.5587136645097287
0.5294933395269014
0.5069817113610794
0.5432894791014031
0.546497247483749
0.5159276963595415
0.553297347426245
0.5614446953370881
0.5395351119046183
0.5332580875342381
0.5320747815547835
0.5349214451021361
0.5387993278464086
0.5590827313375246
0.4636674766719627
0.541940964885578
0.5618536397106139
0.5369929286115054
0.5426056266055902
0.4344261540723862
0.5049841353096317
0.5388065079655517
