0.0585161714016788 0.9466972849995391 0.9953183760269181 0.8270166979210165 0.9417444268603798 0.8291304332810356 0.914503633187455 0.9469736471587374 0.9207844829123573 0.8184953435816309 0.7766729041593838 0.7880982517472128 0.6294391110163001 0.5204895119290727 0.4401593089302884 0.26166244123722426 0.19625004728425727 0.1836505806025523 0.02431973695533005 -0.029989857256442896 -0.13417347825234305 -0.2737302799372542 -0.35379710614104665 -0.5365634402934844 -0.5816656907796031 -0.7609462235192744 -0.7104559370547116 -0.8222815996308592 -0.8572768371300487 -0.8720523073804214 
0.7752343463856489 0.7912074778914729 0.6731178418986086 0.6215471554356594 0.5836564637924027 0.4595680615877646 0.4210760241626618 0.23889414462919373 0.21042353655638935 0.039355250799365867 -0.03974943702633715 -0.16961426463329163 -0.30056521849160517 -0.36724644285185376 -0.37004709024096966 -0.5725456811465884 -0.5781564132402689 -0.6914234005700937 -0.7591796597317235 -0.8313610635094348 -0.902010317922849 -0.9506606389706571 -0.8236428172174617 -0.9815149600365536 -0.964623291409856 -0.998821087233758 -0.9794596593376913 -0.9515541855714021 -0.9822357597804169 -0.912119367652845 
0.39014837242363715 0.9911106930666564 0.9889653894010387 0.8257503180630538 0.9427238142726859 0.8199698440830043 0.9048851759419693 0.998101692324256 0.9124354625613882 0.8184911911532641 0.7767425755635471 0.7851201001517522 0.639498665682502 0.4179856257467323 0.44016218949191954 0.26232429446820327 0.19691698918253073 -0.7391226085512689 0.1024102413546778 -0.030634060121964252 -0.1341330272976029 -0.27370094705162545 -0.34588811936826686 -0.5949145364172983 -0.5817487949430975 -0.8702248387733709 -0.7103864761176957 -0.6749825705918995 -0.8572355362438485 -0.8538374358441674 
0.44241122828184803 0.781925977335041 0.8194630492164059 0.6203238319674872 0.6771370924468103 0.45506226114343107 0.47877238698938995 0.24826888857109644 0.35243859489964524 0.03843973751654119 -0.07039891176761566 -0.16959710750916232 -0.04701357626257269 -0.3668105949130344 -0.2921265371087515 -0.5662788713872489 -0.5782979115968846 -0.6914069727638072 -0.7603481849066991 -0.8333827547745032 -0.7947599208541697 -0.9505710627453222 -0.949738242102893 -0.9814874641760579 -0.9841524457254821 -0.9978779913545094 -0.9720016299444901 -0.954308786809314 -0.9822746845715209 -0.9121291782538729 
0.7642960200653726 0.7828930730556992 0.8302561218993934 0.6259977200958544 0.6434684422097403 0.4749849431383347 0.4780674486850993 0.3261177282931206 0.3473685423230395 0.1674204718737493 0.11375616929698318 -0.0861465087359012 -0.09159775664880494 -0.29687893899232104 -0.2645135687671101 -0.4582234278021886 -0.5151840027730962 -0.5625536921987996 -0.6545769202402316 -0.8202748029867574 -0.802082319926374 -0.9560299691678983 -0.8853038820520893 -0.9436676384227984 -0.9796164313023715 -0.9618309438330879 -0.9926424041798236 -0.952367057514896 -0.98258053455366 -0.9120706120218731 
0.11154198819454958 0.7920300058137957 0.6787941497340992 0.6104820059523581 0.581777835369949 0.3720814800615846 0.42194596428522796 0.2485220557641757 0.26814506975374575 0.038505233806791925 -0.08364767286727096 -0.1675287532764741 -0.30055721367590205 -0.4157007832035158 -0.36419607088161354 -0.580134936129127 -0.5716420470336763 -0.6920414686331954 -0.6945362813288687 -0.8362738979640141 -0.9012901267651268 -0.9627918542911507 -0.9624008030926371 -0.9812135929136777 -0.9584800152077915 -0.9873841130130863 -0.9976697622791357 -0.9506372761913349 -0.9940857736368538 -0.9126184512578693 
0.39014837242363715 0.9910824686186592 0.9888991871735772 0.8257503180630538 0.9427238142726859 0.8256751560738163 0.9045723121666034 0.998101692324256 0.921014035345389 0.8184936674701874 0.7767425755635471 0.7851201001517522 0.639498665682502 0.4179856257467323 0.44016218921155187 0.26232429446820327 0.19690969754827364 0.23558968046110398 0.1024102413546778 -0.030634060121964252 -0.13413566174252936 -0.27370094705162545 -0.34573738455475955 -0.5378347989378892 -0.5817539434551139 -0.8257088720908691 -0.7103748330385319 -0.6749825705918995 -0.8572346028048898 -0.8546758497927175 
0.06317297645718663 0.9682898443937135 0.8997806956681568 0.8776885705826313 0.9411979507119117 0.8728415806162202 0.8865134702352279 0.9423914426220759 0.9206510043104481 0.8185401142982548 0.8489694969795674 0.6270585127211423 0.6316216144402069 0.5210508040495986 0.44015928709344776 0.3149928933651283 0.18559768096032025 0.17368917575714612 0.023710794205749244 -0.14935818427704015 -0.13430846172496405 -0.2735094249971561 -0.4327327608758873 -0.5782977941566896 -0.582500054983221 -0.7622809756857034 -0.7104691513900132 -0.7283125972273281 -0.857285881603208 -0.8720560243572271 
0.0987595403914198 0.8399344097004422 0.8248597666591828 0.6248583700767709 0.6434683887169357 0.46871284075261577 0.47806755733983775 0.3253373479810063 0.32890456693633646 0.20359174277643818 0.11376685734560386 -0.0877202541389193 -0.09386796626780124 -0.2968986414657428 -0.29181373398657284 -0.5230560103047537 -0.5150792040314437 -0.5621939299705148 -0.6545692906934484 -0.8311524952816473 -0.802082319926374 -0.8627877513898184 -0.8853475081295644 -0.9533624157912614 -0.9796164331888231 -0.9982521661360219 -0.9924795994094003 -0.9531454641795085 -0.9800538052403769 -0.9120834863081878 
0.3967239903616528 0.9956103808177105 0.9951149311951778 0.8264077789829408 0.9415089453885103 0.8330181231943677 0.9036098326610013 0.942399509333005 0.9233402244718566 0.8185481296056878 0.7767799464436677 0.6201585022093529 0.5243557342881852 0.47881812810409163 0.44016657508104046 0.30635321099469265 0.19501847274436868 0.12490885143960953 0.0243085107961376 -0.150735568667721 -0.14093157480229918 -0.2734459657431088 -0.432341678980274 -0.578518933452232 -0.6369006216621935 -0.765265442074981 -0.7103642219866166 -0.8385815964263844 -0.9560847473686322 -0.872276064708552 
0.4320120044426053 0.836994920167643 0.8248994243466854 0.6248582677595568 0.6436327918495602 0.5954774346446581 0.4781018850773024 0.32442163704099164 0.3460309274826329 0.20262191138627184 0.11752997693798055 0.02279324923489063 -0.09373714336234146 -0.2974776431477696 -0.2918074246888824 -0.5292167326777286 -0.5150710631233362 -0.5675101119856808 -0.6545992916132841 -0.8310169780790471 -0.817224947345352 -0.8619966701420566 -0.8834128764818127 -0.9434822539167356 -0.9796181094008753 -0.9592268944562539 -0.9915108460915666 -0.9875517831686078 -0.9800506462976095 -0.9344277180086557 
0.44241122828184803 0.7831953663742931 0.8195520649450002 0.6203238319674872 0.6771370924468103 0.4548433415733924 0.42109784991124716 0.24850302328389567 0.21015745576246236 0.03843973751654119 -0.07039891176761566 -0.16959710750916232 -0.22390805916878664 -0.3668105949130344 -0.4450342028978543 -0.5725462730988073 -0.5782979115968846 -0.6914069727638072 -0.7611880360051114 -0.8317204413653854 -0.9020270075903558 -0.9505710627453222 -0.9505441278712127 -0.9814874641760579 -0.9841478793797991 -0.9978779913545094 -0.9720016299444901 -0.9524116279740914 -0.9822866429762719 -0.9121291782538729 
0.06070180274211368 0.9960216377210326 0.9890633160560245 0.8502598971225636 0.9422155726730934 0.9269692791836789 0.8859076958484092 0.9423887002936159 0.9209773027460624 0.8184953435816309 0.7766729412253839 0.755264008807589 0.5212583524751568 0.5210458204412954 0.4401663897052649 0.31496438893103723 0.19614236771019566 0.23137649952539288 0.024273265402739063 -0.10950000629884327 -0.19810044686290432 -0.2736788483823593 -0.4327341122119581 -0.5788197672104766 -0.5808099985159673 -0.756624929841963 -0.7103660068621616 -0.841975669343104 -0.8535579007886149 -0.8720132998841967 
0.0585161714016788 0.9466972849995391 0.9953176770346601 0.8261542902397556 0.9416627814439049 0.9294957662771437 0.8923053844034368 0.9469736471587374 0.9207836632130492 0.8354353218623856 0.7767879253455965 0.7574395805690763 0.6287684944154095 0.5210458790986096 0.44015876618324706 0.2620487313258306 0.19624678745764582 0.1836875916085453 0.024271026356800368 -0.03044756763648051 -0.13417325298225952 -0.2737302799372542 -0.4284666097103564 -0.5388116743522594 -0.5818140061950834 -0.7609462235192744 -0.7103842399241651 -0.8222815996308592 -0.8572768371300487 -0.8720523073804214 
0.395930334845255 0.995852913015212 0.9883539665678065 0.8264077488501702 0.9414711222917302 0.8303883617021917 0.8859788191592092 0.942896157965773 0.9232825518728762 0.8184755561921923 0.7766689638579994 0.626741591362783 0.5228510409538593 0.5196377818432161 0.44016657506270307 0.30635321099469265 0.18539650948844918 0.17506245333153422 0.017231733786940588 -0.12509262056907658 -0.1970175242903744 -0.26903584247203766 -0.432341678980274 -0.5746822925411882 -0.5860564014771293 -0.7545799460782591 -0.7100987788983408 -0.8416310266932431 -0.8707091725866699 -0.8751276947813388 
0.06312496003116055 0.9958514353215739 0.9891837346998625 0.8257764460970162 0.9411979507119117 0.8704422847344923 0.8859725224428127 0.9423914426220759 0.9209794609026626 0.8185401142982548 0.7766688240139785 0.6270585127211423 0.5234399692986447 0.521050706017532 0.44016673077753604 0.31496340242199966 0.18535034638809478 0.1758757826580938 0.023710794205749244 -0.14935818427704015 -0.19823352839712938 -0.2735094249971561 -0.4327341115197715 -0.5782977941566896 -0.5826076127280633 -0.7568034877117156 -0.7104677369144529 -0.8384112073571055 -0.857285881603208 -0.872015712691322 
0.392785701424617 0.9956142240436362 0.9892569553430405 0.8263815010414909 0.9410050851592321 0.8274129163297897 0.9049054539905366 0.942274300195362 0.9233282251640654 0.818208658996308 0.7767715841393803 0.6281184325628607 0.6316638812853633 0.5213749910519396 0.44016628442802724 0.30635321099469265 0.33642676172687647 0.17523429993132567 0.024831992718112837 -0.15072130932115227 -0.203762378364847 -0.26898216571653744 -0.4349762387980401 -0.5748106236195555 -0.5851970328195564 -0.7653175454994382 -0.7104677140961585 -0.849749866534185 -0.857672342576909 -0.8715331124467338 
0.39100829177277463 0.9910824686186592 0.9937782774312328 0.8257503180630538 0.9509728857275929 0.9312472084715617 0.8934887823406565 0.9912402074983181 0.9209701341948734 0.8437625046232241 0.7766692152496627 0.7851201001517522 0.639498665682502 0.4179856257467323 0.4401622095959361 0.26232429446820327 0.19695823447982544 0.23558968046110398 0.1024102413546778 -0.030634060121964252 -0.13413566174252936 -0.26919586453396993 -0.34573738455475955 -0.5378444343527676 -0.5817682942468171 -0.8279866140492455 -0.7103844825824684 -0.8361583169894173 -0.8572346028048898 -0.872547811361694 
0.10963480968803052 0.7920300058137957 0.6787941497340992 0.6104820059523581 0.5818510194285649 0.3720482774127985 0.42194596428522796 0.2485220557641757 0.2138332952475501 0.03646960719579499 -0.08460420237063834 -0.1675287532764741 -0.3060693106084045 -0.3672246823788185 -0.43777379866588156 -0.5801444376260727 -0.5770311106484639 -0.6913350732043262 -0.6937626766122018 -0.8361779418488999 -0.9017051575774481 -0.9418574084541074 -0.9506086647558295 -0.9811449402280017 -0.9589319706793406 -0.9964983886228921 -0.9976697622791357 -0.9506372761913349 -0.9923870276301657 -0.9126184512578693 
0.11142312433330344 0.7920299106516853 0.6816190311472501 0.6101224131418911 0.5807502958315092 0.44079681377985636 0.4140074842893124 0.243584072102276 0.20966419662586616 0.036351228269612505 -0.06644036051658096 -0.1675287532764741 -0.30055721367590205 -0.3668959103813401 -0.4377626890848193 -0.5801469096233741 -0.5715993895229885 -0.6914293841286365 -0.6955498404331155 -0.8362726638376385 -0.9002515897300116 -0.9422366905839832 -0.9506104765863057 -0.9625024411871164 -0.9589319706793406 -0.9871052924799691 -0.979372069369351 -0.9507548348383114 -0.9923932397223454 -0.912581759041022 
0.7642960200653726 0.8368447397653049 0.8266550435170286 0.6259715275341272 0.6436385192293509 0.598392096887677 0.4780674486850993 0.32625636804541003 0.3480106091081883 0.16858135299072358 0.11375324209851365 -0.08245728589231416 -0.0913804493442636 -0.21810243783089237 -0.2629574895010389 -0.532369269309125 -0.5151829483984862 -0.513049328389948 -0.6547669202144784 -0.8202748029867574 -0.802082319926374 -0.8604105733437533 -0.8844363900484922 -0.9436701145051096 -0.9796164313023715 -0.9618094977928245 -0.9926500042388057 -0.9521665484995909 -0.9799140443227432 -0.9133809044227993 
0.1044229533115571 0.8016223081054161 0.8293835125993972 0.6461386359506158 0.6383411795612904 0.522424570710401 0.4276952539889391 0.3289710672132711 0.22479913785361896 0.08799656763799901 0.062024266935140904 -0.08562992391067781 -0.14408484806702906 -0.3032566605479703 -0.3721157740211702 -0.48640118977113833 -0.5231191694537711 -0.6921870787024282 -0.7454590384586895 -0.7928800437540128 -0.8605740576488142 -0.9573139140274213 -0.9369518211493331 -0.9506323371283737 -0.9793148565346972 -0.9812484757988471 -0.9715089046592611 -0.9865705402785346 -0.9935621595842705 -0.9119875447750835 
0.10292376668733545 0.7813503520255884 0.7712561778609446 0.6461437184483617 0.638188609318402 0.5224152151318749 0.47888699529283224 0.43141913131169146 0.27554169687150437 0.15999444833358592 0.05963392061716427 -0.12721795011852716 -0.14687282924276823 -0.2938672255204273 -0.3613294691578077 -0.48724320818335354 -0.5518675897359467 -0.6913757942799857 -0.7446313654728006 -0.8389277330957492 -0.8605189980857448 -0.9625395950497789 -0.9364958578930596 -0.9973254377953868 -0.985632553895224 -0.9921799347209846 -0.9727181264276386 -0.954225358703027 -0.9816394216392635 -0.9119810267218245 
0.7674874105926828 0.8312375251321585 0.8266013257448583 0.6246215772997614 0.6437022851592308 0.594636756822315 0.4784347892028636 0.34525548536273587 0.2579059155329696 0.035552895784885644 0.056404532016610595 0.01878703076363719 -0.09768911837211469 -0.3093511769870119 -0.29608942841973074 -0.3868274627017137 -0.5158851713104343 -0.5102630874532234 -0.696861891106662 -0.8016905396377866 -0.8006942483061629 -0.8498575889244269 -0.9490339257331711 -0.979020024813796 -0.959290140078177 -0.9865315724433735 -0.9704664219002078 -0.9901990895723908 -0.9889683546405743 -0.912611747594267 
0.39213666530610136 0.9952739071644476 0.9938156635798294 0.8512159436045018 0.9427238456842362 0.9327204986431458 0.8935140865486368 0.9908797005523241 0.9209588973708839 0.8341446054976944 0.7767828591894974 0.7851209036828589 0.6287706883689601 0.5247897331821864 0.44016311011605225 0.26205983470072963 0.19689337539171425 0.2338892615992588 0.09825729718712684 -0.030644567895124823 -0.1347688420818625 -0.2692502555415357 -0.34588810609268006 -0.5783063525539469 -0.5808466992859078 -0.8662519843957303 -0.7103843510464235 -0.8390736660024358 -0.8536165449963882 -0.8720433652342404 
0.11154198819454958 0.7920300058137957 0.6787941497340992 0.6218089621674343 0.5842407857821993 0.3677893771885771 0.4219572576703736 0.2485220557641757 0.20966417730648307 0.038505233806791925 -0.0706278465930067 -0.16749476200174818 -0.30055721367590205 -0.4157007832035158 -0.4418029717942857 -0.580134936129127 -0.5780821787403504 -0.6920360272507736 -0.6945478659191459 -0.8362738979640141 -0.9012998403061458 -0.9627918542911507 -0.9626123982790435 -0.9814871094370831 -0.9584800152077915 -0.9873841130130863 -0.9977353328565863 -0.9506372761913349 -0.9818336477929286 -0.9126204786314146 
0.0987595403914198 0.8366667734014924 0.8265924820931647 0.6259984986621763 0.6434662045403758 0.482045714673512 0.4780738298645804 0.3284761687055555 0.3473175823607147 0.19915890305181053 0.11375616929698318 0.01730284315248215 -0.07483565115608076 -0.298686812233096 -0.29210663769282075 -0.457988461629772 -0.5158360613193447 -0.5686090433512043 -0.6545769202402316 -0.8202995243428953 -0.8010009268095833 -0.8614727524545308 -0.8884848706691528 -0.9436676384227984 -0.9835978085484995 -0.959434003704815 -0.992638668641769 -0.9523670574667488 -0.9901317943433856 -0.9136464922738265 
0.395930334845255 0.9958676251517921 0.9883539665678065 0.8263105396411182 0.9415894104126156 0.9356199499430633 0.8859788191592092 0.942896157965773 0.9232626006278966 0.8345408894283589 0.7766689638579994 0.626741591362783 0.6284546592986062 0.5196309023470921 0.4401665262730873 0.30635321099469265 0.18539650948844918 0.17400124203548334 0.017231733786940588 -0.033609455086794776 -0.1970175242903744 -0.2690450537004328 -0.432341678980274 -0.5783866645524744 -0.5806383278001406 -0.7518580840669716 -0.7101121987611215 -0.8391273294788072 -0.8538575752106728 -0.8751276947813388 
0.7674874105926828 0.8335452481695809 0.8266013257448583 0.6245025373229939 0.6437022851592308 0.5944585369574489 0.4784347892028636 0.35280284263373357 0.34465265612119783 0.1616256037455265 0.056404532016610595 0.018782952842234843 -0.09659398733871283 -0.30856144675687364 -0.29410389627315686 -0.3868274627017137 -0.5158851713104343 -0.5102630874532234 -0.696861891106662 -0.8016905396377866 -0.8006942483061629 -0.8525350490930512 -0.9501376635881882 -0.9502574030593062 -0.9844051754639045 -0.9988280860587148 -0.9704664219002078 -0.9902114727400447 -0.9889683546405743 -0.9118096417716965 
0.7699396161461245 0.7919346006341176 0.7368128628400784 0.6450382994084265 0.6438380137270515 0.4816530693783316 0.41977536880846683 0.3633280508361059 0.22498191472594936 0.1641968669572758 0.06035820379218788 -0.12451314427677204 -0.14269757172352548 -0.3059661090922206 -0.3723016053105053 -0.4891535249264553 -0.5285745433076859 -0.6891960573076484 -0.6735802805256775 -0.8310717192941038 -0.8718323034660518 -0.9501364360791124 -0.8905478775480309 -0.9487426090185894 -0.9825373779958847 -0.9874628871043639 -0.9714971770992368 -0.9862881786398301 -0.949347598538432 -0.9126896940055368 
0.10368475990745643 0.8421583740716184 0.740471462898721 0.6312243001152676 0.6166951802680831 0.4903901297239248 0.4726173911844771 0.3228273414797015 0.26417101240118585 0.08956032462219196 -0.007401927774917227 -0.12815718372052148 -0.17120863095885946 -0.3033889024528624 -0.36164830076753945 -0.48748957131258763 -0.5533069493434841 -0.6893160896318966 -0.7183584847361845 -0.8513229635307982 -0.8703545003702859 -0.9580952775656748 -0.9621262793126046 -0.9490502900108435 -0.9792685023818212 -0.9873507592048479 -0.9987428872741198 -0.9866754165236328 -0.9818374440400255 -0.9116337340473464 
0.1015327011041878 0.7886906456730466 0.8192026850709321 0.6453491969608695 0.6438195578475252 0.5947464560803345 0.5031395327961554 0.35307806621736104 0.27520286706103303 0.16378379922127406 0.0614431437362434 -0.12714095629193228 -0.1310974353928678 -0.2164731776610297 -0.3566667427947073 -0.5297377009560755 -0.5160417099319097 -0.6857452703062027 -0.6949359952651495 -0.8519315645699372 -0.821380533767877 -0.8606407518423148 -0.9577921435133847 -0.9511087968838631 -0.9837919747632419 -0.9797688070159429 -0.9988647401305415 -0.9569787343541689 -0.9884793977740002 -0.9136419846573423 
0.765989729185347 0.8431296209653819 0.8265924426997836 0.60619090152952 0.6434419834402263 0.46782016816536126 0.47868018867062395 0.3293514737115989 0.34225636079630783 0.20066814721798998 0.11431408976283616 -0.1173764049930417 -0.09808788184177022 -0.21500921893570948 -0.29329916857169436 -0.45930706361807466 -0.51588499158557 -0.6926402790022355 -0.6545532867422312 -0.8334691740982868 -0.7838940547593791 -0.9656206094346327 -0.8885343641666978 -0.9500392570484965 -0.9837210026465677 -0.9592684416942234 -0.991996804340606 -0.9543642202759763 -0.9810765819083914 -0.911992673919244 
0.44241122828184803 0.7830919147556679 0.6771416894727185 0.6203238319674872 0.6449626823936553 0.4548433415733924 0.2810704694099743 0.25025606023452757 0.07729270450126074 0.038420396832208846 -0.03402952021462731 -0.16956158244107708 -0.22390805916878664 -0.3668105949130344 -0.4450342028978543 -0.5725462730988073 -0.5782979115968846 -0.691266508191995 -0.7621391276920956 -0.8316544695619889 -0.9020270075903558 -0.9505710627453222 -0.950540960304021 -0.9814873162799216 -0.9839199446516271 -0.9978779913545094 -0.9721534777758737 -0.9524116279740914 -0.9829034501985879 -0.9121291782538729 
0.39213666530610136 0.9952739071644476 0.9938392597694597 0.8279235708962023 0.9427039749162378 0.8301717983975887 0.8935140865486368 0.9908797005523241 0.9209584852241962 0.8341446054976944 0.776674103776424 0.785624607938011 0.6287706883689601 0.5247897331821864 0.4401629952432189 0.26205806649578584 0.19689337539171425 0.18351085101772313 0.09825729718712684 -0.06286220868929027 -0.1347688420818625 -0.26929095899109584 -0.34588810609268006 -0.5357565278025341 -0.5808466992859078 -0.7612297791863837 -0.7103843510464235 -0.821774060539732 -0.8573354813378218 -0.8720433652342404 
0.0585161714016788 0.9466972849995391 0.9953176770346601 0.8270166979210165 0.9416627814439049 0.8291304332810356 0.914503633187455 0.9469736471587374 0.9207836632130492 0.8184953435816309 0.7766729041593838 0.7574395805690763 0.6294690125848268 0.5210458790986096 0.44015876618324706 0.26166244123722426 0.19625004728425727 0.1836505806025523 0.024271026356800368 -0.1111245320689073 -0.13417325298225952 -0.2737302799372542 -0.4284666097103564 -0.5362728720347528 -0.581756737743251 -0.7609462235192744 -0.7103676366163111 -0.8222815996308592 -0.8572768371300487 -0.8720523073804214 
0.7689813229902815 0.7921822655569155 0.7661552913018308 0.6443917051428162 0.6520054581127205 0.5114147035907978 0.4715036892394593 0.31676020670680083 0.23092245514141838 0.1621577490195814 0.060512578869649614 -0.12031596063772207 -0.13491525172832305 -0.2185550307896083 -0.3563462136712783 -0.4826211706931437 -0.513314146170589 -0.6857716759173513 -0.6963053367178998 -0.7928655723773196 -0.8202206613728398 -0.8611095352635525 -0.936145991235516 -0.9982648095398426 -0.9837915544496291 -0.9950727504402249 -0.9739475928164433 -0.9766921163140798 -0.9827788332805802 -0.9130503958420111 
0.0631293814160252 0.995848876357841 0.9890633160560245 0.8502598971225636 0.9422155726730934 0.9269692791836789 0.8859099915377064 0.9423887002936159 0.9209773034102112 0.8184953435816309 0.7766729412253839 0.755264008807589 0.5212573260495381 0.5210458204412954 0.5049309779480353 0.31496438893103723 0.19591482775447916 0.176061135501491 0.02429531220426003 -0.1493923930412946 -0.19810044686290432 -0.2736788483823593 -0.4327341122119581 -0.5782936174136912 -0.5808099985159673 -0.7566247325843496 -0.7103660068621616 -0.841975669343104 -0.8535579007886149 -0.8720157922307791 
0.1007916855730987 0.7887714424638855 0.8192262839086024 0.6479707284161811 0.6438279093045962 0.5957117861070028 0.5033257460203967 0.35333785757981606 0.27406329718557854 0.16201982093676823 0.059735847474718454 -0.1274008880396558 -0.1344092041064399 -0.2164718657123483 -0.2992263396388618 -0.4828138757270762 -0.5313509123654866 -0.6914682593711566 -0.6977867568437883 -0.8519315645699372 -0.8172375462480336 -0.9526043337536513 -0.8910050077161411 -0.9500460847260045 -0.9907796662851728 -0.9795477757076986 -0.9987376277513326 -0.9741830921405814 -0.9920516752379491 -0.9181515281734425 
0.7710141050926557 0.7899143071612381 0.8198632480372723 0.6443317377578689 0.6438316212250551 0.5114534121592584 0.4730647291969875 0.33019442501172064 0.22479913785361896 0.09157122031481645 0.05733992452684407 -0.07816902284012894 -0.14408058550794886 -0.2964176261201383 -0.3724315767761279 -0.4928913081982683 -0.5804255522670244 -0.6857728351567215 -0.7441521619869982 -0.7723089649345897 -0.7991673125164356 -0.9519128188161724 -0.9366777077463048 -0.951011477886149 -0.9797418534445306 -0.9806911805415097 -0.9922766450740647 -0.9860240247183791 -0.9827188870420754 -0.9118089507782371 
0.4335426655466048 0.7827338764882402 0.8266550435170286 0.626363063084874 0.6434684422097403 0.4749849431383347 0.4780748321053498 0.3292469218942216 0.3480106091081883 0.16858135299072358 0.10989990464672927 -0.08740077696388328 -0.09122934682452088 -0.21810243783089237 -0.2629574895010389 -0.4582234278021886 -0.5151840027730962 -0.5177584098803929 -0.6546516154822024 -0.8203536232143523 -0.8039121735517591 -0.9560299691678983 -0.9451949115961099 -0.9437939993886459 -0.9796164313023715 -0.9618322494439655 -0.9939954335309791 -0.9521665484995909 -0.9821231859026903 -0.9135512150131996 
0.7752343463856489 0.7912074778914729 0.6731178418986086 0.652569530475453 0.5830639942041554 0.4595680615877646 0.41863271871951035 0.23880850251846522 0.22180311440949108 0.039355250799365867 -0.03974943702633715 -0.16961426463329163 -0.30056521849160517 -0.36724644285185376 -0.37004709024096966 -0.5726696702470199 -0.5781564132402689 -0.6924162636664242 -0.7591487145378012 -0.8361758171834394 -0.902010317922849 -0.9629395489626761 -0.9505411244866628 -0.9796309535105413 -0.9534250421556604 -0.9978781664676752 -0.979282478517327 -0.9515541855714021 -0.9925611369878693 -0.912631888088353 
0.10716245416156134 0.7830698803614916 0.8137819436969218 0.6453284577326057 0.5826837305627216 0.4813311083874413 0.41780278044842006 0.2479681309113117 0.21075884370158976 0.043183136447091326 -0.077607168677266 -0.11803360937084224 -0.1482170394600982 -0.3674821855529371 -0.391042660992678 -0.5745825772839167 -0.5877949124883067 -0.6920571833280981 -0.7642680452685023 -0.8336378747603078 -0.9033076038849177 -0.9102481142144655 -0.9507347346291822 -0.9605017078797241 -0.9589568611822841 -0.992194486394555 -0.9927655690920665 -0.9509219707335004 -0.99360538690954 -0.9119619284342331 
0.10863765397207958 0.7920491360613806 0.6807954250531023 0.6243620704864121 0.5825643022784607 0.48057375136826874 0.41780278044842006 0.24844019548210539 0.21014019187503724 0.04184214510851274 -0.07569044680094633 -0.11806907112445558 -0.31333194821676236 -0.3670090802989173 -0.44136314002625576 -0.5788651496902976 -0.5717608659223362 -0.6914280564260105 -0.7623654016596749 -0.8362055014709581 -0.9019875327951523 -0.9555925435817281 -0.9507347346291822 -0.9609918150980666 -0.9589568611822841 -0.9965874756378845 -0.9796650767911262 -0.9509219707335004 -0.9444580444030076 -0.9126773468125478 
0.10656340649738205 0.7919797803556499 0.6817794976886223 0.6242943706208341 0.5807373583771683 0.4599007297165921 0.4135370089859147 0.32600552879886385 0.2219253920931484 0.03913178514879839 -0.03750798346352509 -0.1827669353000309 -0.22489124350786255 -0.33728465053646406 -0.4600636154593486 -0.5784453742637208 -0.5771534029922539 -0.691373613617108 -0.7191686394074781 -0.8330409458352948 -0.9019924777570626 -0.968252839001899 -0.9505395899684493 -0.9489477316664527 -0.9584384764543785 -0.9981621747928138 -0.9766383507997178 -0.9513997753465266 -0.9717298676493692 -0.912631468120178 
0.765989729185347 0.836057412268358 0.8265505833502167 0.6478395875893518 0.6444530720765714 0.5702525831382728 0.47867534294906816 0.33015082744814783 0.34225636079630783 0.20094639793356714 0.11488426120874773 -0.11749105337838034 -0.097738101852044 -0.2150557447449277 -0.2933719832587657 -0.48280546413614017 -0.5150691357389193 -0.6926402790022355 -0.6545532867422312 -0.8330866097374536 -0.7838940547593791 -0.9573106938872222 -0.8910372775090712 -0.9500385273934645 -0.9907823448995723 -0.9575131531058765 -0.998829817283197 -0.9480765075686484 -0.9915144377743732 -0.9181237649907829 
0.4320120044426053 0.836994920167643 0.8249051377179188 0.6251845106851054 0.6436327918495602 0.5954774346446581 0.47315386530511294 0.32442163704099164 0.3445751998606789 0.20722386853336375 0.11752997693798055 0.02279324923489063 -0.09292993234053444 -0.29641481068498593 -0.2918074246888824 -0.49501354941473086 -0.5814081532418232 -0.5679468892639679 -0.6545992916132841 -0.8310169780790471 -0.817224947345352 -0.9466970398375163 -0.8834128764818127 -0.9434822539167356 -0.9796181094008753 -0.980303592901146 -0.9915108460915666 -0.9875517831686078 -0.9826985209321916 -0.9343064343663383 
0.1021179566462698 0.789969653267451 0.7623153264079781 0.6460962820015427 0.6438328944112741 0.5916688826230027 0.47256392518229995 0.2852876821486322 0.22594401323162808 0.1604036765816802 0.06166313708934294 -0.07736446630409619 -0.17292872201763354 -0.3213060953485413 -0.3619045716994688 -0.49256503311155536 -0.5321909314717778 -0.6912552200488407 -0.7438566849610772 -0.772502464048658 -0.8109069896842661 -0.9628584388410575 -0.8903102296288957 -0.9497279778716226 -0.9797526868370907 -0.9786082347399924 -0.9928019224853624 -0.9859668392997168 -0.9827096213838626 -0.9133844097112755 
0.44196595745354167 0.7802247025700906 0.6747290457251317 0.6488232271505354 0.6439794655533484 0.4585262623037958 0.4211860773889606 0.25027087568289064 0.20985385308976662 0.04102879172412148 -0.07211525866934822 -0.169562199814735 -0.3041928625391367 -0.36681083602465153 -0.4416682337534921 -0.5739268731878797 -0.5786094603447668 -0.6912725218594795 -0.7621682235205444 -0.8316546371894388 -0.8712748602760703 -0.9508402482709243 -0.9506916012985778 -0.98183752198117 -0.9839192514367124 -0.9983609969730494 -0.9796670342344189 -0.9510580093733709 -0.9828823242213524 -0.9116861116446578 
0.0987595403914198 0.8335468343968805 0.8265995451528194 0.6259984986621763 0.6438207570044433 0.48239714018709595 0.4726292259401327 0.33251017982701053 0.3482986495603308 0.19811636061635543 0.1142659903974058 0.022601222741604664 -0.07491450223133703 -0.2179021328333548 -0.29407997319647494 -0.457988461629772 -0.5141324010806183 -0.5686090433512043 -0.6969134163994143 -0.8015928831339225 -0.8021103283686638 -0.8519763638293654 -0.8853956995209116 -0.9502929440704997 -0.9796163699808571 -0.9618557521406492 -0.9927236660533325 -0.9572541430848265 -0.9931236010067093 -0.9115968416608137 
0.43652465186507516 0.7838855715872146 0.821666484871466 0.6517424157878615 0.6433251106371773 0.4773580480385736 0.47256874852185937 0.31997209217056893 0.26954016137454945 0.1621402110818128 0.05792432338730845 -0.08310463457057703 -0.17256865916409836 -0.306074767789377 -0.36190110893446903 -0.4833046653747948 -0.5782475417452156 -0.6912113661575888 -0.694938842673596 -0.8341482522106438 -0.8019292926341295 -0.9628863750927725 -0.935699653330171 -0.9497626916902779 -0.9804500714991641 -0.9806264656302199 -0.9733602325223144 -0.9896295756693823 -0.982096099323194 -0.9118199129099992 
0.7728809184841064 0.7849688679723755 0.7419798948105016 0.6258215610054717 0.6438482851352257 0.47706899001943626 0.4195332380499391 0.28994808309483466 0.22193547494930396 0.08938813521243663 -0.009296182639881218 -0.12219485208692327 -0.22308697685612022 -0.2941495702614627 -0.3716475864471127 -0.4891498913161244 -0.575759800349792 -0.7152337555401785 -0.7928227766485646 -0.8486562371662745 -0.8740317902162359 -0.9581747503773741 -0.9584315720845805 -0.9492370693826302 -0.9934405949901293 -0.9980955368188175 -0.9730255096549594 -0.9524168399369684 -0.9822444275122609 -0.9121112710928111 
0.10928189832139952 0.7920591771220742 0.6816187993504035 0.6201391812140938 0.6408980394850726 0.44296715210042115 0.4140642683530808 0.24352702988116282 0.20963527557730183 0.04166516141137841 -0.06581678539504424 -0.11732737951061685 -0.31333194821676236 -0.3475983493041177 -0.4417011770336884 -0.5788651447398248 -0.5832685121032392 -0.6914280564260105 -0.7625951669030548 -0.8363051163360267 -0.9004387867293573 -0.9502181317358586 -0.9507315627933186 -0.9612465231027236 -0.9586836125025053 -0.9965824022545848 -0.9796650767911262 -0.9542999482802558 -0.9582527577168287 -0.9117219265448738 
0.0987595403914198 0.8399344097004422 0.8266558365853607 0.6259537930090594 0.6434683887169357 0.4749771150260738 0.47806755733983775 0.32538603545703104 0.32890456693633646 0.16714264440124027 0.11375632700695013 -0.0877202541389193 -0.09386796626780124 -0.2968986414657428 -0.2923113447708725 -0.44761403021227975 -0.5150793284294632 -0.5621939299705148 -0.6545698739454154 -0.833612326782391 -0.802082319926374 -0.8627726671694536 -0.8853475081295644 -0.9533624157912614 -0.9796163699808571 -0.9982521661360219 -0.9924795994094003 -0.952367057513644 -0.9800538052403769 -0.9120834863081878 
0.4360935108426168 0.7834210775431415 0.8191747638008837 0.6308179841776117 0.6377139193255164 0.48973972771201824 0.4786960325838038 0.3290935340080849 0.27432054839740894 0.10141282083052372 0.051916609122901254 -0.08471077442445177 -0.1322786802829447 -0.302498900578942 -0.36118332720801816 -0.48242822689156023 -0.5764319506798808 -0.6860648039295874 -0.6538267421441525 -0.8291820376592559 -0.8199879324296391 -0.9579183803009107 -0.9347135036778836 -0.9613812993603708 -0.9787847953838935 -0.9931431204833959 -0.9724709907505976 -0.9895416046625413 -0.9808269590343031 -0.9123016981603789 
0.1021179566462698 0.8019144405196409 0.8218422099287752 0.6460423134631403 0.6438328944112741 0.4882818530507382 0.4725688805000086 0.31997841344582983 0.2734018477510017 0.16174402614159353 0.06166313708934294 -0.07736465244081986 -0.14361311969421667 -0.3213060953485413 -0.36189774034411415 -0.533647915970596 -0.531771490350002 -0.6912513373715489 -0.6978809223506949 -0.8294480763453936 -0.796548785381476 -0.9630251488079679 -0.9529842972755387 -0.9495229002290068 -0.979718067895521 -0.9607398698432811 -0.9714401265555321 -0.9534666048015586 -0.9820984330505373 -0.9130559303197758 
0.7663363162762955 0.7833159984163707 0.8303399572160806 0.6259977200958544 0.6434684422097403 0.4749849431383347 0.47806972624562183 0.3549377733829045 0.34726531951826434 0.1674204718737493 0.11360450266062663 -0.0861465087359012 -0.08652633530465334 -0.29687893899232104 -0.29194344463027677 -0.45822587046533747 -0.5151840027730962 -0.5625536921987996 -0.6562694405950175 -0.8202748029867574 -0.802082319926374 -0.9591897758119693 -0.9423529434796836 -0.944255841066287 -0.9796449124503668 -0.9618309438330879 -0.9926424041798236 -0.952367057514896 -0.98258053455366 -0.9120340393450095 
0.3910252662035264 0.9651630664109253 0.9932065901302404 0.8508818039503478 0.9507940938053111 0.9311236523887987 0.8935140865486368 0.9912460480609411 0.9209704659025021 0.8203270045603186 0.776664799214905 0.7851208892438334 0.6287743981984021 0.5202443830851177 0.4401622083578563 0.3068625862282083 0.1969846821150746 0.23369336633149923 0.02178604919161268 -0.030642355039889154 -0.1341344791389802 -0.26903937074361295 -0.3457357037778116 -0.5784498446164488 -0.579836731405438 -0.8662528338757219 -0.7103843510464235 -0.838833192128812 -0.8922695423705241 -0.8726870829823545 
0.10928189832139952 0.7920591771220742 0.6807954250531023 0.6201507173942792 0.5739163465679226 0.48057375136826874 0.4140642683530808 0.2432812116351388 0.20963527557730183 0.04166516141137841 -0.0658894884474209 -0.11732737951061685 -0.31333194821676236 -0.3475983493041177 -0.4413665766714698 -0.5788651496902976 -0.5832343462464328 -0.6914280564260105 -0.7625951669030548 -0.8315794118482498 -0.8693354582601834 -0.9502181317358586 -0.9507347346291822 -0.9612465231027236 -0.9595495369846051 -0.9965824022545848 -0.9796650767911262 -0.9542999482802558 -0.9590264904778197 -0.911706343713566 
0.43748999197025606 0.7921698232600891 0.7379865908925084 0.644458783700625 0.6173130084160691 0.4796498196373143 0.4277476418602375 0.2918380953166454 0.22978394700297539 0.08543866087827592 0.06025363158311553 -0.12041500375964685 -0.2310029267396353 -0.3631668025539748 -0.35478320845988404 -0.4878276599427324 -0.5705277475255813 -0.6858751157421049 -0.6945808953646349 -0.8316908323020124 -0.8696277086170047 -0.9502562544372098 -0.9974807318659498 -0.9505096194635653 -0.9789105207886983 -0.9874318945863422 -0.9725059668221507 -0.9544198199142191 -0.9481365296572543 -0.9126803380904805 
0.435939585802474 0.7839519237536007 0.7622769134385858 0.6480069550832225 0.6381751875626946 0.5864430272879484 0.4714057136089311 0.3535840159171506 0.2748196657150875 0.09497773720936181 0.059714590648539796 0.012958870291943356 -0.15832259160240683 -0.27474067510027517 -0.3010701446970657 -0.4825243739505792 -0.5755912207846077 -0.5643816646290686 -0.6969790204270657 -0.6616083319614685 -0.8179619269641133 -0.9505057896185182 -0.9355834615431438 -0.9513101285962708 -0.9835169201994244 -0.9795454116115376 -0.973260860014169 -0.989735480274074 -0.9695235293256196 -0.913058873618814 
0.7678687965382762 0.8370267295360837 0.8248994243466854 0.6248582677595568 0.6436319965833941 0.5944192007755522 0.4781018850773024 0.3242554586770533 0.3460309274826329 0.20262191138627184 0.057847323020693744 0.019259323483164868 -0.096641783451939 -0.2974512028759943 -0.2941123671058809 -0.4021904031356877 -0.5150710631233362 -0.5653631244286236 -0.6548371651477185 -0.8326918396056999 -0.817224947345352 -0.8613592118297362 -0.9518944768685609 -0.9503696422724488 -0.9844042890167454 -0.9592268944562539 -0.9952719185661933 -0.9902537518498875 -0.988960116396997 -0.9118021635475496 
0.0987595403914198 0.8336064317210725 0.8266411189546657 0.6258781778707334 0.6438078809852704 0.5979921829745488 0.47853802630999487 0.35209403936124406 0.3482986495603308 0.19811636061635543 0.10912012643546545 0.022646699967615758 -0.07514990724093099 -0.21852873223605995 -0.2940940229272874 -0.4633422231180181 -0.5158342656411721 -0.5125591200787588 -0.6969510262833488 -0.8015172022030013 -0.8522278565664174 -0.8519763638293654 -0.9472926933209466 -0.9504171805461024 -0.9837469211519747 -0.9793885063649874 -0.9927222662223055 -0.9570582036494518 -0.9821003754442942 -0.9136406269162092 
0.766331164264988 0.8360243849463729 0.8268204594267212 0.6259359791158372 0.6437814542501494 0.5948736419908753 0.478069718494991 0.3550111081994361 0.3446632771824592 0.17024793317682496 0.10395642166003854 -0.12935698386434324 -0.09682608306823927 -0.21845121965546693 -0.2928663267156406 -0.45800985833321173 -0.5151122674669398 -0.6461200177952783 -0.6563409385064922 -0.6739982551373968 -0.8174054578584967 -0.959384001515292 -0.9516633121033652 -0.9502563650060527 -0.9790480434483895 -0.9972672097921976 -0.9937398514296338 -0.9477651261576961 -0.9926065077969567 -0.9183377798999807 
0.7730173715942743 0.7849051917632084 0.817939148627542 0.6310630746633572 0.6443963840154089 0.4900939697929037 0.47880792513059084 0.2913107806763658 0.22136505888684058 0.08833588827427855 -0.009296182639881218 -0.12219485208692327 -0.22326506526878234 -0.3062355333431493 -0.36156021399513355 -0.4891314145071919 -0.5757778782007544 -0.6891357813194436 -0.7848443140738075 -0.8490999847867152 -0.8737172493825341 -0.9581622848811223 -0.9364005905167624 -0.9491455758213019 -0.9793932116819123 -0.9979117994866782 -0.9925926888974058 -0.9524165071262587 -0.9824176071898577 -0.9121220258305865 
0.10403673656468183 0.8388083872913915 0.8251187751461835 0.6483555721756641 0.643411900692056 0.482025025693063 0.4726173911844771 0.3321215350223378 0.26169092773261887 0.15765241754052028 0.06036746266055777 -0.12270763895710389 -0.17120863095885946 -0.30318383189191267 -0.36038869561366194 -0.484743868794917 -0.5288658603946772 -0.6910288017375927 -0.6975500230365931 -0.7927620597245449 -0.8216725541323304 -0.9611751856069929 -0.9506858674447771 -0.9436638646294307 -0.9791430751738677 -0.992813267089198 -0.9938603985847386 -0.9875184264333412 -0.9931203633465627 -0.911616718826026 
0.4409547726062662 0.7920590450539136 0.6785469287027261 0.6203297203064966 0.6401613755766066 0.45625089219086407 0.4185705551344659 0.24848908825803084 0.21022428365230308 0.08466652120617622 -0.06551556054283462 -0.1659394621698591 -0.31367443148903934 -0.3701492096215563 -0.44430910422829634 -0.5299406571459033 -0.5617338422678222 -0.6924319690707761 -0.762600215960474 -0.8332506977006834 -0.8712400586759996 -0.9365657971858437 -0.9514541434526073 -0.979344335492986 -0.9595443084880922 -0.9982978520631539 -0.9796151512891426 -0.9543932809518991 -0.9827870091871632 -0.9121785605399932 
0.43882290572720417 0.7831981707875972 0.8206860299565621 0.6443908495828231 0.6417494248079162 0.48365411981192413 0.41951895914926796 0.2899262311770231 0.2107703403777282 0.08839282741032439 -0.006310434133167165 -0.12065396640132756 -0.1660327699499917 -0.3011182296044777 -0.374019543843386 -0.49342988816383315 -0.5875582312657888 -0.692059603024138 -0.7184330819105819 -0.8336358338576964 -0.8693298144043502 -0.9505169134462568 -0.9750872646546662 -0.9612469919703119 -0.9614984821842557 -0.9931648733180546 -0.9933401565609538 -0.9524139977326498 -0.9936419440638278 -0.9121068298778651 
0.10716245416156134 0.7920728916878776 0.6803929676223787 0.6243620704864121 0.5825643022784607 0.4813311083874413 0.41780278044842006 0.2479681309113117 0.21015004907557525 0.04184214510851274 -0.077607168677266 -0.11806907112445558 -0.3080742472110028 -0.3674821855529371 -0.3913840324245768 -0.578378322042667 -0.5779080738554234 -0.6914280564260105 -0.7620888539391847 -0.8334075310682679 -0.9033076038849177 -0.9102481142144655 -0.9507347346291822 -0.9605017078797241 -0.9589568611822841 -0.9965874756378845 -0.9741826473976031 -0.9509219707335004 -0.9444580444030076 -0.9126049045518616 
0.4339945832077054 0.9303947550658029 0.8201663225003456 0.6283503640168321 0.6436316001408173 0.5948875215111822 0.4745347911329687 0.3244255133871104 0.3176888108972059 0.1635276706319403 0.10287515267517193 0.026440795673253956 -0.13614506387187258 -0.18770431224727346 -0.35421309175983634 -0.5377009043385867 -0.5150848607095834 -0.6856810399412387 -0.6553321962156687 -0.8532057812568375 -0.8004598228161514 -0.8628248806073994 -0.8894570778947116 -0.9500718435075667 -0.979624229234304 -0.9759055181121467 -0.9924117521598946 -0.9522322149497878 -0.9941714656340177 -0.935979866440935 
0.43756464750647467 0.7848663759862363 0.7352691663661861 0.7327917436706266 0.6171843541426395 0.47973421746569095 0.4252243663536357 0.29181894386967616 0.21170338089285437 0.0853596503725473 0.05401396160391742 -0.11982400571193552 -0.13694136957711486 -0.3010847458170878 -0.35751770712175823 -0.48371400451658264 -0.5216882821073201 -0.6928988952521258 -0.6950562585030651 -0.8497912461262707 -0.7989600245934534 -0.9505830137860867 -0.9516850757715063 -0.9504707097126321 -0.967372409817169 -0.9874743420652695 -0.9703563214393528 -0.9544578098474052 -0.9869993750279031 -0.9126837632557139 
0.7737488766274759 0.7831736189589539 0.8195509540249019 0.6455290074990779 0.6425564879523038 0.4766330518224012 0.4214168465429167 0.2914552598944995 0.2041820374880001 0.08179859082376678 -0.009919797295193301 -0.12120178111412169 -0.1611941684107043 -0.3011754954426766 -0.39111643141145325 -0.5427451398928924 -0.5779345146292527 -0.6913944988202178 -0.7184293304632807 -0.8331118543422068 -0.870206946317624 -0.9128326554836919 -0.9508580487044651 -0.9815327658819387 -0.9592650141734588 -0.9978358241645117 -0.9740068287530025 -0.9565841541000939 -0.9937925528555034 -0.9100769168335242 
0.0987595403914198 0.8336064317210725 0.8266411189546657 0.6258781778707334 0.6438078809852704 0.5979921829745488 0.47853802630999487 0.3287021646918702 0.34802428714077366 0.19811636061635543 0.10912012643546545 0.02161507805087904 -0.09577600198084231 -0.21865281269555975 -0.2940940229272874 -0.4852156546304095 -0.5158342656411721 -0.5125591200787588 -0.6769343834696875 -0.8015172022030013 -0.8216130804727759 -0.8519763638293654 -0.9475051010586463 -0.950407092214342 -0.9837469211519747 -0.9793885063649874 -0.9927222662223055 -0.9574218698148875 -0.9821003754442942 -0.9133983206456521 
0.43810681777150007 0.791862925746284 0.7494079983985797 0.6313790740853567 0.6438482851352257 0.48400051675373074 0.41855712562936903 0.28994808309483466 0.22132966463018347 0.13133198935742676 -0.009296182639881218 -0.12219485208692327 -0.22204833615231676 -0.2941495702614627 -0.44471476617512334 -0.4902002640435831 -0.5606907481165619 -0.640087003779982 -0.776035711177909 -0.8339721558550874 -0.8757980096774381 -0.9354543186348455 -0.9762639442179741 -0.9614811787123765 -0.9611127174669818 -0.9983360971604375 -0.9719701555622328 -0.9524168399369684 -0.9827569398594532 -0.9115524030576999 
0.7728809184841064 0.7849688679723755 0.7412510902023997 0.6309588487861557 0.6443963840154089 0.4901620388197179 0.4700321077499997 0.2903144246857945 0.22136505888684058 0.0883381657480157 -0.009296182639881218 -0.12219485208692327 -0.22196576170194673 -0.3062355333431493 -0.36156021399513355 -0.49018178723465056 -0.575759800349792 -0.6892309599097218 -0.7848443140738075 -0.8496816624821213 -0.8759299886229532 -0.9581747503773741 -0.9373686759093074 -0.9492370693826302 -0.9934405949901293 -0.9983591364062979 -0.9925940574574895 -0.9524168399369684 -0.9822444275122609 -0.9121112710928111 
0.10656340649738205 0.7921785525473026 0.790732538939874 0.6245665095553978 0.5796470007223965 0.4840252572639205 0.4135936839101953 0.3212660070160619 0.21047549132615578 0.0862165836872694 0.0496354997260866 -0.1198463863572365 -0.22485126061835306 -0.33728465053646406 -0.3544719162364138 -0.4817564593132788 -0.5705891233071034 -0.6914119686987779 -0.7167140559511267 -0.833003524727705 -0.9002330211248767 -0.9683679789094294 -0.9504737427695784 -0.9490076273239519 -0.9794693444966088 -0.9981621747928138 -0.9769474583050918 -0.9515048151650478 -0.969681516779459 -0.9126812623330683 
0.43882290572720417 0.7831813367715631 0.8206860299565621 0.6455445322795986 0.6032635918128327 0.48365411981192413 0.42635446466280225 0.29068644393033355 0.21041884046613107 0.0932069846301867 0.060491978781011625 -0.12065396640132756 -0.1660327699499917 -0.30355409167716174 -0.37247564693369506 -0.49342988816383315 -0.5172756459591936 -0.692059603024138 -0.7184330819105819 -0.8328700394449359 -0.8693298144043502 -0.9487000474754519 -0.9750872646546662 -0.9612469919703119 -0.9800225858636918 -0.9931648733180546 -0.9933320882403018 -0.9523515285518842 -0.9931125235890057 -0.9122626780491145 
0.1007916855730987 0.7887714424638855 0.8192262839086024 0.6487716670373082 0.6438163650331661 0.5957117861070028 0.5031395327961554 0.35332692584772024 0.27520286706103303 0.16201982093676823 0.061313968016198 -0.1272276355842789 -0.1344092041064399 -0.21647935967316675 -0.2992263396388618 -0.5296442116463161 -0.5309354993700215 -0.6913222478430043 -0.6949359952651495 -0.8519315645699372 -0.8214000504863679 -0.9527269102323617 -0.8913983536466352 -0.9509713033614985 -0.9906018943898608 -0.9797688070159429 -0.998878817641338 -0.9741830921405814 -0.981673670643916 -0.9136427795236488 
0.7709357573862314 0.7586763585949641 0.7386669700655173 0.6447580981730127 0.617450454865284 0.48982318026818106 0.4313390948664695 0.32921161507202445 0.223419273979776 0.08686397560038331 0.06047268089185183 -0.12311314251381447 -0.14421291955800977 -0.30298163653326193 -0.3728760526835281 -0.49355032703219853 -0.5702566735856002 -0.6855953863009315 -0.6982101722459313 -0.7906478153533859 -0.8703929498495148 -0.9574854658103306 -0.9614726184139627 -0.950361010337 -0.9780772242687605 -0.9871918002112869 -0.9725066342152068 -0.9542849305728884 -0.9933170740903886 -0.9123912091842997 
0.43400723529867374 0.7838311409188238 0.8202046123218901 0.7008225788829011 0.6436525071084688 0.4764068223828438 0.47807475620341167 0.32925361027686545 0.34603076452321474 0.20115251624452182 0.10984335497136563 -0.0874712514201604 -0.09570825185798144 -0.30308424377913795 -0.29121276880975816 -0.48473090119686424 -0.5299405631229438 -0.686049805220446 -0.6763873381230489 -0.8297042744437696 -0.8215269062318211 -0.8653806282831897 -0.8875800214513484 -0.9501576681042848 -0.9894691469795398 -0.9619184341014725 -0.9939311782494415 -0.952367052494278 -0.9891727431290768 -0.9367676488912687 
0.440906586740483 0.7836526738640083 0.6772226674173021 0.6396354133076365 0.6438482851352257 0.48400051675373074 0.4194901254748698 0.28994808309483466 0.22123545008406922 0.08462910366888805 -0.066599866495354 -0.12219485208692327 -0.2233476397191524 -0.36782364074784546 -0.443179660431311 -0.5306879168593289 -0.575759800349792 -0.6922848977651693 -0.7608757391885279 -0.8337012948140776 -0.873585270437019 -0.9579676484188319 -0.9740567406268962 -0.9801349094928432 -0.9612817189849859 -0.9978884280750285 -0.9719701555622328 -0.9524269078621256 -0.9822444275122609 -0.9121112710928111 
0.7737488766274759 0.7831951222216631 0.8209649414887675 0.6465428179446654 0.641669684017437 0.4567386400916968 0.43157846092634267 0.29065289614427253 0.21061676627376166 0.03945672961919451 -0.009919797295193301 -0.12165511404951057 -0.21944734008858943 -0.3011754954426766 -0.39111643141145325 -0.5427229703544059 -0.5783068247292128 -0.6914137701247168 -0.7363817553140501 -0.83171734581539 -0.9001010944934948 -0.9520806241381905 -0.9501414276829305 -0.9608453029164129 -0.9582805548744044 -0.9965920866183348 -0.9740110230965725 -0.9566394297229791 -0.9939024349909964 -0.9100769168335242 
0.766331164264988 0.8360243849463729 0.8213936757460797 0.6259225082997838 0.6437814542501494 0.5948736419908753 0.478069718494991 0.3550111081994361 0.3458364548763647 0.1702289882048885 0.10395642166003854 -0.12659095321663774 -0.09151523163116004 -0.21845121965546693 -0.2571868711079012 -0.45800985833321173 -0.5151029275835929 -0.6461200177952783 -0.6563409385064922 -0.6744816600230285 -0.8164663427398138 -0.959384001515292 -0.8817134080044987 -0.9500601476565458 -0.9790480434483895 -0.9972370662164939 -0.9926228256955449 -0.9477651261576961 -0.9927886252587528 -0.9183377798999807 
0.06312496003116055 0.9962928190475868 0.9890692258307953 0.8257764460970162 0.9410586787356683 0.8702947071454388 0.8859724992983062 0.9214536955545012 0.9209794609026626 0.8185408171211762 0.7766689586437813 0.6270585127211423 0.5234399692986447 0.5210507004913828 0.4401667304187818 0.31496340242199966 0.18489411389499133 0.1758757826580938 0.023710794205749244 -0.14935818427704015 -0.13496760630386576 -0.2735094249971561 -0.432579899851459 -0.5782977941566896 -0.5826076127280633 -0.7568034877117156 -0.7104657649983155 -0.8384112073571055 -0.857285881603208 -0.872015712691322 
0.43400723529867374 0.7838311409188238 0.8202046123218901 0.7008225788829011 0.6436525091249994 0.5987369110228826 0.4780754541551454 0.32931790865709476 0.34603076452321474 0.20115251624452182 0.11683989039750083 -0.08686695786879742 -0.0937367935704393 -0.30308424377913795 -0.29121276880975816 -0.48359985407454104 -0.5296430753173632 -0.686049805220446 -0.6760889866267961 -0.8297042744437696 -0.8216177613993181 -0.8652258693951171 -0.8875800365017817 -0.9434301900055051 -0.9894691469795398 -0.961881381516283 -0.9917016743427283 -0.9883563692645506 -0.9798289271865166 -0.9345142641681468 
0.44049779849572357 0.7921013351747312 0.6732894811707107 0.6467168595852615 0.5827297489019816 0.46882388505876116 0.42769259817680894 0.2912365731440702 0.21389017392534976 0.10155507032127258 -0.08780990749987988 -0.16751316772305694 -0.22207656101962572 -0.3661077053483894 -0.44182212174043967 -0.4904490097719573 -0.6266283524507407 -0.6886239008268878 -0.7627249563378713 -0.8317116279776707 -0.8713867304508338 -0.950593353585114 -0.9578017650510579 -0.9498969006813313 -0.9595612977806689 -0.9646455054799099 -0.9808883698163647 -0.9505230408377959 -0.9935729098960785 -0.9125693725605646 
0.10368475990745643 0.8421583740716184 0.8265486255627686 0.6444546682659318 0.6166951802680831 0.4820114472117579 0.4726173911844771 0.32300328325747757 0.26417101240118585 0.160050503400298 0.0602551041063508 -0.12815718372052148 -0.17120863095885946 -0.3033889024528624 -0.36164830076753945 -0.48748957131258763 -0.5532885413727147 -0.692054923268504 -0.718546144161288 -0.7932790564334723 -0.8703545003702859 -0.96296956356888 -0.9621262793126046 -0.9490533349845449 -0.9792685023818212 -0.9873507592048479 -0.9987428872741198 -0.9866754165236328 -0.9940924388197525 -0.9116337340473464 
0.434549244242685 0.7832679604417512 0.8192316775807422 0.6993820510701471 0.643661318785116 0.4827096102394417 0.47255663898967465 0.33252620971035324 0.34834343574550575 0.1666485200780753 0.10984335497136563 -0.08770440371787253 -0.09572435517275776 -0.21496062036081942 -0.2911217435034729 -0.4856357597132642 -0.513770665694855 -0.6860413028678662 -0.655813034266777 -0.8007124683181748 -0.8215269062318211 -0.8653806282831897 -0.8875922412754851 -0.9497245615042926 -0.984265175679361 -0.9619171341580394 -0.9926325441415161 -0.952367052494278 -0.9890443050795172 -0.9358684720739269 
0.7709357573862314 0.7586763585949641 0.7386669700655173 0.6447580981730127 0.6283774493583392 0.48982318026818106 0.4313390948664695 0.32921161507202445 0.22371921252480131 0.15828403446093606 0.05133513607205824 -0.12311028874623631 -0.14421291955800977 -0.30298163653326193 -0.3728760526835281 -0.49355032703219853 -0.5236257071889009 -0.6855953863009315 -0.697848820595574 -0.7906478153533859 -0.8703929498495148 -0.9574854658103306 -0.9614726184139627 -0.950362217705193 -0.9587899267268126 -0.9927063743504329 -0.9724073364118594 -0.9512670291744246 -0.9933170740903886 -0.9123933878510239 
0.44049779849572357 0.7921013351747312 0.6732894811707107 0.6247167102235032 0.5819894137069442 0.46882388505876116 0.42769259817680894 0.2912365731440702 0.21389017392534976 0.08936197166803418 -0.09279410189147762 -0.16751316772305694 -0.22311031354541722 -0.3661077053483894 -0.4468347781719862 -0.4904490097719573 -0.5741968048737317 -0.68891639696169 -0.7627249563378713 -0.8494075774365576 -0.8713867304508338 -0.950593353585114 -0.9578017650510579 -0.9498969006813313 -0.9553315778902479 -0.9983649031048004 -0.9808883698163647 -0.9505708654149739 -0.9935729098960785 -0.9125693725605646 
0.43810681777150007 0.7831577604898049 0.7494079983985797 0.6310080307798647 0.6438482851352257 0.48400051675373074 0.4194901254748698 0.28994808309483466 0.22132966463018347 0.13133198935742676 -0.009296182639881218 -0.12219485208692327 -0.22204833615231676 -0.2941495702614627 -0.36156021399513355 -0.4902002640435831 -0.5766577485718708 -0.640087003779982 -0.776035711177909 -0.8339346210963862 -0.8757980096774381 -0.9581740670947855 -0.9762639442179741 -0.9614811787123765 -0.9611127174669818 -0.9983357649946483 -0.9719701555622328 -0.9524168399369684 -0.9975903894531172 -0.9115728083397624 
0.1039772655341027 0.7912570697233403 0.8214362326007519 0.6445814929987884 0.6382677720311009 0.4645483002348989 0.4726173911844771 0.32300328325747757 0.21069080423323372 0.16270684848255668 0.060599891772069626 -0.12269860887005721 -0.16984337081851875 -0.3032008635680875 -0.36191707671742973 -0.48748957131258763 -0.5524746079859997 -0.6891877452853106 -0.6871400333631037 -0.7932575115031693 -0.8600128283922737 -0.9630402029751745 -0.9358703545155623 -0.9436638646294307 -0.9789801951962115 -0.9933567424686544 -0.998857642913442 -0.9866731089087047 -0.993096513389146 -0.911616718826026 
0.10960526889494149 0.7920300058137957 0.6787941497340992 0.6104820059523581 0.5818510194285649 0.3720482774127985 0.42194596428522796 0.2485220557641757 0.2138332952475501 0.03646960719579499 -0.08460420237063834 -0.1675287532764741 -0.3060693106084045 -0.3672246823788185 -0.43777379866588156 -0.5801444393886958 -0.5771095170880329 -0.6913350732043262 -0.6937626766122018 -0.8361779418488999 -0.9017051575774481 -0.9418574084541074 -0.9506086647558295 -0.9811449402280017 -0.9589319706793406 -0.9964983886228921 -0.9976697622791357 -0.9506372761913349 -0.9923931317174646 -0.9126184512578693 
0.10656340649738205 0.7919797803556499 0.6817794976886223 0.6242133507292046 0.5807373583771683 0.5226374872869212 0.4137836749707673 0.32600552879886385 0.2219253920931484 0.03666046287370478 0.06028967793416435 -0.1827669353000309 -0.22489124350786255 -0.2949086543062661 -0.45967627529464533 -0.4893300434714045 -0.5773389011585149 -0.6913758920443105 -0.7204780320031688 -0.8330409458352948 -0.9019924777570626 -0.968252839001899 -0.9503637565232455 -0.950288697300673 -0.9584384764543785 -0.9981621747928138 -0.9728829732028369 -0.9542112372993689 -0.9717298676493692 -0.9125950938524636 
0.7642960200653726 0.8368447397653049 0.8266550435170286 0.6259715275341272 0.6436385192293509 0.598392096887677 0.4780674486850993 0.32625636804541003 0.3480106091081883 0.19921389646662627 0.11375324209851365 -0.08245728589231416 -0.0913804493442636 -0.21810243783089237 -0.2619235570375863 -0.532369269309125 -0.5151829483984862 -0.513049328389948 -0.6547678716417882 -0.8208638173420053 -0.802082319926374 -0.8316446729294147 -0.8844363900484922 -0.9436701145051096 -0.9796166116336011 -0.9618094977928245 -0.9924933270726702 -0.9523704866705541 -0.9799140443227432 -0.9133809044227993 
0.39213666530610136 0.9952942891852847 0.9887052248629421 0.8279235708962023 0.9427039749162378 0.8301717983975887 0.8935140865486368 0.9233914402971694 0.9209585923368147 0.8337734383442583 0.7766744076778177 0.785624607938011 0.6287706883689601 0.5247897331821864 0.44016654820030676 0.26217443998187373 0.19689337539171425 0.18351085101772313 0.09825729718712684 -0.05897583410393425 -0.1347688420818625 -0.26929095899109584 -0.4344742151507 -0.5357565278025341 -0.5808466992859078 -0.7608810207152671 -0.7104650088827908 -0.8223783743270002 -0.8573344649948752 -0.8720432469606308 
0.434549244242685 0.7841561781136691 0.8192316775807422 0.6993820510701471 0.643658510223984 0.4750963167891639 0.47807475620341167 0.32925361027686545 0.3437252191577498 0.1666485200780753 0.10984335497136563 -0.08770440371787253 -0.09572435517275776 -0.21496062036081942 -0.2911217435034729 -0.48473090119686424 -0.5299405631229438 -0.6860413028678662 -0.6533338063981287 -0.8297042744437696 -0.8215269062318211 -0.8653806282831897 -0.8875800214513484 -0.9986681602169066 -0.984265175679361 -0.9619184341014725 -0.9939311782494415 -0.952367052494278 -0.9891671139420372 -0.9367044890313285 
0.0987595403914198 0.8399344097004422 0.8266558365853607 0.6259545715753814 0.6434661510475712 0.47655775569135195 0.47806755733983775 0.32538603545703104 0.32890456693633646 0.19955443570146048 0.11375632700695013 -0.12783472681503322 -0.09386796626780124 -0.2968986414657428 -0.2923113447708725 -0.44737906403986316 -0.5150793284294632 -0.5682492811229195 -0.6545698739454154 -0.833637048138529 -0.802082319926374 -0.8661941108029564 -0.885347137716411 -0.9533624157912614 -0.9795443007322743 -0.9982521661360219 -0.9924795994094003 -0.9523670574654967 -0.9800230671189767 -0.9116210704197814 
0.43400723529867374 0.7838311409188238 0.8202046123218901 0.7008225788829011 0.6436525843999166 0.5949585279769628 0.4780754541551454 0.32931790865709476 0.34603076452321474 0.20115251624452182 0.11683989039750083 0.024328577286940718 -0.0937367935704393 -0.30308424377913795 -0.29121276880975816 -0.483595869354912 -0.47764013048015974 -0.686049805220446 -0.6761153783086568 -0.8297042744437696 -0.8172705124948204 -0.8619006727642105 -0.8875507563569546 -0.9434301900055051 -0.9894691469795398 -0.9592315922366205 -0.9917016743427283 -0.9883563692645506 -0.9795381015084601 -0.9345134162949836 
0.10656340649738205 0.7919797803556499 0.681592429558521 0.6245665095553978 0.5807373583771683 0.4840252572639205 0.4135936839101953 0.32280350917764356 0.21047549132615578 0.0353632261249346 -0.0767447926380845 -0.18262027261055397 -0.22489124350786255 -0.33728465053646406 -0.44222987233925004 -0.5783595375258987 -0.5771534029922539 -0.6914119686987779 -0.718381568657253 -0.8330409458352948 -0.9002330211248767 -0.968252839001899 -0.9507324682008484 -0.9489477316664527 -0.9584357188836778 -0.9981621747928138 -0.9766383507997178 -0.9513997753465266 -0.9717298676493692 -0.9127549958362928 
