0.2517108672894372 -0.9406456521476873 -0.9221950807116313 -0.8454138211845245 -0.8254183413036024 -0.7193963505630837 -0.6990601581071465 -0.6581394027210854 -0.5600660610432538 -0.4726344836451635 -0.36769530680427737 -0.23082088959052285 -0.1518774774854294 0.039234555328679574 0.05859978374284708 0.13774092105977306 0.2807321345990813 0.34501415408705566 0.41449160412685593 0.6277787630978648 0.6088683406703407 0.7151520225700025 0.7728363942107215 0.7781198822064125 0.8957226057764985 0.9765116164931459 0.9575126327390794 0.9668614623799531 0.987535878569604 0.9898959842690898 
0.9278531178338456 -0.9389575395257869 -0.889932045839813 -0.8008111388924448 -0.827346839077874 -0.6482716517413136 -0.6370666236490016 -0.504303158428348 -0.45114280851036564 -0.29506485900399315 -0.24988833237805866 -0.12621622557003345 -0.019485682675238383 0.0892734418538344 0.16936337207036947 0.31883181723705817 0.40904069557602857 0.4670858558774185 0.4632739326849143 0.6623750965324531 0.6607636583044808 0.8131778714495778 0.8005515840160484 0.9127610974577641 0.9522634180942726 0.9823003390360552 0.9811475523431428 0.9732690305704653 0.9992328832077065 0.9785743617262748 
0.2610117681797626 -0.9392133679115022 -0.8888525011246534 -0.8007031705227315 -0.7938482831281523 -0.6912379697674335 -0.6373677153576787 -0.5042552305510678 -0.45173002383360616 -0.3004146288473516 -0.2481197955537397 -0.1252418978924427 -0.023026321371073303 0.08765693058920365 0.16916653941962012 0.319355480664969 0.40704913962978595 0.4632791019248197 0.5696394370744159 0.6765588706469058 0.7549933290638555 0.8135993174896708 0.7808362443777838 0.9130591463258151 0.9877131512384292 0.981849001059354 0.9684757554523621 0.9722297964235408 0.9992431344688458 0.9913863641662978 
0.5847736266115368 -0.9375562243812778 -0.9149179906064275 -0.8601182987166676 -0.825450455394887 -0.7569530631707402 -0.7049829904205062 -0.5773064606626959 -0.5586869055444363 -0.45416318873888306 -0.3695919455409064 -0.2312889225141336 -0.1502978650313968 -0.021112769673217964 0.055636057561885124 0.1494559363988938 0.28019562270217435 0.38605061555045894 0.4628347099096491 0.5538458551849827 0.601362509741705 0.6996999219436723 0.7722646297337239 0.86101011712592 0.8958548231812841 0.9858696528680229 0.9752593243322067 0.9661159661740115 0.9896025084235106 0.9882448044188373 
0.5941184953722658 -0.9380636439127332 -0.8878479321806423 -0.8053417727840723 -0.7936297024623405 -0.6978030263643982 -0.6570115484334464 -0.5049467774045033 -0.4524884996135209 -0.2967049281798525 -0.30104633960310506 -0.12597753372989903 -0.026006509005983943 0.0923202791946562 0.16810259781764272 0.3237839318614756 0.4023600890249783 0.47864752308314784 0.5617367053278477 0.6604060079767301 0.6923198641050516 0.8131648025566517 0.7781807642768012 0.9129660994265326 0.9540253488519634 0.9819172814407664 0.9537458932449874 0.9732734333565155 0.9988588824087754 0.9852714513797052 
0.918550101083518 -0.97167122145172 -0.9202742966984212 -0.9285861912010166 -0.8254059979346312 -0.755778724008847 -0.7051423192432149 -0.5698168609360117 -0.5586864529712876 -0.4613770163031134 -0.3675577384893208 -0.23199117747346032 -0.15164111850152798 0.04688052348955482 0.05998423405380103 0.148190434344558 0.2801280950427953 0.33879099134977486 0.4646071194943525 0.5778471207764694 0.6100702672375113 0.7025465697460487 0.7956042835087669 0.8601972563562283 0.8958453540561452 0.9775402944219539 0.975648109019567 0.9673151442254441 0.9876273104961041 0.9899143780791929 
0.5847736266115368 -0.9373171353641664 -0.9149179906064275 -0.8601202714393309 -0.8260954676581448 -0.7569530631707402 -0.7046983018389067 -0.5727131390795465 -0.5585243664666683 -0.4560539473629289 -0.3695919455409064 -0.2315957573666617 -0.1503041286252743 -0.018539823181085588 0.055636057561885124 0.13416070915841422 0.28019562270217435 0.33410772381000464 0.4629596494447266 0.5518968717171648 0.6604413927386987 0.7230364656328828 0.7730591296360949 0.860978248297 0.895854736164825 0.9766584406095669 0.9752077169637283 0.9668807360121293 0.987540240455619 0.9891528083399574 
0.5863663482188158 -0.9390772696551389 -0.9201791467198588 -0.8440391445234999 -0.8254979506384413 -0.7581595501482604 -0.7011120692901973 -0.6539876779739183 -0.5418743215421418 -0.5115215137044925 -0.3470503290751337 -0.2304131347863584 -0.1535116264416007 0.0077743811809961 0.0586267486726563 0.14525424834405135 0.2802422339293706 0.3313298395377238 0.4640698756113514 0.5777502324070641 0.6608037663145352 0.7167834857472938 0.771150252183832 0.8644326939451825 0.8844844209979725 0.9766215118598972 0.9741089215477163 0.9765247657360671 0.989884703566874 0.9890609104691869 
0.2517108900262968 -0.9407908110694349 -0.9221950807116313 -0.9158093577828265 -0.8254547279544382 -0.7606592179536892 -0.6990296417353006 -0.6581394027210854 -0.5600660610432538 -0.4726344836451635 -0.36769530680427737 -0.23067713439664703 -0.1518774774854294 0.039234555328679574 0.05859978374284708 0.13774092105977306 0.2800322345574846 0.33716718025769316 0.4600085289883142 0.5782502752297889 0.6088683406703407 0.7151520225700025 0.7728363942107215 0.7781198822064125 0.8945938853720431 0.9765099818377349 0.9575126327390794 0.9684265500820283 0.987535878569604 0.9899070571430449 
0.2517269152242039 -0.938844301710763 -0.920574881282096 -0.9151865392857257 -0.8254542639239402 -0.7595688144208922 -0.6990651793722515 -0.6552940425752272 -0.5419804487628161 -0.5131390587277375 -0.3692407262162536 -0.23080462308057903 -0.15317665689112314 0.006728290997404997 0.0586267486726563 0.14525424834405135 0.28005974449024945 0.3376401602950246 0.4613837770173185 0.5781467217865405 0.6088117019668672 0.7130957935306091 0.7711233104977712 0.8646049424207964 0.8945692451037854 0.9767808931315097 0.9797762855437813 0.9360489552336282 0.9898851356752468 0.9905977804565982 
0.9276962483154972 -0.9388671774784735 -0.8904106859461527 -0.8008105911008624 -0.8264243310528656 -0.6482716517413136 -0.6370666236490016 -0.504303158428348 -0.45114280851036564 -0.29506485900399315 -0.24984097026067198 -0.1262048558212913 -0.01942981146309592 0.09041076512339329 0.16936377089820298 0.3174787084243012 0.4071634769152546 0.46702193438131523 0.5644777769026335 0.6623750965324531 0.6918010019582076 0.8133338996962568 0.8006023184359722 0.9127610974577641 0.9540112059248639 0.9794088644511044 0.934323007656741 0.9732570789394704 0.9982677634026783 0.9931523548545373 
0.5917456537857139 -0.9388698018832989 -0.8888849771154302 -0.8064573669545266 -0.7984691044696348 -0.7019493449264986 -0.6266552950942307 -0.5049686039953668 -0.45250997671927906 -0.3686650860386405 -0.25196191146811364 -0.13310946049369277 -0.023630298365595034 0.06379704524061112 0.16723531536823819 0.2741016860702375 0.40151414073135594 0.4570050812958122 0.4964442408342164 0.6245695615237844 0.669463192849989 0.792619766762859 0.8005767815764254 0.8775971338422129 0.8971838625992596 0.9956423610584234 0.9685383432012756 0.973625825692911 0.9957698234088851 0.9919590150984121 
0.590985891992958 -0.9388793071264641 -0.9146926225812116 -0.8449695913241 -0.8254359784520605 -0.7026271286500418 -0.6319875458153916 -0.5725416546276287 -0.45445932480791246 -0.39486569888457396 -0.2539161010690867 -0.1777553344875027 -0.09269474581995132 0.030916861140086235 0.1684702727841888 0.20942646985148214 0.3714817500196535 0.46256744401576827 0.4960277086732617 0.6415806337580585 0.666094968169212 0.7642638538194213 0.8004643810597531 0.8785592439296771 0.9324762418781535 0.9639547310011505 0.9704996961497614 0.9958241458579512 0.986416562470362 0.9964826437919222 
0.2528225836629633 -0.940480834415115 -0.922027158832727 -0.8601989471778442 -0.8254542716957608 -0.7598097045894493 -0.7025493515195067 -0.5987132906851441 -0.5428102734029631 -0.39556697386436346 -0.3356829292874841 -0.23547773268930292 -0.1503700972877258 0.011416623530932615 0.059626841422695295 0.20831977479426902 0.28007679409545805 0.3342856246953218 0.46124139154848115 0.573011393684534 0.6078654638729788 0.7611864218931612 0.7945187582779376 0.8648476171925451 0.8949321778581407 0.9369615447154835 0.9837016836962417 0.9352502001801546 0.9898664511109994 0.9895200254344224 
0.9211935504320575 -0.9382845790658906 -0.9203796535539506 -0.8599986003156609 -0.8241031884564892 -0.7306276615112516 -0.7010673028199315 -0.5731127320106065 -0.4988737829292626 -0.39328070920568087 -0.32797640664923217 -0.21658130614248863 -0.15032898105934286 0.012455840167248503 0.06790909844302258 0.20776084355015698 0.2807688698146733 0.4212261707689681 0.4930034108401372 0.6344016028760037 0.6677892807250669 0.7165936652931413 0.7952124342309573 0.877886960102836 0.9181569077837795 0.9643867826229336 0.9845183223294068 0.976615146769312 0.9902438096070653 0.984585475558382 
0.5863815352571694 -0.9388473910091849 -0.9205710776424577 -0.8472584265594739 -0.8254542639239402 -0.7578706174588818 -0.6996262835936933 -0.6552940425752272 -0.542001138479853 -0.3938936470273116 -0.3718111151958386 -0.2330874486772718 -0.11866492407370434 0.006715885706557056 0.0586267486726563 0.14525424834405135 0.29416681073817347 0.3362740857226425 0.46446592578172646 0.5777472827191147 0.6117837645025642 0.7130957935306091 0.771095771199564 0.8645941747780534 0.8837956174217407 0.9767808931315097 0.9834702888321236 0.9689826655185263 0.9898851356752468 0.9905977804565982 
0.5926763913038777 -0.9431503981643626 -0.8987724372221487 -0.8031829381295783 -0.8256263084610037 -0.7019182441047496 -0.6269261227271274 -0.5034757793643274 -0.4503279516679927 -0.3803434958968739 -0.25226473142673533 -0.12942690199552367 -0.022609086770830254 0.06575876659545499 0.17098399006786308 0.2739121379267926 0.34906652050611026 0.462991832268985 0.5643540439316986 0.6503550440888031 0.6935336620251049 0.7670101240594697 0.8202848724778532 0.8696874083686061 0.9320937384823906 0.9848306005823853 0.944121421594837 0.9839817936155445 0.9991716801118157 0.9918298000404104 
0.25973304076209003 -0.9392230642739463 -0.8888550401826497 -0.8014146182828679 -0.798496542435498 -0.7019423106707335 -0.6269076937797774 -0.5042180062504475 -0.4524937573578566 -0.367009313772354 -0.2480836388103126 -0.13140516286667367 -0.01919899547170882 0.08789614023661597 0.169031735995173 0.3193301487754588 0.4013874258019058 0.46297566332514223 0.5676650716478346 0.6622120295622131 0.6703609010265177 0.8136030515997411 0.7955623030965574 0.8773404726881695 0.920913756982278 0.9790051838895417 0.9684754939090086 0.9709397091266263 0.9982419542890907 0.9919417200073465 
0.2596870496662352 -0.9389078436906121 -0.8888710811519661 -0.8007121082625658 -0.7984785372322392 -0.6912614713236745 -0.637372022769813 -0.5042207924853346 -0.4533475766237073 -0.36524212650125765 -0.2481197955537397 -0.12519804292099518 -0.025966767012962865 0.08789703457238078 0.16917262985539017 0.319355480664969 0.40704913962978595 0.43740171688504703 0.5696287941212012 0.6653105379060511 0.7549933290638555 0.8136030920367942 0.79624896817134 0.8771997521678869 0.9534882516295031 0.9794005510860128 0.9682930297920663 0.9709323761224604 0.9993244034370116 0.9913863641662978 
0.5884802101305361 -0.9387897327740504 -0.9231395770774722 -0.844487376147446 -0.8070733639482456 -0.7589115091326788 -0.6632386018181502 -0.5727755802246498 -0.5080004732716009 -0.39078104211323184 -0.3070410326611503 -0.18166316657222142 -0.10963092973170951 0.009744185732291443 0.09017457755254477 0.20718013869885968 0.2787776370877423 0.4213925313501655 0.49720785701394227 0.6254872287377969 0.6658482207145897 0.8105935157707238 0.7952069905288869 0.8634277083532143 0.918293497555431 0.9794786519056697 0.983543087817534 0.975682826011689 0.9994903382957842 0.9963192121978958 
0.25515967920873306 -0.9817772993898183 -0.9245363443998609 -0.8672504434192901 -0.8335291694039355 -0.7329280719735594 -0.6787331081585566 -0.5699447402718116 -0.5089945904512345 -0.3907304278773668 -0.32833634329941686 -0.21951009767609092 -0.09332666587623673 0.038805863703203596 0.09449314025735486 0.2063000046111653 0.28611595496926817 0.4670990279497402 0.49589220792083943 0.6268598738216934 0.6688172635873829 0.7614066213357397 0.7890497058900048 0.8663697736726983 0.9169822883437233 0.9687619114390769 0.9751375973848798 0.9741850224698787 0.9955396155758531 0.9898579025247377 
0.5871300606093758 -0.938785450868331 -0.9201675519698689 -0.8448164613734644 -0.8059121431243075 -0.7577553665038204 -0.6613802870799353 -0.5723575364078679 -0.540242259835852 -0.39240617225715607 -0.3045992312853772 -0.23253559375937585 -0.11930153572082683 0.007053069937838051 0.05850721127864616 0.19624865920734394 0.2787728453658008 0.3880100633511793 0.4967397487956234 0.5753744150451116 0.6609222916795924 0.7287114222404566 0.7726358801183254 0.8775982832808683 0.8962509788501585 0.969548596555608 0.9847201933089493 0.9695454592638415 0.9896840938945148 0.9890632467509728 
0.25542961936227165 -0.9781915551729866 -0.924871992667623 -0.8596640518333771 -0.8336592239630185 -0.7306244855002195 -0.622817541258986 -0.5731242810865813 -0.5340212769484611 -0.3931973709098992 -0.333000474955782 -0.23604732204520604 -0.11179809437022088 0.010466559268093869 0.06022681953982893 0.20757920511269592 0.27867491599137156 0.41751330624540456 0.49661449228334537 0.6254372071442789 0.6600105806045345 0.7600870680948749 0.7947787877330512 0.8659523253336464 0.8958008679230294 0.9650394468908502 0.9891780992053258 0.9986176091407084 0.9872587052628883 0.9935644504828299 
0.258564959040459 -0.9388868092682722 -0.8888553388163773 -0.8451886143894327 -0.7984086234430094 -0.7019383745575584 -0.6232347999342011 -0.5692670695922748 -0.45297202146989535 -0.36868963981083136 -0.25186148604711756 -0.1331068822735983 -0.013503215577355347 0.06550566914026158 0.16713971638042716 0.2686131487421183 0.3288170007008438 0.4569986770652887 0.5654544495924085 0.6251861524645368 0.669463192849989 0.7926227106376518 0.8005542435922328 0.8976116413783723 0.8971871518740422 0.9790414745919622 0.9343093295835828 0.995874330790121 0.9955628555884143 0.9919450280139961 
0.9239774208032038 -0.9394016642874394 -0.8888553388163773 -0.8451886143894327 -0.7984086234430094 -0.7019383745575584 -0.637144828914926 -0.5692871985413033 -0.45498436007651155 -0.3699048996212439 -0.25742625802566993 -0.1331068822735983 -0.11463522892785413 0.030660293063218325 0.10316582229164878 0.2681776540710819 0.28314835771430424 0.4569901983446599 0.5646775759588235 0.6394920997183046 0.6730747015418532 0.7636052974842931 0.8006174414131003 0.8960663112744303 0.9296126003090204 0.9824093975978087 0.9723620143927232 0.9967185403295716 0.9994464859765709 0.9923716919177916 
0.5902914873157146 -0.9505471257665769 -0.9188375561555466 -0.8562936784554366 -0.8240917317742815 -0.7311107325141208 -0.6775908035006301 -0.573132933197621 -0.49307005944185434 -0.39351015108213233 -0.3077937785105607 -0.17409655703487828 -0.08123102694155435 0.03066990998652675 0.12015828944247613 0.20540475740313657 0.3646636085618933 0.45251130072727724 0.4930716825163495 0.6352242423036779 0.665964372350845 0.7712043956013653 0.7935486066931308 0.8709084026379534 0.8949868619410767 0.9650933649231275 0.9881492197463704 0.9739513460297464 0.9866779949615372 0.9897572241401036 
0.9212968807282206 -0.938286064366237 -0.9230865222450216 -0.8443045888851953 -0.8241244695165161 -0.7304175042948774 -0.698633570567686 -0.5557628380582712 -0.5396704068217856 -0.3937341921517207 -0.33295761998994855 -0.23231598056001956 -0.1551495296695796 0.007017499801471917 0.08842392343019481 0.20072321480190816 0.2798171331668909 0.387039752623829 0.46281440752085695 0.5604965194190448 0.669100873447423 0.7136169622537137 0.7960102340145587 0.8772067369982887 0.8961967450188487 0.9774352400822831 0.9916378185292414 0.976615146769312 0.989998587999962 0.9851725310030103 
0.5895371219561164 -0.9387926602866089 -0.9220208699105923 -0.8599352978033027 -0.7844435242732254 -0.7047533068187296 -0.6283383289093027 -0.5698961999891655 -0.5058319260593518 -0.3962580335179344 -0.30979854555005193 -0.2189121225312582 -0.09135374647750888 0.011825139224957005 0.0906763516713463 0.2074165669038805 0.26700728602586593 0.42185690768803247 0.49604590929036046 0.6091886152922754 0.6673177412812371 0.7625357532406191 0.7946598426241509 0.8784796666585691 0.9327373666654147 0.9354167018656285 0.9727767385572775 0.998527935226548 0.9860930095708207 0.96391064821809 
0.5871300606093758 -0.938785450868331 -0.9201675519698689 -0.8438529535258544 -0.8254917588450822 -0.7557729753077089 -0.7057676324380769 -0.5723575364078679 -0.540242259835852 -0.39240617225715607 -0.3458473414284285 -0.23307623345681505 -0.11930153572082683 0.007050695843795219 0.06000163118562318 0.13470181147698015 0.280248741427347 0.3913153878038177 0.46286220491154895 0.5778468298150521 0.6607310487182119 0.728725578737658 0.7726449531462487 0.8775982832808683 0.8962888591160919 0.9693270525139686 0.9741369256848245 0.9695454592638415 0.98767891342288 0.9890433331747921 
0.25972614130300775 -0.9392166298331561 -0.8283656249967669 -0.8020987851659543 -0.7984693081894259 -0.701943726374428 -0.6373987483673118 -0.5093161947685281 -0.4524937573578566 -0.36350629619068536 -0.2479280545803219 -0.13144873890419312 -0.019329067611727386 0.08799823612693498 0.169330073534454 0.27304856618484696 0.4070500387167002 0.4632565687947743 0.569667788761334 0.6616458315401995 0.6690870529516837 0.7927797008684042 0.7957770424010688 0.9100515631150639 0.8999394433960736 0.9790283142754593 0.9342964660050539 0.9718070032488526 0.998256518209644 0.9909895845024234 
0.9195929060691118 -0.9388466307596421 -0.9221950807116313 -0.8508729042442024 -0.8254542639256054 -0.7578586628665491 -0.6990651793722515 -0.6593355104284617 -0.5419804487628161 -0.5131144739095632 -0.3692597419641882 -0.23310145709963168 -0.1531802413991032 0.039234555328679574 0.05862110153982107 0.14520380033176297 0.2786277665196343 0.3376401602950246 0.46154670003330656 0.5783331731851467 0.6120956051119564 0.7151441962563855 0.7731407485531737 0.8642758671880918 0.8932151388902417 0.8477702035142314 0.9800461933694022 0.9682921442583532 0.9898851365656194 0.9906426572636768 
0.918550101083518 -0.9397502628769326 -0.9202742966984212 -0.9162449901460946 -0.8254918578527419 -0.7598739662929285 -0.7051797832845362 -0.5698168609360117 -0.539320873826495 -0.4613770163031134 -0.3675577384893208 -0.23545808449999492 -0.15347221350652615 0.03162903965733249 0.06020349831818543 0.1481426869166836 0.2801280950427953 0.38787299078880044 0.4646071194943525 0.5615722164423126 0.6341148812588091 0.7025465697460487 0.7956042835087669 0.8606545674582503 0.895850951901594 0.9946328490986597 0.975648109019567 0.9664848056134663 0.9876273104961041 0.9899143780791929 
0.2551569868859961 -0.9843296142335851 -0.9217771666611195 -0.8668744459862403 -0.8335341830534366 -0.7329280719735594 -0.6985561038714176 -0.5732411087775859 -0.5555780906025369 -0.3920906788845802 -0.328538465678119 -0.21838611935322988 -0.11390637935503059 0.010434201230958793 0.0921729695281696 0.2063000046111653 0.28774202068223537 0.39134193594176264 0.49589220792083943 0.5817604972420866 0.6688171656230725 0.7613923281426718 0.7890497058900048 0.8614005383534231 0.9169822883437233 0.9397859831803081 0.9751375973848798 0.9741766321413797 0.9955396155758531 0.9898579025247377 
0.25759579510590647 -0.9176831704354468 -0.895841327358133 -0.8682644370794457 -0.8240007171130398 -0.7638827915208924 -0.6268996212628285 -0.5729751464406123 -0.493600886688136 -0.3821431569896686 -0.3032192910062909 -0.18144752939315215 -0.09534417445773707 0.041728671126372664 0.12351916510825187 0.20778633681693276 0.33025129922057356 0.42225134826166766 0.49592430672753185 0.6392349998612492 0.6934984103970421 0.7642069543551403 0.8004852063295754 0.9151605005559948 0.9325563973669186 0.9840987089315685 0.9768437419642453 0.9949537740011847 0.9863937335695386 0.9829877211198947 
0.9267224202247631 -0.9388827910460978 -0.8896860979985634 -0.8007721865441917 -0.7937296846170242 -0.6917147824679358 -0.636905964128141 -0.5043030067591285 -0.45114269006321445 -0.2949987553309023 -0.24984270472799422 -0.1252832571255922 -0.023044021791005797 0.06452076144880321 0.16936333224194935 0.3199797648466684 0.40913588285255414 0.46702197944589174 0.5602511148596179 0.662342352951719 0.760531475810012 0.813336158652282 0.7963483081319108 0.9130518916435985 0.954011505144156 0.9794088879804627 0.9345332765334726 0.9732696400715009 0.999222098719757 0.9914035538148634 
0.9276962483154972 -0.9388651383987136 -0.8904147253124359 -0.8009874844716082 -0.7973419128181889 -0.6735338479039745 -0.6379183268359265 -0.5043021997080986 -0.45114269006321445 -0.29060832127920183 -0.24984118382016818 -0.12620987775219544 -0.023240452975864544 0.06296933309100831 0.18014111456504267 0.31750505146349534 0.4070363787178339 0.4670367650791118 0.5642182795691698 0.6633562463796137 0.6918010019582076 0.8133331551443213 0.892976910714693 0.9003604186920481 0.9535830338788436 0.9794088644511044 0.933564164871518 0.9755499108389013 0.9982659281533088 0.9853838277605524 
0.256782348296616 -0.9176831704354468 -0.895841327358133 -0.8643251355170068 -0.8240224461812679 -0.7638827915208924 -0.6268996212628285 -0.5729952386031275 -0.4939328094904189 -0.3822091770546393 -0.3032192910062909 -0.18146369861504572 -0.09534417445773707 0.041728671126372664 0.12351916510825187 0.20778633681693276 0.33025129922057356 0.4214099200597068 0.4937610145402284 0.6392349998612492 0.6932751462398702 0.7629602272611338 0.7960333711537316 0.9166127888248634 0.9501511686564518 0.9841969504345146 0.9768437419642453 0.9731488326777564 0.9878343921370314 0.9829877211198947 
0.9203241218823767 -0.9373951157629439 -0.9149059759032365 -0.8441975837849925 -0.8255941952713071 -0.7577436772153774 -0.70550185115322 -0.5731336542316037 -0.540445662516659 -0.4545831016719678 -0.33223750709842803 -0.23307917534925196 -0.12006118844045391 0.007087644883084225 0.0937941563500297 0.1476690332907678 0.28016782355932346 0.33442819685740544 0.46296792112133983 0.5773497227658474 0.6604413831902314 0.7204071034547977 0.7730666642850261 0.8601920652556025 0.8928188259312595 0.9694390830999788 0.9752247864610444 0.9664044751295943 0.9869694042215553 0.9890562787671209 
0.25451430473820075 -0.9375064764111326 -0.9230767172354336 -0.8678278709946895 -0.8336193453504938 -0.7292658872211218 -0.6967439480719356 -0.5550493557859221 -0.5082129116898939 -0.3918935823065739 -0.33224014495276616 -0.2361681932016036 -0.11279736637228993 0.008604910483555736 0.09186348316494604 0.20886645717678987 0.2870312001100059 0.4670328920731755 0.49549819577187687 0.627419964433727 0.6688974396665729 0.765007349853485 0.7960282244762441 0.8770098433536646 0.8928765658642983 0.9775589740652448 0.9749453377091172 0.974247440577819 0.9960704777966862 0.9898925090672821 
0.9221341704166375 -0.9516910679240764 -0.9205353998220994 -0.8445197687261087 -0.823706957371418 -0.7182440968529058 -0.6375409206037134 -0.5720201072766125 -0.4954592388086901 -0.39087803909336327 -0.299741929035255 -0.21797517631411348 -0.11470583920751552 0.030651863777801616 0.10242362104536007 0.20353801531207882 0.28481850994590024 0.45929638952057295 0.49956155374066535 0.6400016455206965 0.6728403455451825 0.7625776064884815 0.7960667200041497 0.8780451123085241 0.9316926614696813 0.9441600903324829 0.9736684341722849 0.9744879214607935 0.9995338147131562 0.9729327505402995 
0.9250490821248912 -0.9392165255670011 -0.8887930698492825 -0.8441664659298574 -0.7961175255454719 -0.7019491871720089 -0.6269014717676227 -0.5686062974933301 -0.45405018802163005 -0.38077288043454555 -0.2519011550295607 -0.13150687983129628 -0.023941176833064494 0.06407581983899467 0.169502092522627 0.2721377407945269 0.3443220272139671 0.4591667530113619 0.4962231835516828 0.6250517469150286 0.6690323971072478 0.7664521409294022 0.8966214694191561 0.89717193199679 0.8920548320586696 0.9964731566284027 0.965827793284486 0.999214761309853 0.997644381090728 0.9822775905067899 
0.2545357117109838 -0.9658368471222366 -0.9237984246698557 -0.8537406533510079 -0.8335035839316305 -0.7625834073443146 -0.6668320042591039 -0.5714990203444713 -0.5066192686389458 -0.3919203536866514 -0.3333439376727096 -0.23854385056653346 -0.11422819941152816 0.007700285266614943 0.058369632595847015 0.20843167866391504 0.2868704150048639 0.38762970286607895 0.4646101286701757 0.6304103528627308 0.6688806205463771 0.7632454607857858 0.7959495798125309 0.8659025836014731 0.8954174634944988 0.93034713462282 0.9749301358871206 0.9742152206326502 0.9873916860948839 0.9898579025247377 
0.2528371722027868 -0.9821695170607342 -0.9248007938210377 -0.9175193488021236 -0.8052308168123895 -0.757825418617153 -0.6998340617159062 -0.5732399872864103 -0.5428102734029631 -0.45058393545042874 -0.33349590341292357 -0.23385107003500946 -0.1531768804582135 0.0070227599937823255 0.059616710439957456 0.2075548237396691 0.2800916745563598 0.4176872164109556 0.4631460353034826 0.5783661936362732 0.6598723879749299 0.7600565690960563 0.7945743853385909 0.8659193535438044 0.8950349210644862 0.9649563308192505 0.9806532437737062 0.9989567856813375 0.9903882086805567 0.9891232427053815 
0.9267224202247631 -0.9388697338043839 -0.889915004004665 -0.8007721865441917 -0.7974920305486407 -0.7019692453515327 -0.6336584116696845 -0.5046574577608188 -0.4515924424116818 -0.3027530116638859 -0.2489725496198879 -0.12621634188128117 -0.023094112860792115 0.06519210927112912 0.16936250264553895 0.27485201699610556 0.4091687049970516 0.46708562924196473 0.4731946376453568 0.6656855456055865 0.6714453492661118 0.8131738820505028 0.8172903557478635 0.8756647407036473 0.9532499634600119 0.9823773623823967 0.9825823411496583 0.9732696400715009 0.9992085629118408 0.9788305683157796 
0.5893344385866826 -0.9387897327740504 -0.9203815264765114 -0.844827871234257 -0.8058219275031956 -0.7305039760840343 -0.6640749883500748 -0.5726668660241997 -0.4931753752963943 -0.3929471801497894 -0.3070349451029912 -0.18166316657222142 -0.1140993422331395 0.009968064251915846 0.12271429736587597 0.20260746334447832 0.28376837752177714 0.4563067456510569 0.5026440322369811 0.6353624570107246 0.6659733511022704 0.7720958194439775 0.7888250095834817 0.8789854781557311 0.8958370808144716 0.978153805512141 0.983529656695099 0.9715908159611539 0.9862083783713566 0.9730262902624719 
0.593204523267318 -0.9381070223337765 -0.8898502031949213 -0.8050151385572242 -0.7976401226855039 -0.6977793300809861 -0.6074524091141937 -0.5045835559422202 -0.45169749185676816 -0.2979939855188226 -0.24788988576782278 -0.12616995611926224 -0.025813505903995664 0.09027926105223831 0.16904708974584007 0.3237839318614756 0.40114359097922037 0.47811762694890997 0.5616834523203369 0.6586325645651873 0.6916069567043165 0.8131688933760316 0.8178098389612498 0.898686957124468 0.9540205940085941 0.9961391132107315 0.9506777160713117 0.972389470327598 0.951316974075698 0.9917212737797932 
0.5932029825544418 -0.9392851650239744 -0.887894015943678 -0.8015344175809066 -0.7938257974757041 -0.7016083543300816 -0.6260009832266653 -0.50421824041569 -0.4524945007484235 -0.3192937661028822 -0.3019410778819335 -0.12596846054807426 -0.02591944136933978 0.09222909730243377 0.16810259781764272 0.3239033594152151 0.4359442073931029 0.47864752308314784 0.5616834523203369 0.6603802239419028 0.6923050782224034 0.8136049393499916 0.795881036507586 0.9108913803551412 0.9371388909113875 0.9789876743830055 0.9662877837194741 0.973281316442444 0.9977048569668843 0.9918302022912676 
0.5902793748821046 -0.9383110546345502 -0.9146845768257553 -0.8442935699918372 -0.8220470620505343 -0.731197809239735 -0.6314301604875568 -0.5731103823131575 -0.4930648436830168 -0.3955703676517694 -0.3077937785105607 -0.1753156580923919 -0.09173011222294254 0.04816146307179059 0.12250969826887725 0.2049989680394754 0.32579363847611786 0.456290513529367 0.4930716825163495 0.6347983573724131 0.665964591812164 0.7624131069233019 0.7952150508836141 0.8778335566301465 0.9170558072951749 0.9650704799753914 0.9834718104521942 0.9766674651166749 0.9869924349541775 0.9845831907807054 
0.9199307563309551 -0.9373115262434818 -0.92326319382573 -0.8605312522398687 -0.8241594514456195 -0.7319920943119212 -0.6988401700585664 -0.5679962729208412 -0.5585367645407369 -0.3957623768534575 -0.33285378467575016 -0.23233601319847733 -0.15250047855846816 0.008087983838256513 0.0884868615852052 0.13449791054669846 0.27982952881634077 0.33410772381000464 0.4628133614343906 0.5514459900214012 0.6604413927386987 0.7133962133379833 0.7730591296360949 0.8601920652556025 0.8962042617402821 0.9766584406095669 0.9752077169637283 0.9673909939334875 0.9875506384628461 0.9893906221013806 
0.5892541062371834 -0.9645225361750208 -0.9220208699105923 -0.8598688743642592 -0.8323129938209525 -0.7050826223662997 -0.6267452902673877 -0.5730604172910474 -0.5058319260593518 -0.3930896405960528 -0.3092340132470745 -0.21869870569080566 -0.09135374647750888 0.011806637109922077 0.0906763516713463 0.20699228053105814 0.2668183870274067 0.42185690768803247 0.49660244091573585 0.6113494338533338 0.6673177412812371 0.7799323917772146 0.7946598426241509 0.8784191642170928 0.895968747745969 0.9354167018656285 0.9727767385572775 0.998527935226548 0.986046115058518 0.9901432426491666 
0.9250490821248912 -0.9387625243334871 -0.8887930698492825 -0.844824300794266 -0.8066845865044643 -0.7019491871720089 -0.6269014717676227 -0.5686062974933301 -0.45405018802163005 -0.38056607485237015 -0.3074885338010087 -0.13150687983129628 -0.023941176833064494 0.0654053558710518 0.08669378712872569 0.2721377407945269 0.3443220272139671 0.4591667530113619 0.4972316112369667 0.6250517469150286 0.6690323971072478 0.7661295182296145 0.7957590902022583 0.89717193199679 0.8920548320586696 0.9957773412322957 0.9833044661224732 0.9992902031004555 0.9975691847366869 0.9822775905067899 
0.2610117681797626 -0.9389007653330075 -0.8878425351717901 -0.8007031705227315 -0.7984785372322392 -0.6912614713236745 -0.637372022769813 -0.5042207924853346 -0.4533475766237073 -0.36524212650125765 -0.2481197955537397 -0.1252418978924427 -0.025966767012962865 0.08765693058920365 0.16916653941962012 0.319355480664969 0.40704913962978595 0.4632791019248197 0.569656880015073 0.6653105379060511 0.7549933290638555 0.8135993174896708 0.7957665989490308 0.9130717556876013 0.9534882516295031 0.979399206037637 0.9687080537920982 0.9722353299584996 0.9981983868506987 0.9913863641662978 
0.25390274278886993 -0.9407908110694349 -0.9221950807116313 -0.9158093577828265 -0.8249491523888124 -0.7607679036080677 -0.6990296417353006 -0.6581394027210854 -0.5574607781564268 -0.4688461497917653 -0.36769530680427737 -0.23067713439664703 -0.15216420395531177 0.039234555328679574 0.05859978374284708 0.13223450300616782 0.2786508562682796 0.33716718025769316 0.4583140006214264 0.5782502752297889 0.6667671890546579 0.7670930654960911 0.7728238426505427 0.8704876491035392 0.8945938853720431 0.9771558719013379 0.9575126327390794 0.9684265500820283 0.9870142491478799 0.9899070571430449 
0.5941185078726161 -0.9392978326195237 -0.8879362589137052 -0.8053566383192072 -0.7938021745767738 -0.6978436230404554 -0.636871130285499 -0.5049464397990095 -0.4516790282288815 -0.29887427576984066 -0.24699514748899432 -0.12616995611926224 -0.023047798249612818 0.09027926105223831 0.16904708974584007 0.3237839318614756 0.40114075849639685 0.4786128338476188 0.5616834523203369 0.6586325645651873 0.6916069567043165 0.8133401035211708 0.77969863980818 0.9001403369753156 0.9868304756071768 0.9819534896539768 0.9506777261027327 0.9724384583602089 0.9992994162814495 0.9917657651518211 
0.25605208629572834 -0.9505609479109014 -0.9205967311475327 -0.845948213004596 -0.8254255673754387 -0.7143484559944279 -0.6230330193439354 -0.5698541967405175 -0.4931827788467845 -0.39088824954754603 -0.30813517463512385 -0.22509287273997772 -0.11437578305687231 0.03043952856668323 0.10165548650456914 0.2054950321276832 0.2857619558825135 0.39185379140176607 0.49978015216454424 0.6346154061623095 0.6667313298307069 0.7714034580545003 0.7952600895733613 0.8784389246538327 0.9319227453954257 0.9440265151155222 0.9882326190754974 0.9995589432836041 0.9871813626734859 0.9886896543367379 
0.9250490821248912 -0.9392158091187252 -0.8903926784429216 -0.8456198125346653 -0.8302132016719339 -0.7003071048765065 -0.6371193527007916 -0.5046631333900335 -0.45114433915004926 -0.37878006230049505 -0.24986722703795952 -0.1265582714954344 -0.07884956893425386 0.06578957589269896 0.16936162536641 0.2727332063246951 0.34897843379017474 0.46686951128105897 0.5632099096417528 0.6654629467310769 0.6917142683751886 0.8141056227096806 0.8182866309303459 0.9124044222907042 0.953927103238199 0.979409446717078 0.9665371218721751 0.9755387760018251 0.998261905362434 0.9918332944954548 
0.2607985880874228 -0.9392167246963583 -0.8905664082034724 -0.7992392248789544 -0.7940468908768348 -0.7019422857833019 -0.6272801275448296 -0.5093445201104119 -0.4525202768068074 -0.29758136302380844 -0.2515879056495109 -0.13114564330653442 -0.019430265401586645 0.06530766586799441 0.1777550878139644 0.31965367250424503 0.40693636411723755 0.46332702261457376 0.5669626712203132 0.6247149636303325 0.7636420561811097 0.8135635849351607 0.7959079821166968 0.8997290234130217 0.9554361645049861 0.9799356322716805 0.9499192911049481 0.9718419408539335 0.9984079132557127 0.9266489695059377 
0.9250490821248912 -0.9392158091187252 -0.8959854761191579 -0.8441925896277007 -0.796122553883819 -0.7019491870854575 -0.6266591250889493 -0.5046648174775599 -0.45114435235972583 -0.3807845055098205 -0.2519011550295607 -0.13153686515235824 -0.07866590577259035 0.06537749203661745 0.16962803682332428 0.27414360679614636 0.3458037978591329 0.45709251570322396 0.49724082193409785 0.6247988973821629 0.6690355266753139 0.7638275439834998 0.8175605978754819 0.8704736311325472 0.9585308555364833 0.981398718981775 0.9659546639279835 0.9755387760018251 0.9980751865813144 0.9965423612861085 
0.9231003669769485 -0.9383049622895723 -0.9130958394210762 -0.8594215265715553 -0.8241031884564892 -0.760910324423019 -0.630094205956329 -0.5719530511072243 -0.5079704295277108 -0.39099518624793134 -0.30002042972382403 -0.21833156277286475 -0.0791933117086287 0.048349802553549905 0.1199381834016274 0.20775268896816076 0.33055151863902743 0.42161524049862315 0.492830820782335 0.6259360005638019 0.6677866037636729 0.8105504988474549 0.7952160925281682 0.8786970128621443 0.9183204036050785 0.9818347642563481 0.9711828086593589 0.9755728505794093 0.9966895686585739 0.9846472545372776 
0.5941184953722658 -0.9392948381044904 -0.8897614337775458 -0.8053497656919657 -0.7976401226855039 -0.7017259942640188 -0.6372248304886122 -0.5049681522646721 -0.42685651879916386 -0.2979939855188226 -0.250819863375238 -0.12618626789207735 -0.02309240915351581 0.09113496799598247 0.16936351227210117 0.3237839318614756 0.4023695645420786 0.47840694383472604 0.5616834523203369 0.6604296414922862 0.6916069567043165 0.8131668262849256 0.8176401573524597 0.8755593094560121 0.9540205940085941 0.9955103984831585 0.9503942921924091 0.9733864565730833 0.9992994162814495 0.985269077703565 
0.25368823174756916 -0.9791867597293056 -0.9223478708699793 -0.9151314177414478 -0.8335445849603716 -0.7571956141878792 -0.6966785678912877 -0.5728814721457106 -0.5308134405048016 -0.3927484724558022 -0.33225533768166815 -0.23665006227014826 -0.11327230706525551 0.00857926545161071 0.09096439286526552 0.13456340313397824 0.280281709088602 0.4639598610823727 0.46513195230915716 0.627419964433727 0.6688823824265874 0.7287993538265107 0.7960311455918246 0.8661613459811789 0.8950419607119586 0.9612841602987997 0.9758791388239442 0.9695756998282176 0.9961028128852504 0.9888249592734311 
0.9221709344027355 -0.9549022540442815 -0.920438875364952 -0.8598716212125584 -0.8317071130653315 -0.7649334190390867 -0.7015901859260253 -0.5714741105155987 -0.5067100281928164 -0.3923655031383616 -0.3078016705391347 -0.2191097682945496 -0.11421572758396745 0.04950287649431734 0.0902671879826002 0.20685691912879473 0.2655934093175274 0.3866752118748909 0.4621969639835623 0.6091427115555015 0.6603854909031123 0.7626831473661808 0.7956248409732525 0.8603155148349833 0.9174765663244009 0.981943511640568 0.9840321042573559 0.9984345871638765 0.986445179555875 0.9969998776556724 
0.5932029825544418 -0.9392844068120257 -0.8878474894963296 -0.8050085247319572 -0.7938257974757041 -0.7016083543300816 -0.6567310702732418 -0.5045773732309353 -0.4524945007484235 -0.3192937661028822 -0.3019410778819335 -0.12596846054807426 -0.025867162352064148 0.09222909730243377 0.16810259781764272 0.3237839318614756 0.40236012771541885 0.47864752308314784 0.5616834523203369 0.6603802239419028 0.6923050782224034 0.8133370494482332 0.7781807642768012 0.9122197556999254 0.9540206383056904 0.9818494132202217 0.9501106356615338 0.9732734333565155 0.9977048569668843 0.9852245863315368 
0.9267224202247631 -0.9392888546530493 -0.8891376844466559 -0.8007721865441917 -0.7974920305486407 -0.7042046328146125 -0.633488540339808 -0.5046574577608188 -0.4504926509932216 -0.3034407984492711 -0.2489725496198879 -0.12621634188128117 -0.027244814849074296 0.0656441246783786 0.16936351324247734 0.27520169048959126 0.40913588285255414 0.478572558381991 0.47789356173248443 0.6585934309515917 0.6675676756627271 0.813336158652282 0.7963990267437846 0.9119784618704543 0.9849091028949727 0.9793635523109971 0.9821961028517621 0.971040265980162 0.9991837727276147 0.9788305683157796 
0.9197174547373813 -0.9388059934261901 -0.920701981367384 -0.9151129366551765 -0.8254542716957608 -0.7597952837189816 -0.7016341842709167 -0.5732399872864103 -0.5585130143606123 -0.514610579232797 -0.33355743600257354 -0.23547773268930292 -0.15318022104492232 0.007082597436505721 0.060215588864825725 0.14835682974965614 0.2800916745563598 0.33885133588823285 0.46309351981001456 0.5783318521171082 0.6071085245534298 0.6222822349351042 0.7732088005626664 0.8634473742660091 0.8930300602034822 0.9767767500020462 0.9803041099322829 0.9671962973658678 0.9898193225522153 0.9888003449426476 
0.9199830492144199 -0.9373171353641664 -0.9149179906064275 -0.8605312522398687 -0.8261143508010047 -0.7569530631707402 -0.7046966811368522 -0.5679962729208412 -0.5585367645407369 -0.4588987325428556 -0.33285378467575016 -0.2329621414430573 -0.15250047855846816 0.008087983838256513 0.09237303486167674 0.13416070915841422 0.2801944426129374 0.33410772381000464 0.4629596494447266 0.5518968717171648 0.6604413927386987 0.7230364656328828 0.7730591296360949 0.8601920652556025 0.8958547357902633 0.9766584406095669 0.9752077169637283 0.9673909939334875 0.9875506384628461 0.9893906221013806 
0.25451430473820075 -0.9390951745817385 -0.9237984246698557 -0.8601652212099848 -0.8335342980577367 -0.7617806115951795 -0.6966785678912877 -0.5728855848965722 -0.5306797661440885 -0.3907097078779586 -0.33225533768166815 -0.2366449175350499 -0.11327230706525551 0.00860515587176268 0.09282057971009003 0.20874894017454343 0.28469360091184387 0.4605236618805265 0.4962116340813181 0.6105520471555018 0.6696448814257969 0.7631182056918642 0.7960311455918246 0.8659361137727016 0.8954522268939116 0.9612841602987997 0.9749365272688172 0.974247440577819 0.9900980156187581 0.9830334106243283 
0.26080416345757773 -0.9392136112124473 -0.8905720868028696 -0.7991524407434935 -0.819334423225054 -0.7019422857833019 -0.6370722585347731 -0.509276315364035 -0.4525202768068074 -0.2945299381855154 -0.2497612248053896 -0.1249837609407731 -0.01938373029726806 0.06530766586799441 0.17787276233806792 0.3196480526067487 0.40693636411723755 0.4633455539833024 0.5676244814524888 0.6769164807058561 0.7635459215034505 0.8135763724122491 0.816498170373033 0.8754877832517142 0.9567701559188043 0.9799289064294862 0.9499192911049481 0.9732696028729678 0.9994058041342363 0.9910069430794641 
0.9261109388111263 -0.9388900366707282 -0.8897211261050585 -0.8482698332038942 -0.8262030976721191 -0.7019699154663889 -0.626508702927918 -0.5028668633820952 -0.45421203932778764 -0.3703648435120373 -0.25196191146811364 -0.1330227431950157 -0.01951604609833643 0.06260517275042483 0.17832973188181633 0.3246108911855763 0.40187589212480196 0.4631322903742776 0.567430214175862 0.6621804513110694 0.6690233180035813 0.792619766762859 0.8005940505169913 0.8976116413783723 0.8978501713641954 0.995433378385982 0.9342778200079532 0.9959895628657413 0.9879746492134897 0.984818844824591 
0.923098768527913 -0.9382845790658906 -0.9204482454333109 -0.859929506221059 -0.8241031884564892 -0.7292809545351345 -0.7010673028199315 -0.5730801268517407 -0.4988737829292626 -0.39296068936848433 -0.33255652562984434 -0.21658130614248863 -0.11354677734784092 0.0046171564904247155 0.09196630050908192 0.2074235187981019 0.2847925237544477 0.42177104743401306 0.4928122549245201 0.606856964658323 0.6677892807250669 0.7628688956325091 0.7889000754103722 0.8793532043331482 0.9181569077837795 0.9392941515738459 0.9845183223294068 0.9953803873350986 0.9861961832167739 0.9895062285501224 
0.9197174547373813 -0.937571613180007 -0.920701981367384 -0.862000814619685 -0.8146725951459977 -0.756911671481259 -0.70136370839557 -0.5732399872864103 -0.5584028477512084 -0.5279111763862089 -0.3335409962357629 -0.23149622083206184 -0.15139419658626635 0.007373040404548059 0.05561953337639986 0.20948413092043866 0.28203993666784105 0.33885133588823285 0.46309351981001456 0.5783318521171082 0.660121663386763 0.7239177238691192 0.7732687968149669 0.8751849528773775 0.8930923227535273 0.9352853501292394 0.9752354877872472 0.9671962973658678 0.9898193225522153 0.9888003449426476 
0.5885831494746883 -0.9393233341385758 -0.9223592604126423 -0.8445665139285803 -0.8334747988915607 -0.7323166082464315 -0.6654495855945883 -0.6445449016146669 -0.49655641736861444 -0.3928101294711421 -0.30786983131016643 -0.21816699590063743 -0.11374013512743332 0.009055284730647296 0.12306042717292225 0.20679371774317798 0.28332898178120225 0.3868406687889016 0.5011851953993439 0.5754287247594707 0.6659344543599703 0.7612793210077102 0.7960025874969717 0.8604285490990681 0.8909386504814732 0.9782818943079831 0.9753721081979327 0.9715848877883698 0.9997423848198002 0.9970629081257151 
0.9221709344027355 -0.9382845790658906 -0.9203985526502416 -0.8598716212125584 -0.7970894421312642 -0.7275305953733924 -0.7015901859260253 -0.5714741105155987 -0.5067100281928164 -0.391071158194824 -0.32838798511982265 -0.2191097682945496 -0.11420591611865893 0.04937760415397785 0.09196571953095037 0.20842990182269538 0.2868828487338074 0.4216166023041305 0.4959899220788552 0.6091427115555015 0.6688539763158173 0.7629476794305585 0.7965321655782129 0.8784787312636115 0.9181339589797486 0.981943511640568 0.9845117621468359 0.999373103106332 0.9861961832167739 0.9730066887928964 
0.2539014840220518 -0.9640299738306862 -0.9188079896687201 -0.8566323086796909 -0.8335171544233246 -0.7320843239569046 -0.6783174290501931 -0.5731286209239882 -0.5078674373259501 -0.39319156012717166 -0.32962703285782896 -0.2339395354332524 -0.13770980552486398 0.007692659454953397 0.0595143381400069 0.20299335797099397 0.27867336917050667 0.33855859341696254 0.4966007541234088 0.6348298449790039 0.6674209486389715 0.7634833561396954 0.7745672346024097 0.870908538780556 0.8949805163318918 0.9257282915668859 0.988085810643992 0.9370468727268781 0.9982008820429897 0.9899273284684832 
0.5885461629852116 -0.9389828874505075 -0.9223592604126423 -0.8445665139285803 -0.8328083857091936 -0.7322971316019846 -0.698440815021782 -0.6445449016146669 -0.4962679979244815 -0.3928092702655966 -0.29995411230086555 -0.2181439306073061 -0.11373989137159374 0.009741361268513 0.08671663856505575 0.20407892299661565 0.28332898178120225 0.4593749046241972 0.49665059550945695 0.5756579331918 0.6674091213647202 0.7613118439722519 0.7959803967753647 0.8746109114749563 0.8924993216507402 0.9446574364402731 0.9753721081979327 0.9727784788393009 0.9995878169018436 0.9730616637779038 
0.9276962483154972 -0.9388825909604012 -0.8896787451631988 -0.8008106051294831 -0.8275705133360333 -0.6449825457096602 -0.6370666236490016 -0.504303158428348 -0.4511428110615364 -0.29506398558410857 -0.24984277668021035 -0.1262048558212913 -0.01943109671505055 0.09135767283560513 0.1693633327207879 0.32001828459902193 0.4072897398456881 0.46702197944589174 0.5644792677167747 0.6623750965324531 0.7613815552667329 0.8131778714495778 0.8005653614912016 0.9127610974577641 0.9540111998232869 0.9794088648961958 0.9347063561387298 0.9732690307337618 0.9982649053717807 0.9918388366463887 
0.9257192569128634 -0.9388642484409865 -0.9256453793789805 -0.8064572977732276 -0.7969829675918572 -0.7019145273869764 -0.6268370487794467 -0.5054145132228187 -0.4523661748473485 -0.3688074927375369 -0.250918797229213 -0.12613550745635987 -0.08064487182352606 0.06409179714527843 0.16933829666455044 0.2721256624631161 0.40204322186664915 0.4640732780873246 0.5282531350399507 0.6604072224658852 0.6694441904059457 0.7928223625880428 0.7781397637764209 0.9118128594350995 0.897179785185322 0.9954958878863666 0.9739545360188455 0.9754922895488173 0.9864839936938382 0.9853136996472853 
0.2551569868859961 -0.9843296142335851 -0.9217394771994216 -0.866872080460235 -0.8047482184266362 -0.7035922447879281 -0.6976735985755974 -0.5698488846284583 -0.5078897091489478 -0.3921884757290589 -0.3100428614961656 -0.21895337066772746 -0.11415091338280241 0.009961565311939416 0.09220465530524061 0.2062092985803165 0.2660837870005256 0.39134193594176264 0.49589220792083943 0.6087958373404125 0.6660337572559278 0.771515805068008 0.7890529572721768 0.8777344404307095 0.9166793065178231 0.9396578463443939 0.9726670182468065 0.9717894997292794 0.9955396155758531 0.9898579025247377 
0.594120036085142 -0.939295832992828 -0.8879362589137052 -0.8053566383192072 -0.7977136170028816 -0.6977809307154876 -0.6377280607252388 -0.504952960115788 -0.4516915217431978 -0.29887427576984066 -0.24699514748899432 -0.12616995611926224 -0.023047181832629098 0.09027926105223831 0.16904708974584007 0.3237839318614756 0.40114075849639685 0.47811762694890997 0.5616834523203369 0.6586325645651873 0.6916069567043165 0.8133401035211708 0.8178098389612498 0.9123022510104181 0.9823513262839587 0.9961391132107315 0.9501112727747828 0.972389470327598 0.9992994162814495 0.9917657651518211 
0.2567508411555599 -0.9531562336135551 -0.924506328360563 -0.8559253310128234 -0.8335170629095843 -0.7302124256038361 -0.6965983910448315 -0.5729687001941568 -0.5074723426698824 -0.3929763104616645 -0.32843666354042295 -0.18155405254492413 -0.09428096979159847 0.03714703500516852 0.12441603400741014 0.20768691078312382 0.32965550624041884 0.3906865913161517 0.4927885929562936 0.6110142608821125 0.6688151424149442 0.7631102423561188 0.7960312439873704 0.8662872852316481 0.8956291636203798 0.9684954117294744 0.9930125901961138 0.9731641693146194 0.98413784381539 0.983033695555481 
0.25836054915042056 -0.9388922136752815 -0.8888849771154302 -0.8468210121440793 -0.796122553883819 -0.7019491420346119 -0.626994375668288 -0.5719141229492956 -0.45132601076993584 -0.38087718036157264 -0.25196191146811364 -0.12671946929047026 -0.021730660940995496 0.06289074759110636 0.1696048737203549 0.2741031221893255 0.4016698028203759 0.4631397773330252 0.567430214175862 0.6244975424790142 0.6898006645436204 0.7921094759233038 0.8005940505169913 0.8976116413783723 0.9004158811199725 0.9952143111380884 0.944211617238921 0.9761557298371749 0.9972436607683565 0.9859442489640614 
0.922938511048915 -0.9382845790658906 -0.9203985526502416 -0.8599494078668722 -0.7971451599457589 -0.7304010841276483 -0.6281550495937472 -0.5731127320106065 -0.4988737829292626 -0.39296536764623524 -0.32797640664923217 -0.2191966109005253 -0.11600044383309518 0.0483203089725427 0.09196571953095037 0.2074235187981019 0.28372411516192214 0.4217114049709172 0.496053442815232 0.6092126381578241 0.6677892807250669 0.7629476794305585 0.7889494548341167 0.8784787312636115 0.9181569077837795 0.981943511640568 0.9845183223294068 0.999373103106332 0.9861961832167739 0.9730066887928964 
0.2578468467948508 -0.9506014165774125 -0.9130774335226746 -0.8582535469928233 -0.8253419201133103 -0.7100722019940323 -0.6236517721990581 -0.5710797531197329 -0.4547047867715805 -0.3868244404558052 -0.2909919002364381 -0.12538414610753998 -0.0791976999053899 0.04514132539542352 0.1206842909671381 0.2693018764389325 0.32971840265726665 0.4640994733378143 0.5017466623146142 0.6421237974978156 0.6697073505319008 0.8114800226534733 0.8179289043405673 0.8781159179232225 0.9324543704551388 0.9642799852614966 0.9830821428454011 0.9760739471844347 0.9965981591219858 0.9959287760729718 
0.9197174547373813 -0.9388059934261901 -0.920701981367384 -0.8619300656810255 -0.814626112658989 -0.7597952837189816 -0.7016341842709167 -0.5732399872864103 -0.5584028477512084 -0.514610579232797 -0.3335409962357629 -0.23547773268930292 -0.15136994761344996 0.007373040404548059 0.05621129670885888 0.21017296873718158 0.2820468954462991 0.33885133588823285 0.46309351981001456 0.5783318521171082 0.6071085245534298 0.7239177238691192 0.7732088005626664 0.8752529650496479 0.8930300602034822 0.9352853501292394 0.9803041099322829 0.9671962973658678 0.9898193225522153 0.9888003449426476 
0.5941184953722658 -0.9380636439127332 -0.8878479321806423 -0.8053497656919657 -0.7936298299471882 -0.6978030263643982 -0.6379159826607483 -0.5049467774045033 -0.4524884996135209 -0.2979939855188226 -0.30104633960310506 -0.12597753372989903 -0.02309240915351581 0.09025468915201332 0.16810259781764272 0.3237839318614756 0.4023629601982423 0.47864752308314784 0.5610306944464054 0.6604060079767301 0.6923198641050516 0.8131658393030938 0.7781807642768012 0.8994473762003331 0.9535916142583784 0.9819172814407664 0.9537738891102073 0.9732734333565155 0.9988588824087754 0.9852714513797052 
0.25451430473820075 -0.9810800579551462 -0.9237984246698557 -0.8674594635279966 -0.8335342980577367 -0.7617806115951795 -0.6966785678912877 -0.5728855848965722 -0.5306797661440885 -0.3918774406322632 -0.33225533768166815 -0.23665006227014826 -0.11327230706525551 0.00857926545161071 0.09190415799273695 0.20874894017454343 0.28703184628082673 0.4670328920731755 0.4962116340813181 0.627419964433727 0.6688895757687073 0.7631182056918642 0.7960311455918246 0.8659361137727016 0.8954522268939116 0.9612841602987997 0.9749453377091172 0.974247440577819 0.9960760903938441 0.9833010997250371 
0.2578468467948508 -0.9504595038219608 -0.8960831429767231 -0.8642471361540287 -0.8253419201133103 -0.711140588678936 -0.623662202697576 -0.5710793698106462 -0.4538919464753336 -0.38676664311524683 -0.2909919002364381 -0.18291568519375456 -0.07850766175986786 0.04521633389496857 0.17603856263680545 0.2682604474944297 0.32970535853700883 0.4621328646875276 0.5017195738557554 0.6421237974978156 0.6696962322560943 0.7635774804284299 0.7953288477101851 0.8771263340849382 0.9324543704551388 0.9642799852614966 0.9831440152248706 0.9760739471844347 0.9468734924518217 0.9959287760729718 
0.593204523267318 -0.9389037739798707 -0.8878659782922693 -0.8009272124926927 -0.7976401226855039 -0.6965281371238042 -0.6378979320551154 -0.5045835559422202 -0.427516639005522 -0.2979939855188226 -0.250819863375238 -0.12618626789207735 -0.025845509441304267 0.09022090561893573 0.16936332492583142 0.32343425836798995 0.40113895865528904 0.4668510583052262 0.5645721709524183 0.665724679219182 0.6918120553535405 0.8131666867559483 0.8177778771890193 0.9109266351837431 0.9536190102511153 0.9952349985731338 0.9942929439678181 0.9733864565730833 0.9992977719456659 0.9854648095187512 
0.9231003506401337 -0.9382845790658906 -0.9201296364280637 -0.859929506221059 -0.8241031884564892 -0.7292809545351345 -0.701590908216892 -0.5719848641479841 -0.4988737829292626 -0.39296068936848433 -0.33255652562984434 -0.21658130614248863 -0.1133899258244484 0.04967111058299552 0.0916731619081373 0.2074235187981019 0.34846274548703043 0.4217712817260013 0.49281192496056897 0.6064905671170739 0.6677892807250669 0.7663237790400328 0.7888683063295049 0.8793532043331482 0.9181569077837795 0.9392941515738459 0.9845183223294068 0.995399367729183 0.9861961832167739 0.9895062285501224 
0.256782348296616 -0.965186783603426 -0.922368059913801 -0.8643251355170068 -0.8240224461812679 -0.7638827915208924 -0.6268996212628285 -0.5715360362277235 -0.4939328094904189 -0.38219105163543693 -0.3032192910062909 -0.18146369861504572 -0.09534417445773707 0.04235768615888542 0.12351916510825187 0.20779457770686785 0.28865709736796263 0.4214099200597068 0.4937610145402284 0.639222737410821 0.6685721817863515 0.7629602272611338 0.7959498213710516 0.915832173946926 0.8949851585414493 0.98450739094516 0.976908072432319 0.9730734676211412 0.9873877394665548 0.9829877211198947 
0.2536573744977066 -0.9382704536850822 -0.9223581867422835 -0.8437742011726097 -0.8327957244942447 -0.7095118044020302 -0.6986804838207211 -0.5733722557113061 -0.4951613760829068 -0.39276777021597437 -0.3333471442082827 -0.21767965804297162 -0.11370959554084452 0.03249299905877912 0.059912778842492805 0.20227522025543776 0.27981516559545294 0.3879176914349365 0.4646009051909726 0.5615133033421027 0.6108804149984313 0.7559434597223088 0.7942458083726791 0.8606486654138624 0.8959890649109852 0.9446127880562274 0.9758525533778086 0.9371193889646474 0.9989255231445263 0.9626467879385583 
0.25605208629572834 -0.9505609479109014 -0.9205967311475327 -0.845948213004596 -0.8254255673754387 -0.7143484559944279 -0.6230330193439354 -0.5698619828896415 -0.4931818060881022 -0.39088824954754603 -0.30780511640576785 -0.22407671456954062 -0.11437578305687231 0.03043952856668323 0.10165548650456914 0.2054950321276832 0.28763481337231706 0.4508420876496079 0.49978015216454424 0.6346154061623095 0.6667313298307069 0.7714011012930895 0.7952600895733613 0.8707503911247287 0.9319227453954257 0.9655098859240334 0.9881498152581173 0.9995589432836041 0.9871813626734859 0.9897720989119249 
0.9231003669769485 -0.9380564808579746 -0.8960743758324611 -0.8594215265715553 -0.8241031884564892 -0.7640900741489147 -0.6301006435110482 -0.5719530511072243 -0.5065688161476136 -0.3873478996843042 -0.30017946204283413 -0.1813045633159856 -0.07897411961387672 0.04844210207696456 0.1199381834016274 0.2702088187612188 0.33055151863902743 0.42161524049862315 0.49376462979719066 0.6255798057933797 0.6678211351075397 0.763447854996062 0.7730358222136856 0.8786970128621443 0.9183204036050785 0.9818536006967252 0.9711828086593589 0.9753730913115611 0.9965533748776768 0.9846472545372776 
0.2567508411555599 -0.9531562336135551 -0.924506328360563 -0.8559682380267968 -0.8335170629095843 -0.7108984909359584 -0.6966786398057953 -0.5729687001941568 -0.5074723426698824 -0.3907484181517864 -0.3037231567140581 -0.18155405254492413 -0.09428096979159847 0.03821053410175957 0.125086092862321 0.20500027459863276 0.32965550624041884 0.4605456898311879 0.4937610145402284 0.6110142608821125 0.6688674616714765 0.7631102423561188 0.7960312439873704 0.8662872852316481 0.8954956380635285 0.9684954117294744 0.974361211460409 0.9731641693146194 0.98413784381539 0.983033695555481 
0.2551569868859961 -0.9843296142335851 -0.9217532507551893 -0.8668744459862403 -0.8047482184266362 -0.7329280719735594 -0.6976735985755974 -0.572658970112669 -0.5527111917503946 -0.3920968325033084 -0.328538465678119 -0.217454930213176 -0.11390637935503059 0.009961565311939416 0.09220465530524061 0.20626164713675887 0.28774202068223537 0.39134193594176264 0.49589220792083943 0.6345171709239424 0.6660328282447968 0.771515805068008 0.7890497058900048 0.8611937925502542 0.9166793065178231 0.9396578463443939 0.9751375973848798 0.9716188168996285 0.9955396155758531 0.9898579025247377 
0.25972614130300775 -0.9301530527360051 -0.8283656249967669 -0.8008259301152332 -0.7981605924373084 -0.701943726374428 -0.6373987483673118 -0.5042689381715822 -0.4525380225001119 -0.3625257457018931 -0.2479280545803219 -0.13144873890419312 -0.019331979233150443 0.08799823612693498 0.24201512018377505 0.27304856618484696 0.4070474530790573 0.4632565687947743 0.569667788761334 0.6624083866486273 0.7653757315667732 0.7927797008684042 0.7957770424010688 0.9098624868681083 0.8999394433960736 0.9793969526308628 0.9342956064244181 0.9718070032488526 0.998256518209644 0.9918540744081877 
0.5884802101305361 -0.9387897327740504 -0.9231395770774722 -0.844827871234257 -0.8058219275031956 -0.7578908445358186 -0.6640749883500748 -0.5727669650411664 -0.4962775589076615 -0.39078104211323184 -0.3070349451029912 -0.18166316657222142 -0.10960128721396004 0.009744185732291443 0.08633946227729686 0.2003366682042009 0.2787776370877423 0.4563067456510569 0.49720785701394227 0.6353624570107246 0.6661231041503403 0.7610465939562453 0.7960077283165293 0.8633170368004385 0.8942114362782427 0.9794786519056697 0.983529656695099 0.9727782875923383 0.9994903382957842 0.9849572328362002 
0.5885461629852116 -0.9393233341385758 -0.9223639645166688 -0.8445665139285803 -0.8335459306681846 -0.7322971316019846 -0.698440815021782 -0.6397197066509617 -0.49655641736861444 -0.3928092702655966 -0.32777161061219234 -0.21837773004829428 -0.11373989137159374 0.009124256092727009 0.08667476574615154 0.20679371774317798 0.28325456315787445 0.3913808088497569 0.4614047023387728 0.5756579331918 0.6687513570777547 0.7613247058746224 0.7888637235356567 0.8604285490990681 0.9683310902438163 0.9446574364402731 0.9753721081979327 0.9727784788393009 0.9997423848198002 0.9970467567894034 
0.258564959040459 -0.9508209708438307 -0.8879715291586364 -0.8591852287923281 -0.7984086234430094 -0.702267393541837 -0.6232347999342011 -0.5692670695922748 -0.45297202146989535 -0.36868963981083136 -0.2908281150430508 -0.12541086320446512 -0.013503215577355347 0.04496462941617392 0.16389011200574846 0.2686131487421183 0.3288170007008438 0.4572208286839444 0.5654544495924085 0.6251861524645368 0.6694426896609283 0.7923827009516554 0.8178166465022084 0.8977227382711434 0.9359490308351223 0.9790414745919622 0.9342137880140884 0.9759032524331579 0.9955291612487708 0.9919450280139961 
0.5885461629852116 -0.9393233341385758 -0.9223592604126423 -0.8445665139285803 -0.8328042189729475 -0.7322971316019846 -0.698440815021782 -0.6445449016146669 -0.49655641736861444 -0.3928092702655966 -0.30786983131016643 -0.21816699590063743 -0.11373989137159374 0.009055284730647296 0.08667476574615154 0.20679371774317798 0.28332898178120225 0.3868406687889016 0.4602466186805839 0.5756579331918 0.6674091213647202 0.7613242281913808 0.7959803967753647 0.8604285490990681 0.9683310902438163 0.9446574364402731 0.9753721081979327 0.9727784788393009 0.9997423848198002 0.9970629081257151 
