0.3523126712642148 0.5304312771546875 0.5235057991791006 0.7289192916990374 0.6700192945557896 0.84244849182155 0.8303347950412613 0.9409686212567805 0.986760529405966 0.9838878764573906 0.980181625720106 0.9996325573047199 0.9776559799468576 0.989240498742786 0.9000251784884155 0.9049509870172335 0.9060409748683945 0.7551299725401948 0.7856497365494458 0.543530283663292 0.56977550346678 0.4217380380862436 0.43029017982434153 0.2934769155564592 0.23590595919834279 0.0275917180373064 -0.03536238855747227 -0.1060851867707584 -0.1573046530808339 -0.3173913424647723 
0.34792432111201527 0.5335643406502452 0.5843863978765744 0.624129409555068 0.6958051513537421 0.7660125952484079 0.8547621587229154 0.9451743821250504 0.8709202404281219 0.9843404736405607 0.9814032537001495 0.9920376746132408 0.9752998919477823 0.950630832751115 0.9693770766509067 0.9137504464788825 0.8969726554470088 0.7549326081767596 0.7846872199583756 0.7292809500719974 0.5745396319125616 0.558400425165415 0.37783378464039735 0.2923564537333029 0.23444139129782043 0.1573130462614764 0.037698367970311494 -0.09307239909972363 -0.17572934824719094 -0.3131904760045346 
0.3523126712642148 0.5304312771546875 0.5235275347045851 0.7289192916990374 0.6700192945557896 0.84244849182155 0.8318395908575641 0.9409686212567805 0.9859810279672725 0.9838878764573906 0.9797660665920825 0.9996325573047199 0.9776559799468576 0.989240498742786 0.9000251784884155 0.9049725867405658 0.9060409748683945 0.7551299725401948 0.7852426821155255 0.543530283663292 0.49423775814928006 0.4254178333976145 0.43040724846943673 0.2934769155564592 0.23571771848381634 0.0275917180373064 -0.03536238855747227 -0.1067003585720755 -0.16218787079029173 -0.3184721795674616 
0.35827384585404154 0.601218235132681 0.6328775099504489 0.7662840867987974 0.8366153380503557 0.8686376334833188 0.8645644802507978 0.9673746341189888 0.978648966393568 0.9839584043399362 0.9749901942490897 0.9976276860341043 0.9775449671545389 0.9512201161284035 0.8587422392571158 0.8485106288657126 0.6951425563226996 0.7266521795634656 0.6166461063776943 0.5675923209936978 0.5891580158709099 0.3578071185730537 0.26807060028585467 0.1734156116465265 0.07515926922588588 -0.1331643004356533 -0.14575795619860266 -0.25364626112458805 -0.40396944776184474 -0.40187688004783273 
0.3493192742296794 0.5355277559339869 0.6000213671115333 0.7428931279120269 0.6697856451561187 0.7694020530545465 0.8552775211723643 0.9448808168141895 0.9090838208531468 0.9843253067512524 0.9826656884058148 0.9920403020092022 0.9773463251123804 0.9636411048683025 0.9352975957098131 0.9123829838488631 0.9046908918030726 0.8176755240268632 0.7668530994512358 0.7272822375831669 0.6831831275922503 0.5472924580537922 0.3782393486450345 0.2925845083552658 0.24627612862006198 0.15495061014555656 0.05889617035946305 -0.08196646118594525 -0.18051351193128956 -0.3128286869357184 
0.3493192742296794 0.539331493346318 0.5170114447281652 0.7417259506262098 0.6697856451561187 0.7756624776618342 0.8551363633237616 0.9448808168141895 0.909133972834639 0.9840730665711298 0.9826656884058148 0.9920403020092022 0.9773463251123804 0.9636411048683025 0.968068684966669 0.9123829838488631 0.9046908918030726 0.8207219745956434 0.7668530994512358 0.7272840162082622 0.6833632080474767 0.5472924580537922 0.3782393486450345 0.2925845083552658 0.24627612862006198 0.1545657000929534 0.04061402487949606 -0.08196646118594525 -0.18051351193128956 -0.3128286869357184 
0.34564307496762675 0.5393543071583875 0.5216742450423653 0.6293431744442428 0.6697856451561187 0.7637910228278396 0.8295523990010821 0.858736045264381 0.9091509827447086 0.9842244812087246 0.9826649475105886 0.9920591076280423 0.9737333531239907 0.961500781982517 0.9464242808531709 0.9125063435935181 0.8994035396595037 0.8207027016675135 0.8284850739545865 0.7294114882672588 0.6779819463567515 0.5563795885430717 0.4338474515664685 0.29294890137053425 0.24104226536052764 0.1402544232588871 0.04164404846264505 -0.04387036429046964 -0.11720508730916726 -0.3072575840642879 
0.6827615730061656 0.5374143274829968 0.5294896221607187 0.6218359554893551 0.6795269080925541 0.7990762715556793 0.8658813942969916 0.9657946829354753 0.905381908758706 0.9842244596328747 0.9918893174351735 0.973574092549206 0.9775089434280637 0.9624972188638683 0.9694160726006809 0.9109977806106068 0.8146465213114678 0.8171359868436735 0.7802383786128435 0.7309527484081365 0.597038249581102 0.5113767292090908 0.448336334821897 0.2985113181708296 0.22639992096006298 0.1550345222358968 0.0354661029650261 -0.1091859173960552 -0.16779295690576762 -0.317709225843796 
0.3568035385378498 0.5874445714476042 0.6333561783851039 0.7716653255060192 0.8359420337104239 0.8686156546264753 0.834083174377169 0.9433805340273569 0.9759987439773125 0.9948093230474088 0.9739265466017832 0.9914769669588236 0.9775318174791392 0.951591235634544 0.9031190957791284 0.847892373462279 0.67790340380032 0.7266642792818023 0.5752060953653032 0.5475996761289658 0.5363789007108923 0.3562242133451752 0.2397388040111252 0.12854402256855427 0.07509965808798277 -0.026783266818240205 -0.15534969710573826 -0.2532815701237644 -0.39437146644338783 -0.3441436867899893 
0.6827615730061656 0.5371689960848843 0.5364273266730483 0.6218359554893551 0.6795269080925541 0.7990762715556793 0.8658813942969916 0.9657946829354753 0.9060353900813902 0.9842244596328747 0.9921617703778535 0.973574092549206 0.9774712589723128 0.9624972188638683 0.9693817657761793 0.9109977806106068 0.8134763036919813 0.8671795963957615 0.7802383786128435 0.7309527484081365 0.5970382310863873 0.5113767292090908 0.448336334821897 0.2985113181708296 0.24154327655361668 0.1550345222358968 0.0354661029650261 -0.1091859173960552 -0.1759059301217941 -0.3227376164574915 
0.3568035385378498 0.626028965653834 0.6333561783851039 0.7717024050366401 0.8359420337104239 0.8686156546264753 0.834083174377169 0.9433805340273569 0.9759983962664431 0.9948149578127724 0.9739265466017832 0.9914769669588236 0.9775318174791392 0.8886943421532039 0.9031190957791284 0.847892373462279 0.67790340380032 0.7161536410731734 0.5752060953653032 0.5475996761289658 0.53637803575396 0.3562242133451752 0.2397388040111252 0.12854402256855427 0.07509965808798277 -0.026783266818240205 -0.15534969710573826 -0.248002757362909 -0.39437146644338783 -0.34501735816698575 
0.34792432111201527 0.5339304176360399 0.581389143911382 0.6179190153358839 0.6960299454982772 0.7652604770526155 0.8836193525057897 0.9451743821250504 0.8689167176095091 0.9843536104337306 0.982477367179073 0.9920376746132408 0.9754661856663682 0.950630832751115 0.9694902018182548 0.9137504464788825 0.8969726554470088 0.8177426348638956 0.7854795725270923 0.7292809500719974 0.5745396319125616 0.5617056901380062 0.37918530120643096 0.2923564537333029 0.2343444459006426 0.15807333783191974 0.037698367970311494 -0.09307239909972363 -0.15669410590730717 -0.3140133426462718 
0.34843352646912795 0.5341136096041706 0.5209052041721174 0.7247836236346322 0.6710645532772335 0.7963780586034083 0.8646061213415859 0.9164166052087439 0.9087078628061898 0.9836024514621228 0.9814471149165125 0.9676337004451167 0.977778649455345 0.9624015590874144 0.9117105593968728 0.9055862781316303 0.7999542802022739 0.8205829203507334 0.8125464198398273 0.7308927249695246 0.6419007257881337 0.5576762271839545 0.45821749315522475 0.2997523417473472 0.2340386058425419 0.14060928139627638 0.04427668997881259 -0.09311889403298446 -0.17501323054016396 -0.3048708538999828 
0.3493192742296794 0.539331493346318 0.5170114447281652 0.7417259506262098 0.6697856451561187 0.7756624776618342 0.8310149067019376 0.9448453188039362 0.909133972834639 0.9840730665711298 0.9826656884058148 0.9920403020092022 0.9737885663549009 0.9636411048683025 0.9680692195279074 0.9123829838488631 0.9046136002654342 0.8207219745956434 0.757544271253633 0.7273950415123693 0.6840011501862814 0.5435432450919243 0.3782393486450345 0.2923971485470925 0.24627612862006198 0.15481824510505549 0.04060586802808243 -0.08201595572587765 -0.18052311002315183 -0.31285658595977395 
0.35826114315569263 0.5969448259491359 0.6414455218207612 0.7728344578878608 0.7499587705593548 0.8659682874872731 0.8369557523681886 0.9419826561299485 0.9299168582227192 0.9841165581834315 0.9750072776586656 0.9915119047103059 0.9777613162098322 0.951073108114863 0.9675019645717873 0.8444577253248033 0.6586814834304426 0.6886210329511311 0.6374910944573124 0.5477864776039332 0.46177195494439277 0.3459708326376608 0.26551686902244626 0.1734278737792737 0.0675450025890978 -0.026673271350337372 -0.15363386855091196 -0.23121095249819126 -0.3954270012605259 -0.44961174992124187 
0.35558819512266643 0.5280176586900627 0.6414655606541715 0.7719626047020272 0.7507239420281974 0.8686061202684446 0.8645720515826198 0.9430236992522998 0.9864594146788105 0.9788974316962953 0.9750502699669311 0.9894126158069793 0.9775511772736666 0.9965943996590354 0.9206180949883646 0.8501027567949698 0.9023443027455629 0.7606224680416604 0.6894630093421943 0.5478483791236843 0.5827210567421288 0.35743573346003277 0.26763352780925986 0.2444035049880595 0.05297553642192236 -0.02240042282841054 -0.16555568793250602 -0.17716111552668953 -0.3948258705339248 -0.46344740475882434 
0.6793631518415368 0.5377399333969793 0.5222900070532466 0.6220370061169579 0.6778436751560711 0.8660836555874947 0.8318326839075846 0.9475702335921273 0.9088132118694593 0.9835472706478947 0.9813861051670527 0.9735603784368321 0.9824869759841862 0.988993407440832 0.9677225965172848 0.9087139242813541 0.8974650285142359 0.8205937718115095 0.8345945748699864 0.7506706714282853 0.6583142798881189 0.5567275624554224 0.45821965533723585 0.428207779013974 0.2340766644189788 0.15584800852437158 0.0362271462173515 -0.09066190830638556 -0.16797361854301446 -0.30776465781127216 
0.3456433814914818 0.5393543071583875 0.5226325623680869 0.6293431744442428 0.6697856451561187 0.8976867533100347 0.8295523990010821 0.8584384259259737 0.9091509827447086 0.9842314183480763 0.982658445118292 0.9907879938282168 0.9737333531239907 0.961500781982517 0.9464242808531709 0.9125063435935181 0.899392297679381 0.8207027016675135 0.8284850739545865 0.7293764771658735 0.6779819463567515 0.5563795885430717 0.4338474515664685 0.2929481782530156 0.2412164045227815 0.1402544232588871 0.04164404846264505 -0.04387036429046964 -0.11720508730916726 -0.3072575840642879 
0.34792432111201527 0.5339304176360399 0.581389143911382 0.623270530519578 0.6960299454982772 0.7652604770526155 0.8653020368536432 0.9451743821250504 0.9867847048578876 0.9845215961970898 0.982477367179073 0.9893547990739873 0.975520318754844 0.948863563253569 0.9694902018182548 0.911835241886228 0.8969726554470088 0.7629153854863425 0.7854795725270923 0.7292809500719974 0.5827747956152154 0.5585048551006342 0.37897467577210586 0.24344523961881265 0.2343444459006426 0.15807333783191974 0.037698367970311494 -0.09261355694434809 -0.15669410590730717 -0.3136736586298439 
0.6718410461343923 0.3466273221616708 0.41736269663798536 0.5599896793833996 0.5910679552273655 0.6977677160236071 0.7316271875650148 0.9490662668692664 0.8634548268690481 0.7950364476731213 0.97881338560285 0.9800549818884176 0.9734110231222233 0.9987019772286301 0.9996341314075115 0.9690118666258944 0.9653281486830628 0.7866423607095067 0.8699434666755091 0.8188359499863865 0.7345178750415787 0.5442522304939632 0.6435733013065507 0.3008574726125264 0.3766692243305252 0.18392669860718208 0.17345738988868464 0.0661866899307885 -0.007345885829534754 -0.059546408136606284 
0.6827340481761386 0.4026878425127234 0.5364717046796005 0.6218359554893551 0.6795269080925541 0.7990762715556793 0.8645399035687492 0.9657827352169467 0.926064721094935 0.9842244596328747 0.9921617703778535 0.9737317003963452 0.977494294837797 0.9624972188638683 0.9693817657761793 0.9109977806106068 0.8190316848893863 0.866432276485221 0.7802383786128435 0.7308897249175611 0.5958431170892176 0.5165316350265754 0.448336334821897 0.2985204126970633 0.22623526847667316 0.15345640391699888 -0.03567461930918918 -0.10641220502903248 -0.1757887913156745 -0.31448298506952177 
0.35827384585404154 0.6014102494885342 0.6304664213187087 0.7662840867987974 0.8358608548380624 0.8685702514211887 0.8646953102186703 0.9673746341189888 0.978648966393568 0.9839584043399362 0.9749863579443235 0.9976276860341043 0.9775507113973216 0.9512036621208159 0.8587422392571158 0.8485106122219643 0.7053788480029682 0.7222634783369029 0.6166461063776943 0.5675923209936978 0.5842634444927879 0.3578069234332907 0.26807060028585467 0.1734156116465265 0.07515926922588588 -0.13526884871757233 -0.1473847282448235 -0.25364626112458805 -0.40396944776184474 -0.40187688004783273 
0.6840062616746706 0.539331493346318 0.5170114447281652 0.7417259506262098 0.6697856451561187 0.7980019102598854 0.8310149067019376 0.9448453188039362 0.9259735492858623 0.9840730665711298 0.9827914542996661 0.9919988460464383 0.9741256712096029 0.9636411048683025 0.9680692195279074 0.9136898153792717 0.9046136002654342 0.8205883008367785 0.7844764203482336 0.7273950415123693 0.5940824477834272 0.5145999542285827 0.3782393486450345 0.29220376570846207 0.24627612862006198 0.15344004995133712 0.04060586802808243 -0.10658950245720775 -0.1565288800826674 -0.3128913615264045 
0.6827340506579627 0.5374140883034758 0.5294952504863317 0.689230955036578 0.6792138669707666 0.7980491087439241 0.8645398036629246 0.965781430509292 0.9259177564234431 0.9842244264582146 0.9918893174351735 0.975007819051833 0.9827939384412006 0.9625894494228774 0.9698692524562545 0.9109829234515225 0.807153626855386 0.8175170319025368 0.7802012485496367 0.7308896654919574 0.595820441107309 0.5161802104144328 0.4479805385578932 0.2996405486476289 0.22626491009844835 0.15341151016598537 -0.035633095758963555 -0.10641247805389578 -0.17588970468556217 -0.3143071013816705 
0.3493168664620234 0.5340864139731032 0.5170114447281652 0.7416620591476377 0.6698936193527387 0.7756624776618342 0.8310149067019376 0.944350551913556 0.9087121964696571 0.9840730665711298 0.9826656884058148 0.9920403020092022 0.9737885663549009 0.9623948409245441 0.9144270443993668 0.9052316396932084 0.9046136002654342 0.8207219745956434 0.757544271253633 0.7273950415123693 0.6840011501862814 0.5448680427098828 0.3817420726944802 0.2923971485470925 0.24627612862006198 0.15481824510505549 0.04055305848383987 -0.08201595572587765 -0.17507966362611826 -0.31285658595977395 
0.6827340481761386 0.4065104474317501 0.5364717046796005 0.7430985520261224 0.6790830766280721 0.7990762715556793 0.8645399035687492 0.9657827352169467 0.926064721094935 0.9842244596328747 0.9921617703778535 0.9737317003963452 0.977494294837797 0.9635919326318583 0.9693817657761793 0.9109977806106068 0.9055055849169482 0.8219570024023249 0.7802383786128435 0.7308897249175611 0.5958437681331912 0.5165316350265754 0.44866373689861433 0.2921556711639045 0.2483015367807231 0.15345640391699888 0.041659331381879945 -0.10641220502903248 -0.17579485611360154 -0.3128634944738279 
0.3509711913453627 0.5291563525244589 0.5180081711644402 0.6269118396875595 0.6797743387130192 0.7989255792221068 0.8637606317729649 0.9663124839309086 0.9276695404539369 0.984351394539763 0.9815993094237729 0.9739539601234254 0.9774939281909083 0.9633534304711532 0.878593680434128 0.9073169916317086 0.8856296525413374 0.8180014344944838 0.785209176113354 0.674879426074367 0.6816295317894436 0.5151663860277457 0.3769981165366559 0.29215759279032194 0.2396591166289491 0.09492870881753784 0.045636441991161125 -0.08273296890935955 -0.1566884212920847 -0.31283361672479487 
0.6740277776243839 0.3351100058600441 0.4475214964786245 0.558657395299486 0.5967149929391024 0.6996502692968013 0.7315970901815317 0.756512619608966 0.863454281494271 0.9832335730941503 0.9789538467260891 0.9760031526928207 0.973401904496448 0.9986982352430185 0.9964854424295517 0.9732561542533721 0.9653380968480993 0.7868844054978584 0.8696615956441796 0.8148372727990411 0.7342459822696057 0.5591578869128762 0.5678867906660713 0.4281960331411044 0.37664506247486934 0.14061293509089434 0.16621974258141411 0.08292622243746411 -0.007681235668563694 -0.06100759957264086 
0.6861606364580152 0.5717615627946923 0.5843863978765744 0.7213904110704662 0.6956129147841964 0.839094349897715 0.8304480075653745 0.9433368242412181 0.8695976403927382 0.9843536104337306 0.9851730485160508 0.991963400265928 0.9753096044521549 0.950630832751115 0.8642962951742112 0.9134675049206777 0.8969726554470088 0.7549326081767596 0.7846872199583756 0.726510997927673 0.49305298272887604 0.4164414257152118 0.3537049983380091 0.2754458663012804 0.23569040717440834 0.027692983038038636 0.03959758905689896 -0.10704717979353373 -0.22706707922312594 -0.31986712903866454 
0.6913987782395783 0.6027530932482383 0.6602879272807687 0.7689779365565008 0.7529044841115932 0.8685817602222042 0.8330488658788325 0.9666660242978984 0.9285804764352552 0.98401501855846 0.9829302510273973 0.998660895027094 0.9778472245108316 0.9451571587793031 0.8929551690757667 0.8485042187217976 0.8969035602712516 0.7221156459271684 0.6269175220115814 0.5456798589245235 0.5865548511769085 0.3547002792974385 0.26722690850276015 0.17343492227503055 0.046597715333677125 -0.026787745382344456 -0.1481054370678396 -0.25359535586906484 -0.4046765081894822 -0.48538957856177856 
0.6827340506579627 0.5374140883034758 0.5171690840766725 0.689230955036578 0.6792138669707666 0.7980491087439241 0.8645398036629246 0.9657362192429623 0.9259177564234431 0.9842244264582146 0.9916510334776963 0.9922270847597382 0.9737120063082847 0.9625894494228774 0.9725981435708922 0.9110450184103169 0.807153626855386 0.8175170319025368 0.7802012485496367 0.7308896654919574 0.595820441107309 0.5161802104144328 0.3811607396305527 0.2996405486476289 0.22626491009844835 0.15341151016598537 -0.035633095758963555 -0.10542052599602629 -0.17598691347837317 -0.3143071013816705 
0.3386266149646774 0.49679628214008037 0.4164974281689717 0.6222692453156078 0.5911571458746574 0.7017520587692578 0.7284507880491845 0.759445029250393 0.8560633938436579 0.9836778374504566 0.9337370493333842 0.9760385240911074 0.9738530054509916 0.9846214859565984 0.9938754027992427 0.8695840656572349 0.9657290708946977 0.8296972602863741 0.8658619278336518 0.8187708947688198 0.740024781852721 0.5818241888056861 0.5792911825743241 0.4291623313611693 0.3763962267328825 0.17564531423217383 0.1741466405218938 -0.3191644139454222 -0.007344174295705339 -0.04965268044515832 
0.6740277776243839 0.3351100058600441 0.45443259628260535 0.558657395299486 0.5967302954170274 0.6996502692968013 0.7315970901815317 0.756512619608966 0.8634539621338772 0.9334823098261616 0.9789538467260891 0.9759317435451331 0.973401904496448 0.9986565794137839 0.9964854424295517 0.9732561542533721 0.9653380879886277 0.7868844054978584 0.8696615956441796 0.8148372727990411 0.7398997026470984 0.562825856646523 0.5679378561890192 0.4281960331411044 0.37664506247486934 0.14061293509089434 0.16619556433808458 0.08555606624005191 -0.0076804680872202494 -0.06100759957264086 
0.3411107091213525 0.49624966050720026 0.41597075917694654 0.5218253390986973 0.6041425009548954 0.6996835831010851 0.7284494469794346 0.7594425858808156 0.8561674341043326 0.9842169192468601 0.97807825571003 0.9774303356611094 0.9737990025410561 0.9844225165283139 0.9966935736691804 0.8660531633235506 0.9657290708946977 0.8296972602863741 0.8646473132369625 0.8187710354873221 0.6511041332345076 0.5564424450840665 0.5865512039998965 0.4320434189864301 0.3784581325385334 0.17564531423217383 0.17415626642383722 0.06855684789684874 -0.025396139019369483 -0.06180809556134879 
0.6793631518415368 0.5377399333969793 0.5223459518699658 0.6277876640374751 0.6797872696129766 0.8644903247957781 0.8396958295186923 0.9486752650779982 0.9088132118694593 0.9843669142584278 0.982459603677614 0.9738278269350632 0.9824869759841862 0.988993407440832 0.9677225965172848 0.9087139242813541 0.8994347943774578 0.8187831176135256 0.8351788881673308 0.7507089783154843 0.6608712739487823 0.5128881266630612 0.4563880607416248 0.4277063468355836 0.239759218052961 0.15329834941606296 0.045763047336684445 -0.08254290438352666 -0.1576882270201447 -0.31289757192943 
0.6905680528507295 0.5968759633248409 0.6337042623426584 0.7662388752143942 0.8350606584368457 0.869115080147328 0.890940875419801 0.9434116585233553 0.9765288617843266 0.983935364020663 0.9746666238519899 0.9912468806604549 0.9775459704814712 0.9515218176043311 0.8956583650673771 0.8485580484174376 0.9033360330101966 0.7248519169713398 0.7021371188004687 0.5482850183612442 0.4606580559562019 0.4025441934179037 0.33011945905203227 0.1762298689007535 0.013761321423799433 -0.02708614571430242 -0.15867455592939508 -0.2532994211585055 -0.40546165690142116 -0.45879717231345146 
0.23962390857184535 -0.5452639743514849 -0.9577078623997334 -0.25595519695330327 -0.9664349805285452 -0.5957150656446263 -0.8639937875979303 -0.9087973137739821 -0.686885690325626 -0.8028969172612653 -0.593434728467269 -0.6323253946920144 -0.425319550375116 -0.3098082802984391 -0.2043673066506167 0.0395228582891093 0.0675597296539282 0.13983599431002655 0.24185135681941858 0.7079403080447861 0.4752532471187014 0.6175760831664744 0.5880262872629677 0.7076864032806403 0.7451560170409937 0.5467251165036592 0.8958416160861055 0.8254856163964599 0.9308235568777361 0.7565697377400135 
0.6718488671909791 0.3309390447692518 0.41736269663798536 0.5615710335692555 0.5966933979760392 0.6885352355054443 0.7313423096056195 0.7588952684314944 0.8634799293462004 0.983330990898645 0.9824709620444143 0.9033284498485181 0.9734110231222233 0.9987019772286301 0.9972875044195502 0.9129175572301426 0.965973979163322 0.7334934229161428 0.8646531890419301 0.8188321474315593 0.7309234109602551 0.5631582477796422 0.5976021900098744 0.4319781161923274 0.37588277996315794 0.18356836716269176 0.17349354496651082 -0.23701054601075558 -0.007049423502694316 -0.059233421590478924 
0.6717487459159883 0.5431628492955475 0.4164984028633769 0.5218750171695681 0.5964883105398288 0.6996704794349011 0.728398912483641 0.7497680719895659 0.8633399212965303 0.9845161594003465 0.9279326971700204 0.9746181597248879 0.9737969596827813 0.9844225165283139 0.9964697397625476 0.8660531633235506 0.9653373804296939 0.786495169029819 0.8645564928541261 0.8187708569157196 0.7314528124231493 0.5809374918990435 0.5863264364356519 0.4292642751785528 0.37589488396234316 0.18439976129954952 0.1734632083131201 0.036785551502526215 -0.02594089326117345 -0.060881098576998326 
0.3388271824100509 0.3125916196553912 0.42200446481190207 0.5136874443996512 0.5922247366395855 0.7017125341408065 0.7315652552593629 0.7580056075145691 0.8557453355559628 0.9344458093418118 0.9824650760795877 0.9759507868033654 0.9740148006396316 0.9986049429876781 0.9487619308744387 0.9658823889684501 0.9621721050497538 0.7502389468803935 0.8657569951189794 0.8143624834382318 0.7272943230077671 0.5582690450480344 0.5690548570102494 0.4281463727373338 0.342925629533346 0.18145316963612224 0.1623454429881654 0.0362350590975927 -0.007807434409170524 -0.13790008119503358 
0.6718488671909791 0.32034854694994164 0.41736269663798536 0.5615710335692555 0.593966893567153 0.6885352355054443 0.731282407279718 0.7588952684314944 0.8640730367493388 0.983330990898645 0.9956772389683848 0.9033284498485181 0.9734110231222233 0.9986234579509996 0.9972875044195502 0.9129175572301426 0.9659739451043677 0.8144662902512644 0.8648190124384139 0.8188321474315593 0.8229271513468809 0.5942304548232054 0.5766524364052011 0.4319781161923274 0.37588277996315794 0.18356860413317302 0.1561183268983751 0.10490581698447739 -0.007049423502694316 -0.2656634683973612 
0.672606843527633 0.49813701973286284 0.4482817791332898 0.558657395299486 0.6046736279189446 0.6996502692968013 0.7316855313176799 0.756512619608966 0.863454281494271 0.9832335730941503 0.9789538467260891 0.9760384950744795 0.9908148495038988 0.9986982352430185 0.9964854424295517 0.9727882508100335 0.96535913720472 0.8307025752167843 0.8696615956441796 0.8148372727990411 0.7344706152342587 0.5591578869128762 0.5677733972258349 0.4281960093719749 0.37664506247486934 0.14071307571600886 0.16644372916844333 0.07841966695322794 -0.008526467063765478 -0.06134577420249675 
0.6843447795327844 0.539187663904176 0.5136528553942812 0.6808858303231157 0.6696445409899292 0.8441504629597236 0.8571573613850207 0.9514078301908233 0.8681886977051448 0.9836180960027421 0.9819828696855579 0.9889507837221811 0.9777801327308165 0.9893426569721936 0.8611969679275787 0.9112549535737858 0.8939277686277228 0.8207005029320751 0.8112826104819306 0.6699663658951691 0.6234173788684535 0.5577434082150686 0.37525762104219873 0.2934822536231427 0.2339465456732181 0.14060257871601467 -0.026682150370702123 -0.11757556304387638 -0.11663158834603884 -0.3049874868110265 
0.3589698244720043 0.6015537544692889 0.6333540545787885 0.7717618277908127 0.7508453905534644 0.9023222438093315 0.8631545736946663 0.9671614745098835 0.973168268081481 0.9853074019487618 0.9746648778348594 0.9973239144844717 0.9775318368610595 0.9512765848658804 0.9031311020758057 0.8485116613527689 0.6751971567738967 0.7222616058643293 0.618642690539458 0.5475997656767663 0.5388688281698184 0.35784634102343993 0.26406573358606006 0.17351652652032415 -0.017282892655714817 -0.02677695404280695 -0.21347034681619032 -0.25861056117429426 -0.3939294802051437 -0.46287672819272296 
0.6811655534833907 0.5338223964107983 0.5222900070532466 0.6220370061169579 0.6777026704939415 0.7667357499737234 0.8301277184493361 0.9451727904000131 0.9088132118694593 0.9843932684201085 0.9847891823093045 0.9735603784368321 0.9824869759841862 0.9486069982503286 0.9776688850105806 0.9087139242813541 0.897760610829633 0.8234822977687518 0.8326823486497965 0.7501785205499943 0.6559368310447855 0.5567275624554224 0.45821965533723585 0.428207779013974 0.2343503882931263 0.16238092457863018 0.03623175612931033 -0.09066190830638556 -0.16284621813111136 -0.30776465781127216 
0.672606843527633 0.49813708965418124 0.4169898532605005 0.558657395299486 0.6047712517544046 0.6996502692968013 0.7322050266750947 0.7594937594469394 0.863454281494271 0.9832335730941503 0.9258696518548669 0.9760384947711113 0.990021010895791 0.9848708773302445 0.9964854424295517 0.9727882508100335 0.96535913720472 0.8306963732684257 0.8696615956441796 0.8187318921562715 0.7344706152342587 0.559025861789656 0.5677733972258349 0.4282074180450163 0.3766953769120091 0.14071307571600886 0.16644372916844333 0.07841966695322794 -0.008526467063765478 -0.06134577420249675 
0.3386266149646774 0.49651898159256636 0.4164984028633769 0.5218750171695681 0.6042474643429717 0.6996743207464542 0.728398912483641 0.7668496046070914 0.8560650144495947 0.9834023504625631 0.9279326971700204 0.6317613531189081 0.9737990025410561 0.9844181241157448 0.9965129444391938 0.8660564904315892 0.9649311660251452 0.7056686554478545 0.8645564928541261 0.818770894305057 0.7314854166190939 0.5809609171931872 0.5863266892078628 0.4283410907516855 0.37637812437887785 0.17564531423217383 0.17415626642383722 0.036785551502526215 -0.007310490183352003 -0.05546775074506711 
0.6913987782395783 0.6024519442802186 0.6342530951685672 0.7659039672582242 0.8399751968895023 0.8691468277719299 0.86456790985728 0.9434897212850123 0.9845917430136449 0.9840206586486826 0.9747913374389715 0.9980761282871551 0.9775347008668868 0.9515311697556296 0.8929551690757667 0.8485533004485754 0.6600576486997485 0.7246046491080053 0.6186468051787399 0.5483095201670702 0.4606435893198547 0.35473637299855876 0.265337363261428 0.13099903342676766 0.12432643451573852 -0.026787745382344456 -0.14881326074071594 -0.2533057097076653 -0.40528695843263285 -0.45835848162907095 
0.6726265455080728 0.49813708965418124 0.4169833165802864 0.5587554825369224 0.6973153879881042 0.6887513686446574 0.7322050266750947 0.7594723012148658 0.863480325006963 0.9832335730941503 0.9258696518548669 0.9647024083942476 0.9899089861247486 0.9985443423225464 0.9964854424295517 0.9722902999131167 0.96535913720472 0.8306963732684257 0.8696615956441796 0.8187318921562715 0.7343728280110248 0.6754485342501122 0.5668041275978702 0.42845842385335337 0.3766953769120091 0.18371567548101625 0.17347513472702603 0.07841966695322794 -0.008633813093686783 -0.05926590939725272 
0.6913987782395783 0.6026977531071364 0.6340741936187599 0.771724819681663 0.8400663365443662 0.9044389257558169 0.8338198247320877 0.9671342414446206 0.8225905807270126 0.9839604587039227 0.9902967152846197 0.9973627222206682 0.9775318932328594 0.9512768887483223 0.8928131047697535 0.8485448615615313 0.6585971218050654 0.7222504799429496 0.6186505412168454 0.5475792548031324 0.5866061562427108 0.35475881672041143 0.2640017924646119 0.17343492227503055 0.03647665832252475 -0.026787696806733628 -0.21370651618287292 -0.25863932521105565 -0.39399536442986133 -0.4514930439085449 
0.3589698244720043 0.6016090946103908 0.6540924421860501 0.7758457462231926 0.7508453905534644 0.8670274205224909 0.8631545736946663 0.9666825000634821 0.973168268081481 0.9852501292810832 0.9747373678974519 0.9986398938874848 0.9775345771580672 0.9512565793157017 0.9032731663818189 0.8488482169425603 0.6753923511212284 0.7246150025098309 0.618431960701252 0.5475997656767663 0.538812346310844 0.35774909256833476 0.2654013043828762 0.17351652652032415 -0.017282892655714817 -0.02677700261841778 -0.14857517859204952 -0.25327666976614344 -0.3939293947808901 -0.46287672819272296 
0.6839651141602889 0.5374140883034758 0.5171690840766725 0.689230955036578 0.6792301852081329 0.7984257860345054 0.8302929457800864 0.9657362192429623 0.9257994886248924 0.9842528211761843 0.9826372701933489 0.9922487446399838 0.9737120063082847 0.9625894494228774 0.9575068873569061 0.9110450184103169 0.8094567342041996 0.8208454275281595 0.8114591055153934 0.7293824510722621 0.595820441107309 0.5161802104144328 0.3797437601405091 0.2996405486476289 0.22626491009844835 0.1405462892381126 0.12590362842841946 -0.10141586943204 -0.17598691347837317 -0.3143071013816705 
0.6827340507151033 0.5374140883034758 0.5294896221607187 0.6885039140658757 0.6792138669707666 0.7980584635575546 0.8321882748472478 0.9653696176430973 0.9256607908994746 0.984218269358419 0.8575188246271075 0.9915237158205845 0.9827009151331788 0.9625894494228774 0.9702929754727413 0.9124970704857944 0.8988800425686074 0.8175170319025368 0.7859154502446468 0.7308896654919574 0.595820441107309 0.5161802104144328 0.3774948214263109 0.2996405486476289 0.22640204646228085 0.15341132168534363 0.044983541585502315 -0.10650790483091999 -0.15670471750594553 -0.3143071013816705 
0.3386266149646774 0.49651898159256636 0.4164984028633769 0.5109148211553189 0.6010918389336344 0.6996743207464542 0.7283991660538679 0.759445029250393 0.8560633938436579 0.9834023504625631 0.9677691813562517 0.9746181597248879 0.9737990025410561 0.9844275803267551 0.9964697397625476 0.8660531633235506 0.9649311660251452 0.8281716370857239 0.8658896818839962 0.8922394056560081 0.7321626311033878 0.5809374918990435 0.5863264364356519 0.42820701420326546 0.3817125992035999 0.17564531423217383 0.17415626642383722 0.036785551502526215 -0.02594089326117345 -0.05540524388152468 
0.3388271824100509 0.31285548289380716 0.4207047073752504 0.5136874443996512 0.5922247366395855 0.6880329799627084 0.7315652552593629 0.7580056075145691 0.8557453355559628 0.9242757389779295 0.9824650760795877 0.9759507868033654 0.9734061034676084 0.9986049429876781 0.9967647922086987 0.9731523989247245 0.9621721050497538 0.7502991187850634 0.8697401905552029 0.8143624834382318 0.7272943230077671 0.5582690450480344 0.5690680387959248 0.4281463727373338 0.37767763325445847 0.13712892934419174 0.1623454429881654 0.03489759287290213 -0.007807434409170524 -0.13790008119503358 
0.35823647987435203 0.6014102494885342 0.6200347427929992 0.7662840867987974 0.8358608548380624 0.8685689498360651 0.8345595637875609 0.966594415930918 0.978648966393568 0.9839584043399362 0.9742242465805602 0.9976276860341043 0.9775350800517154 0.9531885560009608 0.8592813930781792 0.8485137509435698 0.7053788480029682 0.7222634783369029 0.6166461063776943 0.5478823817879249 0.5842634444927879 0.3578069234332907 0.26807060028585467 0.1734156116465265 0.07557360175510151 -0.13413711069816242 -0.1473847282448235 -0.2539947214831948 -0.40396944776184474 -0.40187688004783273 
0.35684090451753936 0.6024036533196364 0.6305665016260614 0.7717172867194868 0.8422363692222975 0.8686169562115988 0.8642189208082784 0.9454371593344961 0.9759983962664431 0.9837896483870928 0.9749864643800963 0.9986848960970764 0.977550262410647 0.951356754446679 0.902579941958065 0.8478892347406735 0.67790340380032 0.7158791115423098 0.5751225089662195 0.5673096153347387 0.5863065146851657 0.3562242133451752 0.2397388040111252 0.17189637858297485 0.07516551053361821 -0.027919425877565025 -0.15534969710573826 -0.24741031308527583 -0.39437146644338783 -0.34978500682351116 
0.6913987782395783 0.6016479963724936 0.6340741936187599 0.771724819681663 0.8400663365443662 0.8671735061998864 0.8347182333577007 0.967133316643731 0.8462525034668806 0.9835897555071631 0.9902967152846197 0.9973233384580603 0.9775318932328594 0.9512768887483223 0.8928289730789263 0.8485106820106606 0.6585971218050654 0.7222504799429496 0.618650455657579 0.5475792548031324 0.5843988901057292 0.35475881672041143 0.26498992272159144 0.17343492227503055 0.03320003195723442 -0.034946149774366775 -0.16924280873141984 -0.25863932521105565 -0.39399456355767337 -0.4514930439085449 
0.3509711913453627 0.5291563525244589 0.5764757698615782 0.6235058758770312 0.6697649924466744 0.8616453813313364 0.8563607556132495 0.947571480500777 0.9285226737215732 0.9842238360846634 0.9829390950777097 0.9972589913104886 0.9773498764613219 0.9891817870162971 0.9690514836349958 0.9808410193552048 0.897464663296619 0.807922878293432 0.785209176113354 0.6712430691154926 0.6850914273664361 0.41878947284862245 0.37914749425848693 0.31697254169445505 0.2396591166289491 0.08869975783790761 0.03949868054957141 -0.08204108191102061 -0.1566884212920847 -0.31293013102999007 
0.6793631518415368 0.4086307188872357 0.42711304577176146 0.6220370061169579 0.6778436751560711 0.8017028761853908 0.8318326839075846 0.9479591164194797 0.9088132118694593 0.9835472706478947 0.9905279396100962 0.9735631641156051 0.9824869759841862 0.9973947163877452 0.9694112759643654 0.9086685766533291 0.8974892484526817 0.8205937718115095 0.8345945748699864 0.7506706714282853 0.5949600687115759 0.5567275624554224 0.45826990146700947 0.428207779013974 0.2340766644189788 0.15346121178368863 0.0362271462173515 -0.09066190830638556 -0.16799048790890042 -0.3077461988550875 
0.23962390857184535 -0.5439107367380651 -0.954344443673318 -0.2559730197911385 -0.9664387065390821 -0.595715812337503 -0.8640882434569706 -0.9087973137739821 -0.6868856897180485 -0.7989314604239882 -0.5918537562933013 -0.6323253946920144 -0.39889629227642837 -0.1943004030935269 -0.2041003808021227 0.0395228582891093 0.001675832277605059 0.13983599431002655 0.23144835181761478 0.7079403080447861 0.4752534965304279 0.6175760831664744 0.5880262872629677 0.709884976821807 0.7330460070588525 0.5467247522854365 0.8956874922123997 0.8254856163964599 0.9321775654930122 0.7565697377400135 
