0.062076937660261004 0.9098268936686256 0.9836746587666839 0.4075132606726279 0.9757269840821646 0.8704551453707585 0.9345128313992427 0.7746902126031017 0.904825282801092 0.6743199604637173 0.7386662025801297 0.5848149920547905 0.5917329597614019 0.16629934300026467 0.3660158337982785 0.6128889445145225 0.22025724515531767 -0.4712755599088143 -0.01803077154316073 -0.3306008871642675 -0.2558938383641963 -0.19904405686147075 -0.46975802144936474 -0.3736854739935375 -0.5979687156004866 -0.5368412869761815 -0.754269763799188 -0.751196103178727 -0.8577647276523329 -0.7236421550841095 
0.9007402229838257 -0.9944673199605295 -0.9189528142895811 -0.9988190354535967 -0.9748675396703244 -0.931728070548116 -0.9803559941770837 -0.8375666447331006 -0.8047788054728082 -0.7222713327797775 -0.6977334083379062 -0.5888128657578263 -0.4314069742090616 -0.39691115673554495 -0.3084252354241556 -0.193410269061812 -0.21139200361321936 -0.00457100260229225 -0.02382094803884424 0.2047538871446306 0.25012465287714153 0.3984364925053116 0.259988999211402 0.6007511088689705 0.5633405623163457 0.7404758352907771 0.780947463807771 0.8793470944303603 0.8728935808661404 0.9384731304016884 
0.23514074926523273 -0.9996894726088629 -0.8741775840653161 -0.9881744206315992 -0.9770657967440183 -0.9316565624907494 -0.9797634366353021 -0.8021778473892746 -0.8034372015175618 -0.7371595848763348 -0.7097048441859718 -0.5964813010799203 -0.44998425812597775 -0.3673927890189317 -0.3978220640587517 -0.19400122571912942 -0.21154284027394543 -0.003852537206340335 -0.02376137097072598 0.2465009235782276 0.14136633315920458 0.3982715327049535 0.2606450546469987 0.5990544014720164 0.6437569382581062 0.7329709538895608 0.7864631886947806 0.8793502559425638 0.8596053837224245 0.9917256497657579 
0.5592327035987597 -0.9922874608163123 -0.9989963172975674 -0.9527004579398428 -0.9934712916748478 -0.92197485610044 -0.9892288693336363 -0.8537974008118897 -0.8599256566761926 -0.7212227594390053 -0.7888599789771064 -0.6921358040155163 -0.6018571025506168 -0.42518527223805497 -0.4406934239643092 -0.2438576215434192 -0.213792172392667 -0.027398843200205823 -0.023626289033432238 0.20107140430201018 0.18427615083611518 0.39198385154003607 0.4037260742802933 0.5618788772134458 0.5735596179626827 0.7755355915037851 0.7558810608282042 0.8821962561356628 0.856480297337353 0.941867611534649 
0.8917973770001343 -0.9921210773391214 -0.9966908208391356 -0.9854841093908007 -0.9929612044025311 -0.9218605859966862 -0.9943808726853753 -0.8031246094095251 -0.8766883858840415 -0.7446317858480317 -0.7822038237380737 -0.6979816016314028 -0.6147852423489736 -0.4242241769997939 -0.3962017228137051 -0.24925924238048575 -0.26790741529185363 -0.01689743564522916 -0.023693495105288603 0.21421070855042135 0.18104391831662708 0.39010426253313985 0.40374842766774366 0.5987459112686502 0.5654502534441181 0.7411436783564184 0.7564671368689703 0.881572305538672 0.8538808287648577 0.9372576668511974 
0.5683352037896364 -0.9895790201760098 -0.9962211181285723 -0.9996547539477428 -0.9928510375403677 -0.9206055715450225 -0.9745805853110008 -0.8443302320493355 -0.7561282631172502 -0.7375891577609412 -0.6974604940516956 -0.5970708657771131 -0.5907315734513575 -0.39691511984680805 -0.3970681267560515 -0.1924698941575641 -0.027294162157598972 -0.02687227906896826 -0.023523349498717528 0.20578528362544682 0.25199279816687586 0.4164274528023847 0.4081492804058758 0.5991763305053746 0.5114991429593522 0.7302266013305221 0.7188062095002874 0.8822307180603242 0.8747186277860924 0.9444075582954801 
0.11771760618117176 0.7370741612513056 0.356663022085432 0.416398255893945 0.36924115646666705 0.21924065336245388 -0.19102791170123323 0.2766679363049745 -0.2917939757243047 0.20242593539182563 -0.3347881771096639 -0.18922388818135083 -0.5727307848213883 -0.546615429172249 -0.7559116739896736 -0.5088140415543572 -0.747201996060126 -0.9080957615432521 -0.8011181705089778 -0.8933075410896086 -0.9003271773364045 -0.6635947672998388 -0.8522579821648576 -0.950169476761862 -0.9221970293929536 -0.5444261862415872 -0.8220768728532729 -0.7912552496315594 -0.8223412341549283 -0.7017543247263531 
0.22569588998683882 -0.9943538232957838 -0.9830805068030147 -0.9990816771116975 -0.9741367957135731 -0.9314554544776354 -0.9903759710557353 -0.8029697000637903 -0.8464380108472331 -0.7380719154217388 -0.7909368945402692 -0.6977181111823046 -0.6147229851884798 -0.2565331717880613 -0.4072178715632215 -0.23960549890483795 -0.21140580809924933 -0.024357297345022087 -0.023986014562841208 0.20712861727693838 0.1810518827024483 0.3386588992781455 0.40278504009402544 0.5995571973779661 0.5650389427899477 0.7124046717021089 0.7542575904349816 0.84547553555546 0.8537988826435751 0.9443224821539439 
0.06208135737149924 0.9926033547211159 0.9833624805379488 0.407576532588311 0.8164176741897446 0.7474163877520545 0.959933382448529 0.7746910396382599 0.904800902413543 0.674319414954191 0.7386670330296894 0.5847801811353713 0.5909521017745818 0.16643410184655136 0.36610594676523417 0.6028379532350108 0.22025724505919747 -0.3384322906113215 -0.014652675028673927 -0.32786420233122415 -0.3258494645267109 -0.19746007592715412 -0.49069948190946144 -0.5267337117216877 -0.9669843857081817 -0.536892740451093 -0.7503943602899853 -0.751196103178727 -0.8577477670655725 -0.7641114119574314 
0.12319340718422153 0.7382155068175006 0.3848562302838496 0.38154498053469266 0.35320970861560325 0.22008271489148637 -0.06370142675585691 0.2850444280050383 -0.3111995650570111 0.20242593539182563 -0.33455777466803066 -0.18922388818135083 -0.5726781207861636 -0.5264993234017803 -0.7686356354942945 -0.5088140415543572 -0.7916843533571657 -0.9082665484033555 -0.7986195825631024 -0.9053147665250234 -0.9033563337681972 -0.5494913248662469 -0.8522683798104497 -0.9505636771325264 -0.961135607581288 -0.5444266778475498 -0.9396272907732602 -0.7921363016157182 -0.8223412341549283 -0.997047279133393 
0.06208144922212398 0.9098268936686256 0.9506071281296308 0.407576532588311 0.8164623422451517 0.8704426025578537 0.959231010106683 0.7690720052329597 0.904800902413543 0.6743305334447042 0.7386662025801297 0.5848149920547905 0.594971093681433 0.16643005134281028 0.36601472836027765 0.6027936773569976 0.22025724505919747 -0.4712755599088143 -0.014867214007607966 -0.32801740309234223 -0.32586639801842127 -0.19904405686147075 -0.4907731820669465 -0.3736854739935375 -0.6033545716021426 -0.5368909258748243 -0.7542697597367679 -0.75119597090926 -0.8577464591071337 -0.7641114119574314 
0.12252553508223134 0.7382155068175006 0.385448070839148 0.38154498053469266 0.36924115646666705 0.22008271489148637 -0.19102791170123323 0.2850444280050383 -0.3111995650570111 0.20242593539182563 -0.33481656261878495 -0.18922388818135083 -0.5695622684963658 -0.546615429172249 -0.5033475707222839 -0.5088140415543572 -0.7916565223992292 -0.908033292330207 -0.8011181705089778 -0.8928815302117538 -0.9003271773364045 -0.5494913248662469 -0.8522683798104497 -0.9505636771325264 -0.9611389312987109 -0.5444265579589672 -0.940475218823047 -0.7912552496315594 -0.8223412341549283 -0.6981840256598616 
0.11792367098132263 0.7370728597061351 0.386591619790258 0.3815448577626296 0.36888456256739766 0.21475985313404825 -0.06366303348949384 0.2761487744762938 -0.2912599084439607 0.20252073543318522 -0.3339204926777751 -0.13314317912042936 -0.5728513495858142 -0.5262792876135762 -0.7557693279976674 -0.5085003840249949 -0.7465369649473982 -0.9051500301674877 -0.801122787329805 -0.9437898281495563 -0.900601596244068 -0.6468685392339082 -0.8601930895862899 -0.9408335931487282 -0.9689359679805005 -0.5444816134906487 -0.9395721718118958 -0.9266844625398906 -0.8217998267154146 -0.7001511533959002 
0.122491220337494 0.738214207532913 0.386591619790258 0.3815449821151667 0.36888456256739766 0.22002064957752013 -0.06366303348949384 0.2845252661763577 -0.39289325655213586 0.20252073543318522 -0.3339488781868962 -0.13645069549039357 -0.5696828332607917 -0.5262792876135762 -0.5032052247298007 -0.5085003840249949 -0.7909914912865014 -0.890123693917307 -0.8011231076149673 -0.9443048292253452 -0.9004691166231596 -0.5327650968003164 -0.8598908856379851 -0.9412277935193927 -0.9689263323111169 -0.5444819887173705 -0.9366426385476961 -0.9266844625398906 -0.8226075526492653 -0.6980267320127727 
0.11768329143643443 0.7370728619667181 0.386591619790258 0.3815448577626296 0.36888456256739766 0.21917858804848764 -0.06366303348949384 0.2761487744762938 -0.29126001590301775 0.20252073543318522 -0.3339204926777751 -0.13645069549039357 -0.5728513495858142 -0.5262792876135762 -0.7557693279976674 -0.5085003840249949 -0.7465369649473982 -0.8901861631303519 -0.8011231076149673 -0.9447308401032237 -0.9004691166231596 -0.6468685392339082 -0.859880487992393 -0.9408335931487282 -0.9689263323111169 -0.5444816169999905 -0.8182442934341955 -0.9266844625398906 -0.8226075526492653 -0.7015970310792641 
0.23514074926523273 -0.9996894726088629 -0.9967945108212122 -0.9888785327011081 -0.9769628739633764 -0.9365889509833084 -0.9928371272417157 -0.8042217335085841 -0.8441591557300683 -0.7369681243432314 -0.7099476858679866 -0.5964813010799203 -0.6120214564301723 -0.3673927890189317 -0.3978220640587517 -0.18359132473194487 -0.2042103563142702 -0.021250521529541135 -0.02500551165692601 0.2465009235782276 0.14647186214206984 0.3982715327049535 0.3946771600916294 0.5990544014720164 0.6437569382581062 0.7338305760959262 0.7864631886947806 0.8796183008755039 0.8596053837224245 0.9900770926974406 
0.23462862572655294 -0.9920646679040547 -0.9957075036824742 -0.9994962379518983 -0.9698233899195975 -0.9314054128414393 -0.9164043171747808 -0.8368684434442014 -0.7482859529029949 -0.7197811613762684 -0.6978669037182146 -0.5896931557309717 -0.41562626752436427 -0.4597596993625436 -0.3064646607886642 -0.19797440444816136 -0.026587481710035495 -0.020201381091842243 0.019156589418824796 0.2686954171144712 0.18357598531131109 0.3920721552247167 0.5114592513407582 0.5648314550143356 0.5774176339724153 0.7328083459004551 0.788445937115377 0.8878301919878909 0.8541860184367168 0.9402105472164759 
0.8942811958306156 -0.9921556645354511 -0.9804702933552412 -0.9995363790465079 -0.9750268375265154 -0.9213961139366366 -0.9907375945214532 -0.841957879471775 -0.8479345938699723 -0.8061588092437761 -0.7763396248874009 -0.6261627189248242 -0.594032627612902 -0.4234690942443338 -0.40126704018681697 -0.2454068622480341 -0.2137873938834386 -0.02681079469951832 -0.02438468640358004 0.15585041414723283 0.18343174014437394 0.3881803690472556 0.40566151433951375 0.5271608871483495 0.562641048149732 0.7410798166913221 0.7596937524007293 0.877260581458956 0.8748503554343214 0.9476301639507416 
0.23513742467519402 -0.9943683605852005 -0.8741775840653161 -0.9994867512796209 -0.9695231211078942 -0.9316591346100911 -0.9934434569797007 -0.8021778473892746 -0.8034372015175618 -0.7225818892191764 -0.7059993554322462 -0.5890860945285613 -0.41474978226264964 -0.3972604644710843 -0.3084351930994923 -0.19400122571912942 -0.212472003751965 -0.020449761779575484 0.020979815734885148 0.24570560511338962 0.1347178471017103 0.39208297694118044 0.5121837818324295 0.5990544014720164 0.6419688862062827 0.7329560597026048 0.786452485366472 0.8793502559425638 0.853606438684357 0.9383749936070371 
0.8930850489775329 -0.9943819651295338 -0.9833611090057562 -0.9995448206901577 -0.9928875288596052 -0.921290025941774 -0.9102843682512386 -0.8029697000637903 -0.8763137446020711 -0.7209066616651256 -0.7845091450658009 -0.7007839694598782 -0.6147192455981932 -0.5385313895830541 -0.3977485882960912 -0.24619708013165276 -0.21379799385728865 -0.01889906707435378 -0.02340598078270429 0.20650136455999302 0.18104710593131376 0.39005340919988946 0.4027850044280685 0.5636131124370714 0.5654502534441181 0.7316773098293671 0.7542158370927692 0.8838025009698776 0.8538746021893853 0.9372352498433592 
0.8930850489775329 -0.9921206165088444 -0.996958486233184 -0.9878396221422845 -0.9929612044025311 -0.921670498780603 -0.9102843682512386 -0.8029697000637903 -0.8766883858840415 -0.7446317858480317 -0.7820445504216001 -0.6979816016314028 -0.614938608331908 -0.4242241769997939 -0.39774889651861833 -0.24925924238048575 -0.21379799385728865 -0.01689743564522916 -0.023693495105288603 0.21421070855042135 0.18104710593131376 0.39010426253313985 0.40280463783751036 0.5990295027929204 0.5654502534441181 0.7411436783564184 0.7540401628700265 0.881572305538672 0.8538746021893853 0.9372576668511974 
0.062076937660261004 0.9098268936686256 0.9836746587666839 0.4075132606726279 0.8164623422451517 0.8704551453707585 0.959231010106683 0.7746902126031017 0.904825282801092 0.6743193573342963 0.7386662025801297 0.5848149920547905 0.591011820373971 0.16643005134281028 0.36610620954763234 0.6128889445145225 0.22025724505919747 -0.4712755599088143 -0.018081820206355008 -0.3304709615658609 -0.32623242624143145 -0.19904405686147075 -0.49077316228338763 -0.3736854739935375 -0.5979687156004866 -0.536887403649736 -0.754269763799188 -0.751196103178727 -0.8577017447180469 -0.7236421702562551 
0.23205166198112553 -0.9894248982153852 -0.9957245204945411 -0.987170933748632 -0.9772556508858546 -0.9312946097330298 -0.9074884133463712 -0.8403033909286832 -0.803150087548596 -0.7392338284941807 -0.6699067979544682 -0.6257625843103524 -0.5907307200238128 -0.43206377415489877 -0.35867176633539954 -0.24199930781187184 -0.03634653641585811 -0.023963575702002797 -0.02395815974925607 0.21387212083648094 0.18369904707636361 0.3919160768639187 0.4019709173831611 0.5654911854756421 0.6425496030661081 0.7303067805995879 0.7878484892599777 0.8778165608078079 0.8872549171071721 0.9425013232674002 
0.22569588998683882 -0.9943527332500056 -0.9830805068030147 -0.9990865619186426 -0.9745626880327043 -0.9316435890049304 -0.9903759710557353 -0.8029697000637903 -0.8464380108472331 -0.7380719154217388 -0.7908349011109359 -0.6977181111823046 -0.6149965683203851 -0.42386318742687107 -0.4072178715632215 -0.2397480561145805 -0.21140580809924933 -0.02432489627231425 -0.023986014562841208 0.24536084054384266 0.181582768845425 0.3916802304998904 0.4027757180050899 0.5995571973779661 0.571703025355138 0.7128212912944739 0.7608993971983076 0.84547553555546 0.8537988826435751 0.9443224821539439 
0.22801232390882864 -0.99204511209812 -0.99495863384759 -0.9990421325578323 -0.9944777732247297 -0.9696631903249628 -0.9279602615483477 -0.8025208092990908 -0.8479705981740263 -0.7218838758272746 -0.703355276704464 -0.6268275783986034 -0.5980079900828744 -0.513382061647204 -0.39622606186916415 -0.19793340640159302 -0.2137646538057773 -0.022617866799145868 -0.024581461851383157 0.20456464754743794 0.18370740736997804 0.3902540091919093 0.4028604322495702 0.5607703123858745 0.5624917363531625 0.5367853211975725 0.7541053375839367 0.8447655397190219 0.85359921658634 0.9417978767906069 
0.9007402264277498 -0.9944691515024323 -0.9953461187812376 -0.9995481893553285 -0.9970392251583879 -0.936521281673093 -0.9934296848900193 -0.8396063534376794 -0.8455007596853146 -0.7220798722466742 -0.6948243935292823 -0.5888128657578263 -0.4541364717506058 -0.39691115673554495 -0.3084252354241556 -0.18300036807462744 -0.20405951965354413 -0.021970948160913235 -0.025065088725044267 0.2047538871446306 0.25523018186000673 0.3984364925053116 0.39402110465603263 0.5974679717849303 0.5149895572853185 0.7406878664269246 0.780947463807771 0.8796151393633004 0.8728935619056806 0.9394621605271832 
0.5671194373298835 -0.989608224068397 -0.9962045256747357 -0.9988835087471504 -0.9928510375403677 -0.9206050547052563 -0.9921245356011085 -0.8541972786751206 -0.8758994858861997 -0.7375889151601599 -0.704830471442762 -0.5970708657771131 -0.46043540221127577 -0.3930383928588456 -0.39587247504877304 -0.19139390439781687 -0.025765616272151695 -0.018568864812338076 -0.023525067498392966 0.20443040155823222 0.1813143174620255 0.39838217709462304 0.40376555197236746 0.5981162096407273 0.5238584851817905 0.7305827712275563 0.7874210355516531 0.8822538250630831 0.8747186277860924 0.9392913980905757 
0.22569588998683882 -0.9923327915701244 -0.9833327877927917 -0.9990865619186426 -0.9743983398572885 -0.9316435890049304 -0.9903759710557353 -0.8033379929320545 -0.8464380108472331 -0.7381312843266813 -0.7744207091898663 -0.6978173300644378 -0.6149965683203851 -0.42386318742687107 -0.39626706703272463 -0.23969697386401712 -0.21140580809924933 -0.02454470410655325 -0.02400780764235595 0.20624714111396386 0.181582768845425 0.3916802304998904 0.4027757180050899 0.5995571973779661 0.571703025355138 0.7128212912944739 0.7608993971983076 0.84547553555546 0.853784356811312 0.9443440533139368 
0.9007402264277498 -0.9944691515024323 -0.9974357663188067 -0.9986886265750077 -0.9970392251583879 -0.936521281673093 -0.9934296848900193 -0.8395479679695776 -0.8461923818011874 -0.7220798722466742 -0.6948243935292823 -0.5888103901045441 -0.4555808854839707 -0.39712873010004457 -0.3084252354241556 -0.18331494507674972 -0.20405951965354413 -0.021973253116140103 -0.025065088725044267 0.24686892944332017 0.2552277777973672 0.3984364925053116 0.39402110465603263 0.5974679717849303 0.6509241690579355 0.7406878664269246 0.780947463807771 0.8796151393633004 0.8728935619056806 0.9394621605271832 
0.22655885727898872 -0.9861937604206845 -0.9949114625379246 -0.9859358129289383 -0.9932650470444844 -0.9214217310569573 -0.9078886848919018 -0.802800800818465 -0.8044013288422339 -0.776157715238473 -0.7930548221861422 -0.6921401142345112 -0.5540643192523618 -0.4535024841538274 -0.4449181319379717 -0.19587456614760557 -0.21138027680986848 -0.004783247888615692 -0.03315558948155673 0.2031668699922765 0.2095971575940346 0.3899587229914039 0.4029431552350692 0.5601613604765368 0.5720462698198128 0.7323989557809404 0.7538977556924568 0.8444304725002082 0.8562008999578875 0.9413295544408965 
0.22834195864855658 -0.9924254877245501 -0.9950162621000957 -0.998906741681924 -0.9925845184886097 -0.9680865939651113 -0.9909320627206197 -0.8383096640515116 -0.875032220205247 -0.7386300449910977 -0.770308647253479 -0.6239188996654337 -0.590398401839088 -0.4599225313310898 -0.42105026795111583 -0.24268817760119005 -0.21463721324954746 -0.023925236877425787 0.014509411416638144 0.13176974941075134 0.18273478900931184 0.41874859539098297 0.40282979296501786 0.560838308397063 0.6423330222306588 0.7301715815712773 0.7539573557351287 0.8778205045001545 0.8548252694497663 0.9927903420273549 
0.8949041537368511 -0.9882347115981234 -0.9988251711604174 -0.9995388060771225 -0.9755088149334457 -0.9214019634866345 -0.9069572420969642 -0.8884133460735262 -0.8008225151526936 -0.7427063249690653 -0.6976843752985092 -0.6314201682949995 -0.5940064954085088 -0.45908092134450057 -0.4186980726314264 -0.29144007247740894 -0.21646682710174003 -0.026748950759551204 -0.024433090974767535 0.15676322818473065 0.1837316679281392 0.38822450385652274 0.4027219519601016 0.5627464617055372 0.5741541646581326 0.7325454897611502 0.7544924849883131 0.8426499474082726 0.8545340879729203 0.9442415039630924 
0.22970442047628953 -0.9895255131124208 -0.995820934621871 -0.999226118446785 -0.9773068972206179 -0.9310213178634058 -0.9241891837806766 -0.840025430483079 -0.8038112751846759 -0.6498694084257632 -0.6934139483355077 -0.6255536968372675 -0.5965632890404008 -0.46304346966873167 -0.4032973125526409 -0.24992713293864458 -0.2113235181747841 -0.01509669286159188 -0.02377700361285652 0.2139224114198091 0.18364061595864628 0.3899089667993161 0.40277235042870607 0.5654921860235389 0.6425008887715749 0.7290085524342778 0.7832080860786214 0.7776371391662371 0.8539306373582606 0.942633301483092 
0.5671194373298835 -0.9895790201760098 -0.9962211181285723 -0.9874087053159729 -0.9928510375403677 -0.9206468758456019 -0.9745805853110008 -0.8443302320493355 -0.7561282631172502 -0.7375889151601599 -0.704830471442762 -0.5970708657771131 -0.45006330502676467 -0.39691511984680805 -0.3970681267560515 -0.192306462191008 -0.02622950439838859 -0.021979425098399834 -0.023523349498717528 0.2044251054670911 0.25199279816687586 0.39838217709462304 0.4939827529627134 0.5983033382229139 0.5156444228198017 0.7302266013305221 0.7863879726793954 0.8822307180603242 0.8747186277860924 0.9392913980905757 
0.8980588982445271 -0.9881738245612455 -0.9951802572736352 -0.999555060851951 -0.975161068522373 -0.9253094400368653 -0.9069182008740321 -0.8091666308835588 -0.8451258462321763 -0.7442567328135061 -0.7097481929117067 -0.6298291516986256 -0.5946733953397261 -0.432412193593245 -0.3581833346511003 -0.18405870118886303 -0.1642367696973285 -0.021909490649586572 0.18839948543122406 0.20660322477685975 0.25182865968226975 0.392524778981095 0.39432661162314275 0.6007485776629535 0.5722675360071773 0.733807277865926 0.7536612223851744 0.879960547951184 0.8731908631996049 0.9396512502691099 
0.22655885727898872 -0.9921046913072556 -0.9949241490342483 -0.9876901460945333 -0.9938342368091179 -0.9214217310569573 -0.9112277392976036 -0.802800800818465 -0.8595918889670722 -0.7382221194068163 -0.7889161619995163 -0.6211445477507115 -0.5998278402347259 -0.43599018224811614 -0.4449181319379717 -0.1975115016054781 -0.2146368240043449 -0.022591852001686664 -0.027954869446376786 0.20511606976806276 0.2095971575940346 0.38995802004295954 0.4028193445650056 0.56184659494697 0.5616624386533787 0.7324302691244163 0.7540786743373614 0.8447004621171623 0.8557369697708042 0.9398480787205947 
0.5612426028570212 -0.9984009277807553 -0.9958012100940117 -0.9854927084949344 -0.9956892747060645 -0.9214371028752318 -0.9913336658913285 -0.8540381049777116 -0.8726115341359555 -0.7455862302185792 -0.7767148882921854 -0.6915011210691822 -0.6007647053354275 -0.4232797712776155 -0.395858989546767 -0.24274658803797744 -0.21457567412788942 -0.02709430081071393 -0.024579794150994254 0.20644331253272713 0.18351264298324857 0.38995707822596476 0.403709104128105 0.561789027269181 0.5736273844459565 0.7305793937294531 0.755058619506688 0.8919738075270316 0.8545359704861789 0.944346902122887 
0.5620450367072228 -0.9882353617140284 -0.9948033534160428 -0.987963533811317 -0.9698520127418302 -0.921945668269169 -0.9882635000161959 -0.8542847062951856 -0.8612058439432576 -0.7442835367574662 -0.7097698498560411 -0.62978616305965 -0.5523485055349979 -0.4578400492802446 -0.35748083198976144 -0.2441790250369378 -0.2139182023626891 -0.018965362362406143 -0.023695550095438694 0.20641808602307826 0.18146780374158872 0.39170716746147305 0.40364299583380026 0.5668357727585288 0.5720666468243206 0.7323757430651514 0.7548319575823182 0.8436317369202462 0.856052767367285 0.9392830416599346 
0.23513742467519402 -0.9920007960704861 -0.8741775840653161 -0.9881744206315992 -0.9695231211078942 -0.9316591346100911 -0.9754812374766222 -0.8021778473892746 -0.8034372015175618 -0.7371595848763348 -0.7097048441859718 -0.5964189114995639 -0.41474978226264964 -0.36613121870217635 -0.30078763866588054 -0.19400122571912942 -0.029012434334994203 -0.020449761779575484 0.019338888172707 0.2465009235782276 0.14136633315920458 0.39208297694118044 0.5121840007213396 0.5990544014720164 0.6419688862062827 0.7329560597026048 0.7864631886947806 0.8793502559425638 0.853606438684357 0.9383749936070371 
0.5612426028570212 -0.9923467880515817 -0.9822629668910867 -0.9854927084949344 -0.9935210637171134 -0.9218609333934881 -0.9910423510107476 -0.8533825083536507 -0.8031434150122314 -0.7455906564382079 -0.7822025275650247 -0.6915011210691822 -0.6007647053354275 -0.42422323534732853 -0.39623454840051714 -0.2438529457429782 -0.21379798553745638 -0.014555182455875407 -0.024579794150994254 0.20661537153806908 0.18129894066556332 0.38995707822596476 0.403709104128105 0.561789027269181 0.5654972619273693 0.6681265926579381 0.7565651986419764 0.8919738075270316 0.8538808234373438 0.9374401707816303 
0.5601497734948643 -0.9921987466606375 -0.9990369808194439 -0.9877473589864342 -0.9971063049902307 -0.9670328201415592 -0.9059787354471742 -0.844320026009027 -0.846012825838206 -0.8467953626881247 -0.7877574022804745 -0.6295394729175099 -0.5544398130274362 -0.45207153143312523 -0.44115298705918754 -0.3015556205381996 -0.2145579076229948 -0.017341065389969715 -0.025091454622708502 0.2023508949861341 0.1833180336856423 0.3921439450583142 0.40329816360289245 0.5964824804544244 0.561508737144554 0.7335088597153597 0.7544075742439785 0.8792346468068478 0.8557064744578464 0.9392156403389069 
0.5659222092551692 -0.9894946516249237 -0.9956418828559062 -0.9871723572797213 -0.9771084274525192 -0.9312878967346729 -0.9839304612687926 -0.8404884122253679 -0.8037056861771829 -0.7392557636622736 -0.6715124549232327 -0.625948155253603 -0.4600726051946017 -0.42947058692452866 -0.3586493319905548 -0.2413676887833623 -0.027695653547898928 -0.023963575702002797 -0.02713614718788208 0.1885608228785588 0.18364231474322237 0.39191574267659024 0.5179932452311109 0.5654911854756421 0.6425238463710701 0.7302117909977242 0.7886465962154936 0.877816563506662 0.8783444476773618 0.9938512722933984 
0.5601762970544775 -0.9921945248808371 -0.9990369808194439 -0.9877473589864342 -0.969727231146828 -0.9219473434244803 -0.9892288693336363 -0.844320026009027 -0.859902414662931 -0.7374636783999406 -0.7888536029053068 -0.6295394729175099 -0.5997443650901877 -0.4251877686029981 -0.44115298705918754 -0.19202457834615458 -0.2143860972394972 -0.027127089634010358 -0.027800294654138937 0.20327235351580536 0.18329188798105356 0.391871735873717 0.4026428729928446 0.5618100808583254 0.561508737144554 0.7133466387096873 0.754078466147898 0.8998507658624748 0.8557064744578464 0.9392368329861199 
0.8967888865029101 -0.9881425591244426 -0.9949626636642838 -0.9872692414217639 -0.9773956880711425 -0.9214208536528865 -0.9077809506500863 -0.8404576669671754 -0.8008110381042474 -0.7427063249690653 -0.7086094507366343 -0.6257626673103523 -0.5950326005117387 -0.46303648446056067 -0.4035107076694584 -0.24109913322433513 -0.2113224382323595 -0.024883351236908446 -0.023969457591626272 0.20642314506829137 0.2534058651406025 0.38822544680219 0.40493138865977646 0.566133123356178 0.6426799818418976 0.7347220679524059 0.7831475245774171 0.8441756354648393 0.85385945137211 0.9425492542416276 
0.5592327035987597 -0.9921987806580002 -0.9989963172975674 -0.9864672324503547 -0.9932676037382331 -0.9348078512330403 -0.9894554823623056 -0.8023343414157594 -0.8599256277747733 -0.7374014790427375 -0.7893270547836946 -0.6913189071837769 -0.5545723328992812 -0.4523503844440215 -0.44069822124496677 -0.2438576215434192 -0.21441651169932088 -0.017383147651254663 -0.02348950279240544 0.20316953325666576 0.18329885207448154 0.3918723802082446 0.40263605904837896 0.5618784539023721 0.573572087183514 0.7371776122050041 0.7558810608282042 0.8821962561356628 0.856480297337353 0.942014973893722 
0.22801232390882864 -0.9917590168756873 -0.9970774541605905 -0.9990189627975434 -0.9748234445099783 -0.9696631903249628 -0.9279602615483477 -0.7618947290480528 -0.8479797438614992 -0.7455481078792895 -0.6928107107860753 -0.6901978372327772 -0.6006937836190471 -0.4241691663868919 -0.39622606186916415 -0.24855000237436073 -0.21376383258774526 -0.02251667392377602 -0.02458471308079816 0.2044453907275681 0.18370740736997804 0.39006728940047963 0.4037084967515288 0.5607593607384397 0.5625702324328844 0.671446807516301 0.7584719119476065 0.8779491959996638 0.8537508379771849 0.9417978767906069 
0.5633527433757104 -0.9997680195256419 -0.9828075464477124 -0.99933986648295 -0.9917531648918919 -0.967982593433574 -0.9879242538539228 -0.9194809755699738 -0.827672100930113 -0.737195256297784 -0.7097039602748338 -0.5972376538434961 -0.5955295677320517 -0.4106466682484499 -0.3997378723629169 -0.19378208236787547 -0.21477940755027933 -0.004117724118764082 -0.024148453784954185 0.2045451140520116 0.18345549807029862 0.3896270622836284 0.4040813491272981 0.6020779281190823 0.5737079814188348 0.7302185192538289 0.7862914581337349 0.8793489989643569 0.8545536416160008 0.9200610957174185 
0.5622251008434324 -0.9882347550309162 -0.9950180065164377 -0.9872622974167405 -0.9698520127418302 -0.9218798718827902 -0.9892318500987977 -0.8537383251561074 -0.7996165839721706 -0.744017898030568 -0.7000856530942624 -0.6288046577003692 -0.5965962336195472 -0.47114407626022664 -0.3574799446376485 -0.2441790250369378 -0.15996532464268742 -0.027402665757312955 -0.023402757115571243 0.20640144801860463 0.1833124726446861 0.3883130960866613 0.40358549748006106 0.5618342356859602 0.5732100014270839 0.7324328076315227 0.7553094822111136 0.8426692270460081 0.8520420257340507 0.9417834312534862 
0.5671194373298835 -0.9896528617890852 -0.9962211181285723 -0.9988835087471504 -0.9928510375403677 -0.9206468758456019 -0.9113636922458048 -0.8431870953643597 -0.8758994858861997 -0.7375889151601599 -0.704830471442762 -0.5970708657771131 -0.46043540221127577 -0.3930383928588456 -0.3970681267560515 -0.19139390439781687 -0.025765616272151695 -0.01889822857855713 -0.023525067498392966 0.20443040155823222 0.1813143174620255 0.39838217709462304 0.40535049843842286 0.5980737186354972 0.5152859959633229 0.7302266013305221 0.7874210355516531 0.8822307180603242 0.8747186277860924 0.9392913980905757 
0.9007402229838257 -0.9944673199605295 -0.9952201198655469 -0.9995481893553285 -0.9747646168896825 -0.936660459040675 -0.9934296848900193 -0.83961053085241 -0.8455007596853146 -0.7220798722466742 -0.697976250019921 -0.5888128657578263 -0.5934441725132561 -0.39691115673554495 -0.3084252354241556 -0.18300036807462744 -0.20405951965354413 -0.02196898692549305 -0.025065088725044267 0.2047538871446306 0.25523018186000673 0.3984364925053116 0.39402110465603263 0.6007511088689705 0.5633405623163457 0.7413354574971425 0.780947463807771 0.8796151393633004 0.8728935808661404 0.9368270050867792 
0.8948692798005502 -0.9882347115981234 -0.9988251711604174 -0.9997155190841485 -0.9771116454772464 -0.9236469403936304 -0.9069572420969642 -0.8884133460735262 -0.8728158906802489 -0.7376209336896069 -0.6973407107249852 -0.6287615519628216 -0.5916001857845681 -0.45908092134450057 -0.4186980726314264 -0.17442588985647922 -0.15961651065696406 -0.02708268007172751 -0.02437312754472961 0.1579891533698685 0.1837264226693867 0.38817286857628486 0.4062571242892718 0.5626336792781871 0.5741541646581326 0.7325017321750865 0.7550723677573604 0.8426499474082726 0.8545340879729203 0.9444282580959058 
0.23397968625933793 -0.9953429645886949 -0.9970886258623434 -0.998738938622343 -0.9755385665142515 -0.9214627890096218 -0.7924403653278934 -0.8396876196731619 -0.8298750039858765 -0.7344921058549556 -0.7060463850377144 -0.6283497827599521 -0.5604027737532873 -0.39780505793444254 -0.39976792397954886 -0.24063389985500336 -0.20484052676005118 -0.02239607444008566 -0.023854992233379203 0.20432731587129815 0.18435670648594846 0.38811461450143253 0.5097133009909106 0.5994576237612916 0.6439781724041268 0.728451180608901 0.783198352138513 0.8789823975893424 0.8537431636787991 0.9423594452765726 
0.5641267410174122 -0.992334546655635 -0.9989522508473809 -0.9991464498401149 -0.9756813079215263 -0.9214252287871842 -0.9070946545091646 -0.8407020881481512 -0.8011149727690782 -0.7750634844114064 -0.7048139095538913 -0.6257693064259698 -0.458834883909444 -0.4583562731328821 -0.4091660470534252 -0.24272882937446422 -0.21382686857701716 -0.023970984857739405 -0.023506419492890847 0.201913978199365 0.18335819631306663 0.39173883551270594 0.40280342160660093 0.5978129577965824 0.571665496617663 0.7349051901554045 0.7884002993878391 0.8815198496606776 0.8754401698371592 0.9371123098251963 
0.22985191178664924 -0.9952986350656039 -0.9957442179834022 -0.999226118446785 -0.9773068972206179 -0.9324074696345748 -0.9241891837806766 -0.8418832107221311 -0.8038112751846759 -0.7384803356155002 -0.6954513756956182 -0.6255536968372675 -0.5595817714419853 -0.45910120598125553 -0.4072536191605457 -0.24963336683767384 -0.21109490242641019 -0.00560867647707706 -0.023772045600703222 0.2136950937142417 0.18364061595864628 0.3899303675694279 0.4028888227825804 0.5652625139821955 0.6258916689322103 0.7408062771975619 0.783284626157933 0.8890005511495379 0.8539306373582606 0.9425746778640938 
0.8967888865029101 -0.9986306821772735 -0.9949626636642838 -0.9989141026985084 -0.9773956880711425 -0.971870791901716 -0.9060530619255727 -0.8402206153865635 -0.8008110381042474 -0.7427063249690653 -0.7086094507366343 -0.6284937449304632 -0.5948971113898647 -0.46212220984565544 -0.4002542980914584 -0.24109913322433513 -0.20031142853738043 -0.024883351236908446 -0.023969457591626272 0.20643760068908812 0.18379820302498404 0.3882446356510268 0.40663638425638166 0.5607762101654512 0.5578039751839563 0.7347220679524059 0.7831475245774171 0.8437841390391209 0.8537587366580155 0.9425492542416276 
0.8961411019206025 -0.9923556134615376 -0.9981804908393165 -0.9870410004987556 -0.9767563703672159 -0.921848385647946 -0.8911311259938334 -0.8390405659856492 -0.8742474745031907 -0.7375978880769215 -0.7125904778849261 -0.5863739199341029 -0.5892293317356542 -0.42464783953425206 -0.40234001577790673 -0.2548211522163593 -0.20964713305003901 -0.02712799008200011 -0.023789246698388795 0.19276391634827167 0.18524954939172797 0.39193203592666154 0.4017247853973201 0.5617786233614559 0.5710805131328522 0.7323669152080095 0.7555505823740931 0.8823511890110666 0.8754328837922098 0.9397162794856905 
0.5636662090359588 -0.9895355099405075 -0.9950131099633084 -0.9993826342789479 -0.9928847953836415 -0.9218800563832009 -0.9097863156715004 -0.8401917807420258 -0.799592567404459 -0.7205375532466541 -0.7096340300389242 -0.6288046577003692 -0.5965962336195472 -0.39657223244312956 -0.35748083198976144 -0.2458430000169864 -0.15765943236995744 -0.018965362362406143 -0.023402757115571243 0.20640038506472974 0.1833124726446861 0.3883130960866613 0.3871146134479311 0.5668314447082764 0.5749645880598777 0.7324328076315227 0.7812738413864002 0.8426602940202751 0.8718794072054731 0.9419940243877885 
0.062076937660261004 0.9098268936686256 0.9518594231952088 0.407576532588311 0.8164623422451517 0.8704551453707585 0.959231010106683 0.7745776816299956 0.904800902413543 0.6743082435751321 0.7386662025801297 0.5848149920547905 0.591011820373971 0.16643005134281028 0.36610620954763234 0.6128889445145225 0.22025724505919747 -0.4712755599088143 -0.011892442102055138 -0.3304709615658609 -0.32623242624143145 -0.19904405686147075 -0.4907731820669465 -0.3736854739935375 -0.5979687156004866 -0.536887403649736 -0.754269763799188 -0.751196103178727 -0.8577478138564139 -0.7641114119574314 
0.5648712525922928 -0.9937803308303708 -0.9963194805324449 -0.9932671511623747 -0.9770778994768204 -0.9237559322341746 -0.8847513670583528 -0.8400112592092752 -0.7569972542351697 -0.7510709008435259 -0.7064137768340971 -0.6922441368296463 -0.6004068289666744 -0.4599014444844859 -0.3544803862837972 -0.2432619354456214 -0.21171115923668013 -0.02222702037755387 -0.022990564127267944 0.21486823929950258 0.18316594386116844 0.3876332048347677 0.40559156609182545 0.5599824395053906 0.5633837115426736 0.7292875418630711 0.7824238638738973 0.87790811049033 0.8544469925648186 0.9284474293887408 
0.8989358171903521 -0.9882373682121949 -0.9945429349742024 -0.9992193548878964 -0.9751491009432564 -0.9254531152798329 -0.9156564174487546 -0.8370300167639324 -0.8456005297117805 -0.7367941640767529 -0.711066552681919 -0.6298726954895574 -0.5545662336482703 -0.4245990452979398 -0.39850431283135623 -0.24575455632393944 -0.2047210060791193 -0.022334298714131378 0.20886577207442075 0.18242009107347595 0.25420481221883007 0.38840601147990317 0.3937000415225328 0.5645185227959926 0.6463645978130101 0.7333721101734795 0.7831877667328743 0.8435960468602414 0.8753163333678068 0.9424819920917664 
0.5652145105085488 -0.9884072333085039 -0.994843000095416 -0.9931133484306489 -0.9756784097821783 -0.9215250074616497 -0.9049789152363603 -0.8403119773694857 -0.847678557873237 -0.6568616374791109 -0.7074591140688622 -0.6255732229418837 -0.5943514577740435 -0.4237235055205137 -0.39610284312444605 -0.24957346108294093 -0.21382730345300002 -0.016764724022980303 -0.023716501979263966 0.20675073173692415 0.26497396196693046 0.38816517011457136 0.4014204151824785 0.5366199931610557 0.5625816878410114 0.7332238805003363 0.7597198318934683 0.882301817469974 0.8650657513362872 0.9427518838391747 
0.5671194373298835 -0.9895790201760098 -0.9959037861531815 -0.9874314947535064 -0.9925368898550079 -0.9206468758456019 -0.9745805853110008 -0.8443302320493355 -0.761492384011859 -0.7360601271289239 -0.704830471442762 -0.5970676439313656 -0.5920660838459177 -0.3938870843510244 -0.3970681267560515 -0.19377586129619148 -0.02622950439838859 -0.022706095086450807 -0.02347377289751935 0.20355031430586956 0.25199279816687586 0.3984552310524062 0.4957241326818111 0.5983033382229139 0.6127032810408464 0.7302265734812586 0.7863844835164043 0.8822323371212892 0.855365367558672 0.9388418877628334 
0.22806400547073277 -0.9925537601629829 -0.9946521563766073 -0.9992214505052073 -0.9925845184886097 -0.9199177745776286 -0.9758796137959667 -0.8382870208569375 -0.8731534175236938 -0.7386300449910977 -0.6932576155120167 -0.6238334434682042 -0.6017852426996336 -0.4600325169591575 -0.42105026795111583 -0.2441350186026509 -0.21463721324954746 -0.022449507439067352 -0.038929475723765664 0.18453115667571285 0.18273478900931184 0.3901454696427349 0.402808480778162 0.560859487046327 0.5776932593329059 0.7330988306152508 0.7539355858031207 0.8464065432159446 0.8756547550325633 0.9935809208109194 
0.9008903566723437 -0.9882052812502643 -0.8679234431812856 -0.999556301771033 -0.9940351229753238 -0.9214554363834262 -0.9163804418621491 -0.8368967000090562 -0.7714888636234678 -0.7224782942699233 -0.6979227080617475 -0.5892977911877333 -0.4555839455833836 -0.39712914813222056 -0.30943276226616334 -0.24145968557716446 0.010124679284495786 -0.022340306324598665 0.020565922582623058 0.24692315784633867 0.252264360630606 0.38814579543141353 0.5153278301916623 0.5975631442391401 0.6451075012705578 0.7332974129906052 0.7812839686529026 0.8781466243381255 0.8558877805824185 0.9398719125170159 
0.23012082185336735 -0.9895670356882421 -0.999057165889855 -0.9991089860292225 -0.9754972016448406 -0.9214250807307104 -0.9068283111806773 -0.8399748058380642 -0.8007688657452083 -0.7374287023553572 -0.7048480049211882 -0.6257580659980716 -0.5964920010157964 -0.4585160594478563 -0.4073350648678147 -0.24257759591534203 -0.209903438626097 -0.02476737977611861 -0.023509872389975404 0.20354480466908828 0.18338027451820418 0.38995695634199434 0.40269975570430144 0.5633889442732454 0.5711501069863915 0.7347852434127498 0.7832034315997585 0.8442216085926213 0.8750125970737436 0.9442771352739704 
0.2307075865790349 -0.991825498749688 -0.9957724554182755 -0.987047248377891 -0.9696761298448521 -0.9299797399893586 -0.935605174871647 -0.8383386977418118 -0.8130282701951808 -0.77617156505412 -0.7699737647601744 -0.6223344673472329 -0.5553163501446489 -0.45228793048106364 -0.40399214948391876 -0.24335442370281565 -0.2136564351893809 -0.023901975306774605 0.014509498002647442 0.20219857644491987 0.1812290206024679 0.3898252724479384 0.40294381804404333 0.5618513594066592 0.6421735527464494 0.7303308815115046 0.782449326546861 0.8798594231358519 0.8548290863232509 0.9246764170339341 
0.8989358171903521 -0.9887229594771298 -0.9945429349742024 -0.9986858057891638 -0.9954806302839646 -0.9219601357120971 -0.9163951352305475 -0.8371042029932957 -0.8249186578092137 -0.7220800324553215 -0.711066552681919 -0.6298726954895574 -0.5287355103433127 -0.40785642020976426 -0.3072732006899912 -0.2446484716666392 -0.2047210060791193 -0.02196576240212888 -0.040157815053279006 0.18242009107347595 0.25329276787816724 0.38840601147990317 0.5212185252683341 0.5646402340499507 0.6464626646901229 0.7301259864963785 0.7833019632563487 0.8805565210836335 0.8753067401381357 0.9395417235099366 
0.23012082185336735 -0.9895670356882421 -0.9952630818904666 -0.9991089860292225 -0.9830337496716103 -0.9214250807307104 -0.9068283111806773 -0.8396424858953562 -0.8472099302421148 -0.7374287023553572 -0.7047975808817314 -0.5888651575484928 -0.5964920010157964 -0.4585160594478563 -0.3105550871132811 -0.24257759591534203 -0.2040557327097322 -0.022070398085605715 -0.023509872389975404 0.20354480466908828 0.25870180014028715 0.38995695634199434 0.40269975570430144 0.5633889442732454 0.5711501069863915 0.7347852434127498 0.7831526790376927 0.8798539709151867 0.8750125970737436 0.9442771352739704 
0.2341663114622882 -0.9920113900685843 -0.8811293291654427 -0.999519365388576 -0.9804307761913905 -0.9692336998938911 -0.9066058680982207 -0.8390363796052844 -0.8027009873868362 -0.737693345596213 -0.7097358024813526 -0.599354121812779 -0.4643923553732369 -0.39689614682943797 -0.39667890570314884 -0.176075676605476 -0.020487023145618427 -0.022572201247929056 -0.04029503098097939 0.2464692072389396 0.18372620110659946 0.3918842484159963 0.5184729826063103 0.5959869456305235 0.5621415290820401 0.7304125028651299 0.7820332095052696 0.8430628509713319 0.848378678510845 0.938381730416153 
0.5641267410174122 -0.992334546655635 -0.9981414177088016 -0.993018620330304 -0.9756813079215263 -0.9218641780382321 -0.9101217728823899 -0.8250705527156924 -0.8488343975466797 -0.7750634844114064 -0.7048139095538913 -0.6287965091908349 -0.458834883909444 -0.461393028502055 -0.3587704950360462 -0.24272882937446422 -0.2138127515650019 -0.01851241494117574 -0.02368994857568068 0.24702765587674505 0.1810284935350388 0.39173883551270594 0.402807612222019 0.5978129577965824 0.571665496617663 0.7085373302425936 0.7884002993878391 0.8815198496606776 0.8620365121431951 0.9371123098251963 
0.8961411019206025 -0.9923556134615376 -0.9953510915179988 -0.9988034782983872 -0.9767563703672159 -0.921848385647946 -0.9068230684730841 -0.8390405659856492 -0.8742474745031907 -0.7376609454955211 -0.6935006331645149 -0.5852605510115111 -0.5892293317356542 -0.42464783953425206 -0.40234001577790673 -0.2548211522163593 -0.20964713305003901 -0.027317633358724273 -0.023789246698388795 0.19271856252805208 0.18606159506926884 0.39193203592666154 0.40271855090251585 0.5617663912753672 0.5710973066595862 0.7323669152080095 0.7555840979552363 0.8816947611160787 0.8754328837922098 0.9448164475432196 
0.22970442047628953 -0.9895255131124208 -0.995820934621871 -0.999226118446785 -0.9773226365377985 -0.9308243402843307 -0.9241891837806766 -0.840025430483079 -0.8038112751846759 -0.6498694084257632 -0.6934139483355077 -0.6254882805259918 -0.5965792297131535 -0.46275752620748845 -0.4032973125526409 -0.24996280046493044 -0.21132068247332944 -0.024974757766428365 -0.023965011637795523 0.14289506667188878 0.18364061595864628 0.3882033366809762 0.4026916461681869 0.5654921860235389 0.6419987560835858 0.7290085524342778 0.7832080860786214 0.885440535711804 0.8539306373582606 0.9937940747099346 
0.23106835443785642 -0.988103651490971 -0.9990516512270375 -0.9993339191470113 -0.9758142619510298 -0.9218324852768038 -0.906785307652306 -0.8400205043776185 -0.7972456410559939 -0.7353218465355158 -0.6934139483355077 -0.6263682929879123 -0.5933444256929938 -0.4617725201428501 -0.4073350648678147 -0.24145621967644965 -0.21132245953960643 -0.021970964211863106 -0.024025924849251607 0.2044213346341659 0.18318221804190865 0.38966227178020574 0.40267296473652175 0.5652857273978215 0.6429979959162742 0.7360970617040434 0.7832115752416126 0.8445894081960559 0.8752624076162915 0.9442437607532908 
0.5663462625417925 -0.9939496876783716 -0.9938663420184446 -0.9879518296890677 -0.9804712064547123 -0.921187988851921 -0.9000429413508458 -0.8391975107185079 -0.8246748987408147 -0.7603565808486781 -0.7097816434688662 -0.5912825388019559 -0.5262457456510246 -0.40443229841109074 -0.3579120731744294 -0.26136892903163766 -0.02068392470753297 -0.004397331538841039 -0.023673915084501902 0.23871144138640502 0.18310083422929965 0.39321844699828584 0.5213963735523842 0.5666293892604737 0.576737306367151 0.7323810197624524 0.7860582387941573 0.8762179944204336 0.8481876062931556 0.9419368827959688 
0.23068146926383876 -0.9838660712780235 -0.9957724554182755 -0.987047248377891 -0.9696761298448521 -0.9299797399893586 -0.935605174871647 -0.8383386977418118 -0.8121456765685781 -0.77617156505412 -0.7118777463756605 -0.69155555812323 -0.5553163501446489 -0.45228793048106364 -0.40399214948391876 -0.24335637001416466 -0.2136564351893809 -0.018460526681550217 -0.023687037946652598 0.20219857644491987 0.1812290206024679 0.3898252724479384 0.4029326061012429 0.5618340426356409 0.6379095976873649 0.7411883447222455 0.782449326546861 0.8798594231358519 0.8544178796848355 0.9246764170339341 
0.23212794475097384 -0.995371714452943 -0.9957433106224147 -0.9872125877645352 -0.975483092245698 -0.932425147621003 -0.9053519517578763 -0.841860433306954 -0.801930927104963 -0.7372520146082733 -0.7061021682652955 -0.6283361965564346 -0.5598473908628642 -0.3999675762142638 -0.35755473199059146 -0.25066805680124354 -0.050778360745863824 -0.023963631159929433 -0.02431148290364283 0.21365325663274418 0.34494222555281967 0.39187904823793823 0.5206548519163091 0.6010985288871081 0.6256537609304346 0.740934320218341 0.7832757620878287 0.877779376536342 0.8538505673232062 0.9403305385507994 
0.8930850489775329 -0.994338859924943 -0.9833611090057562 -0.9873127781005665 -0.9929612044025311 -0.9316435890049304 -0.9102843682512386 -0.8029697000637903 -0.8766883858840415 -0.7451194927948203 -0.7820445504216001 -0.6979816016314028 -0.6147192455981932 -0.4242241769997939 -0.3977485882960912 -0.3057728973211269 -0.21379799385728865 -0.016207388564414834 -0.023674518469581216 0.20650136455999302 0.18104710593131376 0.39010426253313985 0.4027850044280685 0.5990295027929204 0.5654502534441181 0.7317557928314171 0.7542158370927692 0.881572305538672 0.8538746021893853 0.9372576668511974 
0.23106835443785642 -0.9943642496955037 -0.999057468859977 -0.9990835990192953 -0.9755104917695613 -0.9315112107873731 -0.906785307652306 -0.8400205043776185 -0.8470496146191355 -0.7381076215909365 -0.6934139483355077 -0.6267201350330134 -0.5963879857695913 -0.45765559499668845 -0.4073350648678147 -0.23980252171360822 -0.21140396300850084 -0.024766921177699828 -0.02397634824805343 0.20354159364214056 0.18159831698014198 0.3897353257379889 0.40267296473652175 0.5652857273978215 0.6446239157522379 0.7112612765719375 0.7832080860786214 0.844577571070581 0.8559091473888709 0.9442437607532908 
0.5671194373298835 -0.9895790201760098 -0.9962269350044265 -0.9872785383784229 -0.9925339765766724 -0.9206468758456019 -0.9745805853110008 -0.8443302320493355 -0.7596700916825855 -0.7375889151601599 -0.704830471442762 -0.5970708657771131 -0.4532821683741717 -0.3938870843510244 -0.3970681267560515 -0.192306462191008 -0.02622950439838859 -0.02477538206423656 -0.02347377289751935 0.20355031430586956 0.25199279816687586 0.3984552310524062 0.4939827529627134 0.5983033382229139 0.6127032810408464 0.7302266013305221 0.7863844835164043 0.8822307180603242 0.855365367558672 0.9392913980905757 
0.9008903566723437 -0.9882052812502643 -0.8690682482052114 -0.9987080943854522 -0.9941767428929797 -0.9214554363834262 -0.9163804418621491 -0.8368967000090562 -0.7714888636234678 -0.722294980258105 -0.6979227080617475 -0.5892977911877333 -0.4555678432754961 -0.39712914813222056 -0.30943276226616334 -0.24062905614336597 0.010124679284495786 -0.022340306324598665 0.020565922582623058 0.24692315784633867 0.252264360630606 0.3881464570956659 0.5153278301916623 0.5975631442391401 0.6451075012705578 0.7285401106360758 0.7812839686529026 0.878976246411402 0.9365680171421523 0.918013870451259 
0.8989358171903521 -0.9882373682121949 -0.9945429349742024 -0.9992229043300207 -0.9751491009432564 -0.9219601357120971 -0.9156564174487546 -0.8370300167639324 -0.8249186578092137 -0.7367941640767529 -0.711066552681919 -0.6298726954895574 -0.5287355103433127 -0.40780432460700317 -0.39850431283135623 -0.24575455632393944 -0.2047210060791193 -0.022334298714131378 -0.03981568069908295 0.18242009107347595 0.25329276787816724 0.38840601147990317 0.5168608637836776 0.5645836638932498 0.6463645978130101 0.7301259864963785 0.7833019632563487 0.8432495748456983 0.8753163333678068 0.9424819920917664 
0.5601762970544775 -0.9986979891430626 -0.9990369808194439 -0.9877473589864342 -0.9694396382323693 -0.9736786881482677 -0.9892288693336363 -0.844320026009027 -0.8603264409406798 -0.7426288115119128 -0.7881492793260978 -0.6284720008727982 -0.5998614098354159 -0.42578957622658925 -0.4042426574005806 -0.19202457834615458 -0.2143860972394972 -0.027127089634010358 -0.024076563324830075 0.20332362681576055 0.18379658310459737 0.391871735873717 0.40662097845363243 0.5618306864387553 0.561508737144554 0.7138423078130554 0.754078466147898 0.8998507658624748 0.855713409006794 0.9393685230977413 
0.2341663114622882 -0.9939487261674795 -0.9939616301097858 -0.9995883786764003 -0.9804908309254526 -0.9692336998938911 -0.9071737738774056 -0.8390363796052844 -0.8707704300143864 -0.737693345596213 -0.7075945955827927 -0.599354121812779 -0.4643923553732369 -0.39689614682943797 -0.39667890570314884 -0.17590816413342739 -0.020243311173385018 -0.022572201247929056 -0.03792422365585295 0.20444904485358978 0.18372620110659946 0.3918842484159963 0.5184729826063103 0.5662827021252512 0.5621415290820401 0.7304125028651299 0.782004326267013 0.8430628509713319 0.848378678510845 0.9397447244897174 
0.9008903566723437 -0.9882052812502643 -0.9974492046626228 -0.9987688998860024 -0.9939250468927361 -0.9214555806384401 -0.9119140286301545 -0.8368967000090562 -0.7714888636234678 -0.7224782942699233 -0.7065013137048071 -0.5892977911877333 -0.4555839455833836 -0.39712914813222056 -0.30943276226616334 -0.24145968557716446 0.010124679284495786 -0.022341475395229505 0.021936727582309086 0.24692315784633867 0.252264360630606 0.38814579543141353 0.5153278301916623 0.5997123444503262 0.6451075012705578 0.7332974129906052 0.7812839686529026 0.9130781720897088 0.8536996429500748 0.9700418630123984 
0.8942450466141838 -0.9922992564617251 -0.9988251711604174 -0.9997155190841485 -0.9771116454772464 -0.9236683304810243 -0.9068719923230519 -0.8884133460735262 -0.8490109029560083 -0.7376209336896069 -0.6973407107249852 -0.628761416775399 -0.5916001857845681 -0.45908092134450057 -0.4186980726314264 -0.2411349071589597 -0.15961651065696406 -0.02708268007172751 -0.023699634565406014 0.1579891533698685 0.18374498746137224 0.3917360331093173 0.4062571242892718 0.5626336792781871 0.5742481283467675 0.7319685833879596 0.7550723677573604 0.8426499474082726 0.8623364401617795 0.9368866935666684 
0.9008903566723437 -0.9882052812502643 -0.9974492046626228 -0.9987082635333512 -0.9941755267918366 -0.9214555816642559 -0.9119140286301545 -0.8368967000090562 -0.7714888636234678 -0.7224782942699233 -0.6975434053874771 -0.5892977911877333 -0.4555839455833836 -0.39712914813222056 -0.30943276226616334 -0.24065394015785452 0.010124679284495786 -0.02234032653573899 0.021936727582309086 0.24692315784633867 0.252264360630606 0.38814579543141353 0.5153278301916623 0.5975334526056699 0.6451075012705578 0.7284357304220668 0.7812839686529026 0.9130781720897088 0.8536996429500748 0.9698371336833772 
0.5636662090359588 -0.9939872970387187 -0.9950131099633084 -0.9993834178762737 -0.9698520127418302 -0.9218800563832009 -0.9097863156715004 -0.840457400124284 -0.799592567404459 -0.7208801975147263 -0.709720079803972 -0.5966675648252016 -0.5965962336195472 -0.3968918075207757 -0.3573413470724504 -0.2468471855987183 -0.1576237558344341 -0.018965362362406143 -0.02343470118371085 0.20450140263266706 0.1833124726446861 0.3883130960866613 0.40192525444814003 0.598086543279015 0.5732029235113035 0.7324328076315227 0.7866801070637514 0.8781537011767386 0.8718794072054731 0.9419940243877885 
0.5601762970544775 -0.9921945248808371 -0.9990387800721455 -0.9877473589864342 -0.9696762166936097 -0.9219473434244803 -0.9368215477519822 -0.8383104840775446 -0.8596808171045599 -0.7374636783999406 -0.7165792770841714 -0.6913268883221271 -0.5997443650901877 -0.45238782841686886 -0.44115298705918754 -0.24415812187439323 -0.2143860972394972 -0.027127089634010358 -0.0236094475611572 0.20327235351580536 0.18329188798105356 0.391871735873717 0.4026428729928446 0.561810325301898 0.561508737144554 0.7412307285904965 0.7827391684674896 0.8998507658624748 0.8557064744578464 0.9392368329861199 
0.23212534051429676 -0.9894248982153852 -0.9957245204945411 -0.987170933748632 -0.9754520200760416 -0.932439576826747 -0.9074884133463712 -0.8419072839650297 -0.803150087548596 -0.7392338284941807 -0.6693307678272581 -0.6284402973562891 -0.5907307200238128 -0.3996007165709239 -0.35867176633539954 -0.24199930781187184 -0.036599952378056445 -0.023963575702002797 -0.02395815974925607 0.21387212083648094 0.26199818508689093 0.3919186064977688 0.39985091679179896 0.6009697014174546 0.6247560571644618 0.7303067805995879 0.7878484892599777 0.8778167235731631 0.8873141314253612 0.942436954903806 
0.22655885727898872 -0.9921046913072556 -0.9949241490342483 -0.9876877436823948 -0.9938342368091179 -0.9214217310569573 -0.9078886848919018 -0.802800800818465 -0.8755918061739004 -0.776157715238473 -0.7917570103154572 -0.6211431307816073 -0.5948511802600888 -0.43599018224811614 -0.4449181319379717 -0.1975115016054781 -0.20510160192768467 -0.022617932568662423 -0.03315558948155673 0.20511606976806276 0.2095971575940346 0.38995802004295954 0.4028193445650056 0.5601613604765368 0.5653847671687902 0.7324302691244163 0.754033821081735 0.8447004621171623 0.8562008999578875 0.9398422152373573 
0.22806400547073277 -0.9924254877245501 -0.9819186644917874 -0.998906741681924 -0.9925845184886097 -0.9680865939651113 -0.9909320627206197 -0.8383096640515116 -0.8731534175236938 -0.7386300449910977 -0.6932069550270343 -0.6239188996654337 -0.6017852426996336 -0.4599225313310898 -0.42105026795111583 -0.2441350186026509 -0.21463721324954746 -0.026911409392853993 -0.02337056173228428 0.13176974941075134 0.18273478900931184 0.39002610435133966 0.402808480778162 0.560859487046327 0.5730801781232941 0.7330988306152508 0.7539355858031207 0.8774192311697141 0.8548211756284607 0.9935809208109194 
0.5663462625417925 -0.9939496876783716 -0.9938663420184446 -0.9879518296890677 -0.9804712064547123 -0.9218576130152835 -0.9068009971829148 -0.8395190721933082 -0.8246748987408147 -0.7351278135801578 -0.7098633487788032 -0.5912825388019559 -0.5284560613920171 -0.40834450724966226 -0.3579120731744294 -0.19408741292283962 -0.02068392470753297 -0.019131272258397974 -0.03804571789605971 0.2030147652340386 0.18354756759473723 0.39321844699828584 0.5213963735523842 0.5666632146675658 0.5751740382763127 0.7363536684131126 0.7860582387941573 0.8422318594922056 0.8483513665135662 0.9419997018208623 
0.5592327035987597 -0.9922483752840959 -0.9989963172975674 -0.9537119641397024 -0.9934712916748478 -0.9225907250352816 -0.9892288693336363 -0.8392636289057845 -0.8599256566761926 -0.7212227594390053 -0.7064460938231844 -0.6921358040155163 -0.6018571025506168 -0.42518527223805497 -0.4389736592594047 -0.2438576215434192 -0.213792172392667 -0.027398843200205823 -0.02507746429206181 0.2008877865774921 0.18290495043311278 0.391936466246662 0.4037260742802933 0.5631743839472996 0.5697054579486125 0.7421024459510565 0.7558810608282042 0.8821979868218021 0.856480297337353 0.9418899827644044 
0.2266040971771914 -0.992406439956669 -0.9949241490342483 -0.9876901460945333 -0.9938342368091179 -0.9214217310569573 -0.98830465721513 -0.8020642327289624 -0.8595918889670722 -0.7382221194068163 -0.7702254767650691 -0.6211445477507115 -0.5998278402347259 -0.43599018224811614 -0.4448665933576332 -0.24426067928947176 -0.2146368278222319 -0.022591852001686664 0.013685884227927648 0.1976112190849173 0.2095971575940346 0.41876700967310615 0.4028193445650056 0.5608480462975092 0.6465640400175543 0.7323942965062874 0.753945371616333 0.8447004621171623 0.8557369697708042 0.9398875775656214 
0.5639686008155469 -0.992334546655635 -0.9981414177088016 -0.993018620330304 -0.9756813079215263 -0.9218641780382321 -0.9102612966925081 -0.8250705527156924 -0.7740135612645387 -0.7750634844114064 -0.6983000788882145 -0.6287965091908349 -0.458834883909444 -0.46130777852604704 -0.3587704950360462 -0.24272882937446422 -0.2138127515650019 -0.01851241494117574 -0.022185786568827887 0.24739453803064762 0.1810284935350388 0.3897880955413756 0.4028086356550359 0.5618100808583254 0.5740802839328776 0.7081266490283661 0.7855824460754463 0.8834393674680533 0.8620365121431951 0.9379155782789496 
0.8967888865029101 -0.9882304250348174 -0.9949626636642838 -0.9990818412698144 -0.9755154447679817 -0.9215244681749588 -0.9063318386316562 -0.8370300167639324 -0.7763700439455827 -0.7418634080752401 -0.7937132457313589 -0.6289726438165877 -0.5533771214052211 -0.45913371606506126 -0.39617597729609116 -0.24705625490442065 -0.21123302381179698 -0.02473899205718283 -0.023969457591626272 0.2066114298071431 0.2551865694811232 0.38816650207634673 0.40500585952597623 0.566133123356178 0.6444927274882911 0.7333721101734795 0.7831475245774171 0.8441756354648393 0.85361309610623 0.9424819920917664 
0.5601762970544775 -0.9921945248808371 -0.9990369808194439 -0.9877473589864342 -0.9942056013336426 -0.9219473434244803 -0.9035178307253717 -0.844320026009027 -0.859902414662931 -0.8467953626881247 -0.7028894458534367 -0.6295394729175099 -0.5997443650901877 -0.4251877686029981 -0.44115298705918754 -0.301833619782924 -0.21441487749702084 -0.027127089634010358 -0.027800294654138937 0.20327235351580536 0.1833180336856423 0.39187326902531067 0.4026410450994991 0.5612823862732796 0.561508737144554 0.7337005636509267 0.754078466147898 0.8998507658624748 0.8557064744578464 0.9392368329861199 
0.56204661091123 -0.9884857783081563 -0.9950188146681823 -0.9986183864257313 -0.9750681687604187 -0.9216215055830095 -0.9097675829249197 -0.8542847062951856 -0.7996217690825929 -0.7441915865123059 -0.7097698498560411 -0.6288052933256847 -0.5965962336195472 -0.47004462024927224 -0.3953669376920066 -0.2441790250369378 -0.15996532464268742 -0.024049085862316102 -0.023402757115571243 0.20620429697042403 0.18332787047732207 0.38692455764043715 0.38107030637650247 0.5668314447082764 0.574405650495725 0.733305836145659 0.7864678828953192 0.8441723253548782 0.8521285065548984 0.9419940243877885 
0.5601762970544775 -0.9921945248808371 -0.9990387800721455 -0.9877473589864342 -0.9753306459673301 -0.9219473434244803 -0.9364269571001854 -0.8383104840775446 -0.8596808171045599 -0.7374631048995498 -0.7049957810353525 -0.6891586263630014 -0.5966552829852256 -0.45238782841686886 -0.44119791675989994 -0.24415812187439323 -0.21443239769633093 -0.027246626121323878 -0.0236094475611572 0.20324808883848355 0.18329163835186163 0.3918649466411237 0.4026428729928446 0.561810325301898 0.5713893311501987 0.7346366950603207 0.7827391684674896 0.8993549363533666 0.8557064744578464 0.9393925479575074 
0.5612426028570212 -0.9923467880515817 -0.9960046896767744 -0.9854927084949344 -0.9935210637171134 -0.9214371028752318 -0.9913336658913285 -0.8540381049777116 -0.8031434150122314 -0.7455862302185792 -0.7754859884615626 -0.6915011210691822 -0.6007647053354275 -0.424170757512657 -0.396217145644442 -0.2438529457429782 -0.2137990218247758 -0.014564037648436263 -0.024579794150994254 0.20662122967662291 0.18748517349568017 0.38995707822596476 0.403709104128105 0.561789027269181 0.5736053981683232 0.6689457844538901 0.7565651986419764 0.8919738075270316 0.8546326335829454 0.9416595250177586 
