0.714447035536977 0.8930616192178922 0.9869918836348178 0.9698009138630759 0.9887483267601002 0.9869574192637239 0.9569665464074752 0.9787890882259721 0.9855786581206438 0.9365467802858163 0.9574880141478603 0.8666222782191619 0.7668712591695059 0.7293778669196306 0.6306193322885998 0.520861104761413 0.6997163092436612 0.330696369199591 0.2785307993657013 0.12519700863198202 0.034691938415978986 -0.06094196498694991 -0.31544912411665105 -0.27521504267861585 -0.33590264800963615 -0.44536282381301223 -0.49451159371215186 -0.6318110110638852 -0.7139799408536714 -0.781526585451972 
0.02854243120561898 0.7408077772675038 0.7726192875252809 0.920348115974938 0.9075520777503278 0.9215444682048817 0.9396450786534919 0.991115533968779 0.9964843518206316 0.9673016189790761 0.9965396500342949 0.9843747668659077 0.9404596768897079 0.7792271797409203 0.8435606926119039 0.7710716323331974 0.7360450864131478 0.6378902455890978 0.5529736337972467 0.4331403983844387 0.37726068333099627 0.1858354529810972 0.17202499143936037 -0.011879175456945421 -0.029920395660254007 -0.18897633378981496 -0.27193339959764656 -0.35803434384523597 -0.41564989778863454 -0.5792101540929104 
0.3619601296341523 0.7403470619487741 0.7403734600411294 0.9267161688282284 0.9076537507086722 0.9684322194815063 0.9388485991467679 0.9909582818381125 0.9966667308539832 0.9168397530858973 0.9913319955799976 0.9876204044631053 0.9398858113837205 0.9196093889043149 0.828883384577123 0.7709578509268937 0.7003525474468165 0.6330030080548991 0.5877614571843182 0.3694926812524731 0.36874926636850736 0.20595604738881373 0.21205788943994658 -0.018932179025000943 -0.01023278654232256 -0.19286697565270552 -0.28399720783244947 -0.3485054203725802 -0.41537750739648865 -0.5792787420494226 
0.05108985207969781 0.9078021499709724 0.995580895742897 0.973952933717297 0.941026411828095 0.9869433469511185 0.9758005080806932 0.9909125584485042 0.9139714175336511 0.88189437006179 0.8954154770032687 0.7913874073999356 0.7795858598085321 0.6724107808837176 0.627530565772958 0.4947178453718347 0.48211755506080456 0.3306864817045145 0.34223663830312184 0.12503865419831506 0.04677183063646258 -0.09698144093716791 -0.19936856599642352 -0.3321937117647186 -0.3833445846926007 -0.5447239725740947 -0.48729884216073793 -0.6578409657448286 -0.7155137930924537 -0.8076295926229549 
0.6947938089012348 0.7398525878659407 0.7254001518600798 0.8331911537359836 0.9094421998940061 0.9765085543080783 0.9388172697870784 0.9910712582676044 0.9997257850402588 0.9702156392702495 0.9966979571489987 0.9636534018345019 0.9410088114002448 0.9174000429445798 0.8806487625019768 0.8379689164890517 0.7362900863387576 0.8104586578382754 0.5916927048045343 0.30130427997814857 0.3688500550994339 0.11450346751577883 0.1539192398296714 -0.017615761056641144 -0.029408564662175094 -0.15550767001351273 -0.28400302423689966 -0.3512836498679402 -0.4076818711385476 -0.576294605288975 
0.3841975128472354 0.8840557902265502 0.9942512304469378 0.9759095788508861 0.9689373060171755 0.9849571334169969 0.9755746309352488 0.9790191789837694 0.9676620929923186 0.8819511798222527 0.956767514629875 0.7914410381426576 0.7662924508226875 0.7039889835642046 0.6218520935257247 0.4947795770356819 0.48106407923268973 0.33085750901206684 0.18936357286995334 0.1250917566634309 0.0821515376056575 -0.09694860783113571 -0.20015790428113323 -0.3343255858683659 -0.38448503892702157 -0.543238794985753 -0.4869945541218836 -0.7117265663704887 -0.714248107779238 -0.8087251571139461 
0.042722027018909425 0.8803594072956309 0.9171205007244221 0.9637316475341414 0.9684663749076632 0.988296992371456 0.9734726180171436 0.9784225877111499 0.9785291549936612 0.90513337299588 0.9215693795793002 0.9273194402550611 0.8347196677109758 0.7285516954518537 0.6249508607158422 0.5695196638461335 0.5013744605720207 0.3842945579791979 0.3434744003258544 0.19513915362109552 0.09606550329688104 -0.019894332340922413 -0.12235545455523104 -0.1709455972252873 -0.25862586670023124 -0.4058312563363728 -0.48149347274319965 -0.6326539768415085 -0.6376719122839082 -0.7801543374269001 
0.03767864824390871 0.7797198378636083 0.8867388968624655 0.9063230836210528 0.968495790963089 0.9724279821773889 0.9324005078568826 0.9979335353284534 0.9946343191526665 0.9666926506838068 0.9618399880346749 0.984360092256597 0.969407204592904 0.7742459088370878 0.8396412312494188 0.6535393608269324 0.5947032896825258 0.3909769696729588 0.4823121003059186 0.28969801469403705 0.2636929193422653 0.13852672195875418 0.03510335943955203 -0.14056950062453877 -0.19215420419791357 -0.3160405512374816 -0.35853390042238553 -0.4565869122432085 -0.5363941578889715 -0.5782594316572407 
0.6951727727207158 0.7398525878659407 0.7728961469502814 0.8332201567413831 0.9075522222176747 0.9192277614966151 0.9388326555726524 0.9910712582676044 0.9962359994062706 0.9832998393171777 0.9909278994394038 0.9767723918522271 0.9403096223279833 0.9169409123722418 0.8328552624042751 0.7783640864685711 0.735604237269361 0.6667660436555835 0.5867349694301613 0.4387392528390296 0.36886196398303905 0.11490672686026426 0.15391944501154814 -0.017615761056641144 -0.029408552528542582 -0.18891862413393162 -0.28400309526941975 -0.3495083488515427 -0.4156783884493293 -0.5763141336651059 
0.7083953478621379 0.8832900736137917 0.8342123097568093 0.9590261273960833 0.9691222817161206 0.9883347922822443 0.9551629480613352 0.9791158079027839 0.9865582171179333 0.9670417428964688 0.9216100978394143 0.8815995818061151 0.8387454268590052 0.7225902269640481 0.625597940181496 0.5685675224359886 0.5013634270755543 0.39352433093904265 0.3522494090887678 0.19512772509555493 0.11689809646002787 -0.022141843524859692 -0.11859215793121596 -0.17237226171835174 -0.26025878368013344 -0.40613406586397943 -0.4806442569058078 -0.6326074940886713 -0.688384696721673 -0.779347583998589 
0.04509842414235499 0.8940782787640098 0.9219346949326468 0.9587050095304267 0.9698277325636493 0.9745638706245903 0.9739122569017348 0.9906300955497593 0.9787114239987835 0.935203088942536 0.9215686499168504 0.9273854420567785 0.7829057316482243 0.7289759162237482 0.6246091950354826 0.570665697931664 0.5135837357663394 0.39294714946413156 0.3434119267927267 0.1981706373257751 0.09607602008486771 -0.019611135233317138 -0.12084167327187648 -0.2843959198394335 -0.26357576737250393 -0.4737046828344216 -0.48176908811895075 -0.6325587537968737 -0.6902994015333703 -0.7796463230870514 
0.714447035536977 0.8933167163459117 0.9935826456467702 0.9917636939165295 0.969447568223086 0.9869774752826312 0.955016325676409 0.9897618096536457 0.9096369837705003 0.9363687132220475 0.9574879940583005 0.8711091148238023 0.7668712591695059 0.7293795258928907 0.6306193322885998 0.520861104761413 0.4821534538261914 0.33069131281558356 0.3632649241735716 0.12519589734306455 0.03360608013021184 -0.06089973696843228 -0.3154107548248553 -0.2752156602647717 -0.3362079230291529 -0.4608058103749068 -0.4877335313320557 -0.6317291466948793 -0.6308871688737643 -0.783291803488655 
0.36782314801853877 0.7385310103384353 0.8059146426611957 0.8313864750944174 0.9488707159174613 0.9731701155560384 0.9592906465076353 0.9932299718883173 0.9963799635772332 0.9694975469749675 0.9603080324048717 0.9613591205325609 0.9368527949767412 0.8413260675971693 0.8288624662756081 0.7653677501736381 0.6828208550153425 0.6250055032911321 0.4522375790783613 0.42957812692534225 0.36154068116792704 0.18785459001344595 0.13758823790127997 -0.018508212789947208 -0.035004879523686555 -0.17316320299803334 -0.2724158234607787 -0.46073754062399636 -0.5361138497162949 -0.5782890810824834 
0.6964131200872297 0.7523250150756602 0.7728422700900669 0.833206745780006 0.9088847371516885 0.9157001672541559 0.9616328016180749 0.9878456169951485 0.9966567354490323 0.9308995273583188 0.9849709718438651 0.9830532167969641 0.933470741068339 0.9084001321226531 0.8499289272122109 0.7852096404614369 0.6999108889419469 0.6309377872543366 0.548906299503031 0.4343421195813346 0.36714269918415676 0.20589843916664208 0.15378818878323716 0.08974205924031443 -0.029232403647322266 -0.18968307737352472 -0.28601074400178783 -0.3498170871442592 -0.4259136129240581 -0.5787472582653383 
0.701125606792775 0.7523074267420644 0.8048936981788638 0.9079043168450591 0.9094816144401626 0.9665278646571893 0.9320174919609754 0.9910601297533822 0.9958244949786976 0.9703009333793914 0.9967611529229367 0.962811427811582 0.9335596960665712 0.8414948720541309 0.8536928942820198 0.7636722135162273 0.7658167728489709 0.5463919353791056 0.4822365871693265 0.43373142947889015 0.2607033724007225 0.14371062756487696 0.13790787459205073 -0.020189032847388107 -0.04904510403772116 -0.20949958284972034 -0.2922049944774663 -0.4763793570024728 -0.5357469537398829 -0.5788567200772547 
0.3817903470008777 0.8928177948831149 0.9952933006908385 0.9895618942600122 0.9692019374451324 0.9907758508885653 0.974605583478788 0.9796891714761925 0.9140629468088141 0.9171473853664813 0.9554588930310396 0.7959045302509067 0.7665787255354642 0.7287886951106344 0.6218002281960031 0.5725066212476231 0.4851485208458877 0.3298665962946519 0.1947901231983017 0.12505936896488903 0.11895945467425659 -0.06802843157177066 -0.14786478658347274 -0.27102996922527733 -0.3895425995101622 -0.4621033549138355 -0.4881863286422765 -0.635126338216863 -0.717034261435772 -0.7834693744441112 
0.3801872307647777 0.893123089708896 0.9956109794591247 0.9632715293676264 0.970192177758838 0.98179690874681 0.9919689632321459 0.9894956133471082 0.9082401945583977 0.9367277643547393 0.8972998677346209 0.8728506178275407 0.7761520597407614 0.729100102879862 0.6271261719022124 0.574662464346176 0.48209631163571975 0.3308562493569055 0.2764481065497457 0.13096421870618868 0.03893463249651529 -0.06028953082159109 -0.14754902681384024 -0.2821248658439171 -0.35155282723115777 -0.45932020935909057 -0.4880693578169704 -0.6292839476951346 -0.638818991986879 -0.7794167402324048 
0.3722524798405197 0.7391433343633816 0.8867388968624655 0.9096407906017815 0.9685972771744282 0.9735022387034736 0.9755669571794287 0.997919793719414 0.9947540421791092 0.9273869748970205 0.9618358883893535 0.984360092256597 0.8404536931977954 0.7763089145524803 0.8375924601142423 0.6527281810381753 0.5900161045468046 0.3971718191835207 0.45265075968453483 0.2826381264999746 0.3002809043869159 0.13907110742631418 0.033274053367980574 -0.14689892211057887 -0.19215420419791357 -0.3168117359719667 -0.35853390042238553 -0.45778779931659275 -0.536363495071733 -0.579322683217556 
0.030394003259044355 0.7400173983145331 0.8068491831685949 0.835455936181158 0.9075503918845592 0.9706965052184225 0.9588867657942058 0.9932420258115451 0.9962600117263393 0.9672845404049313 0.9937096737549009 0.9625855988576808 0.914245290846521 0.7787894442937566 0.8434277193103983 0.7718045404573168 0.6974194736183972 0.6378891092993799 0.5489786058539335 0.4135386443730636 0.3781644051962053 0.18599852285377003 0.13867964405686647 0.20245953959168683 -0.029343610449649574 -0.18903889669888624 -0.2719781755062258 -0.34975808184291 -0.4285934939839619 -0.5792369674686968 
0.033855942739099316 0.7409209252026727 0.8067234636978913 0.8398250025558388 0.9152769191852076 0.9741178346482058 0.9755656804202931 0.9950319534207589 0.9964750180757321 0.9728756395960421 0.9963422254247464 0.9264699236501481 0.8950595499719699 0.8910119718838805 0.8291642225258913 0.7617166505545904 0.6502487585145619 0.6367750003450268 0.4816745900986375 0.43262095086315167 0.30320179299734984 0.11494878612819977 0.13814051211309766 -0.011588939293594544 -0.07731325006222674 -0.18531129125010298 -0.3217053916483178 -0.3606878228045452 -0.535179697628808 -0.5796374172722037 
0.032122240824928094 0.7457542603758667 0.8067180389967286 0.8398250025558388 0.9151918030248858 0.9741175874360103 0.9663423189013485 0.9949938511969155 0.9964900744093852 0.9702980740740057 0.9920454407817335 0.9598599321528699 0.9348567587511378 0.9044130673920562 0.8530410023535276 0.7617166505545904 0.6646161014730604 0.6310326534051413 0.4816789386609015 0.4330357120415669 0.3663774115894052 0.18729055620045096 0.13814051211309766 -0.019920048249669413 -4.5394311630042594E-4 -0.18531129125010298 -0.2878895892963703 -0.4884378886379314 -0.5350847398000761 -0.574082555753063 
0.04849056386619982 0.9036364395385044 0.9869849654701375 0.9778465083330491 0.9711639845318621 0.986879469758828 0.9349954073112843 0.9788009310810186 0.9752071989273058 0.9381858759653556 0.9541545453559176 0.8733513903117124 0.7663155378365274 0.7299515225582753 0.628614581660849 0.5722761649505739 0.4815502272948027 0.33069676374192014 0.34381787128212316 0.12485572989140227 0.12101873990556408 -0.06064990084001106 -0.14802453936503687 -0.2711693745594626 -0.38334844046045813 -0.4607889486049277 -0.49451159371215186 -0.6314245363328734 -0.7182890387958266 -0.7832881410388932 
0.043565937965891616 0.894564348660259 0.8259827256967234 0.959044178421625 0.9684663749076632 0.9816127695880378 0.9490829695165327 0.9784225877111499 0.980883114872652 0.9651197056877272 0.9219937105676911 0.9262253777760232 0.8418022719794475 0.7284925252390904 0.612894654459421 0.5685144422570375 0.5013793511532206 0.3838635087134218 0.3435564497324778 0.19513915362109552 0.09524628496398443 -0.01959285998834668 -0.13239577323412915 -0.1863488205259125 -0.2600115537541771 -0.40613406586397943 -0.48149347274319965 -0.6326061165150021 -0.6331420964798201 -0.7795783730492807 
0.04753212281676032 0.8800689389500396 0.9853224214724438 0.9637328157870141 0.9919473722767465 0.9849003804512023 0.9730660037238855 0.9895325971109085 0.9868389999346424 0.9042793343941765 0.9217185469944624 0.8131358854993749 0.7797752506508308 0.7114443220194344 0.6277322196936869 0.5696505895251615 0.48398115056533814 0.38453084120977893 0.3442750750684876 0.21124560473333592 0.09583683495277048 -0.09489896781654183 -0.12160574269452643 -0.1753749050069098 -0.33717390660750823 -0.4068786544804293 -0.4907439545309986 -0.632656358574683 -0.7157215247578481 -0.7801634962141921 
0.03767864824390871 0.7391204552017806 0.8867388968624655 0.9097854211553016 0.9685153772630662 0.9876250294558219 0.9324005078568826 0.9979335353284534 0.9947540421791092 0.9666592355505967 0.9618399880346749 0.984360092256597 0.8684745582102961 0.7742459088370878 0.8374067237638697 0.6527281810381753 0.5947032896825258 0.4010509509142375 0.4526552190286028 0.2914818540163792 0.2636929193422653 0.13852672195875418 0.03204530798133098 -0.14056950062453877 -0.19215420419791357 -0.3157971958829816 -0.35853390042238553 -0.45817360406095853 -0.5363941578889715 -0.5799019703591944 
0.04651376885275557 0.8832028852656718 0.9177956290468693 0.9759267817047829 0.9710513501152752 0.9849565148512044 0.975868226526601 0.9918709248417463 0.9670592852597019 0.9379354241083911 0.8900616840095187 0.9023477409526943 0.7637870690488575 0.7299248788748843 0.628924140144929 0.5694068672517211 0.480813779042075 0.3339674424756802 0.2819193404202704 0.12503801606371423 0.04620115881060726 -0.01965462609643276 -0.13193272150740606 -0.2748645237974519 -0.3834523290331237 -0.4622062441261021 -0.4874771671490186 -0.6294206712447593 -0.683085724370132 -0.7815724456107416 
0.05038837050495103 0.8931571415931456 0.9926156022885217 0.9758747640334681 0.9680400978137632 0.9849317342015445 0.984416972476597 0.9924194108336902 0.9676018134331192 0.8882587165103777 0.9570402328101014 0.8933407117710437 0.7643487377556047 0.6754405730249196 0.6228233486956783 0.4889414533785322 0.4856408702036281 0.3307901725543941 0.2693741395460981 0.1250916550051799 0.04780689140113578 -0.06969973149277693 -0.19956818467548906 -0.33422089210074923 -0.385438905339621 -0.5425542511407371 -0.5160868999782886 -0.6310672998266778 -0.7181367587759295 -0.8223059207213483 
0.03562239857401717 0.7426142059882641 0.8067180389967286 0.8398250025558388 0.9152002280151608 0.9741175874360103 0.9660911849145062 0.9949938511969155 0.9990271596251642 0.9728756395960421 0.9920454407817335 0.926530144342934 0.9348407788276732 0.8913711922244318 0.8292430537190132 0.7617166505545904 0.6646161014730604 0.5500019719433182 0.48168083520362454 0.4330357120415669 0.3663774115894052 0.17549660590558763 0.13814051211309766 -0.011668063829199295 -0.07776273143454243 -0.18531129125010298 -0.3216130536786245 -0.48348103847369917 -0.535179697628808 -0.5740226502703916 
0.7115314590804032 0.8933208612744445 0.9354253534960867 0.9630873968782642 0.968317553775529 0.989741993023855 0.9746450837641131 0.9911050463685068 0.9929812791772946 0.9486071191294805 0.8973085206080392 0.8725943789370163 0.8369076986681813 0.7290580696350661 0.6295099817724955 0.5656006446811644 0.500590822170151 0.2742629324791625 0.28176920425867 0.1866605684515558 0.11670714996901652 -0.07005105104840534 -0.12072563508696808 -0.17796356594327628 -0.3365909271671811 -0.47428895154048045 -0.4875708260964891 -0.6326421506285338 -0.6841999340924992 -0.7833488572375384 
0.3817903470008777 0.8822293609194131 0.987534192425801 0.9831012331280146 0.9694617258768473 0.9907758508885653 0.9346151576909335 0.9790191789837694 0.9095808925954948 0.9159477973665276 0.9558892738797822 0.8154800480668136 0.7665787255354642 0.7273495263484748 0.6305525008274774 0.5222080319823857 0.48176420239788287 0.3298268641717414 0.19451913580220886 0.12505920568439557 0.03418672652631293 -0.05988314009921832 -0.31546753571818775 -0.2712087186289918 -0.36218916656628525 -0.47600581865008984 -0.4882276319437546 -0.63178652250014 -0.6457418315433835 -0.7834693744441112 
0.028899448184012428 0.6716131016902877 0.7879181778225268 0.8884063521815432 0.9094468109824955 0.8636153684683775 0.9602987222220798 0.9932554134963292 0.9964798498574015 0.9212667533934912 0.9920866661046907 0.9622965162844224 0.8939428461803913 0.9042666798264526 0.8538134566496922 0.785268730995262 0.6979013543934048 0.6376693150306669 0.5450073961887455 0.43899866492990935 0.377922597705342 0.18578634774403216 0.1459529118865534 -0.01657433517778104 -0.006176918651242508 -0.1891107872540747 -0.2837737402130309 -0.3577228812400369 -0.45103330600818275 -0.5543022631540814 
0.03487961778181897 0.7550711205044061 0.8067180595494806 0.8348963605681896 0.9153527343703469 0.9738861359824943 0.9755656804202931 0.9977619963523471 0.9964750540538028 0.9728756395960421 0.9920454407817335 0.9710364922964104 0.9413536328714477 0.8923442270652527 0.8291642225258913 0.7617541187559497 0.6857935520068497 0.546202780179358 0.4816570156059444 0.28662558140814487 0.2701618912842746 0.17549660590558763 0.13814051211309766 -0.011588939293594544 -0.0762123454045069 -0.18568939442353335 -0.3217053916483178 -0.36049829711292397 -0.535179697628808 -0.5740359360922852 
0.04651376885275557 0.8832105161155058 0.9467066043304093 0.9759267817047829 0.9710513501152752 0.9849612491310691 0.975868226526601 0.9798450589811254 0.9727303496449525 0.9376624655768783 0.898022567328992 0.9023477409526943 0.7637870690488575 0.7299248788748843 0.6312324089298929 0.5694068672517211 0.480813779042075 0.3925823798045618 0.2819193404202704 0.12503801606371423 0.04504403568465694 -0.020699917267577493 -0.13193272150740606 -0.2748645237974519 -0.3834523290331237 -0.46055969697288324 -0.48309524567270096 -0.6294206712447593 -0.683085724370132 -0.7815724456107416 
0.713017636279379 0.8809757837665084 0.8970791812706413 0.9846333851982929 0.9694185686497614 0.9870172991609213 0.9752610404742276 0.9918709248417463 0.968853613236646 0.9378333198134385 0.8900468725343099 0.901816206750156 0.7638416118583682 0.7298965966980077 0.5500907201086517 0.5213321073954051 0.48088474000723386 0.33394486543954266 0.28357333576158145 0.1251336464451448 0.04620115881060726 -0.06787400439294358 -0.12354859316631595 -0.2750185570922838 -0.3901051235903299 -0.4622153129933055 -0.4875635135240667 -0.6293279175580372 -0.6823529495432713 -0.7794301733490049 
0.3619601296341523 0.7403470619487741 0.7403734600411294 0.8345170647015532 0.9076537507086722 0.9693249800344764 0.9388485991467679 0.9909562442450819 0.9962786147436229 0.9168397530858973 0.9913171052042969 0.9876204044631053 0.9410125563825148 0.919094573394145 0.828883384577123 0.7709578509268937 0.7003525474468165 0.6330030080548991 0.5877614571843182 0.43781455819662646 0.36752345187861263 0.18738202252838837 0.21205788943994658 -0.018932179025000943 -0.01023278654232256 -0.19258242727710936 -0.28399720783244947 -0.3485054203725802 -0.4153893337401478 -0.5792787420494226 
0.714447035536977 0.8931584597558551 0.9870523354919711 0.9918340985154226 0.9693812043268476 0.9869577488150794 0.9349894393603859 0.9927165599269491 0.9844422654778797 0.9365467802858163 0.9574890728297311 0.8718001139656198 0.7668712591695059 0.7293778669213306 0.6306193322885998 0.520861104761413 0.4821534538261914 0.33060817927583647 0.27861245709915805 0.12505920206746274 0.034691938415978986 -0.06026697666257821 -0.3144059293532722 -0.275223734918408 -0.33430120405760505 -0.4608058103749068 -0.4945480269918337 -0.6315423001786594 -0.630568103285077 -0.7832486087891403 
0.6967924208110831 0.7423729750132715 0.8006940674884839 0.8332633316243658 0.915481133125166 0.9725575777575873 0.9393167044019997 0.9949144715180431 0.9967655555262539 0.9732796885470474 0.970930596160011 0.9888579683370262 0.9409546192663332 0.8920460122054316 0.8323492856259858 0.7857673028295498 0.6623536546244633 0.634968702095073 0.5820077781408168 0.43562472689543 0.3690592393285644 0.21214402231215432 0.1377110182487953 0.083954268658081 -0.030076655765547047 -0.18969449450593687 -0.28510681050533115 -0.3499135056719576 -0.413880458397202 -0.5761689230097274 
0.03487961778181897 0.7550711205044061 0.8104240524957933 0.834847507717702 0.9126645480674366 0.9740298251182327 0.9410284338680351 0.9977573361538983 0.9964749430097612 0.9728756395960421 0.9939121812354333 0.9710364922964104 0.8926256457518168 0.8923442270652527 0.8395077125871078 0.7617541187559497 0.700121397796711 0.546202780179358 0.4816570156059444 0.41584453868393845 0.26586273440516217 0.17546038168408465 0.13743479092947283 -0.011588939293594544 -0.07744531994885884 -0.18568939442353335 -0.32243602643693287 -0.36049829711292397 -0.535179697628808 -0.5740359360922852 
0.03385614125490653 0.7426142059882641 0.8067180595494806 0.8398250025558388 0.9152002280151608 0.9741175874360103 0.9660911849145062 0.9950319534207589 0.9964777062190392 0.9728756395960421 0.9920454407817335 0.926530144342934 0.8954404909363706 0.8923442270652527 0.8291642225258913 0.7617166505545904 0.6646161014730604 0.5468088634790534 0.4816743212402482 0.4328937366426221 0.2701618912842746 0.17549660590558763 0.13814051211309766 -0.011588939293594544 -0.07731325006222674 -0.18531129125010298 -0.3216130536786245 -0.48348103847369917 -0.535179697628808 -0.5740226502703916 
0.051117627295541146 0.9078021499709724 0.9927836646133424 0.9759097047809607 0.941026411828095 0.9849557755916871 0.9752833446500822 0.9918646011008287 0.9139714175336511 0.88189437006179 0.8954154770032687 0.7913874073999356 0.7795858598085321 0.6715580535274694 0.627530565772958 0.4947178453718347 0.4811066504793069 0.333461419860506 0.2718678694409726 0.12498000937596686 0.04820833641574416 -0.09698144093716791 -0.19936856599642352 -0.3323160960780276 -0.3850997351309225 -0.545892891164925 -0.48729884216073793 -0.6578409657448286 -0.7155137930924537 -0.8076295926229549 
0.035420853978784694 0.7730959819383025 0.7690985519705066 0.8348846185400288 0.9088982697684876 0.9175140737343511 0.9326992595248834 0.9928288666376214 0.997420610084342 0.9736074485533829 0.9912778482484197 0.9730232230749482 0.9354140097872368 0.8381613297643176 0.8429389496165514 0.7636645864739404 0.6844778989221935 0.6231342070924045 0.48210577949635147 0.4394300372717776 0.2675586183823097 0.20860511820392935 0.1375738399380969 -0.022874729562373318 -0.08741369085520459 -0.20904071835405882 -0.28596736455195354 -0.4822761116915013 -0.5391279952683762 -0.6455752641002972 
0.048519686496334216 0.903466825349409 0.9878120421277974 0.9768459655610584 0.9711405819381087 0.9869544066674539 0.9927397238822423 0.9901967502001795 0.9675647551400512 0.9381858759653556 0.8959470535228078 0.8694591609878916 0.7664316139706742 0.7299243487216239 0.6286346139548067 0.5699690398748332 0.4856381754721501 0.3307435224236177 0.2763666189632709 0.12942480269040246 0.04864690039977027 -0.06041201233775515 -0.12167363811858005 -0.33558344473780266 -0.38334844046045813 -0.464095722074197 -0.4935964184200506 -0.6318054380520158 -0.6811128586632468 -0.7841730145453529 
0.04353412073595925 0.8955647242016256 0.9217563329865678 0.9590299791674057 0.9684744051613337 0.9745638706245903 0.9734931831095368 0.9900901747720593 0.9808303677335896 0.9648976350400231 0.9215686339574973 0.9274774192128458 0.8418183480933128 0.8416272633636093 0.6245919924563862 0.5685407340681105 0.5136153045942183 0.3842975240994874 0.34347635458126063 0.19509267413785789 0.09606744875767882 -0.01959211197848637 -0.12084167327187648 -0.1898265477340862 -0.2586050026119924 -0.4737046828344216 -0.4814878707857297 -0.6326053089539356 -0.6376871992764155 -0.7796500151494709 
0.3678171556638746 0.7838174223380663 0.8072548805027572 0.832700468451484 0.9082280519796292 0.9731407011647246 0.9592911381316926 0.9932405318721369 0.9974894489387912 0.9687003618382016 0.9968672529981948 0.9593978763085034 0.8954362632555601 0.8641063098710208 0.8395901771798866 0.765178831828304 0.6830904875823531 0.6299291375620673 0.48208158552804303 0.4329705862285356 0.268585498219618 0.18785459001344595 0.1376044423890165 -0.018508212789947208 -0.08573923169214376 -0.18272223363653534 -0.2724158234607787 -0.34581711067865156 -0.5511431059599694 -0.5782752136468631 
0.030394003259044355 0.7400173983145331 0.8072438819130386 0.835455936181158 0.9075521087139362 0.9718785707019584 0.9588867657942058 0.9932420258115451 0.9962593104944297 0.9672845404049313 0.9966510272923257 0.962586876665171 0.9136958786911844 0.7787894442937566 0.8434277193103983 0.7718045404573168 0.734258492433551 0.6378891084429621 0.5489786058539335 0.4339938054200507 0.3781644051962053 0.1859949296427629 0.1724722785075958 -0.016417477839241412 -0.02991809476490665 -0.18903889669888624 -0.2719781755062258 -0.34975808184291 -0.4157453113144254 -0.5792366285740271 
0.3637337015896406 0.6716131016902877 0.7871014873314363 0.8368938198209364 0.9394745137835446 0.8687305652601762 0.9602987222220798 0.9932103581830376 0.9962701911595486 0.9212869036321396 0.9920919260455616 0.9622965162844224 0.9414683586416631 0.9189528884793521 0.8538134566496922 0.785268730995262 0.6979013543934048 0.6376693150306669 0.5865695575682512 0.43899866492990935 0.3676738293638064 0.1857905829578322 0.1459529118865534 -0.03939651429447019 -0.06478598966441426 -0.1891107872540747 -0.25368643699314064 -0.3577228812400369 -0.4506144705983552 -0.5539898061166523 
0.028555468744844048 0.7438199597230469 0.772868841297204 0.8331902315584028 0.907556028183028 0.9207637383695706 0.9393843014447877 0.9910712582676044 0.9966563477630608 0.8881401630418767 0.9939328877590923 0.9843158051654831 0.9410088114002448 0.911601624895901 0.8397204400386378 0.7852096404614369 0.6999065535694251 0.6306200319740864 0.585855115920689 0.41268523733745155 0.3689511205124951 0.18583904619210428 0.13858944788985705 -0.011592961440206245 -0.029150179241739738 -0.18956853585060351 -0.2842667854653355 -0.35803129081739704 -0.4259612303395427 -0.5788781104710021 
0.03112691990859858 0.753661660892225 0.8074014160261451 0.8341738200002071 0.9126954753671175 0.9196417967530048 0.9282480024878764 0.9920189696906923 0.9964131217348491 0.9734467722013217 0.9965815875816948 0.929011373966989 0.9387943010204602 0.9141213448568881 0.8323719731537073 0.7642705130301302 0.6998272159879071 0.640381812996082 0.4816094923555704 0.4389934302265339 0.37250983775026536 0.1194142395274388 0.13818509512442737 -0.018372288385108335 -0.07838799097796059 -0.18911078069296866 -0.2758726775273502 -0.34059526598397055 -0.45348911510965645 -0.5896913526461212 
0.030420903059460574 0.6716131016902877 0.739761807051174 0.8884063521815432 0.9094468109824955 0.8636153684683775 0.9602987222220798 0.9932441047861028 0.9964798498574015 0.9196387986859547 0.9920783602919022 0.9622965162844224 0.8939428461803913 0.9043546297001815 0.8531667723586827 0.785268730995262 0.6979013543934048 0.6310563068830192 0.5450073961887455 0.4451525703124922 0.377922597705342 0.1873530510160328 0.1459529118865534 -0.01654542952712257 -0.006176918651242508 -0.1890473016865305 -0.28551445898344013 -0.35796945034908423 -0.40588394151943513 -0.5544075220062556 
0.043533743499799445 0.8938369089973311 0.9171205007244221 0.9590322443628219 0.9684663749076632 0.9816127695880378 0.9734726180171436 0.9784225877111499 0.980883114872652 0.9651197056877272 0.9215693795793002 0.9274782829536382 0.8418022719794475 0.7284933396155563 0.6249508607158422 0.5685839807079035 0.5013793511532206 0.3842945579791979 0.3434744003258544 0.19513915362109552 0.09606550329688104 -0.019592139929407705 -0.13271715112052235 -0.18679985002585148 -0.25862586670023124 -0.4058312563363728 -0.48149347274319965 -0.6326073378570389 -0.6376719122839082 -0.7801543374269001 
0.377605146227884 0.8830436826149042 0.9464833932313508 0.9631790076699983 0.9684547032949927 0.9881719217270188 0.9345313275313749 0.9791525347023083 0.9728319563145137 0.9667889394677341 0.8980582618507518 0.8790462390249523 0.7836860532316567 0.8094453590163005 0.6312196502099352 0.5713030649999159 0.5010896279386395 0.39346419176314507 0.35228071702441166 0.20133402720469745 0.11652217301970334 0.022229392730137083 -0.11800343606384167 -0.1727085947714319 -0.33465558603013457 -0.4088462416985593 -0.4830524373395755 -0.6326068908852808 -0.6871755445150358 -0.8420593524708851 
0.7115314590804032 0.8925471805761375 0.9362050282617033 0.9588913151206664 0.9653815414769492 0.9820244934843348 0.9474778400654296 0.9925271401305377 0.9165221538682302 0.9676856776975227 0.8942026745591704 0.8724950022049894 0.8480028053837646 0.7274326494220247 0.625534114782058 0.5733038220724853 0.5011661293104455 0.39280696349926353 0.3433204643175681 0.18961249222603402 0.09544362197781658 -0.0693881374829368 -0.11419828936995753 -0.19069995326221256 -0.24917568354817904 -0.3881459378603805 -0.4875494453217176 -0.6316592128868385 -0.6295069018259448 -0.7761642098313375 
0.04849056386619982 0.9036364395385044 0.9956040613365217 0.9777049174632554 0.9711639845318621 0.986879469758828 0.9927218769193206 0.9788009310810186 0.9737926253384778 0.9381858759653556 0.8968060076838528 0.8733537780242351 0.766427835238233 0.7299243487216239 0.628614581660849 0.5722761649505739 0.4821180793984883 0.3306933667854476 0.34381787128212316 0.12503763426959313 0.12101873990556408 -0.06027501381924881 -0.14802453936503687 -0.2711693745594626 -0.38334844046045813 -0.46078227124708926 -0.49451159371215186 -0.6315343642223966 -0.7182890387958266 -0.7832881410388932 
0.3646253018007984 0.740226403078734 0.7403734600411294 0.8345170647015532 0.9097264517800959 0.9213240162658235 0.933550416173537 0.9924691277110584 0.9966666292872526 0.9168397530858973 0.9913319429304898 0.9462369557527242 0.9398745816192907 0.8930622955410895 0.832372704328601 0.7709578509268937 0.7003525474468165 0.6331788595309644 0.5878163085613032 0.43560823320336717 0.36876942326598566 0.20816732938846344 0.13778858167190536 0.0190664851354854 -0.009465603126540047 -0.1928669493020741 -0.28399720783244947 -0.34118825960771887 -0.4153773887121101 -0.5794173720419217 
0.37569237242565656 0.8829735051954688 0.9174870492684613 0.9590353782216183 0.9690771689242046 0.9821228269637847 0.957185800641071 0.9784060535513526 0.98083302051773 0.9383143656370699 0.8978163359592669 0.8758920906839872 0.8450353252679205 0.8072553265222084 0.6312478264055614 0.5711386511620131 0.5010896279386395 0.3932642852525602 0.35225112505536676 0.20126395175284992 0.11614205710225461 0.023165897987453825 -0.1328854856803618 -0.1727085947714319 -0.3347172265839983 -0.40583970034292133 -0.48303224177089005 -0.6325988475943441 -0.6850053562148372 -0.7189292252500759 
0.696916506896586 0.7516887660364074 0.8953444045832513 0.8332642096133879 0.912644272629383 0.9162774507840257 0.9393657998815542 0.9949542058323366 0.9967649596950322 0.9990816637827813 0.9918787012028341 0.9829905668946337 0.9432455933539856 0.8927493997182374 0.8293355018836813 0.7861143301290624 0.739788419658494 0.62430257570733 0.585691993535476 0.4343260404990355 0.36630358483413783 0.2095184137870411 0.13813685793283 0.01734642788483758 -0.030074968752022497 -0.18933208930809647 -0.3232379739285236 -0.3485512537040649 -0.41246169416389655 -0.5761625336825505 
0.029880562137171846 0.6588276665306267 0.7729054271922597 0.8317905058721244 0.9075521087139362 0.9667605334309102 0.9613001156475758 0.9917348205683361 0.9962530791971832 0.9186716633592523 0.9920567635900905 0.9755221496054952 0.9346772428361994 0.892459067396516 0.8296316959218836 0.771685225307469 0.7360217519816242 0.5477326186264562 0.5490983614458017 0.2980206719253126 0.3773359062104705 0.1754724105979242 0.1724299735957323 -0.01761322333119288 -0.02940797890164525 -0.19872235119908263 -0.28400309902581716 -0.3495079049168905 -0.4157453113144254 -0.5737575214263272 
0.7144058434007318 0.9040795037143564 0.988901846935082 0.9775583134134659 0.9680507803633421 0.9869030104016749 0.9743927532525944 0.9791473517699842 0.991600001402245 0.8820180222747543 0.8970599991576536 0.8723560330385729 0.7850050756665371 0.7302175547873584 0.6225621932163622 0.5700276222220111 0.5010433967352957 0.330747682284497 0.28204270008112503 0.18788734954040268 0.1170716051191334 -0.06982063449819738 -0.1556859432941213 -0.2999072492222565 -0.3377453631259587 -0.46745380168207845 -0.48746575711335965 -0.6318126677779174 -0.714237035223845 -0.822099937780107 
0.7144742317303333 0.9011863439353652 0.9869920207505335 0.9918310950664323 0.9694317167008669 0.9869544066674539 0.935150938249061 0.9788009310810186 0.9096369837705003 0.9381858759653556 0.896922436896401 0.8717991326788028 0.7664316139706742 0.7298960665447471 0.6306193322885998 0.5775027734847477 0.4821534538261914 0.3306705078494615 0.3417778041780337 0.12944306987649165 0.12096603962834424 -0.06037182655120396 -0.12273809576449465 -0.2732679991739494 -0.39000123501766437 -0.4608058103749068 -0.49451159371215186 -0.6315422639499637 -0.6811128586632468 -0.7832881410388932 
0.3636755029465927 0.7360501140303765 0.7398524925759384 0.8327253268602905 0.9093745847478059 0.92077385426824 0.9617579675035104 0.9932426401298393 0.996600687527498 0.9885998609028339 0.9913404503163104 0.9266506499311093 0.9409456234052854 0.9104475088960432 0.8293930321196369 0.7640952245657695 0.6615619712273422 0.6316880615374983 0.5861791809999146 0.43719544419714235 0.3689443684399902 0.18829731020039586 0.14402883613349357 0.08963968043519763 -0.010182564074055484 -0.15073540201791835 -0.28478478476158253 -0.34986024895365553 -0.4160594438607946 -0.5762064538063139 
0.3817903470008777 0.9013476689738307 0.987021475503467 0.9698884576402099 0.9145622513946831 0.990727789382093 0.9656905557740475 0.9787799360894917 0.9093416862906692 0.9131404840955469 0.9558892738797822 0.8708840229206711 0.766424898726355 0.705650257348476 0.6306547258603419 0.4886329813523608 0.5034454688576784 0.3298793153586682 0.20188588995432272 0.12505920646733276 0.03560432078714545 -0.06039651044695692 -0.12061737633661083 -0.2709373861370061 -0.3909606797737792 -0.4761644900869397 -0.4882276319437546 -0.6615921139718349 -0.6241901832827018 -0.7832812271166897 
0.051117627295541146 0.8833199608909639 0.9945533006755438 0.9760285856504672 0.9428141684173558 0.9849557755916871 0.9561003093253542 0.9918670498776176 0.9139714175336511 0.88189437006179 0.8954154770032687 0.7935875160045547 0.7650892309628933 0.7295555668496446 0.6275332359232813 0.49464443038896544 0.4811066504793069 0.33322820861804825 0.2765400584962135 0.1265696121352318 0.04820833641574416 -0.09698748911590796 -0.2002363663453725 -0.33233473204152275 -0.38946093721187763 -0.545892891164925 -0.5177519372652509 -0.6578262137707586 -0.7155888460687321 -0.8211306570233287 
0.7009607544227192 0.743629850872503 0.7695465297879686 0.833142225378124 0.9100430308307673 0.9725828078022132 0.9660507507117116 0.9926801961075301 0.9965925409547227 0.9702093112794582 0.9912725401471061 0.927693214445542 0.9411013686106958 0.8912559363594901 0.8396566656549359 0.7833061611969344 0.6672271980913317 0.5470612895201279 0.4818244081235121 0.44313761635995097 0.3685074053356183 0.18923184094459622 0.13607841467667925 -0.025898886795053463 -0.07419699561283175 -0.20929218010621797 -0.28480470797948554 -0.4616739899306058 -0.5350842226315314 -0.5795589576585196 
0.3619601296341523 0.7403470619487741 0.7403734600411294 0.8345170647015532 0.9097264517800959 0.9693784515088061 0.9388485991467679 0.9949226543127296 0.9967460696009042 0.9168397530858973 0.9913319429304898 0.9462369557527242 0.9398745816192907 0.8929620021526095 0.832372704328601 0.7709578509268937 0.7003525474468165 0.632725803596238 0.5878163085613032 0.4356172994906826 0.36876942326598566 0.21139084290926788 0.13780628319029836 0.01729082850721512 -0.009465603126540047 -0.1928669493020741 -0.28399720783244947 -0.3483833607518309 -0.4153773887121101 -0.5794173720419217 
0.37859727302764334 0.8804991353536488 0.9508570957527398 0.9907774701185298 0.9771745077614341 0.9905699641945749 0.9731075614611998 0.9801239729582445 0.9785319633237319 0.8768916330661803 0.897628195423887 0.7905554554594408 0.7800258614023439 0.7289095617069867 0.6133087235055105 0.570665697931664 0.5015980630584006 0.3937162983975056 0.34152406484065395 0.20204130369441875 0.11859080435961258 0.04395935268785513 -0.12202634222136466 -0.17168277739943308 -0.35525297966972463 -0.4069961311636315 -0.49545213625650447 -0.6352213361653941 -0.6622075176410808 -0.71644557381891 
0.37859727302764334 0.8803742431808746 0.985749934610332 0.9898464368356049 0.9770163673558554 0.9879596302479998 0.9737367981217677 0.9790118210717903 0.9785319633237319 0.9755011738867226 0.897628195423887 0.8159498617823449 0.7800131836694585 0.7291188214505635 0.6133087235055105 0.5714275075384714 0.48171478278162333 0.3948014980780011 0.3406516740658212 0.19733913143780463 0.12056710367555859 -0.07232412142480468 -0.12372522477145506 -0.27037747426696984 -0.35384532239553035 -0.4069961311636315 -0.48819600053451656 -0.6351602411466204 -0.6622075176410808 -0.71644557381891 
0.032122240824928094 0.7426142059882641 0.8067180389967286 0.8398250025558388 0.9152002280151608 0.9741175874360103 0.9660911849145062 0.9949938511969155 0.9990202105307251 0.9702980740740057 0.9920454407817335 0.926530144342934 0.9348567587511378 0.8913711922244318 0.8292430537190132 0.7617166505545904 0.6646161014730604 0.5464563220269906 0.4816789386609015 0.4330357120415669 0.3663774115894052 0.17549660590558763 0.13814051211309766 -0.019920048249669413 -0.0777999651900754 -0.18531129125010298 -0.3216130536786245 -0.4834665958534324 -0.5350847398000761 -0.5740226502703916 
0.3787987278325933 0.8832900736137917 0.8342123097568093 0.9588550443466819 0.9681177259591917 0.9883347220501806 0.9549684427620546 0.9791158079027839 0.9865582171179333 0.9670410883909623 0.9216100978394143 0.8815995818061151 0.7762954683591754 0.7225902269640481 0.6257224057124184 0.5685675224359886 0.5013634270755543 0.3935251035602687 0.3522494090887678 0.19512887415091842 0.11585459590586386 -0.022116051757888215 -0.1185422798887173 -0.17168055599739498 -0.26025878368013344 -0.40613406586397943 -0.48063999552265296 -0.6326095280671357 -0.688384696721673 -0.779347583998589 
0.3636755029465927 0.7360501140303765 0.8026868225100989 0.8327253268602905 0.9100923011798806 0.9207890826107464 0.9617579675035104 0.9931179068491864 0.9966563596566775 0.9765276119107468 0.9913107747466632 0.9815615541557448 0.9409461064145073 0.9101707027305097 0.8293930321196369 0.7640952245657695 0.6615619712273422 0.6309422131337257 0.5823042694243382 0.42912346841021665 0.3689443684399902 0.1883678314173993 0.13743363070935366 -0.010443342054695236 -0.028104058131797966 -0.18969343038485123 -0.28478478476158253 -0.34982565527414583 -0.4226340956915769 -0.5762064538063139 
0.3663270124400534 0.7928099965615705 0.8062956221082637 0.8397768445539114 0.9151305483873339 0.9720015072658413 0.9302669057031003 0.9934948465251261 0.9964813113251236 0.9734205278077656 0.9924481136214486 0.9266707707861346 0.8954387249887792 0.8924348737987285 0.8320812992087055 0.762052949635309 0.6645632310937213 0.6662931444341107 0.4816830875469095 0.43075798497647 0.3661879973214911 0.21098696925623373 0.13821404661374587 0.01599802388477898 -0.0038444593117403433 -0.1852799695867938 -0.32175848954317327 -0.35792011188242 -0.48566048943385653 -0.5761725224479693 
0.36281676480070124 0.7515617410090172 0.7680119949436001 0.8331653311436926 0.9075178852254083 0.9194983602106842 0.9396902972781116 0.9590167840684344 0.9971796027207531 0.9803868002457952 0.9918831671191186 0.9378070006505709 0.9402430245312056 0.9118860980582862 0.829742784803773 0.7631271716558969 0.6831274130766932 0.6250070888976138 0.5842389638353009 0.435676739360943 0.36749724212711105 0.18371647345752157 0.1522861768161388 -0.018966958673147995 -0.028110486236663308 -0.18932948317022316 -0.28402397438893484 -0.3496752663010753 -0.41420005021121736 -0.5757331394309412 
0.04747485041937194 0.9011863439353652 0.9869920207505335 0.994499411031277 0.9694317167008669 0.9869619765329934 0.9493801466979421 0.9782494476629628 0.9097320867427896 0.9381897821173201 0.8793689073027675 0.8717991326788028 0.7664209072010939 0.7071079342632126 0.6306193322885998 0.5775027734847477 0.4821534538261914 0.33258990771262686 0.3417778041780337 0.12944306987649165 0.0742199423998646 -0.06037182655120396 -0.12124618669096739 -0.27338941498097236 -0.3900047596195793 -0.4608058103749068 -0.4826157074714189 -0.6315422639499637 -0.6811128586632468 -0.7844342069796258 
0.7009406076316168 0.7522170602835916 0.8290001852697533 0.8331421169498479 0.9088739358435722 0.9665588458211998 0.9360172482558669 0.9925801401089531 0.9965929286406942 0.970270733799394 0.9960367006587566 0.9284094011688432 0.9336252123040363 0.8912559363594901 0.8497900975672666 0.7833010250386366 0.664828411123576 0.5464420806408737 0.4818244081235121 0.4431304561685647 0.29948654314535755 0.20672647473418304 0.04757749102901848 -0.019883245815753094 -0.07652336438662452 -0.20962201913475886 -0.28603284291691605 -0.4704910970124097 -0.5350842226315314 -0.5795681707322102 
0.031209312918132465 0.7438199597230469 0.772868841297204 0.8331902315584028 0.9129330411551698 0.9207637513555865 0.9393843014447877 0.9877733814604623 0.9966563477630608 0.9048170146273932 0.9939708019285027 0.9833125169493261 0.9410088114002448 0.913168782986221 0.8397204400386378 0.7852096404614369 0.6999079867774476 0.6306200319740864 0.5854598854112824 0.41268523733745155 0.36904686254484215 0.18583985988064394 0.13858944788985705 -0.00903600280813635 -0.029150179241739738 -0.11538311879410268 -0.2842667854653355 -0.35800440864398864 -0.42596287899365065 -0.5787414345056522 
0.37859727302764334 0.8809116533589845 0.9467476280384376 0.9635519178493713 0.9681297207163251 0.988374290431235 0.9495222280364438 0.978497493380148 0.9785231700237651 0.9483159633070892 0.8944299893857302 0.8790444428364824 0.7739744347027822 0.7285508948440486 0.6134234045861338 0.569449952619507 0.5010751195123125 0.3935251257908924 0.34152406484065395 0.19516539866275526 0.09603033596633606 -0.019881167372595977 -0.12202634222136466 -0.17165618195528698 -0.259980249514308 -0.4066368156118427 -0.4805599374560966 -0.6326527303839868 -0.6331551266549085 -0.7795776084222049 
0.02854243120561898 0.7408077772675038 0.772224588780837 0.8334928241151038 0.9075503609209506 0.9203624028301262 0.9396450786534919 0.991115533968779 0.996485053052541 0.9673016189790761 0.993598296496871 0.9843734890604195 0.9410090890450444 0.7792271797409203 0.8435606926119039 0.7710716323331974 0.6992060675979941 0.6378902464455156 0.5529736337972467 0.41268523733745155 0.37726068333099627 0.18583904619210428 0.13823235698863104 -0.011879175456945421 -0.02934591134499693 -0.18897633378981496 -0.27193339959764656 -0.35803434384523597 -0.428498080458171 -0.5792104929875802 
0.05038837050495103 0.8931571415931456 0.9925905352218096 0.9761582327796902 0.9409940739305371 0.9909907967433033 0.9847308657619643 0.991863031742544 0.9125575933649871 0.8872795589436903 0.9605602647719771 0.7897382883245604 0.7654838334784387 0.7299040948132981 0.6248360042970605 0.4924910706032131 0.4849747849935437 0.3027793183082468 0.27651244244701145 0.12658461447523617 0.048193507575115986 -0.09550221428735767 -0.13493526063937994 -0.33234052419637916 -0.3853568843376702 -0.5427987987613603 -0.5160235960514742 -0.6533497026205598 -0.7181367587759295 -0.8236950983386552 
0.3722524798405197 0.7945643700545485 0.8922379699399756 0.9096407906017815 0.9685972771744282 0.9876250294558219 0.9432303980450856 0.9979335353284534 0.9947540421791092 0.92741837903583 0.9613699190065031 0.857750619698749 0.8404536931977954 0.8585427508174771 0.8374082411588193 0.6483361073254856 0.5900161045468046 0.39866942642529957 0.45265075968453483 0.29147519186302895 0.07105530099523358 0.13852909143947448 0.032137276930094515 -0.14064567647408668 -0.19215420419791357 -0.3168117359719667 -0.3586468693050193 -0.45817360406095853 -0.5337129892785668 -0.6508637818269369 
0.7144742317303333 0.9007912827345086 0.9869920207505335 0.9918310950664323 0.9694317167008669 0.9868754661462436 0.935150938249061 0.9788217186096884 0.9096369837705003 0.9381858759653556 0.896922436896401 0.8717991326788028 0.7664316139706742 0.7298960665447471 0.6306193322885998 0.5775027734847477 0.4821534538261914 0.3306705078494615 0.3417720909577535 0.10959665356093581 0.041568651476590925 -0.06037181963896375 -0.12273809576449465 -0.2732679991739494 -0.39000123501766437 -0.4608058103749068 -0.4946442010180327 -0.6326121939351471 -0.758567784694703 -0.7832881410388932 
0.6967924208110831 0.7423743647828565 0.7720133773210877 0.8330720679221317 0.9150273470883575 0.9725575777575873 0.9656233149138604 0.9949428463312919 0.9967655555262539 0.9729616049547104 0.992521481946133 0.9266935204094756 0.9415027953575552 0.892372269428151 0.8291768716158262 0.7860707503072931 0.699515393156137 0.6349064413204542 0.5491428489679234 0.4356074300522067 0.37746848476906425 0.21527649314557756 0.1377110182487953 -0.01835988950231792 -0.03018027690869246 -0.1892778982264937 -0.2844298121004643 -0.3499584756529319 -0.4212209087012595 -0.5775793678990392 
0.37569237242565656 0.8939840822453422 0.9464833932313508 0.9630488017761033 0.9690909513896936 0.9881719217270188 0.9576163363381095 0.9778877456591321 0.9817262954238943 0.9389404388029646 0.9703298560663577 0.8790462390249523 0.7841234060281329 0.8072553265222084 0.6312196502099352 0.5712405664690884 0.5010896279386395 0.39346419176314507 0.35225112505536676 0.20126395175284992 0.12065129269376057 -0.019022779537376338 -0.11798545006691982 -0.1729172603414712 -0.25753713013838475 -0.4068545667621656 -0.48301249265354385 -0.6325986294417139 -0.6844711435181758 -0.7793740739852533 
0.3717718667971886 0.7528642820647938 0.8867388968624655 0.9096407906017815 0.9685972771744282 0.9735022387034736 0.9755669571794287 0.9925547469390822 0.994737331062958 0.9737345016279734 0.9621329311848841 0.9256500456879884 0.9332950090203114 0.7783403912643121 0.8375924601142423 0.6527281810381753 0.5900161045468046 0.3971718191835207 0.48109616122108895 0.2826381264999746 0.3002809043869159 0.13907110742631418 0.047485382339345183 -0.14711987273696753 -0.1917730044885906 -0.3168702416740818 -0.2897800222444478 -0.45778779931659275 -0.536363495071733 -0.5793271477717905 
0.7115314590804032 0.8933208612744445 0.9353829971098839 0.9626261266447661 0.968317553775529 0.989741993023855 0.9739108481731982 0.9911050463685068 0.9929812791772946 0.949728344556097 0.8986572219946322 0.873194490790415 0.8369076986681813 0.7290585820616448 0.6242558728616964 0.5704124324346616 0.500590822170151 0.4073730196220296 0.28168015661991336 0.1866605684515558 0.11670714996901652 -0.019387508097299836 -0.12072780947589594 -0.17695355113321784 -0.3365909271671811 -0.47428909570408223 -0.4816417522781739 -0.6325579940537875 -0.6903504460577241 -0.7833488572375384 
0.03121208826923977 0.7365265797722219 0.7745528276518134 0.8331902315584028 0.9126696958725353 0.9210116493999444 0.9393843014447877 0.9912478314700185 0.9966563477630608 0.9332001136917414 0.9942545098523646 0.9842670157597568 0.8780717768288737 0.8600602028841626 0.8397204400386378 0.7647898032357952 0.700173565139728 0.6309426918588026 0.5825456688208309 0.4125847009051351 0.3689894949324896 0.18781179148003452 0.137551410743356 -0.011592961440206245 -0.02895343635970322 -0.18956853585060351 -0.2842667854653355 -0.3582145331994002 -0.4094587420382815 -0.5769442896835664 
0.7115314590804032 0.8933494255539174 0.939760583762058 0.9630609091291477 0.968317553775529 0.989741993023855 0.9746450837641131 0.9906237856858005 0.9926621459642073 0.9486071191294805 0.8973085206080392 0.8725943789370163 0.8381889521811339 0.7290230893441583 0.6295099817724955 0.5655135844597952 0.5136819559289751 0.2742629324791625 0.28176920425867 0.1866605684515558 0.11670714996901652 -0.01999357920158512 -0.12072563508696808 -0.17796356594327628 -0.3365909271671811 -0.426574457992625 -0.4883195671006477 -0.6325938686688954 -0.6841999340924992 -0.7834152390669008 
0.6992513514584013 0.7364432078110053 0.7727140737263978 0.8331902315584028 0.9071410081917224 0.9207652798874096 0.9642289223673554 0.9912108994543736 0.9966563477630608 0.934308383142642 0.9920145839994999 0.922155560107357 0.9416255634420041 0.8601336430676926 0.8397204400386378 0.7852096404614369 0.6991457473675966 0.6306799148297564 0.5851961847866083 0.4345832715712557 0.36612639737718417 0.18828050994818338 0.13733875819617708 0.01845865443432871 -0.02786703447990617 -0.18928179571383727 -0.322397948888528 -0.3498259108926579 -0.42605220338918315 -0.5788791870297264 
0.36281676480070124 0.7488635573231348 0.7680119949436001 0.8331653311436926 0.9075178852254083 0.866712189333018 0.9396902972781116 0.9590167840684344 0.9971796027207531 0.9354417864363255 0.9918844990230312 0.937837260941287 0.9402430245312056 0.9118860980582862 0.8537734273330274 0.7613726316144088 0.6831274130766932 0.6250070888976138 0.584536475376961 0.4364005207344634 0.36749724212711105 0.18371647345752157 0.1522861768161388 -0.018966958673147995 -0.027714868402650517 -0.18904286148865648 -0.28403246439512797 -0.3496752663010753 -0.41420005021121736 -0.5757331394309412 
0.3663270124400534 0.7886609752783618 0.8063080167861586 0.8398509158303573 0.9104567769137403 0.9720015072658413 0.9302669057031003 0.9934948465251261 0.9965519103507096 0.9734205278077656 0.9924481136214486 0.9266707707861346 0.8942757767605021 0.9273503886379713 0.8331310586879948 0.762052949635309 0.6645632310937213 0.5464063984010853 0.4816830875469095 0.43075798497647 0.3661879973214911 0.21098696925623373 0.13821371818805467 -0.016622274676124447 -0.04916542168546799 -0.1852799695867938 -0.32175848954317327 -0.35792011188242 -0.5355619794608768 -0.6530734024140702 
0.701125606792775 0.7523074267420644 0.8067469639508849 0.8369606543383368 0.9094816144401626 0.9665278646571893 0.9312041435607094 0.9910601297533822 0.9964883039854011 0.9703009333793914 0.9967611529229367 0.962811427811582 0.9335596960665712 0.8938581311471135 0.8536928942820198 0.7636722135162273 0.7658167728489709 0.5463919353791056 0.4822365871693265 0.43373142947889015 0.27007270979430154 0.14371062756487696 0.13790787459205073 -0.020189032847388107 -0.048928122264852006 -0.20949958284972034 -0.2922049944774663 -0.4763793570024728 -0.5357469537398829 -0.5788567200772547 
0.04753212281676032 0.8931575262252639 0.9853224214724438 0.964352899816555 0.9920322053573213 0.9849236377782044 0.9570299602309968 0.9895325971109085 0.9868389999346424 0.8861799915488655 0.9707427873054176 0.8131358854993749 0.7797752506508308 0.7113590942342175 0.6277322196936869 0.5747168463629118 0.48398115056533814 0.33391341084346365 0.27892409542867364 0.12519449619125983 0.11886013129741341 -0.060947255302311334 -0.15511247213048857 -0.3342344076280774 -0.33717390660750823 -0.4585958294648004 -0.4907439545309986 -0.633204897377078 -0.7152032618947418 -0.7815560466070737 
0.05038837050495103 0.8931571415931456 0.9925905352218096 0.9759097010359576 0.9409940739305371 0.9849403034289798 0.9847308657619643 0.990276484069695 0.9676018134331192 0.8882587165103777 0.9569888595771066 0.7913772748130903 0.7794013258738204 0.7299040948132981 0.6248793288685482 0.4924910706032131 0.4856408702036281 0.330743391477057 0.27651244244701145 0.1250916550051799 0.04780689140113578 -0.09714964668743632 -0.19956818467548906 -0.33422089210074923 -0.3851782563811798 -0.5426256245342398 -0.5160235960514742 -0.6318008903673633 -0.7181367587759295 -0.8075641631305649 
0.37574158376357747 0.9239155274074383 0.8361541479437233 0.9587507020763537 0.9691075455754764 0.9872631518355188 0.9572364075039905 0.9784225877111499 0.986393842555894 0.9385471965940133 0.9224444227869608 0.7895963801866529 0.8399223432914804 0.8073033213009596 0.6249291950991771 0.5639082950839613 0.5010476637822731 0.3934263634569186 0.3434732739851528 0.19568033966339288 0.11799988318771779 -0.017317685983340367 -0.11820942689087105 -0.17278338803626467 -0.33318543698348396 -0.4068660971354596 -0.4815439045732483 -0.629341912315395 -0.6372610835560626 -0.7179305201009744 
0.6992513514584013 0.7364707248338818 0.8028160645215885 0.8331902315584028 0.9075947942285308 0.9207652798874096 0.9379223118554959 0.991182835860658 0.9966563477630608 0.934308383142642 0.9710610514851231 0.9843236576587898 0.9409487012828575 0.8598073858449732 0.8397204400386378 0.7852096404614369 0.6619853399524872 0.6306799148297564 0.582000284579818 0.434600568414479 0.3689443670043715 0.1883252137327839 0.13733875819617708 0.0862313616487842 -0.02786703447990617 -0.18969350383593006 -0.2842667854653355 -0.3498259108926579 -0.42595180019124373 -0.5788791870297264 
0.3653197058307383 0.7514398252570889 0.8074067692348519 0.8327198035214027 0.9173062180428236 0.9165455542954345 0.9326672872520336 0.9934098586298057 0.9697382650858211 0.9371958660502967 0.9973919867830119 0.9777328023201927 0.89368542088095 0.8923223407400774 0.8322372929365475 0.7622470910458986 0.6828463095893172 0.6653195697082674 0.48291948734501366 0.4341392383067679 0.366155682354376 0.20898097549930186 0.13742212461562234 -0.02140667659760561 -0.011412606620436694 -0.17933435519443922 -0.2855090880465773 -0.3420335685948906 -0.42851782604595373 -0.5761576349186998 
0.3722524798405197 0.7391209504106552 0.8867388968624655 0.9096407906017815 0.9685972771744282 0.9876250294558219 0.9608356817062963 0.9979335353284534 0.9947540421791092 0.9273869748970205 0.9618358883893535 0.984360092256597 0.8404536931977954 0.7763089145524803 0.8374082411588193 0.6527281810381753 0.5900161045468046 0.3971718191835207 0.45265075968453483 0.2914818540163792 0.07839783492774519 0.13852909143947448 0.032137276930094515 -0.14056950062453877 -0.19215420419791357 -0.3168117359719667 -0.35853390042238553 -0.45817360406095853 -0.5363938711651708 -0.579322683217556 
0.6986571273460302 0.7385310103384353 0.7726213860139146 0.8313864750944174 0.9487521973147871 0.9138007516171143 0.9394205216221052 0.9932299718883173 0.9963799635772332 0.9694975469749675 0.9603080324048717 0.9600991315247888 0.9368527949767412 0.8413260675971693 0.83949070699693 0.7653677501736381 0.6828208550153425 0.6250055032911321 0.45356900478308654 0.3809585732301948 0.36163295537507245 0.18785459001344595 0.13758823790127997 -0.018508212789947208 -0.035004879523686555 -0.17306286959332987 -0.2724158234607787 -0.4630433458121331 -0.5361138497162949 -0.5782890810824834 
0.7144058434007318 0.9040795037143564 0.9889039230281025 0.9765899149084736 0.9680507803633421 0.9869030104016749 0.9748588777884926 0.9923818284579435 0.9171207957381154 0.8820180222747543 0.8981177985369775 0.8723560330385729 0.7850050756665371 0.7302249249320133 0.6226479486333516 0.5700276222220111 0.5010433967352957 0.3307474080084005 0.28204270008112503 0.18788734954040268 0.11670350819130354 -0.06982063449819738 -0.14638562372980285 -0.2999072492222565 -0.3901360572952812 -0.4672012051570427 -0.48755416975448806 -0.6310542623474125 -0.6810742497420402 -0.822099937780107 
0.37574158376357747 0.9234434968574596 0.9373658846263816 0.9587507020763537 0.9680367711590256 0.9872631518355188 0.9572364075039905 0.9784225877111499 0.986393842555894 0.9385471965940133 0.9222549043136161 0.7895963801866529 0.8399223432914804 0.8073033213009596 0.6249291950991771 0.5639082950839613 0.5010476395703813 0.39344781582542054 0.3434732739851528 0.1876961608552444 0.1166859629835966 -0.01609850800540413 -0.11817132914236463 -0.17278338803626467 -0.33318543698348396 -0.4070231062142769 -0.4815439045732483 -0.629341912315395 -0.6369846795967707 -0.6510392964645298 
0.7115278202452172 0.8937853507074723 0.9395748029654556 0.9587670616472445 0.9684906836431666 0.9873088436175314 0.973446904624748 0.9917335517388617 0.9815429400230696 0.9659281845153262 0.9218109186601846 0.8650187549405209 0.7846118101241547 0.7299105212838062 0.624919909993445 0.5731390317837589 0.49964389971300466 0.3933905457098193 0.2762907948579837 0.19872639238106807 0.11806944496022094 -0.02136395529501843 -0.11798512038658363 -0.12532091762960568 -0.3346849904984503 -0.426071246503944 -0.5151217757787404 -0.6344750355679111 -0.6380189978245913 -0.7794006070395972 
0.03121208826923977 0.7363726593893808 0.7745528276518134 0.8331902315584028 0.9126696958725353 0.9159465367666907 0.9393843014447877 0.987910612604509 0.9966563477630608 0.9332001136917414 0.9939328877590923 0.9821983030982671 0.8927093840318061 0.8600602028841626 0.8397204400386378 0.7647898032357952 0.700177938313465 0.6309426918588026 0.5823160830603095 0.4125847009051351 0.36716646404632025 0.18781179148003452 0.13742015451504505 -0.011592961440206245 -0.02893087739587094 -0.18956853585060351 -0.2842667854653355 -0.3582145331994002 -0.4094587420382815 -0.5769442896835664 
