0.8733197379431282 -0.8268651107896503 -0.692988738138444 -0.9043300596196141 -0.8741345394237967 -0.9915318002760692 -0.9350350276320593 -0.9827170670644827 -0.9686535321080869 -0.9678530475255046 -0.9107102835651906 -0.9118686454961575 -0.8599086367535721 -0.7769513790693711 -0.9508212541969617 -0.6712330755490473 -0.7160939030491081 -0.5147519812036087 -0.514378404126201 -0.3044313574956828 -0.4922623895540831 -0.11083223938010857 0.05271246097598364 0.10610483741177139 0.04984657946154147 0.33193305221822605 0.15382505182683548 0.5299118432596109 0.511091020476997 0.6960411104894374 
0.1726117094852759 -0.32652429031901603 -0.42486418905667833 -0.7971718872921272 -0.6345912782469827 -0.854669008944934 -0.727587439236302 -0.843494006220875 -0.9928914720010746 -0.9958029093619137 -0.9548979929986852 -0.9113923495694217 -0.9858738992301812 -0.8487536402410162 -0.926277036526788 -0.8547156162578188 -0.9748648388374914 -0.9598106626056444 -0.8146620284969276 -0.4807701611772385 -0.739248554371309 -0.5070882606969134 -0.5591567198564042 -0.01144769393296954 -0.3696375327723547 -0.02825247526927704 -0.2156933448157022 0.3446807807346776 0.010932702423543416 0.5189422946010664 
0.5188258089573381 -0.7118049466712789 -0.6763304021081242 -0.9203409668950262 -0.7786784718665437 -0.9775167068159144 -0.8837136864645607 -0.9860096487591303 -0.9336720918606004 -0.9584715121972088 -0.9840621051015205 -0.9722088547592718 -0.9850674948398255 -0.769189212516395 -0.9000554361729808 -0.8762771082651498 -0.8535723486831291 -0.7763170522811772 -0.6968264151991821 -0.5097322930804861 -0.528664258417888 -0.06118899140795145 -0.37817369340022405 0.204797003361641 -0.13747273031719173 0.15731971773705566 0.056763499089842365 0.334624045653826 0.2857652492733147 0.6548289064756472 
0.20900741190467895 -0.8537728192521661 -0.7616226843894434 -0.9382981296621108 -0.8958586189477564 -0.9807085769682417 -0.9343770117826522 -0.9795870220301861 -0.9685207196407867 -0.9437338461087459 -0.9506687299718976 -0.8802355354093573 -0.7487747513837089 -0.7574932069727834 -0.786345904652791 -0.6500259333428723 -0.720420799110028 -0.48414463815690145 -0.5266753504275209 -0.2963754641072929 -0.2899592781234215 -0.04636177633460331 -0.01913352141040904 0.15396257706488994 0.05930136528161354 0.3628066202959173 0.25440779089996496 0.5367029934141457 0.4792871087881553 0.7277666835891927 
0.5411349388446514 -0.8539455396194563 -0.7058917617700569 -0.9205973150571234 -0.873173625543859 -0.9805046951334702 -0.878375028040598 -0.9857673325952382 -0.924774899826194 -0.9695469066453826 -0.9193546711250117 -0.8799488629453909 -0.8931115060372316 -0.7762207586455624 -0.786221378009761 -0.6493538634887388 -0.7202423684885808 -0.4839807607053139 -0.5248032744411951 -0.29670416219708734 -0.2801982151721433 -0.046695105191191126 -0.02057325677460753 0.1928666549028174 0.049927271329611896 0.3329193628728267 0.42919230075645504 0.5377038103093539 0.3738536489648627 0.6948207388858063 
0.840377556148123 -0.3079854528359155 -0.42015066830749104 -0.9141714188546843 -0.6346331107217333 -0.8554948261382307 -0.7159093413925951 -0.9788722018055386 -0.9379962333171736 -0.9599534167687661 -0.9890848242360839 -0.9150602909703686 -0.9858739229771148 -0.9081278460400038 -0.9234004792454795 -0.9967331393567399 -0.8922487601626945 -0.8156802832819736 -0.8146683461436134 -0.4808634597850361 -0.7399733187051379 -0.5221948454502751 -0.4967571161264185 -0.18856637579063046 -0.36958380238318084 -0.022586502567846542 -0.2156860980089863 0.1046121053958259 -0.030522671839330783 0.6218166420229391 
0.5188258089573381 -0.7124176405467786 -0.6763304021081242 -0.8402850307827341 -0.7786784718665437 -0.97742330647798 -0.8837136864645607 -0.9680561043845479 -0.9335547768462753 -0.9585378092567413 -0.9840621051015205 -0.9722088547592718 -0.9850674948398255 -0.9139141410506065 -0.9000554361729808 -0.8762771082651498 -0.8553197746677609 -0.7763170522811772 -0.6968264151991821 -0.5097322930804861 -0.528664258417888 -0.3289078330746469 -0.37817369340022405 -0.037142915996465756 -0.13747273031719173 0.15731971773705566 0.056763499089842365 0.334624045653826 0.2857652492733147 0.42759585024584224 
0.1726117094852759 -0.3257930587262501 -0.41947499030629093 -0.7975989145075831 -0.6346533940187742 -0.8555890153747879 -0.7154175481229511 -0.8451762120791932 -0.9936629505717436 -0.960965034795936 -0.9534670696689839 -0.9130738596695943 -0.9858738992301812 -0.9110129858360477 -0.9263255530126981 -0.9937192345066145 -0.9039679829205719 -0.8162906539532607 -0.8083767350767939 -0.48058140207665645 -0.7347637038146162 -0.5226740390948583 -0.5591288191595039 -0.01144769393296954 -0.36958565794194365 -0.028310234989712045 -0.2152307893611188 0.12103232067125286 -0.030524839511438476 0.5195527443251675 
0.8404333687071734 -0.3064165509814359 -0.4199779158335629 -0.5356380755239634 -0.6229846504327795 -0.8621201178422456 -0.9198175067423114 -0.8405431554295831 -0.998138530153761 -0.9599534167687661 -0.9890677732637551 -0.9725111654534847 -0.9849873879442549 -0.9094166908926876 -0.9250084617033656 -0.9840788715916532 -0.8908149347663983 -0.8156862816564797 -0.6873004955004045 -0.48086501320934066 -0.731994196054257 -0.5210606107481544 -0.4815695699758663 -0.18856637579063046 -0.36958380238318084 -0.022586502567846542 -0.21039545394233972 0.11711946806682438 -0.05760053684097058 0.6198579336321407 
0.8534058855684696 -0.6849198228869378 -0.6034783135708892 -0.836931922192204 -0.7786972633167482 -0.9471269299600491 -0.8837136803365184 -0.9311524880487583 -0.9846869915943846 -0.9593653944260037 -0.9815946174787021 -0.9083919713431113 -0.9850602687749797 -0.9833260219556251 -0.899897063221998 -0.8763948715248329 -0.8478578091163574 -0.6728690597469381 -0.6971871741524931 -0.4711236775944337 -0.5278723978672176 -0.29399193853274225 -0.34854443621633324 -0.037732592112322466 -0.1382432621547274 -0.027553969350652657 0.060662397912019876 0.33025535264838346 0.2881195199957502 0.5747487856717589 
0.1767569064475254 -0.31098423096189287 -0.4247824457640281 -0.7971936719699888 -0.6219073211546918 -0.8410584034262272 -0.8815063403431903 -0.971041796948342 -0.9373300184069236 -0.9602727060978051 -0.9891003312994119 -0.9695914604105729 -0.98590170341791 -0.8485752914798796 -0.9240956268241837 -0.9853920185699476 -0.9663892967183619 -0.9612600906006656 -0.8146637841240209 -0.48060518011690595 -0.7400524396398599 -0.49610625492392935 -0.508198540329844 -0.37997716648610635 -0.3733649304557905 -0.06763375149535923 -0.21571868922092746 0.12473773537903696 -0.030589027504942662 0.6186809928612784 
0.17439506961645826 -0.310875223106173 -0.47406915445114295 -0.797175801083811 -0.6264861227001283 -0.8531927165453541 -0.8832384193203318 -0.958535608955646 -0.9332146764386419 -0.9599507594750879 -0.9550318108921277 -0.9122566023592942 -0.9856969642881392 -0.8528348760447468 -0.923391026141153 -0.9959529166043809 -0.8918323358529945 -0.7515751737497945 -0.814663782333533 -0.4807692818219843 -0.7392464895141219 -0.5643925356103324 -0.5640268176156462 -0.2862945360347403 -0.3695196863396211 -0.02231263849346462 -0.21569608345397814 0.10853801764798546 0.05220068957520799 0.5194336718430069 
0.18608932871576936 -0.6754931411290875 -0.6058344147326449 -0.8343783316609582 -0.7777149565399295 -0.9470802293320714 -0.88410898835826 -0.8986095453002728 -0.9582797821573147 -0.9714576337289975 -0.9818544494768585 -0.9832373663812031 -0.9854453300550633 -0.9885426188706739 -0.8992741811664258 -0.8824720553693497 -0.8555421204411647 -0.6989888051165115 -0.6732629914484766 -0.4711121324119253 -0.5285314634481599 -0.29546583112550046 -0.34852156780109583 -0.04210713078760528 -0.13748209175202034 0.15297455756902367 0.060664020846895296 0.10783344534970256 0.2825140406716638 0.5182958124644472 
0.8733753749305585 -0.7970423806161417 -0.705980042458107 -0.9201636423354279 -0.8744381820818108 -0.9671036451887868 -0.8641864337453622 -0.968147572800356 -0.9838658701768829 -0.9694334925881669 -0.9099625406041072 -0.9007218478545782 -0.7729253917685776 -0.826476557476017 -0.7706468026958972 -0.6649448793621033 -0.7182694616942178 -0.4789398832592784 -0.5266581448551902 -0.29557793130499815 -0.2776625785481688 -0.11093736798549603 0.18436076132346355 0.10577334691769608 0.05022132948525089 0.3311139450595105 0.25933658413996297 0.5370132505320804 0.5370958175259111 0.6990525174017271 
0.840377556148123 -0.3079854528359155 -0.42014977216847277 -0.5345805371862538 -0.6346331107217333 -0.8548689668603559 -0.7159093413925951 -0.9788722018055386 -0.9367023081115451 -0.9602411484486393 -0.9890848242360839 -0.9150740320932547 -0.9858739229771148 -0.9081278460400038 -0.8996770049562204 -0.9930721468479321 -0.8922487601626945 -0.8156802832819736 -0.882063994654259 -0.4805856264459274 -0.7399733187051379 -0.5221948454502751 -0.5029302271335503 -0.18856637579063046 -0.36958380238318084 -0.022586502567846542 -0.2156860980089863 0.10461213127320394 -0.02705047832615659 0.6209295062042763 
0.840377556148123 -0.30824809971420786 -0.4254635192044798 -0.5345805371862538 -0.6346330090393011 -0.8548564440577747 -0.7280792325059461 -0.9770540085083937 -0.9295812485461649 -0.9947526936617719 -0.9890848242360839 -0.916739484953791 -0.9986878503597253 -0.9081278460400038 -0.8996284884703103 -0.8537044923044741 -0.8937708946975876 -0.9236238171677905 -0.8883492880743915 -0.47625142412968224 -0.7384513957803015 -0.2725363239366054 -0.5029581278304507 -0.1903571413447645 -0.36958380238318084 -0.022531022504675393 -0.2156860980089863 0.10461213127320394 -0.027049009067292806 0.6209295062042763 
0.8733753749305585 -0.7970423806161417 -0.7059336930656112 -0.9201777501896276 -0.8715039928593004 -0.9671036451887868 -0.8641864337453622 -0.9685530789288834 -0.9248674637117653 -0.9704653122146534 -0.990099357315367 -0.9007218478545782 -0.7729253917685776 -0.826476557476017 -0.7706468026958972 -0.6648336428310451 -0.7182694616942178 -0.47850370297556793 -0.5165257275497158 -0.30623246177850466 -0.2776625785481688 -0.11093604002846733 0.17734919832881765 0.10576247444540575 0.23104097154077857 0.3311139450595105 0.4341948894239284 0.5370141383690142 0.5371236040864652 0.6933386656098238 
0.8534058855684696 -0.6849198228869378 -0.6838339883841269 -0.8370350803641228 -0.7789148848800858 -0.9754468186707308 -0.9176975224423143 -0.9708773941051978 -0.9578332819191313 -0.9966425443147794 -0.9815946174787021 -0.9030406819537502 -0.9864095883473937 -0.9833260219556251 -0.899897063221998 -0.8763091650598311 -0.8522901799629061 -0.6728690597469381 -0.6689755208746211 -0.46944755912894814 -0.5278641658532597 -0.40082079301879137 -0.34851422064904586 -0.03772814785583058 -0.1382432621547274 -0.03115902929921054 0.075593937455395 0.10948657330717378 0.28717840133044914 0.5755073670685442 
0.8534058855684696 -0.5275652101851713 -0.6006058770887873 -0.8362238288261369 -0.7777853171719534 -0.8466653592995701 -0.9189760638291258 -0.8999712905919073 -0.9965041244293847 -0.9713702037608842 -0.9815946174787021 -0.988502006071514 -0.9850433426215953 -0.9567594494489629 -0.8998971209223269 -0.856868185290961 -0.8482411252568948 -0.7774082226843809 -0.6963036727436719 -0.4703496639968633 -0.5282811371888414 -0.36661322269741214 -0.3047998651881738 -0.1576018066056692 -0.13587050198786024 -0.027553969350652657 0.07431606253141403 0.06560655123296644 0.2872836586559748 0.525099218205915 
0.5188258089573381 -0.30936422726213875 -0.6769061514689452 -0.8402829609879341 -0.7786784718665437 -0.97742330647798 -0.8837136864645607 -0.9741942554730039 -0.9335547768462753 -0.9600920921336751 -0.9888033693956481 -0.9722088547592718 -0.9850674948398255 -0.9139391108038111 -0.8998215233369949 -0.8762771082651498 -0.8553197746677609 -0.7763170522811772 -0.6962175844889619 -0.48454080388275256 -0.528664258417888 -0.29919485530938594 -0.3794238882461403 -0.037142915996465756 -0.13747273031719173 -0.038061138797376944 0.06636401071187828 0.11337379403943196 0.2857652492733147 0.42759585024584224 
0.19606632163331442 -0.7596012345915445 -0.7758038133960758 -0.8378420175843374 -0.8773954194390124 -0.9612078639832089 -0.9682532356671462 -0.9806333898827695 -0.9979318632570436 -0.9911803912784213 -0.9886696382725427 -0.9452334617869542 -0.9737689526610005 -0.8361922555119992 -0.8569122296754004 -0.8809781569777188 -0.7112624368855509 -0.5286945920482493 -0.5393894985559636 -0.36842996241894227 -0.310676734176223 -0.29001736826712177 -0.20253206122166573 0.00326868637778166 0.04629136696608179 0.17310998436949154 0.2122119944747042 0.32870221059088184 0.4324498840232933 0.5673884223289117 
0.20904477484952153 -0.7964985180111892 -0.7619257816470838 -0.9183942561071349 -0.8943427216460145 -0.9923069125979163 -0.9780818621939509 -0.9790176582070614 -0.9927311571177266 -0.9766852320867919 -0.9088187701602901 -0.8802358309683356 -0.7486093582557418 -0.7597208240183264 -0.7376155951215604 -0.6502467284165974 -0.7883508424104021 -0.4882170799552797 -0.5268382705541268 -0.29619710182524 -0.2680156614795815 -0.10829319842396977 -2.739974836331281E-4 0.09470135835012215 0.059391134733856245 0.33621265578532983 0.4400682231639185 0.5368665255587345 0.5596508151217886 0.7287789254593682 
0.19210907754228349 -0.6911584418676207 -0.6839250243040232 -0.851042310660048 -0.830968241377152 -0.9472071551897338 -0.8815444074413107 -0.9808763559320703 -0.969293008807894 -0.990798336913366 -0.9883659792664139 -0.975138167554888 -0.9846737198112825 -0.8641898938758473 -0.9068867414611432 -0.9206751943905281 -0.8540894230092734 -0.6767121517033114 -0.6639045692169191 -0.4668982003709481 -0.5107271171139244 -0.33015508479843475 -0.2552823157277605 -0.037168009926981695 -0.07832265682025658 0.161901636864777 0.19178002579645664 0.3386474023860109 0.33145067227571123 0.5799268985004312 
0.19931224492386987 -0.799672648655708 -0.8004372146807146 -0.8387680380897974 -0.9546902257460859 -0.9911218465008504 -0.9822788398144447 -0.9809531065221835 -0.9934831717537186 -0.9090736043755276 -0.9490718450044466 -0.9718586643334147 -0.8479726557764659 -0.8342372617572616 -0.765875930304878 -0.6992167758897615 -0.7097735007783005 -0.5166085875445772 -0.5472110791295637 -0.37051564999793063 -0.2919965793277399 -0.1877167062616993 -0.07584873455927578 -0.012618316301276758 0.07873679102460235 0.20837467309457805 0.35167963258786006 0.4395578172926281 0.5166355007513751 0.6561394793578873 
0.18608932871576936 -0.5366122952825356 -0.6825680992440312 -0.8345756857607084 -0.7761642281718221 -0.8439741010742621 -0.883072178393274 -0.8727416443613996 -0.9594751127817186 -0.9768246317538845 -0.9817935659218062 -0.9753120125510714 -0.9866712866136401 -0.9142495861759632 -0.9492702699978757 -0.8825368681766298 -0.8022403980767586 -0.7703500507978144 -0.6762593013299134 -0.46943193333465977 -0.5073180929426687 -0.4177969042604669 -0.34821168641644806 -0.1552214167901441 -0.13824411563094538 -0.04305631990884106 0.07408237920987064 0.10277706971278829 0.3252581999929492 0.5186380738230891 
0.8722822700293981 -0.7989169960407561 -0.759100861318318 -0.9037741645200957 -0.8743271182366662 -0.9913312533172332 -0.9861804420686182 -0.9831024727680527 -0.9864596243212312 -0.9859496345760692 -0.9946555379735673 -0.8996677501877037 -0.8608852385764386 -0.8260261800457079 -0.7362479228602095 -0.6715070829439127 -0.7182694616942178 -0.5144972821692085 -0.5159955459117654 -0.3059961775329333 -0.29188788309132674 -0.11022713676807346 0.051997353487729936 0.10609945713456337 0.10166024464823904 0.33761429024121 0.43756845541901573 0.5307502207609375 0.466241531820854 0.6601792727844122 
0.19606632163331442 -0.7234280967348974 -0.7770191245303382 -0.8905346032237846 -0.8772033610069057 -0.9677037761045959 -0.9626688634072205 -0.9806333898827695 -0.9961013340247921 -0.9909865272956146 -0.9495895821929861 -0.9364902699645172 -0.9751952675296945 -0.9549408057293401 -0.8569419006406381 -0.7298510563544729 -0.7347061548721512 -0.7079715672979331 -0.5391191787745155 -0.41841704262804413 -0.2896109861642133 -0.2935719446437385 -0.2021398728528018 -0.03734209970035644 0.04629136696608179 0.10844089468777766 0.21817110804363266 0.4152254591018218 0.42088797730179184 0.5434047398738557 
0.5200320850541553 -0.5167031852973888 -0.6825680928359409 -0.8402542819877744 -0.7761665463317837 -0.8415459636584772 -0.883054812899231 -0.8719593734525896 -0.9973729650246933 -0.97217799958071 -0.9808551537114849 -0.9794427818114062 -0.9858607924143988 -0.9138001685316272 -0.9002486894550341 -0.8566428341878163 -0.8928982548412021 -0.7704652727029293 -0.8127144703476653 -0.5618292307963111 -0.5955656133572286 -0.5147960074308796 -0.3482124356844468 -0.1557349701109565 -0.14070624749149796 -0.04307982966341049 0.07475263813340238 0.10277453906875766 0.2658867507677424 0.5175337480967251 
0.5192587046127208 -0.518631271831833 -0.6825784713510997 -0.8402557761404706 -0.7768658120883626 -0.8330497082916116 -0.8622815069882442 -0.8974647885836228 -0.983992247367666 -0.9875961693481723 -0.9885907131259468 -0.9883774422232673 -0.9850602389361646 -0.9148936831782957 -0.9000649674880741 -0.8593719991680977 -0.8553198219724035 -0.7741849847503852 -0.6963037844397031 -0.46634029136324034 -0.5282722961171602 -0.36876917912091634 -0.35000403115003353 -0.03524436909040775 -0.13591901113161967 -0.027334937251054292 0.06878414728176441 0.11036489504650537 0.2862152491536681 0.5262242581329605 
0.5200320850541553 -0.5167031852973888 -0.6825680928359409 -0.8402542819877744 -0.7761665463317837 -0.8421130179485878 -0.8830545404176273 -0.8719593734525896 -0.9700242004108758 -0.97217799958071 -0.9808551537114849 -0.9794427818114062 -0.9886551487374136 -0.9138001685316272 -0.8998676330777915 -0.8566428341878163 -0.8551577248566827 -0.7704652727029293 -0.6953184237651084 -0.5622246089480858 -0.5955656133572286 -0.2937545045104832 -0.3482124356844468 -0.11150384896863785 -0.141744133349757 -0.04307982966341049 0.0663630018091504 0.1016749754571779 0.2658867507677424 0.5175337480967251 
0.5192587046127208 -0.6799363825696292 -0.6825784713510997 -0.8402557761404706 -0.7768658120883626 -0.8278174670051025 -0.886146035982449 -0.8974647885836228 -0.983992247367666 -0.9839682945363332 -0.9932932764502735 -0.9728899293331102 -0.9850602389361646 -0.9148853621142737 -0.9000649674880741 -0.8593719991680977 -0.8553198219724035 -0.7741849847503852 -0.6963037844397031 -0.46634029136324034 -0.5283862280803904 -0.36892778752340827 -0.3501233522428145 -0.03524436909040775 -0.1374414720724531 -0.027334937251054292 0.06878414728176441 0.11036489504650537 0.2862152491536681 0.5262234239985076 
0.18608932871576936 -0.5366122952825356 -0.6821721935244742 -0.8343783316609582 -0.776906067080513 -0.9715986825972377 -0.8836773463047658 -0.9809677413950557 -0.9594751127817186 -0.8786054856759102 -0.9817935659218062 -0.9752037499215203 -0.9867055387572128 -0.9887947165452491 -0.948189895619436 -0.8815872812659435 -0.8022403980767586 -0.7740368055767932 -0.6732629914484766 -0.46943193333465977 -0.5087227177481332 -0.4177969042604669 -0.349551162178231 -0.03748977110921378 -0.13824411563094538 -0.042175225028475795 0.07406974384336618 0.10784888629273343 0.3252581999929492 0.5186380738230891 
0.868115954804359 -0.8111312333900143 -0.7960178161218671 -0.8915771722336955 -0.9526999743324936 -0.9909090152238031 -0.9578032531040277 -0.9593955731853887 -0.9594535090451584 -0.9846501609340433 -0.9899495257480779 -0.8786708680832633 -0.8467307899245526 -0.8168545510304102 -0.7347693179630255 -0.67301520382601 -0.7175748574211142 -0.5047472405170738 -0.5168091123913786 -0.29576850342213795 -0.2781240981016447 -0.11095356597633663 -0.058311268016360114 0.09745426422660902 0.07993688955569601 0.2485310068537348 0.32668772303463145 0.43956149283477053 0.5625961336286951 0.6843486976036312 
0.5258361081272854 -0.7187916310877854 -0.702903342825497 -0.8402738712550182 -0.8342490180532466 -0.9684614559334918 -0.8818817402639033 -0.9688736571529831 -0.9835961739314102 -0.9859861554380679 -0.9885446803345858 -0.9241544065450579 -0.9746673375494059 -0.9127552393323313 -0.8997317822015801 -0.8819321336674883 -0.7162204654954375 -0.6729976275156845 -0.6702452103696463 -0.4963544074559113 -0.5106783587695477 -0.3320354927694733 -0.2407917026799623 0.006684256275393 -0.02978851112421691 0.19254639615502972 0.1926991252843675 0.33289137141212277 0.3797362947376687 0.588327742341304 
0.17673337518772045 -0.3108950167066724 -0.4248638521133475 -0.7971938646501417 -0.6247834636459652 -0.8413543237878569 -0.8816786051509221 -0.9741634430139618 -0.9302089588415435 -0.9599533793748211 -0.9890848755223927 -0.9714563204831117 -0.9858868409659132 -0.8485752914798796 -0.9661403463111176 -0.8562411199421495 -0.9698590475963671 -0.9568011856557675 -0.8146637841240209 -0.48060342944417267 -0.7393117969561083 -0.5124154387169425 -0.507378036976489 -0.19837373867278763 -0.37345636416023464 -0.017882601379018592 -0.2156959136479465 0.1250088641868516 0.011340565687705327 0.6186814696495005 
0.18608932871576936 -0.6754931411290875 -0.6058344147326449 -0.8343783316609582 -0.7768619142518555 -0.9466237798376526 -0.88410898835826 -0.981114839694135 -0.9582797821573147 -0.9719139859149093 -0.9817937988434146 -0.9832373663812031 -0.9866951248834791 -0.9888085822809985 -0.8996130393969692 -0.8824480424656294 -0.8555421204411647 -0.7749979345946777 -0.6732629914484766 -0.47108131693631694 -0.5289883326844296 -0.4159336222322771 -0.34852156780109583 -0.03735755867636861 -0.18425670366925928 0.15297455756902367 0.07338904550683373 0.10783344534970256 0.2825140406716638 0.5182958124644472 
0.5386386289405489 -0.7944214607390113 -0.7101114909475305 -0.903422314334008 -0.893891355844108 -0.9910520644948448 -0.938604566097676 -0.9867388337356577 -0.9866247419659732 -0.9775589325660707 -0.9898216563606693 -0.8789210400148232 -0.8587285865335562 -0.8157134857842859 -0.7351938821125179 -0.6745544045003091 -0.7185206878067293 -0.47852594091739603 -0.51624041100094 -0.30597742670866734 -0.2922134974947933 -0.11022583172807526 -0.038245712237524564 0.09754054760526833 0.08928828947864656 0.3319975909738644 0.43782587490725844 0.5307598798156434 0.5383941035454957 0.6934257125243013 
0.2065533893078527 -0.7964484371935538 -0.7619281735767331 -0.9192178948483852 -0.8734077690906173 -0.9802325975291636 -0.9383817793842086 -0.9681852023070363 -0.9196173685768354 -0.9688628009491516 -0.949966278896152 -0.8802372827707481 -0.7486767722443073 -0.82872973168155 -0.7328283006670889 -0.6506957954653289 -0.7205371785956772 -0.47887947591986235 -0.5267406756874013 -0.2961318119260466 -0.22673849719320832 -0.1109370071987751 0.0625587454463708 0.0981639849759812 0.050408930064429064 0.33617675574058553 0.2540333382760355 0.5368818127280378 0.5770859273458304 0.693658563461355 
0.5379303093394815 -0.79392149620155 -0.7589336403427724 -0.9187626989027433 -0.8930173403357856 -0.964410426610258 -0.9800479916853464 -0.9682036289425612 -0.993725217792145 -0.9773686661892335 -0.9057671366358218 -0.8780757807950936 -0.8566902971454218 -0.826092465207561 -0.7740712530678113 -0.6543148098486093 -0.7097670109633052 -0.4883954926181212 -0.5248877458387378 -0.29620980714474204 -0.29135288701851647 -0.11064483488792963 -0.07234734651818452 0.09858714003374254 0.08907234444435369 0.3297086551222861 0.4359280421395939 0.537600712877109 0.5597484413401813 0.7034258189398724 
0.20651981579097076 -0.796600291727297 -0.7589336403427724 -0.9188036968709361 -0.8933966988161122 -0.9918454163313716 -0.9798282586249182 -0.9682036289425612 -0.993725217792145 -0.9773686661892335 -0.9057671366358218 -0.8780757807950936 -0.8566902971454218 -0.826092465207561 -0.7666798669027481 -0.6543148098486093 -0.7182421040452126 -0.4885442105979316 -0.5248877458387378 -0.29620980714474204 -0.2805293629615298 -0.11093980758761217 -4.7513460452891856E-4 0.09858714003374254 0.0892677749880429 0.3297086551222861 0.4359280421395939 0.537600712877109 0.5597484413401813 0.6945924901976434 
0.1767569064475254 -0.31098423096189287 -0.4248006710484634 -0.7971936719699888 -0.6219073211546918 -0.8410584034262272 -0.8815063403431903 -0.971041796948342 -0.9302089588415435 -0.9599534167687661 -0.9891003312994119 -0.9712569135066027 -0.98590170341791 -0.8485752914798796 -0.9240956268241837 -0.9853920185699476 -0.9681797408500243 -0.9628195557046655 -0.8146637841240209 -0.48060518011690595 -0.7384588957636137 -0.5124154387169425 -0.508198540329844 -0.2734096201817745 -0.3733649304557905 -0.030122845668016367 -0.21571868922092746 0.12473773537903696 -0.030589027504942662 0.6186809928612784 
0.840377556148123 -0.3000367698571517 -0.4199779158335629 -0.5362222724735838 -0.6229846504327795 -0.8381404345779023 -0.9366666345820567 -0.8987338333980069 -0.9367011605926728 -0.9602484915511782 -0.9890750543051425 -0.9150739287599805 -0.9858868043124 -0.9150168792672989 -0.9003546655147887 -0.8712841300011291 -0.8922487601626945 -0.8156802832819736 -0.8823316224248554 -0.48057679904588646 -0.7373048486269858 -0.5210606107481544 -0.502901007409464 -0.18856637579063046 -0.36958380238318084 -0.02256299406934463 -0.21628681858517376 0.10461993541534015 -0.027085277573845074 0.620944952626787 
0.20899635392574542 -0.7961732817160831 -0.705895014830865 -0.8943212793420865 -0.8937127526603644 -0.9984965476105054 -0.97930000765033 -0.967932852728824 -0.9206293622780785 -0.9696309673571376 -0.9099477694114931 -0.8802374320083692 -0.7383215997702314 -0.7568512886572833 -0.777732784576729 -0.650022404717821 -0.7232715027848875 -0.4839770903547355 -0.5271797529156131 -0.30654882510657183 -0.3224268402743839 -0.1103077902406795 0.0623566617113089 0.1946114542393124 0.05118319495409419 0.33079856221934345 0.3005271441964663 0.5370831132317693 0.5643149329541708 0.6950707752984937 
0.20771709871639482 -0.7963248420583976 -0.7021631681438584 -0.9180138967418201 -0.8933841886776717 -0.9918481938653992 -0.988326442106205 -0.9831024727680527 -0.9876624004465665 -0.9859496345760692 -0.9035696933518955 -0.9111455524599817 -0.8608867600918597 -0.8324677419201496 -0.7343119891290028 -0.65420199154096 -0.7182406246733222 -0.5149148527087868 -0.5162637917690884 -0.30631248719628446 -0.29202196936682706 -0.11018351824357134 0.06386390772979211 0.10609945713456337 0.0875246432994638 0.3319465668411862 0.48914924639562246 0.5303070326312965 0.4625692900029295 0.6950604429501556 
0.20127012997727034 -0.7939307501038798 -0.7994760483501658 -0.9002804819766017 -0.8820023642720632 -0.9776967478224923 -0.8936965497044953 -0.9809319174934379 -0.9881193453752857 -0.9983882763347279 -0.9495497886776075 -0.9029887719375255 -0.8875422565299512 -0.8248261945656292 -0.856598944391159 -0.7138362176427547 -0.7098840599024935 -0.5503326775313127 -0.5630203905376785 -0.37785139434165044 -0.2916035708788295 -0.19017692744083142 -0.04114805166262463 0.05113167786840723 0.0780736575927805 0.20869221118317616 0.3516887681328492 0.4366052646782887 0.43706384507674134 0.6556865744190593 
0.5411349388446514 -0.8539610045515101 -0.7058917617700569 -0.9205973150571234 -0.8734354769547265 -0.9806139986156204 -0.8770658757497622 -0.9857673325952382 -0.9248193111629273 -0.9695469066453826 -0.7841191194509108 -0.90090987488945 -0.8931071681501977 -0.7634301302574392 -0.7653404827251995 -0.6764261414986535 -0.7202423684885808 -0.4839807607053139 -0.5247845352119545 -0.30638583634011485 -0.28018598909887726 -0.051895306510337094 -0.02057549536592156 0.1928666549028174 0.08777087374199795 0.33237699921389174 0.43142101159655116 0.5377038103093539 0.4674987255663495 0.6594396592899903 
0.5411349388446514 -0.7961353331096477 -0.7058917617700569 -0.9205973150571234 -0.8714729850691861 -0.9806139986156204 -0.8770331275990454 -0.9857673325952382 -0.9248674707307266 -0.9695469066453826 -0.7841191194509108 -0.900722444457106 -0.8931071681501977 -0.7634301302574392 -0.7706482885160478 -0.6764261414986535 -0.7183102603345772 -0.4839807607053139 -0.5247845352119545 -0.30638583634011485 -0.28018598909887726 -0.051895306510337094 -0.01728588766499492 0.1928666549028174 0.22773020992622556 0.33112252259264097 0.434205552940043 0.5370082979180318 0.4687214141793117 0.6594396592899903 
0.5401126552381813 -0.7944214607390113 -0.7101114909475305 -0.9034258905291476 -0.893891355844108 -0.9804195807191617 -0.9726489334202899 -0.9869093657450839 -0.9866247419659732 -0.977858220181914 -0.9072185165011196 -0.8789360469840517 -0.8566886181343004 -0.8325728116745663 -0.7333421522025544 -0.6745544045003091 -0.7185206878067293 -0.47320107038584064 -0.3753035453791841 -0.30597742670866734 -0.2922134974947933 -0.11021340824121528 -0.04036364183616179 0.09749989694753575 0.08928828947864656 0.33211852102144285 0.43782609954452045 0.5307322537606957 0.5377429718049298 0.6934257125243013 
0.8574019211208045 -0.6010807403327543 -0.7022234442485283 -0.840205442615436 -0.8334782163037715 -0.9807408146869611 -0.9441876625685288 -0.9686246925678297 -0.9841603730522754 -0.9924865576101428 -0.9883859580079658 -0.9775183166601441 -0.9850003721185973 -0.8622505425536588 -0.9000860653883465 -0.933538918762728 -0.8552919599611581 -0.6622771932991205 -0.6673504645470513 -0.46658002569331664 -0.5250152910019145 -0.2953952905923418 -0.2922947605807445 -0.0386038364473184 -0.13823183060730215 0.15344971816450165 0.06808254404997335 0.3342372695586544 0.33301919219904064 0.5286609363953958 
0.2044941327663656 -0.7996077177325535 -0.7094499956966545 -0.9034212560046329 -0.8762402125590271 -0.9918889708677033 -0.9879766353357535 -0.9678198652430463 -0.9932739124217232 -0.9678180236645391 -0.9901169251244821 -0.9113935687610565 -0.8617814987608811 -0.8442464742902624 -0.7651557848880619 -0.6716099218370454 -0.7174484469454653 -0.5045142575890804 -0.5160739484873846 -0.30691524170423495 -0.279289511371365 -0.11020867829634143 0.002097571680443111 0.10612111549068298 0.08887387326594841 0.2488120745507626 0.43281149470162 0.5368709191308959 0.5436505257098505 0.6936622216332584 
0.1874966778153133 -0.5278778721633384 -0.6823055881304443 -0.8369522925250042 -0.7789977756964201 -0.9466818215294049 -0.9194151885144335 -0.8936082275662505 -0.958184344031154 -0.9876486174104673 -0.9886023604535494 -0.9786827456066941 -0.9115148746339016 -0.9550089781086817 -0.9001135067218624 -0.8823378250174615 -0.8035622900560461 -0.7740310398827245 -0.6963122162760033 -0.5291953594009825 -0.5282552919071267 -0.401245486159386 -0.349524398471337 -0.16140393947222342 -0.1375172333204804 -0.031154310046561606 0.07448381850134331 0.16343764261475557 0.32530300898976416 0.5755095491757719 
0.8676088033586277 -0.7360341717232917 -0.7990255543703728 -0.9194523503194898 -0.9550789947234322 -0.9979807964901772 -0.8861229473257525 -0.9821853750063838 -0.9979118497033254 -0.9794608176864618 -0.9909567537066691 -0.8786457344277897 -0.9717545090288064 -0.8173683527693081 -0.7700203818651734 -0.7078079730140536 -0.7111262326605836 -0.5967057598051446 -0.5469957584080176 -0.3507583490291939 -0.3004541920793571 -0.19452927624993185 -0.06086362866076387 0.010871707387910164 0.048475631297659846 0.24785803828784025 0.23288377176149555 0.4356023413405765 0.43942523493896457 0.6324380169745438 
0.19997402318568433 -0.7237073292376908 -0.7774108998992744 -0.8988019341514779 -0.8735640005940705 -0.9676396956314526 -0.9711934344345182 -0.9825554827984283 -0.9356515888736235 -0.9675203218063543 -0.9485892314983285 -0.9366544039896165 -0.9711509016600843 -0.888118701738503 -0.7792115831135579 -0.6500673651037406 -0.7109811143209132 -0.5530403131539772 -0.5247858591268515 -0.38180225034606785 -0.2923975185231012 -0.20251568534976372 -0.16204186487251507 0.0051604961753585095 0.08131398466633358 0.15874695536553723 0.28568236092658217 0.4378807448909609 0.5608059191536204 0.5863048539035598 
0.18610570977555396 -0.5365905507909857 -0.5985471726018299 -0.8343783316609582 -0.7777249689949967 -0.9718632182707526 -0.8828803084935257 -0.899966665200051 -0.9594751127817186 -0.9960436997804846 -0.9815993884408739 -0.9078926495231338 -0.9854453100098725 -0.9887947165452491 -0.9490057209838901 -0.857027981957364 -0.8574846663647815 -0.7749711870969572 -0.6732629914484766 -0.4694297199591436 -0.5087227177481332 -0.3684623264608437 -0.3485216469787223 -0.03748977110921378 -0.1358541994639246 -0.042075276328394765 0.07406700100299224 0.10784888629273343 0.28662226512998185 0.5163127530333259 
0.20596815881181363 -0.7944873533945768 -0.803578626900874 -0.9061230434156018 -0.894238887819281 -0.9910081659111561 -0.9798282586249182 -0.9767702871871627 -0.9932380011351123 -0.9778854635210489 -0.9901169251244821 -0.8799590245162154 -0.8567326232749396 -0.8323256032584382 -0.7656017527610286 -0.6776657761314002 -0.718302171022343 -0.5052548024901757 -0.5246440766492425 -0.29620980714474204 -0.28043117827142133 -0.11093980758761217 -2.0357918194116587E-5 0.09860676612037642 0.08923730433639188 0.22283833880312645 0.4359179002880917 0.5274453594508328 0.5597544470277127 0.694869615336828 
0.5314337235211014 -0.7223114275547132 -0.7768235644122622 -0.8917120828728663 -0.877212309878549 -0.9677005051081488 -0.8868099269490265 -0.9819963994810745 -0.935906774278624 -0.9846251265518466 -0.9816264594812049 -0.9369590384486554 -0.971438177572291 -0.8930682734853813 -0.8582212031280152 -0.7092475871764665 -0.7102357077959567 -0.7118496669608687 -0.5370283720728779 -0.3758857317040417 -0.2924342582608923 -0.2047540570239815 -0.1656105494494757 0.007797966897203159 0.05567813706926912 0.2178838150896804 0.21648864896450476 0.4378232723980117 0.43224527000602864 0.5660085591932785 
0.868059200567545 -0.7936311559341102 -0.7758754204667593 -0.8977476033908655 -0.8741872132629812 -0.9689909068798648 -0.9351873115391179 -0.9745901473368828 -0.988421924377232 -0.9918876369326757 -0.9885234281023506 -0.9011887043233753 -0.898583978750658 -0.8666117259875693 -0.8990841908288261 -0.7146248676745659 -0.7108090607194113 -0.5507893145967555 -0.5472466745239298 -0.36760794266266195 -0.37973516604201196 -0.10896464330231911 -0.16338739275474057 0.05234062750374266 0.10224081823081518 0.18110465652483726 0.2185653567764176 0.43286197280826794 0.40063679392979523 0.6353245719273368 
0.2035430646026322 -0.8098510195691335 -0.7094499956966545 -0.903730012233081 -0.8761533145831614 -0.9918889708677033 -0.9879766353357535 -0.9678570568433789 -0.9980619352210763 -0.9776544349357513 -0.9898277343644787 -0.9113927356065797 -0.8617814987608811 -0.7633146660238834 -0.7651557848880619 -0.6716099218370454 -0.7174484469454653 -0.4783683007114737 -0.5160739484873846 -0.30691524170423495 -0.279289511371365 -0.15563945948134322 -0.058661769698792415 0.10612111549068298 0.08887387326594841 0.2488120745507626 0.4328068429938396 0.5368709191308959 0.5382455834798766 0.6934356758534038 
0.859888254867162 -0.7198196811182324 -0.6784480026551581 -0.8402163794850221 -0.875307250239256 -0.9733607958642853 -0.8541699531199777 -0.9677442319452385 -0.9843802385635405 -0.9859931377824532 -0.9885222936776974 -0.8792648065199169 -0.9747207415920592 -0.912908815121652 -0.9000556225390809 -0.8846014489284605 -0.8545490812507149 -0.6762654559810765 -0.667490811305709 -0.5090141212240609 -0.5254429887861212 -0.3287713794708457 -0.2407917026799623 0.0067230339959125016 -0.02975075241639136 0.15393171992240243 0.19160735847120192 0.3328955728755979 0.37976762772115324 0.5825295700429391 
0.5349255361712031 -0.7661255720963556 -0.7762035171142495 -0.8984788724369095 -0.8775021839597392 -0.9647756968494383 -0.9335795410320274 -0.9806397164059464 -0.8992509646897984 -0.9990668445018749 -0.9164613769283849 -0.8842637724125754 -0.9692408994298842 -0.8442204645879378 -0.8585170731171647 -0.7231921440749485 -0.7115065546881199 -0.535610536102645 -0.5391353480930996 -0.37065929500218736 -0.2923529035238217 -0.11586655561846529 -0.07096233493415831 0.04401780498624122 0.04636079383098764 0.1819028599671676 0.22264769742140889 0.4378948344768791 0.42644641664634175 0.6379394231110548 
0.868985443451165 -0.8128674525935238 -0.7982454318782835 -0.8976739854472933 -0.8775253377345066 -0.9730360514998314 -0.9320844136637568 -0.9815224983920767 -0.9911139912827754 -0.9086585371429133 -0.9884744120877013 -0.9692432021227368 -0.90514517377827 -0.8341054164588559 -0.8856571295674859 -0.7139132523429397 -0.7113460518823397 -0.6090164364847692 -0.5469969582364294 -0.35181820238955896 -0.2770515277142354 -0.18940647449308023 -0.20772922026943508 0.05455088486621768 0.05661895421408449 0.21121986779582236 0.21654484891305192 0.4396232242028639 0.4313373207760983 0.583954157363482 
0.5401126552381813 -0.7932936628521742 -0.7101114909475305 -0.911796086851478 -0.8713724339929587 -0.9804062291552494 -0.9726489334202899 -0.9869093657450839 -0.9282267670731194 -0.9705938768935523 -0.9072185165011196 -0.8789603120740177 -0.7505426322403352 -0.8265103819431641 -0.7714673818609405 -0.6501909650820403 -0.7182690167820216 -0.47320107038584064 -0.5197388506680362 -0.2961837612366623 -0.2768477992950198 -0.11021078573840734 -0.04536004740917374 0.09744695883861415 0.08928828947864656 0.3362144471292061 0.26525774934233504 0.5306144719124667 0.5445134243893685 0.6934257125243013 
0.8584810575716686 -0.6755456143634495 -0.7029050987578457 -0.8006547444044149 -0.7791296187479165 -0.9468107437454606 -0.9337564145400961 -0.8920087876729262 -0.9581621143833207 -0.9538319057272858 -0.988390058934531 -0.9827651732064607 -0.9848373295951008 -0.9879019074857368 -0.8993183300401322 -0.9357888669687909 -0.8540755234289955 -0.7254093417419619 -0.6732585114651289 -0.467244685692619 -0.5295927124528109 -0.2954329571441444 -0.29276673400297004 -0.03721266071439939 -0.07641089878667968 0.18169326710247585 0.13414205415841396 0.27020585757631116 0.3283966304468212 0.5264125128116746 
0.5213171495870501 -0.6031018443113989 -0.6828147463973294 -0.8369522925250042 -0.7846382093071433 -0.897368158916735 -0.9182859578308583 -0.8942108739924073 -0.9864080702925644 -0.9712640321667773 -0.9817743986451718 -0.9778932066231575 -0.9738338629955794 -0.8499738932404223 -0.9002211464521387 -0.8823415724842807 -0.8070728576182813 -0.774041131261647 -0.6975171447679216 -0.5273499623885199 -0.5278689942231306 -0.45891799033155356 -0.3526375609966204 -0.33643065399376815 -0.13746381354295134 -0.038325609838052596 0.07462757040680805 0.10199171163764224 0.32530299765523724 0.5748702939132827 
0.5314337235211014 -0.8153432922267897 -0.7995500936538673 -0.9273077182841057 -0.8776582545762329 -0.96952108839389 -0.8939046379587169 -0.9822441090677267 -0.9885498858808673 -0.9793121308067415 -0.9903438871057659 -0.8391059030721791 -0.9714697795239375 -0.822218768965645 -0.8568984545004693 -0.7074713502558845 -0.7098632495027146 -0.5433339089201044 -0.5469945464860404 -0.3759490537409676 -0.3783428659341664 -0.1897858210679891 -0.1625446471682924 0.0544852471931327 0.05567813706926912 0.21067971891685608 0.2183036077136455 0.4151591028444152 0.4850459564950662 0.5665551193732656 
0.19210907754228349 -0.6132689891015508 -0.6839319025548887 -0.838447928970974 -0.8310065989330802 -0.9472158822090458 -0.8815444074413107 -0.9810466473700548 -0.9972747745052654 -0.9926218073304263 -0.9890606704276493 -0.8314924529937995 -0.9846737198112825 -0.8323534847009234 -0.9002489130862918 -0.8337064288880234 -0.8564216499018922 -0.6767121517033114 -0.6639045692169191 -0.4819478746074435 -0.5107343854612839 -0.33015508479843475 -0.25540437569229946 -0.037168625376481565 -0.07832265682025658 0.161901636864777 0.19108985026066586 0.3386474023860109 0.3315727451883058 0.5799268985004312 
0.5352968002439781 -0.7939307501038798 -0.8018601159383063 -0.9035329157350153 -0.8776095320834469 -0.992020864460762 -0.9874705961041119 -0.9678115148698438 -0.9866076698551958 -0.9990830948315861 -0.9900298870430052 -0.8842381100417297 -0.8615909912669578 -0.84383296926704 -0.856598944391159 -0.7138054349389656 -0.7098918982492777 -0.5349070038753112 -0.5630203905376785 -0.30961723250412454 -0.29164241195077756 -0.19017692744083142 -0.07160677160975516 0.1061339233642295 0.07842696150448986 0.21169367280965742 0.341035047465617 0.44411421504304116 0.5435990272226952 0.5889762085080621 
0.5401126552381813 -0.7932936628521742 -0.7101114909475305 -0.9034258905291476 -0.9548266804879655 -0.9804169159949809 -0.9726489334202899 -0.9869093657450839 -0.9867859122244219 -0.9779357927149119 -0.9072185165011196 -0.8789603120740177 -0.7505426322403352 -0.8286589382391094 -0.7323881988128639 -0.6501909650820403 -0.7185206878067293 -0.47320107038584064 -0.38147236619394187 -0.2961837612366623 -0.2283994799820161 -0.11021078573840734 -0.04036364183616179 0.09744695883861415 0.08928828947864656 0.3362144471292061 0.26525774934233504 0.5305954925722897 0.5445134243893685 0.6934257125243013 
0.1909912084801969 -0.6228103510060001 -0.728574614495845 -0.8414069870488107 -0.8309924886270755 -0.979796733642819 -0.8864519604512429 -0.9675360191652955 -0.9831634907407678 -0.9974316355784945 -0.9887174836677368 -0.9769650240153266 -0.9848347416456186 -0.8629558486071376 -0.9002906285884592 -0.8345155833172107 -0.8545135396770539 -0.7687680022854466 -0.6672135197241129 -0.37870064956736504 -0.5134421162561151 -0.2937667441206984 -0.3052579605751734 -0.035972464771519254 -0.021716848411735247 0.15402725178118487 0.20528010139263714 0.2748567504298375 0.3979664891117058 0.5245872426108419 
0.8584810575716686 -0.6901871652100834 -0.7029050987578457 -0.8006400859495414 -0.8359737178642677 -0.9468107437454606 -0.9347847154754223 -0.8920087876729262 -0.9691063698039071 -0.9538319057272858 -0.988390058934531 -0.9766124396903463 -0.9848411775600607 -0.8635309815478381 -0.9068581886285644 -0.9357888669687909 -0.8540755234289955 -0.7723338410451258 -0.6734026871640141 -0.467244685692619 -0.5295927124528109 -0.29367182809689835 -0.29276673400297004 -0.03721266071439939 -0.07575203784611209 0.18169326710247585 0.13429484131284086 0.27020585757631116 0.3283966304468212 0.5264125128116746 
0.20127012997727034 -0.7943492858490387 -0.799486295516654 -0.8997762697003516 -0.8820023642720632 -0.9776967478224923 -0.8936965497044953 -0.9958471615664111 -0.9902116647640092 -0.9983882763347279 -0.9495497886776075 -0.8776671846178073 -0.8875422565299512 -0.8248261945656292 -0.7968110274082686 -0.7138362176427547 -0.7178587932047423 -0.5503326775313127 -0.5171548146886531 -0.37785139434165044 -0.2914978913269345 -0.11318298546731262 -0.04114805166262463 0.09487917101412804 0.07988399151686207 0.20869221118317616 0.3516887681328492 0.43670911921013195 0.561134314579394 0.6558346890963006 
0.17673337518772045 -0.31089386861194473 -0.42486256784452703 -0.7971818866389163 -0.618988514362253 -0.840834067254143 -0.8816786051509221 -0.9742198934089478 -0.930103756144532 -0.9599534168603931 -0.989100083011092 -0.9812519073234622 -0.985901770162797 -0.8485752914798796 -0.9234142428836133 -0.9774506963151599 -0.9698679939669014 -0.9568011856557675 -0.8146637841240209 -0.48060330767406656 -0.7396097627068573 -0.5656284422299208 -0.5708030597958534 -0.19837373867278763 -0.3694431031084668 -0.022299701483245105 -0.21569599248342425 0.12489246921920424 0.011340565687705327 0.6186809792286216 
0.8403754724458523 -0.306377248776432 -0.4199779158335629 -0.5356380755239634 -0.6229846504327795 -0.8618954173501893 -0.9208613509161421 -0.9858197021151724 -0.9368683392535699 -0.9599534167687661 -0.9890848242360839 -0.9736660839574416 -0.9858739230827255 -0.9081199029238589 -0.9234004792454795 -0.9961268349613599 -0.8907135433694254 -0.8156802832819736 -0.8126297000720267 -0.48086501320934066 -0.7373048486269858 -0.5210606107481544 -0.48283328056432634 -0.18856637579063046 -0.3463963421894137 -0.022586502567846542 -0.21588388467600367 0.10537329827650815 -0.03078573712906888 0.6198579336321407 
0.8648462718407903 -0.7863920320388339 -0.7747808154083713 -0.8243690795842831 -0.8742138869373018 -0.8817990644085072 -0.9476202823110796 -0.9935529196294294 -0.9700159420577401 -0.9695344343365428 -0.950453510796464 -0.9040549978735656 -0.9936205993889171 -0.8662177346912321 -0.8388099738051105 -0.7535579887317062 -0.7160372037317408 -0.6773071273378509 -0.5356237914563516 -0.5141791182093234 -0.3276770682238847 -0.1934930150937916 -0.16567683033167793 -0.015258812091547037 0.08957460211083701 0.15964091998053034 0.1924650493829345 0.4398300357490464 0.4265175751623356 0.6113635046773651 
0.5352968002439781 -0.7939307501038798 -0.7994753320401747 -0.8984791530310459 -0.8776095320834469 -0.9650655134579351 -0.8933083480331374 -0.9678115148698438 -0.9866076698551958 -0.9990830948315861 -0.9495497886776075 -0.8842381100417297 -0.8871491644904863 -0.8248261945656292 -0.856598944391159 -0.7135047091763214 -0.7098918982492777 -0.5349070038753112 -0.5630203905376785 -0.44165908817027516 -0.29164241195077756 -0.19017692744083142 -0.07160677160975516 0.09279137990488363 0.0784218484554586 0.21169367280965742 0.35005343599469557 0.4372980050596423 0.43264615069604295 0.5880026645991533 
0.2044941327663656 -0.8127624761747358 -0.7971765887103431 -0.9034212560046329 -0.8762402125590271 -0.9918889708677033 -0.9879766353357535 -0.9664121087923315 -0.9932739124217232 -0.9097781107410894 -0.9901402912144488 -0.9113935687610565 -0.8626823181782598 -0.8442464742902624 -0.7652088902690178 -0.6716099218370454 -0.7174484469454653 -0.5045142575890804 -0.5160739484873846 -0.30672676807685284 -0.279289511371365 -0.11462465422969076 0.002097571680443111 0.1053077894423617 0.08887387326594841 0.2103411993095187 0.43048786247571513 0.5368709191308959 0.5526085041982159 0.6943320472767822 
0.859888254867162 -0.7198196811182324 -0.6784480026551581 -0.7974218452426938 -0.7790706519167673 -0.9730484025162135 -0.9504761777475125 -0.8941323930673815 -0.9976080881056204 -0.9923955606461814 -0.9819098865657594 -0.9746937887341826 -0.9751905728934782 -0.9134783707722891 -0.899988467781789 -0.8846014489284605 -0.814579960016644 -0.6762074166961749 -0.6704846961288279 -0.5092441835751035 -0.5254429887861212 -0.2925979396241041 -0.33293268684139704 -0.15537052352420477 -0.07437069354135606 0.11310664124327324 0.13577240607646035 0.3385001569667751 0.42547870443640295 0.585295195599123 
0.8534058855684696 -0.6849198228869378 -0.6034783135708892 -0.8370351628224657 -0.7776734281831612 -0.9471269299600491 -0.8837136804544022 -0.9699418713756086 -0.9846869915943846 -0.971436746914632 -0.9815946174787021 -0.9083919713431113 -0.9850602687749797 -0.9833260219556251 -0.899897063221998 -0.8763948715248329 -0.8482411252568948 -0.6728690597469381 -0.6689755208746211 -0.4711236775944337 -0.5278641658532597 -0.29399193853274225 -0.34854443621633324 -0.03772814785583058 -0.1382432621547274 -0.027553969350652657 0.060662397912019876 0.10947041142996364 0.2881195199957502 0.5747487856717589 
0.5324053363694776 -0.7223114275547132 -0.7773727827785888 -0.8917120828728663 -0.877212309878549 -0.9677005051081488 -0.885887855094156 -0.9805371324508995 -0.935906774278624 -0.9921164203726608 -0.950342329646324 -0.9369590384486554 -0.9699879268587811 -0.8930682734853813 -0.8583383489742005 -0.7090060362334574 -0.7102357077959567 -0.7118496669608687 -0.5370283720728779 -0.3759975351568486 -0.2924342582608923 -0.2047540570239815 -0.1655417618857274 0.0115735899165735 0.05633490960618123 0.21756116684075247 0.20802005434114182 0.4378232723980117 0.4287312868853545 0.564655364709058 
0.8561999842315352 -0.5380209635385336 -0.6815092251695414 -0.7974191245571005 -0.8336089002966628 -0.8478806170567237 -0.8875304202573486 -0.9681463340296322 -0.9842428898357116 -0.9920731414899174 -0.9888849321492281 -0.9062947906850368 -0.9881589435020406 -0.9768216289635805 -0.9000860653883465 -0.9308534166993838 -0.8714609428712813 -0.6622771932991205 -0.6974019017379213 -0.5045692396653648 -0.5254627160595918 -0.32980197999707733 -0.3490495896244309 -0.037736365128068494 -0.07837104320732696 -0.03761003988666479 0.07310430303276574 0.3275026949701725 0.325827354689482 0.5743668264113537 
0.5398059215265941 -0.8103607864598475 -0.7070179375803881 -0.9205973150571234 -0.8715937815853907 -0.9676430543005609 -0.8783469430596936 -0.9857673325952382 -0.9257060947971384 -0.9779319362575245 -0.989821873727235 -0.9105422823501209 -0.8587277677244564 -0.763357458209875 -0.7371472364718572 -0.6493681440660511 -0.7176486706308945 -0.478502567360092 -0.5163713057331962 -0.3063085047464935 -0.2920238249547505 -0.11093607853973399 -0.05797732764279868 0.10556456774728273 0.04963044831455047 0.3320006045320913 0.43222070090865683 0.5375125685736366 0.5382392332897424 0.6934366115030205 
0.2059765495113065 -0.7946115668338767 -0.8033620183779315 -0.9034995419182444 -0.894238887819281 -0.9910330941173733 -0.9797827466275525 -0.9688041582550174 -0.9932380011351123 -0.977438415809366 -0.9899302445953879 -0.8799590245162154 -0.8567326232749396 -0.8323256032584382 -0.7656017527610286 -0.6766484478425425 -0.7802091844058126 -0.5052548024901757 -0.5246440766492425 -0.2953252721657558 -0.28016009977370976 -0.11098140278399762 -2.0357918194116587E-5 0.09860676612037642 0.10163129488678589 0.3297086551222861 0.4359179002880917 0.5370530949684847 0.5593900324863259 0.6933957609643037 
0.5324053363694776 -0.64086969910219 -0.7031712229079563 -0.8373554639945178 -0.8775316638766311 -0.9682195395944602 -0.885887855094156 -0.9805371324508995 -0.9375464157428879 -0.9921193064121676 -0.9895633278279273 -0.9760029283613697 -0.9699879268587811 -0.8940272406267215 -0.8583086780089627 -0.7090060362334574 -0.711096452135398 -0.5452695526050184 -0.5370518929908474 -0.3759975351568486 -0.29243749899797344 -0.20543781817316875 -0.1657564662620887 0.0115735899165735 0.05633490960618123 0.21756116684075247 0.20802005434114182 0.4378232723980117 0.4287340607428124 0.5655112006596883 
0.8648736673298536 -0.7863920320388339 -0.7747808154083713 -0.8245563742340573 -0.8727375437058055 -0.8817990644085072 -0.9476202823110796 -0.9940155538441507 -0.9699864414153385 -0.9842089719219539 -0.950453510796464 -0.9044497131099374 -0.9936205993889171 -0.8662177346912321 -0.8433437036293588 -0.6721243361801682 -0.7175781136031334 -0.6773071273378509 -0.5356237914563516 -0.5059416492807629 -0.3276770682238847 -0.1934930150937916 -0.16463048907600897 -0.00971071021843653 0.08957460211083701 0.15964091998053034 0.3309719776993423 0.4395600266198313 0.4283966144113801 0.6113635046773651 
0.868985443451165 -0.7328326320135126 -0.7105188388645948 -0.8976739854472933 -0.8775253377345066 -0.9730360514998314 -0.9320844136637568 -0.9829302548427681 -0.9911139912827754 -0.966698449935516 -0.9884510459977345 -0.9692432021227368 -0.9042443543608912 -0.8341054164588559 -0.8856040241862463 -0.7139132523429397 -0.7113460518823397 -0.6090164364847692 -0.5469969582364294 -0.35200667601694113 -0.2770515277142354 -0.18499049855973088 -0.20772922026943508 0.055364210914538955 0.05661895421408449 0.24969074303706626 0.21886848113895674 0.4396232242028639 0.42237934228773283 0.5832843317199581 
0.8676088033586277 -0.7306279913981457 -0.7990943603293207 -0.9194523503194898 -0.8775040003624364 -0.9686985339281615 -0.8861229473257525 -0.9821853750063838 -0.9977548971966101 -0.9794608176864618 -0.9909567537066691 -0.8735994226792891 -0.97191897729113 -0.8658060182195041 -0.7694186181047087 -0.7074996639215003 -0.7112623026027987 -0.5509911886998632 -0.5469957584080176 -0.3507583490291939 -0.3004541920793571 -0.1861310863962578 -0.1625014044594421 0.00909812478312974 0.048475631297659846 0.18292988674005428 0.21496546268918962 0.4356023413405765 0.4407160673354659 0.6324337954881376 
0.5286942706791373 -0.7270846844495006 -0.7256759625140048 -0.8402463993976896 -0.8281126084986449 -0.9855914523636675 -0.9188838479283867 -0.9663000294269194 -0.9829394560953867 -0.9796302434125456 -0.9511374935480349 -0.8804524501251499 -0.9854151528253231 -0.8344232148867864 -0.8994737717834749 -0.698376511751461 -0.6905998486393339 -0.6732057529996562 -0.5621442659449859 -0.37570794835637483 -0.4597179362134945 -0.2879876949667783 -0.23975769611075556 -0.011180102083013425 0.04988108161676143 0.1292369090680508 0.19096796247295544 0.332032225502707 0.40170811926701067 0.6358604478605678 
0.19033698873963184 -0.6874592285262959 -0.7028166093935028 -0.7967155110621681 -0.7807098394473007 -0.9734269978382413 -0.9347847154754223 -0.9670063546511677 -0.9980520755745619 -0.9538319057272858 -0.9888237668176133 -0.9752501910101401 -0.9744450182261335 -0.8660049371962337 -0.9068581886285644 -0.8446433720424426 -0.8888692943915691 -0.6798172589403698 -0.6730519505102823 -0.5091174505377046 -0.46230836186502056 -0.29367182809689835 -0.3312290020700346 -0.09100116007512937 -0.07575203784611209 0.14962589496915596 0.19015699423324312 0.3382724474958125 0.42132750211192554 0.5755053676745805 
0.5285127220201086 -0.7271498067703532 -0.7940002408104843 -0.845393535601673 -0.8782652910314601 -0.9237457553114604 -0.9335578732745375 -0.9663000294269194 -0.9774367360522966 -0.9796302434125456 -0.9509355099997889 -0.8843055534558311 -0.969286956325556 -0.8441901016757273 -0.8562704789120936 -0.698376511751461 -0.7094567897478801 -0.6745373205158405 -0.5465528095521529 -0.3763815510184593 -0.4597179362134945 -0.2879876949667783 -0.15997388307496785 0.044170051088685824 0.05560429696489762 0.1928362992220129 0.19096796247295544 0.38814390791532694 0.40170811926701067 0.6358604478605678 
0.8540462548145668 -0.5352003926466253 -0.6007906363598784 -0.7956241198738999 -0.7789083491838606 -0.8474702538192491 -0.9197239818259468 -0.972214331196904 -0.9973265250719754 -0.9874774150767078 -0.9884225792870799 -0.9787150804641828 -0.9901423694706772 -0.9569080785238273 -0.8903932643704365 -0.8763948715248329 -0.8478044797337538 -0.7774082226843809 -0.695971899553452 -0.4687301652770367 -0.5282538218778169 -0.45536636323764085 -0.30286395202386607 -0.15823250201701838 -0.13750918357903788 -0.02682263366384001 0.07416077329590201 0.31739411749805063 0.20447233105101398 0.5746972627495089 
0.5286942706791373 -0.7271498067703532 -0.7265232557374923 -0.845393535601673 -0.8334668758867063 -0.9227007155555276 -0.9313503021886654 -0.9663000294269194 -0.9761705144826461 -0.9796302434125456 -0.9511374935480349 -0.8804524501251499 -0.9854151528253231 -0.8344232148867864 -0.8922321651475505 -0.698376511751461 -0.6905998486393339 -0.6732057529996562 -0.5621442659449859 -0.3706678284478286 -0.4597179362134945 -0.2879876949667783 -0.1573164035196658 -0.011180102083013425 0.04988108161676143 0.19281088550743564 0.19096796247295544 0.332032225502707 0.40170811926701067 0.6358604478605678 
0.5258361081272854 -0.7187916310877854 -0.702903342825497 -0.8402738712550182 -0.8342490180532466 -0.9777833198784781 -0.883765127512835 -0.9688736571529831 -0.9835961739314102 -0.9589450168513992 -0.9885446803345858 -0.9241544065450579 -0.9746673375494059 -0.9126878360773764 -0.8997327424804777 -0.8819321336674883 -0.7162204654954375 -0.6729976275156845 -0.6709258780523051 -0.4963544074559113 -0.5107685689117157 -0.32903330962401905 -0.23931779282451526 -0.037238131375361444 -0.02978851112421691 0.19254639615502972 0.05860236119848217 0.3329731165809484 0.3792857036492799 0.588327742341304 
0.17673337518772045 -0.3108950167066724 -0.4248638521133475 -0.7971818866389163 -0.6247574773286829 -0.840834067254143 -0.8816786051509221 -0.9741634430139618 -0.9300981110307618 -0.9599534095423824 -0.9890848755223927 -0.9812519073234622 -0.9858868409659132 -0.8485752914798796 -0.9233926026040102 -0.8562118132893696 -0.9698679939669014 -0.9568011856557675 -0.8146637841240209 -0.4806032750850944 -0.7396097627068573 -0.5628127737151665 -0.5708030597958534 -0.19837373867278763 -0.3694431031084668 -0.022299701483245105 -0.21569599248342425 0.12489246921920424 0.011340565687705327 0.6186814696495005 
0.5314337235211014 -0.6917152822778762 -0.7177187516365838 -0.8921516809413954 -0.8771956354917922 -0.9697609744365117 -0.9870690683827489 -0.9819963994810745 -0.9866511362640891 -0.9793724447608191 -0.9813875387137293 -0.8855668683548967 -0.8628203341659122 -0.8925810846933775 -0.8565921120365338 -0.7092146590064763 -0.7098632287730253 -0.5349463383914818 -0.546835476483858 -0.30889869078794385 -0.27831763933589887 -0.2116626657975527 -0.16554674769868735 0.007309932094617687 0.0557250487976849 0.2178838150896804 0.2173592905823582 0.4439659030889789 0.43224527000602864 0.5657656757174823 
0.1874966778153133 -0.6770750801287747 -0.6074224601627072 -0.8368807782150962 -0.7789807265905265 -0.9470905782144521 -0.9182181900717573 -0.8986480791916438 -0.958184344031154 -0.9716203930797802 -0.9886023604535494 -0.9786827456066941 -0.9864788855210118 -0.969965092738008 -0.9001135067218624 -0.8823378250174615 -0.8035622900560461 -0.7740310398827245 -0.6963122162760033 -0.5329847460253928 -0.5282571126263772 -0.401245486159386 -0.34851501192392087 -0.15846014484540163 -0.1375172333204804 -0.031154310046561606 0.07524849766787427 0.10727305322675261 0.32481942094521976 0.5755095491757719 
0.8718081722625436 -0.7991251654299807 -0.6993181927357671 -0.8908764465101315 -0.9518978036819875 -0.9909052359009435 -0.9575830995116117 -0.9807150281271872 -0.9605555040117355 -0.9775742511258406 -0.990651594422701 -0.9007267571101089 -0.8608852385764386 -0.8644592009325299 -0.7644525399931432 -0.6716029520470789 -0.7183233291354953 -0.5043525153600268 -0.5247530993696289 -0.2960166568604654 -0.27788481876170346 -0.11090228240339854 0.051997353487729936 0.10597995476173717 0.10022258171843564 0.3598701479761832 0.3244665963559627 0.5268811388173177 0.5156790107997814 0.6599231966859267 
0.20771709871639482 -0.7995749009872724 -0.7620735594734654 -0.904201802127642 -0.8938783328317114 -0.991322537350593 -0.9885816667963346 -0.9831024727680527 -0.9873516701171341 -0.9859496345760692 -0.9038610448213121 -0.9119722933466601 -0.8608867600918597 -0.8325723356449307 -0.7362784884411747 -0.6712095144539953 -0.7204855036467503 -0.5149148527087868 -0.5159955459117654 -0.30631248719628446 -0.29202196936682706 -0.11018351824357134 0.06216793728488053 0.10609945713456337 0.04986815177125186 0.3319465668411862 0.43768875071420055 0.5303070326312965 0.46235480575314947 0.6859141870780769 
0.5314337235211014 -0.8146270978144806 -0.7995532419465198 -0.8917120828728663 -0.8771956354917922 -0.9693555033522888 -0.8861945696175767 -0.9819963994810745 -0.9885498858808673 -0.9793724447608191 -0.9813875387137293 -0.842102869308501 -0.971438177572291 -0.8925810846933775 -0.8581966760224556 -0.7092475871764665 -0.7098640021244667 -0.7106432835737335 -0.5470537525669864 -0.3759490537409676 -0.27835099988276035 -0.2116626657975527 -0.16554674769868735 0.008050058449438739 0.05567813706926912 0.2178838150896804 0.21651786449550137 0.4400660105730193 0.43224527000602864 0.5657656757174823 
0.863100887407682 -0.82077152161372 -0.7770907879306972 -0.8917818552479337 -0.8771437863416632 -0.9645109551420453 -0.8868099269490265 -0.9819963994810745 -0.959831608370964 -0.9846253153204151 -0.9523047110253389 -0.9369590384486554 -0.9857310739479408 -0.8930682734853813 -0.8624500162139778 -0.7118804002344004 -0.7091646616539085 -0.717548756759019 -0.5370283720728779 -0.37545002247067893 -0.2924342582608923 -0.2047540570239815 -0.1656105494494757 -0.046766209522308116 0.05567813706926912 0.2178838150896804 0.21648864896450476 0.43397038841686153 0.431338771492188 0.5641259025028499 
0.863100887407682 -0.82077152161372 -0.7770907879306972 -0.8917818552479337 -0.8771437863416632 -0.9677005051081488 -0.8868099269490265 -0.9819963994810745 -0.959831608370964 -0.9846253153204151 -0.9815890400046202 -0.9369590384486554 -0.971438177572291 -0.8930682734853813 -0.860951866099368 -0.7118804002344004 -0.7102721261227715 -0.7118496669608687 -0.5370283720728779 -0.3758857317040417 -0.2924342582608923 -0.2047540570239815 -0.1656105494494757 0.007797966897203159 0.05567813706926912 0.2178838150896804 0.21648864896450476 0.4378232723980117 0.4323206724636026 0.5660085591932785 
