0.024583956901744117 0.18165202878698963 0.7069913651219484 0.6603703908651932 0.8276308304861628 0.7903506040757702 0.9343270017583607 0.8678900108697482 0.9841944238053286 0.9414293093172271 0.9768651034869085 0.8972106972608382 0.976053028467014 0.7111216761578764 0.9162329221668715 0.9254630986972949 0.6744635285528363 0.6121350061083819 0.6250655237966405 0.39056311291537427 0.4953263481102563 0.3621313741975062 0.2612080784346948 0.47208385348026805 0.0038546672390930297 0.08215999992651551 -0.15641425340518664 0.03254076746318919 -0.32103624152001836 -0.16569099023401382 
0.8992927992510655 -0.9914349521074662 -0.997942096625679 -0.9972393440171976 -0.9927946868036022 -0.9518176991156401 -0.9150039272004565 -0.8771524411046474 -0.8255151778834758 -0.7417843257231718 -0.6767019748449234 -0.609797840941179 -0.52914028963351 -0.42928668771179335 -0.40636285780139814 -0.23634569615086437 -0.13361853728419382 -0.0157216911644345 0.05752961960331578 0.18999553238361638 0.2608559608503591 0.38975848849152783 0.3783624657340503 0.570578714978799 0.6203036514560587 0.7499654626275112 0.7418816556911038 0.8586043601951099 0.8938631176972714 0.9405714608084907 
0.2335100282385239 -0.9930342072136559 -0.965480771907847 -0.9972354394663892 -0.9926492961016766 -0.9510766433266449 -0.8663112583890136 -0.8771471636334334 -0.8097677335299511 -0.7408636444736688 -0.6756535248122001 -0.6097245599911002 -0.5401015114248722 -0.40903764503458284 -0.32996326263070863 -0.23587624247878747 -0.12942482396258195 -0.0025183495400093628 -0.06491275552787192 0.20981643940994937 0.27912062222974426 0.38948024134541365 0.47525251263183066 0.5698981434757026 0.6015330079944815 0.7510015522166181 0.756086235555703 0.8682083124587944 0.8171247256007196 0.9564434837688246 
0.22490751518143826 -0.9887051787495262 -0.9978397014642926 -0.9807961707688504 -0.9976403221743699 -0.9970966376776634 -0.9435010431033974 -0.8925245502211601 -0.8683882991768098 -0.8596755967814688 -0.7682519847140059 -0.7043658506085222 -0.6620165224100887 -0.5007543199819562 -0.4139648355793814 -0.24416532917946457 -0.24334558359337635 -0.07334453049952558 -0.04282888886630736 0.15112394650883057 0.17217941501668244 0.3310794661324915 0.39247783516110546 0.48533815597622326 0.5569069512942185 0.7076624231799976 0.7263829711395521 0.8426610958967314 0.8256786568804941 0.9268560608507158 
0.8915102718173172 -0.9885824918730189 -0.9978397014642926 -0.9807961707688504 -0.9976403221743699 -0.99709935047872 -0.9435010431033974 -0.8925433909255421 -0.8683882991768098 -0.8596755967814688 -0.7682425939398047 -0.7037039648603856 -0.6620165224100887 -0.5007543199819562 -0.41061911535522455 -0.24417551283034306 -0.24334558359337635 -0.07337417750480979 -0.04282888886630736 0.15112394650883057 0.17189795264003957 0.32245368320410084 0.38635158535860786 0.48533815597622326 0.554767484910502 0.7076624231799976 0.7266634883549776 0.8426610958967314 0.8256786568804941 0.9268560608507158 
0.5670488754184271 -0.9929343793667539 -0.9974731639858633 -0.9972311352663094 -0.9927915637806131 -0.9518348180650446 -0.8677475428789243 -0.876762891892144 -0.8441398764322001 -0.7422715152311857 -0.676121532954371 -0.6097246248224872 -0.5289790600417782 -0.40922155953805206 -0.33821586514450375 -0.23637687122020298 -0.1335214001954527 -0.002525969924494509 0.06221685166043832 0.18578936651046507 0.2610620221108621 0.3893164385720777 0.4708726742658449 0.5706437841119729 0.6180809112416012 0.7502294329722048 0.756638221466524 0.868324163950819 0.8168544821089138 0.9529234498371741 
0.5586544401367555 -0.9792995956202978 -0.9922655566518468 -0.9907457137281565 -0.9935085898510387 -0.9491579471404811 -0.9430509076506326 -0.8924870690482223 -0.9061700446035821 -0.8518139627238135 -0.7763961656005649 -0.7042044708444701 -0.6249686439138339 -0.42093480641970815 -0.41385333201990154 -0.24390885012062474 -0.23871544742431677 -0.07303042654652103 -0.04511508102413359 0.15362637111205713 0.22130008196404483 0.3228391346265579 0.3855684775282869 0.5449726205393367 0.5551495310258061 0.696658289557018 0.7548725436702881 0.8675702036269899 0.8407686568065256 0.9202794027538644 
0.5593821869586708 -0.9885919388932276 -0.9943396824833513 -0.9890779710629797 -0.9921726368390917 -0.9515709548393007 -0.9425317090165365 -0.8915626441053844 -0.8437954071108099 -0.8577959395532249 -0.7722443955965155 -0.6966632981753885 -0.6236645262752811 -0.4391818485016188 -0.4133752258344199 -0.23633391107934898 -0.23792268342560205 -0.07476514303795488 -0.035999267338748434 0.1278046963550678 0.2257781439224059 0.3395827272122247 0.3946047800852121 0.4758121239432423 0.5550741767368467 0.705671818921161 0.7209381549995657 0.8620322587541519 0.8414950931043227 0.9205881268218498 
0.5660034511576342 -0.9929343793667539 -0.9973793911570312 -0.9972311352663094 -0.9927915637806131 -0.9512256874722669 -0.8677476103522045 -0.8767628662121234 -0.8441398764322001 -0.7422715152311857 -0.676121532954371 -0.6097435333208875 -0.5289790600417782 -0.40922155953805206 -0.33821586514450375 -0.23637687122020298 -0.1335214001954527 -0.002525969924494509 0.06221685166043832 0.18578936651046507 0.2610620221108621 0.3893168745163138 0.4707809936491875 0.5487157679341927 0.6180809112416012 0.7502294329722048 0.7549168026346105 0.868324163950819 0.8794894664088307 0.9529234498371741 
0.2335100282385239 -0.9930342072136559 -0.965480771907847 -0.9972300236591359 -0.9926492961016766 -0.9510766433266449 -0.8663112583890136 -0.8771471636334334 -0.8097677335299511 -0.7408705334787751 -0.6756535248122001 -0.6097245599911002 -0.5401015114248722 -0.40903764503458284 -0.32996326263070863 -0.23587624247878747 -0.12942482396258195 -0.0025185215704682544 0.09339354806785694 0.20926397237742123 0.27912062222974426 0.38948024134541365 0.4753778698847627 0.5698980365418836 0.6015330079944815 0.7510015522166181 0.7195605104357615 0.8682083124587944 0.8171247256007196 0.9564434837688246 
0.22674996011949547 -0.9854802372281879 -0.9922536961248448 -0.835746593754719 -0.9945084455574715 -0.9625791413313805 -0.962178535236336 -0.8923027168610231 -0.8677108276100631 -0.7830257595777868 -0.7722184929957725 -0.6966544502678805 -0.5879467194388708 -0.49838987398371987 -0.4101347734048919 -0.2543938493501265 -0.23792331866815866 -0.08409118847986062 0.004214861000850872 0.17663943960890377 0.225997921503832 0.2812727464105717 0.39344114807594016 0.48680010056713624 0.5731242993774155 0.6910502200451178 0.7077522118295202 0.8634649710730508 0.8751188200082004 0.9270423777799125 
0.5670480383440829 -0.9929343793667539 -0.9973793911570312 -0.9972301159529255 -0.9927915637806131 -0.9512256874722669 -0.876306415718538 -0.8771477301962518 -0.8441398764322001 -0.7411857944092946 -0.676121532954371 -0.6097434168125457 -0.5289790600417782 -0.41290159986868663 -0.3335825164740675 -0.23637687122020298 -0.1335514772666927 -0.0022909041141229844 0.06644923337325931 0.18578936651046507 0.2611474014739531 0.3893168745163138 0.4707809936491875 0.5706095888610144 0.6180809112416012 0.7502441878022599 0.7549168026346105 0.8584684794567601 0.8794894664088307 0.9529234498371741 
0.22893428076013822 -0.9949361557160763 -0.999779206975024 -0.9955411859152847 -0.9865131649149887 -0.9993419474187588 -0.9408399374741894 -0.894779168587347 -0.8402722382419284 -0.8516330085028732 -0.7716844215022571 -0.60984302165149 -0.5879954173253775 -0.5114480629585574 -0.405708159768119 -0.3283892584886189 -0.15383510156604824 -0.05993126299142113 0.03652200125265253 0.15287577870670765 0.22241432867791425 0.3229078045795301 0.45948586846097783 0.5486587553381421 0.6004805307364016 0.697332571918389 0.7535971866262785 0.8686633237429865 0.8775924845136273 0.9210772231460339 
0.5642823440221816 -0.9931444532789253 -0.9998744400158747 -0.9966042061001988 -0.995185635821818 -0.9532026870338145 -0.8979554042097606 -0.8909566405010424 -0.8104021712612648 -0.7409923330509371 -0.6946719194245686 -0.610330922538397 -0.5502067960539696 -0.4203474281866276 -0.3429824647013277 -0.23976661384281692 -0.16204140258954272 0.0017041166904130794 0.05872834436951763 0.18572900868872463 0.27912651933663435 0.3895221221024751 0.4713810398154149 0.549666137051536 0.6180251097522963 0.7045593401531232 0.7545201257639268 0.8578406626713351 0.8747522830202983 0.9264565696991452 
0.8923415068923144 -0.979642424547062 -0.9922707165946112 -0.9971464634048797 -0.9948798793670357 -0.9496595152321482 -0.9390199489556282 -0.8910253001129129 -0.8717281986632274 -0.7606719503856336 -0.7721971891009818 -0.6957259655092003 -0.5897216969576072 -0.440650080261847 -0.41011636683014707 -0.29843853281061505 -0.24115534930395038 -0.07316383158153449 -0.04505504846347502 0.13016283516587523 0.22598113138214015 0.33950423684309344 0.3612085319206138 0.4054689130959624 0.5521256954234803 0.6923237588958414 0.753668465352918 0.8675708023609826 0.8412848505474848 0.921734222757162 
0.22498803739644913 -0.9822245265199375 -0.9998479842770777 -0.9964916065954009 -0.9873201977679676 -0.9516316875407225 -0.9435040764833177 -0.8920007852238677 -0.9064142767825181 -0.8419163983869024 -0.7722157909267536 -0.7083862716151526 -0.5905668542357941 -0.42135135003750845 -0.4139780982797811 -0.3528729005237808 -0.2417153208779243 -0.07487766525591723 -0.044491317937091664 0.11629077401028978 0.22405901478540477 0.25974045880682106 0.36266372164313904 0.4755284910658084 0.5603775193014878 0.6991521543665291 0.7537233556048178 0.8690853592647045 0.8433525351290074 0.9247381238457635 
0.5602390886498658 -0.9942260211814424 -0.9995799279787723 -0.9977094720659183 -0.9865104379564756 -0.9506014373923702 -0.9415769072694178 -0.9191286122030272 -0.9063636755923434 -0.783051018365808 -0.7720858118620172 -0.6249452185169999 -0.5892448502212927 -0.49828757884226926 -0.4135327198805612 -0.3153932152728836 -0.23792242002771546 -0.060458244718386185 0.0037186536866272977 0.12956438769725262 0.22611531840543594 0.32349811774294207 0.392300067162027 0.4756728875173572 0.5569096057088344 0.6914319052296521 0.7237037170862709 0.8634747178720839 0.840979342097953 0.9272317745083439 
0.5628463673982879 -0.9801319876962868 -0.997130557928905 -0.9965867907788505 -0.9874559355338014 -0.9505297085777292 -0.9417936599092168 -0.8948272349475604 -0.9125456340357069 -0.7835231443972224 -0.6750157672854644 -0.6096628774939534 -0.5570890883958363 -0.43956779509800264 -0.3556108009073295 -0.24337842909933718 -0.15830475995260912 -0.08133959416511949 0.0012343571932947224 0.18372243462451046 0.22536469905552883 0.39722329037151627 0.47105136753776317 0.4980857057789563 0.6039114349230245 0.7059936429520457 0.7575686162895876 0.8690801895808818 0.8503638799565763 0.9248600034137879 
0.23072738733289158 -0.980286475640577 -0.9999052288562197 -0.9965995624573533 -0.9840075004041999 -0.9531768797199488 -0.8987046826339153 -0.8947750959648835 -0.8104021761786537 -0.7417472760638735 -0.6946250685830582 -0.6103294208734045 -0.5501994275751059 -0.4207406996788186 -0.40579616044732497 -0.23970720391904105 -0.13156333536481252 -3.2680915889149453E-4 0.05832653924122049 0.15134572277332933 0.2638066559327899 0.38552407241077397 0.4712205132459521 0.5710322313608914 0.5995737633810044 0.7056891712014461 0.7580970951940948 0.8691345267654584 0.8843057985269301 0.92479925165009 
0.8939388202812304 -0.9944149363678789 -0.990870767212743 -0.9812844092087568 -0.9868763451973629 -0.9935669568338257 -0.928997192517748 -0.892354930037741 -0.8715184265495723 -0.8537025711507571 -0.7761231533924957 -0.6999646420358713 -0.589469790234684 -0.43943271392913236 -0.41352494663926004 -0.24398417837682654 -0.2382487499958157 -0.07302690482710195 -0.04455626557519403 0.15402430405662262 0.21699642668635838 0.3220815662657349 0.39429775199114736 0.5060884867780987 0.5550011270650479 0.6966870853189112 0.7555483687426477 0.8676482941552178 0.8405939271988754 0.9200259354987066 
0.2325131797214709 -0.9923760951896599 -0.9981173952782683 -0.9969841940144057 -0.9974020203239857 -0.9511213144789645 -0.9282808972952223 -0.8783469069450616 -0.844265641538564 -0.7422562242455626 -0.6999223193255087 -0.6120130293189081 -0.5395226572942601 -0.417150071150612 -0.3389916972704153 -0.23394367268702185 -0.12841573360179423 -0.005111898637904758 0.06050019032134771 0.18763388546926643 0.2612655937534548 0.3861190181985508 0.4763331404914125 0.5702654272919511 0.6009385937584635 0.7500122998080982 0.7554956266841595 0.8365441257036581 0.9283620362939845 0.9412593479327462 
0.893101162634709 -0.9963388132531558 -0.9942013414992497 -0.9902691291048631 -0.9934441971086178 -0.9507580923175992 -0.941713112617734 -0.8923227577435335 -0.8407674971220067 -0.8336999915674652 -0.7763892535212237 -0.7004679715780847 -0.6228627002152571 -0.4288616181258928 -0.4135336807589008 -0.2993232191406465 -0.23874954157320133 -0.05446031784695727 -0.03665459624098019 0.15299894610764514 0.22403188488971765 0.28348249006257825 0.3865223821847791 0.47598259057794906 0.613799114251891 0.6956208751983284 0.7539976907935974 0.8676601892932677 0.8434786233257981 0.9200564345393374 
0.560187816128999 -0.9816535692785257 -0.9995096571245596 -0.9489583064156456 -0.9865137602988524 -0.9999412773105497 -0.9408417115133477 -0.9208796168805278 -0.8578070501806742 -0.7420261417732248 -0.7720870102713749 -0.6213148254307366 -0.5878727651551391 -0.5114163931356485 -0.4113911798866165 -0.32557644766789606 -0.23799248633599146 -0.06072043205203135 0.003715557154365067 0.17960927856946252 0.22325590449437077 0.32278923657607167 0.3926377507437384 0.47572130754155184 0.6004965916467437 0.6914218130923793 0.7537046827407354 0.7566287027331308 0.8380416548208638 0.9206802041791131 
0.2335111435544084 -0.9930467295697974 -0.9961967085336066 -0.9969241484548245 -0.9950313031825512 -0.9517854348324911 -0.8777330021250914 -0.8460579431465511 -0.798239610997613 -0.7408622247970715 -0.6774031102386303 -0.609921007286386 -0.5394721585044848 -0.42010788462518867 -0.32912501504794545 -0.23724637272670782 -0.128998486636936 0.00401439184203608 0.06296941720553317 0.1858009925982824 0.2600960901114898 0.3494810659480552 0.470237621664405 0.5692547732478023 0.6179499491981281 0.751002306108688 0.7694997342716071 0.8683306028833383 0.9335890464362876 0.9655915107835101 
0.8984622838848036 -0.9909808350028141 -0.9974901705767115 -0.9895524913493066 -0.985165463321937 -0.9983963528958958 -0.9901384564708512 -0.8761168260756433 -0.7990084589272501 -0.7417612621976744 -0.6994480167959027 -0.6103603790184534 -0.5800038236866303 -0.40878882207185246 -0.3197723022553687 -0.2380751723799114 -0.1221806295832085 -0.0027183541374179187 0.062261274458858554 0.15468508209432213 0.26366261977852606 0.389813945480368 0.47023395803835083 0.550188198800779 0.6002573248249042 0.7103736934581568 0.7561633700456174 0.8692094186258682 0.9339587910520737 0.9413854536109576 
0.8930756438643714 -0.9831455761869692 -0.9942013414992497 -0.986338339591543 -0.9934441971086178 -0.9506450421781248 -0.9419786526337967 -0.8934924063424045 -0.868295833888819 -0.8508799878706047 -0.7763892535212237 -0.6857632891751524 -0.6238716819102781 -0.42069859314350433 -0.4086685128675197 -0.2993504881562725 -0.23874954157320133 -0.07300532847767666 -0.04283418189793023 0.15367183263532933 0.22336420758361167 0.3341251079455117 0.3865223821847791 0.5448256492823577 0.5568620967589082 0.6956208751983284 0.7253575903507792 0.8676601892932677 0.840757301145811 0.9262529097223262 
0.8984622838848036 -0.9803980872979423 -0.9974901705767115 -0.9966550383900549 -0.985165463321937 -0.9983963528958958 -0.8801829405350486 -0.8449404790720643 -0.799081570104235 -0.7408390375842389 -0.6772389308211731 -0.6103603790184534 -0.5800038236866303 -0.40878882207185246 -0.31992594314327627 -0.23813280405061565 -0.1221806295832085 -0.0027183541374179187 0.062261274458858554 0.15156381953507206 0.2601658528128879 0.389813945480368 0.47023395803835083 0.5696773551442506 0.6002573248249042 0.7103736934581568 0.7697165473800862 0.8683271274830966 0.9335852974691113 0.9413854536109576 
0.8976705302338758 -0.9930622950390621 -0.9979695278460752 -0.9967080028171451 -0.9934736643865991 -0.9518140682816985 -0.9977734038651739 -0.8946747044060764 -0.8253147774231944 -0.7408608703856592 -0.6937172182146527 -0.609551617557766 -0.5373515785725228 -0.41997101405760473 -0.32828107261694184 -0.2392902918739263 -0.1346199942010256 -0.014956245372330534 0.060415556481348213 0.18432214938088032 0.26460114270869245 0.3898939848899965 0.4706616236193272 0.5742250460874018 0.601636634738633 0.7059845104645324 0.8104984463765591 0.8696816503967643 0.8780320547889258 0.9256274516968822 
0.8943393165929219 -0.9796228569689326 -0.9922707165946112 -0.9971415294730231 -0.9944872093626769 -0.9496595152321482 -0.9390199489556282 -0.8910253001129129 -0.8552179306752192 -0.7606719503856336 -0.7721971891009818 -0.6953945179647298 -0.5880415113702749 -0.44099054329328863 -0.41032095332165386 -0.29883086264008035 -0.24115534930395038 -0.07316383158153449 -0.03918418459933583 0.13016283516587523 0.22129876819812938 0.33950423684309344 0.3612085319206138 0.47724650414249054 0.5521256954234803 0.6923237588958414 0.7537343309529644 0.8675708023609826 0.8412731362965636 0.921734222757162 
0.8992927992510655 -0.9914940147147061 -0.9974901281327743 -0.9970041032529823 -0.9851885364632763 -0.9517920624173017 -0.9266795803334715 -0.8954054168122574 -0.7986974076037816 -0.7400912507079794 -0.6998994856163708 -0.6138795465579396 -0.5800031602168065 -0.41983984187324275 -0.3396970549165851 -0.23395183978376324 -0.13526096946930638 -0.015662481845602455 0.0610428987689308 0.18766437092504987 0.26133468038066326 0.3897915961939191 0.4702802390726255 0.5696321310158527 0.5893327439998426 0.7519951839536544 0.7417568229838518 0.8683210342894474 0.9358401982613999 0.9413584138629442 
0.5654849860304493 -0.9914522970692372 -0.9979418386569869 -0.9970038120376985 -0.9849643283257 -0.9512455208097115 -0.9160317745852947 -0.8775096610624123 -0.8101708268719272 -0.7422232306682992 -0.6998994856163708 -0.6120658461326102 -0.5399684043058194 -0.4176816308058214 -0.33825783338179966 -0.23625916128872795 -0.1357710906974818 0.01102848096392203 0.061036001855296666 0.18766437092504987 0.2791091085940604 0.3899954103244771 0.47142966841554895 0.5714759410253815 0.6014968333449526 0.7067511573525638 0.7569160239763367 0.8683210342894474 0.8750728859728026 0.9412597614141083 
0.23253631221128712 -0.9923585143579621 -0.9981173952782683 -0.9969841940144057 -0.9948680177478066 -0.9511213144789645 -0.9282808972952223 -0.846844528424297 -0.844265641538564 -0.7408698071819488 -0.6999223193255087 -0.6120186184669697 -0.5395226572942601 -0.417150071150612 -0.32915914562747384 -0.23389989337049497 -0.12841573360179423 -0.004894507861011407 0.06050019032134771 0.18762898286246177 0.25998642942972316 0.3848364784196606 0.4763331404914125 0.5702654272919511 0.6191115681999149 0.7499936385488984 0.7554956266841595 0.8683425392653706 0.9283620362939845 0.9642142952692184 
0.5610972506232427 -0.988153416387195 -0.9998596462623891 -0.9898285374769484 -0.9873270741055279 -0.9493017887225955 -0.9425247776530701 -0.8917662756080318 -0.8383399670842092 -0.7410081941572386 -0.77226314438635 -0.708193171808112 -0.582614990063856 -0.502552473738998 -0.4175599177338859 -0.3306455505152881 -0.1568065567841127 -0.07487744021356486 -0.035998520144121283 0.11620735059795685 0.22599817617815848 0.31608329370509547 0.36097503011959836 0.5483097245587266 0.6240684399712672 0.6969688196536349 0.7535979267357122 0.8687055058210119 0.8782572429334757 0.9225152898051435 
0.8992927992510655 -0.9914940147147061 -0.9974591004060338 -0.9971437199710217 -0.9928012251520314 -0.951817359440853 -0.9259004010111056 -0.8767670235718785 -0.8098293965918583 -0.7417843257231718 -0.6761020596560705 -0.6120658461326102 -0.538422799560206 -0.4173217864224499 -0.3382159235919589 -0.23637144639536894 -0.1333347077175715 0.00994555724087025 0.061036001855296666 0.18765849631843104 0.261194975793403 0.389982346824456 0.4675573922553404 0.5695337829932396 0.6018378455002122 0.7519951839536544 0.7670368904691774 0.8683507490441413 0.8398313731116597 0.9412536341769668 
0.22928530082725335 -0.981894272254521 -0.9993300749645734 -0.996592108133736 -0.9868705222689009 -0.9505807434661425 -0.9408024384347018 -0.8919055278830135 -0.9073024827315825 -0.7418784674187862 -0.71387285381526 -0.6116307285058381 -0.5574086972762272 -0.4395759794037459 -0.405826991530663 -0.23908267433730657 -0.15150365378435665 -0.0826399202167184 -0.0033009683590480253 0.178366002196004 0.22661351535805999 0.3161751336487658 0.4206314503919367 0.5105680243342094 0.6039198613313992 0.7054366001562156 0.7554639446040454 0.8690115172212834 0.8409274591387098 0.9206883010875571 
0.22933283276147906 -0.9852838712012009 -0.9989475546810102 -0.996592108133736 -0.9947230671057176 -0.9505807434661425 -0.9406802689850596 -0.8928080729756867 -0.9108333518941338 -0.7830237089646207 -0.772984247069318 -0.6115960767315289 -0.5574086972762272 -0.4395759794037459 -0.405826991530663 -0.25597488705062127 -0.15150365378435665 -0.0826399202167184 -0.0033009683590480253 0.178366002196004 0.22661351535805999 0.3161751336487658 0.4206314503919367 0.4835768743966391 0.6039198613313992 0.7055885239864743 0.75558427336219 0.8690115172212834 0.8756093128168198 0.9206883010875571 
0.8951937019997758 -0.9964564584898306 -0.9998930882965829 -0.9967453841579783 -0.9846204703580701 -0.9506376391530817 -0.9852252893260717 -0.892821114969912 -0.8683379118865294 -0.8524045264369245 -0.7722054683051927 -0.6975501240284939 -0.5838947500978975 -0.5083289710198274 -0.4103211166484832 -0.3009431616948838 -0.20055326862948833 -0.07317821685054272 -0.03827026622037407 0.11619294636165119 0.22608499196910045 0.3173556379057969 0.3924015123363358 0.5126059838252334 0.5524047355732868 0.6911821789899946 0.7547219298492303 0.8686771848477256 0.8803235365449649 0.9285635674439524 
0.8927582972109859 -0.9942995344264921 -0.9909396437157876 -0.9812800596971569 -0.9873215176337187 -0.9966920793249012 -0.9284835253252156 -0.8928169500746044 -0.8585824593382991 -0.8528865361250583 -0.7763021128867903 -0.703279627065425 -0.5901111695287511 -0.4399270318516451 -0.4139034699523455 -0.24400053862432786 -0.24327933642504268 -0.07302690482710195 -0.04455384364874554 0.15402430405662262 0.22135191085909306 0.2825126993836402 0.394423473963635 0.5499840508464028 0.5549752852151927 0.6967122265798792 0.7261815437913403 0.866014130108371 0.8437625589674147 0.9292694127913597 
0.5654849860304493 -0.9914522970692372 -0.9979576733282863 -0.9970038120376985 -0.9851972279573125 -0.9512455208097115 -0.9160317745852947 -0.8775096610624123 -0.8101708268719272 -0.7421283688134197 -0.6998994856163708 -0.6120658461326102 -0.5399684043058194 -0.41756562790587554 -0.33834540235638366 -0.23625916128872795 -0.1357710906974818 -0.016312726486837514 0.06104290665322518 0.18766437092504987 0.26075685485294886 0.3899954103244771 0.4714302744789796 0.5714759410253815 0.6014968333449526 0.7067511573525638 0.7570622256166606 0.8683210342894474 0.8750728859728026 0.941357338303264 
0.23046265036455543 -0.9968457728198521 -0.9949170414263718 -0.9820335471514264 -0.9854207529217676 -0.9531077929625529 -0.9237789305945254 -0.8950914543557424 -0.8401864930726727 -0.741691610594064 -0.7350868867256818 -0.609959949934813 -0.5384241824647243 -0.41704775939927335 -0.33802881862804357 -0.3232241793224666 -0.13579609977506257 0.004127009003058605 0.03608789903298184 0.15083186227172235 0.2648416812200663 0.32051802038791877 0.4740357507263892 0.5498630989544038 0.6018553516409824 0.6973418472021092 0.7671437088661762 0.8631445007239655 0.8766801347605483 0.9408204899955941 
0.22500318678168604 -0.9853596943112614 -0.9923116739488133 -0.9900252532850242 -0.9935614387234003 -0.9707833905034293 -0.9434683398297061 -0.892004114696367 -0.8543663032912632 -0.7830259335296713 -0.772215705149496 -0.6967379039222383 -0.5907428316672549 -0.41070223081688606 -0.41031149371156506 -0.35312298315135554 -0.24146779477949865 -0.07306748877108825 -0.042464395495368956 0.11765745310088684 0.22401217976082732 0.2597745777993938 0.3926677162219832 0.4867246659095064 0.5569607699023273 0.6964269721988341 0.7261017071189936 0.7515173212568121 0.8406987260133802 0.9201540967154372 
0.5615322819025166 -0.9937077388834542 -0.9922965204309757 -0.9977092976169909 -0.9941209174574384 -0.9509476120135875 -0.9809527473372636 -0.8928416865857944 -0.838811861411361 -0.7428061188456673 -0.7729048904423855 -0.6953522833324618 -0.5830188704565965 -0.4982583982068641 -0.41339713723143395 -0.3190527479387164 -0.23816111113031255 -0.07479501394308065 -0.03446222129589821 0.12954885045751333 0.22309401267700815 0.3147100549597293 0.39233760144234026 0.48221864638608547 0.5548394190591255 0.69105761105769 0.7246054963352784 0.8633432162307958 0.8780121905232426 0.9269650756855505 
0.893101162634709 -0.9831455761869692 -0.9942013414992497 -0.986338339591543 -0.9872643193649473 -0.9968067818017834 -0.9412109222761765 -0.892320532747818 -0.868295833888819 -0.8508799878706047 -0.7762815161415189 -0.7014445754525915 -0.6256275535953011 -0.43916507425855655 -0.4135730379402335 -0.29950165767038855 -0.23880937940120803 -0.07486867796991303 -0.04279140992297142 0.15140086146441695 0.2233502391694215 0.28046142400034246 0.4034206032098628 0.5499961898686393 0.5568126762984317 0.6966443252570845 0.725308045128824 0.867660212969276 0.840757301145811 0.9262529097223262 
0.22738521168474285 -0.9817911712676567 -0.9973926278002718 -0.9871221256123358 -0.9869494853861269 -0.9531044926608274 -0.9414928059232243 -0.9227061229991022 -0.8375065400202006 -0.7504918628939313 -0.7729551610636547 -0.7009703423014444 -0.5889825773814323 -0.5115908497690944 -0.4101926143114131 -0.24314095222068136 -0.23799812007241253 -0.07308650944084705 0.004214861000850872 0.12895643396769849 0.222260468749017 0.3791432405078324 0.4193618886553741 0.48382647867952505 0.6005958287352383 0.6910327212315959 0.7541319535581299 0.8643993257874013 0.8751958415877723 0.9210259113948802 
0.8944402886732346 -0.9963497930516519 -0.9914009011903822 -0.9812672747219372 -0.9874660496212426 -0.9513470765730865 -0.9433857729596864 -0.9207007298702397 -0.8712671367086439 -0.8538412882987788 -0.776149717208124 -0.6992716715948668 -0.6080692913140274 -0.43968797106505786 -0.41399015291300545 -0.24983245435897977 -0.2417153208779243 -0.0729889593355938 -0.036397849332067626 0.15488725521490448 0.2241035814280448 0.3248271257197368 0.38634475110677463 0.511706353863718 0.554706354662486 0.7047979304737004 0.7537722280149307 0.8676437300442866 0.84053576370189 0.9242226414060317 
0.5670488754184271 -0.9929343793667539 -0.9974084772480541 -0.9972311352663094 -0.9884559864755408 -0.9518348180650446 -0.8767534271102345 -0.87754998200365 -0.8075765800471832 -0.7422715152311857 -0.676121532954371 -0.6097233471490747 -0.5392312448499337 -0.4123404197600012 -0.33821586514450375 -0.23637687122020298 -0.1335214001954527 -0.002525969924494509 0.061034233434704696 0.18578936651046507 0.2610620221108621 0.3893164385720777 0.4708726742658449 0.5706437841119729 0.6180809112416012 0.7502294329722048 0.756638221466524 0.868324163950819 0.8168544821089138 0.9529234498371741 
0.024583956895673033 0.18165202878698963 0.7069913615721918 0.6603703908651932 0.8276288810309448 0.7611546018727112 0.9343270017583607 0.8635917025633534 0.9841944238053286 0.9414284099762569 0.9768651034869085 0.8943499765439857 0.9666532244649391 0.7114530174712232 0.9162329212955922 0.9254630986972949 0.6744635285528363 0.6121350061096507 0.6250655237960006 0.4195813375938916 0.4953263481102563 0.36021961123038254 0.2612080784346948 0.47208385348026805 0.0038546672390930297 0.08215999992651551 -0.15641425340518664 0.03254076746318919 -0.31939032014639374 -0.16569099023401382 
0.8964770291125062 -0.9958864547528921 -0.999860398906086 -0.9903520359529825 -0.9848060136151453 -0.9987760015346281 -0.8995980003240003 -0.8769266406588442 -0.8691297383067236 -0.7808244110941408 -0.694495953616918 -0.6148336631325223 -0.5402341273675862 -0.5028133255625831 -0.35446103438853277 -0.24519892387730347 -0.16510517125509228 -0.042895633291315835 0.051033907795406605 0.12714711452283728 0.25912589673621156 0.37841176731868836 0.434987854184151 0.558559252396662 0.6174439397999966 0.6901070739580627 0.7536924610636739 0.8690897682242298 0.8739081481488619 0.9224734324979644 
0.561113963017431 -0.9185722004373357 -0.9909362991941938 -0.9902677543675604 -0.987061716044689 -0.9493656110958039 -0.9435775935262252 -0.8947954092597439 -0.8405139061590878 -0.8513272524068801 -0.7683260288943771 -0.697071548164502 -0.5857146464921382 -0.43757420206819253 -0.41382365965128276 -0.2603696363164087 -0.2364164372699643 -0.0731340451396624 -0.04455635439062078 0.15147503518709465 0.2238834505622733 0.3226601593454845 0.39953991583586523 0.4755986844178398 0.5550078582128949 0.7048342821193514 0.7537497383462685 0.8687114974092909 0.878578378859637 0.9200219595458465 
0.23354443118449478 -0.9911767424672048 -0.9969848341027611 -0.9969245585204561 -0.9924722046834878 -0.9518046343569763 -0.9287354226590903 -0.8944466835885541 -0.853736227282863 -0.7408572059590748 -0.694067518662538 -0.6092419325221365 -0.5402653615092703 -0.41100682066853894 -0.26929638297647185 -0.17706509043656332 -0.1289889327073227 0.0040764175188355845 0.14333238212408766 0.18231183219097782 0.26381246363738575 0.386368364228638 0.4706080494218657 0.570804354951335 0.6015314873691529 0.7065800124137293 0.8104971932094909 0.8696746496712358 0.8176402161396901 0.9247688391944899 
0.22733706545987606 -0.9854802372281879 -0.9922536961248448 -0.9977178291996346 -0.9945084455574715 -0.9506143324722517 -0.9436104356333855 -0.8927447092440665 -0.8677535148323597 -0.783051018365808 -0.7722184393954289 -0.7081018053440417 -0.5879074532966794 -0.49838987398371987 -0.4101250556800863 -0.2543938493501265 -0.23792331866815866 -0.07567606714970974 0.004214861000850872 0.127690409137819 0.225997921503832 0.3376525969383035 0.3598163415679576 0.4894247789665216 0.5731242993774155 0.6910502200451178 0.7077522118295202 0.8634649710730508 0.8751188200082004 0.9270182888566277 
0.23046265036455543 -0.9968457728198521 -0.9814649534082589 -0.9820335471514264 -0.9854207529217676 -0.9531077929625529 -0.9237789305945254 -0.8950914543557424 -0.8098350621135455 -0.741691610594064 -0.672539262715799 -0.6175031150064527 -0.5387321896368165 -0.41704775939927335 -0.33802881862804357 -0.23651179274905773 -0.13579609977506257 0.004127009003058605 0.043548378983145966 0.15083186227172235 0.2648416812200663 0.32051802038791877 0.4740357507263892 0.5498630989544038 0.6018553516409824 0.7055442138482303 0.7671437088661762 0.8631445007239655 0.8767576865129783 0.940946129848152 
0.2335100282385239 -0.9930598958087683 -0.9935258101299106 -0.9971536325366581 -0.9927713496969971 -0.9495722382661573 -0.8667379104048493 -0.8767420351833094 -0.8476480219901932 -0.7421177269056338 -0.6994237025221184 -0.6097447361276814 -0.5292772326703157 -0.41302948862715166 -0.3318687422961361 -0.18832270949798607 -0.1359884962825014 -0.003054278151911946 0.06222120341044364 0.1876135761611676 0.26258137732767367 0.3494810659480552 0.47023835855992474 0.5715332748764412 0.602457173412631 0.751002306108688 0.7696004404618658 0.8682083124587944 0.9335890464362876 0.9272872642588613 
0.8972762755904841 -0.9930688299910092 -0.9911937827768686 -0.9972182955300121 -0.9849331219707227 -0.9518046343569763 -0.9287648446139255 -0.8915589688230554 -0.8246100352917315 -0.7408572059590748 -0.692444842394825 -0.6189151652046657 -0.4998975256779586 -0.41146477584623015 -0.3282850465583145 -0.24353897565182597 -0.12804288390048407 0.0034619682773105037 0.05912771571769957 0.1895480645213133 0.2776880539647851 0.3854690905711095 0.3938911675963419 0.5698681184359704 0.6015314873691529 0.7052648272885031 0.75695767475942 0.8676478024591946 0.8759053767666055 0.9247688391944899 
0.8939388202812304 -0.9944487492981705 -0.994312934548221 -0.9826477208796902 -0.987149599324613 -0.9966920793249012 -0.9290756449067785 -0.8923549418987241 -0.8717739572905444 -0.8537740224167936 -0.776383412083787 -0.6975027009599252 -0.6236550069007585 -0.4393334665085078 -0.41343451933984937 -0.25311707932624866 -0.23824882963926694 -0.07470070794672513 -0.03937836933207031 0.10739938153733948 0.22140504356929291 0.2824428203435632 0.39429775199114736 0.5120807156670706 0.5550011270650479 0.6952865280981656 0.7555134404452772 0.8676482941552178 0.8405939271988754 0.9206607611286896 
0.5642960285247173 -0.9806126149639248 -0.9976567372070464 -0.9972361815079686 -0.9849090517065732 -0.9518514529147754 -0.8682092330042431 -0.8911086866790612 -0.8104020569355341 -0.7417749583918919 -0.6805178310230218 -0.6103260229019162 -0.529033905056135 -0.40918811759045826 -0.3388514303513339 -0.23554549519843737 -0.16135673930925779 -0.059205102798659384 0.04592086783711402 0.15134572277332933 0.2650446251203693 0.3775341613215213 0.4711483372481233 0.5500990962520794 0.6173411974704981 0.6868000817041924 0.7548786799543786 0.8689836969847722 0.8470640723939677 0.9265649071774229 
0.23072738733289158 -0.980286475640577 -0.9999052288562197 -0.9965995624573533 -0.9842077350847508 -0.9531555746327758 -0.9434071098348495 -0.8947750959648835 -0.8104021808210986 -0.7417472760638735 -0.6946250685830582 -0.6103294208734045 -0.5501994275751059 -0.4207406996788186 -0.40579616044732497 -0.23970720391904105 -0.13280714730423115 0.002619892120712227 0.05832653924122049 0.15134572277332933 0.2638066559327899 0.381792701250995 0.4702942478475841 0.571057018249867 0.6681486550971826 0.7056891712014461 0.7580970951940948 0.8691345267654584 0.8843057985269301 0.92479925165009 
0.8951937019997758 -0.9946437126537867 -0.9927956153789951 -0.9967453841579783 -0.9845577992497743 -0.9506376391530817 -0.9409936485958369 -0.892821114969912 -0.8683379118865294 -0.852539324793602 -0.7722051429967315 -0.6975501240284939 -0.5838947500978975 -0.5083289710198274 -0.4103211166484832 -0.2535601529612063 -0.23874927008257246 -0.07317821685054272 0.005187928689944686 0.12973927961694154 0.225997921503832 0.3173556379057969 0.3919539235193892 0.5127332323233061 0.553745011984662 0.6912351051883915 0.7547535778438469 0.8686771848477256 0.8393802276439225 0.9284904540152065 
0.22733706545987606 -0.9947539810128387 -0.9922536961248448 -0.9977178291996346 -0.9871848044663222 -0.9969777824198915 -0.9436104356333855 -0.8927454087856659 -0.8676965168358268 -0.783051018365808 -0.7722184393954289 -0.7030469212100773 -0.5877517566066103 -0.49838987398371987 -0.4101250556800863 -0.2543938493501265 -0.23835168341163937 -0.07287068329855996 0.0024196760764229226 0.127690409137819 0.2258834226683563 0.3376525969383035 0.3598163415679576 0.4894247789665216 0.5552536757523009 0.6910502200451178 0.7089130562091817 0.8634649710730508 0.8844501348336627 0.926993164492486 
0.22677487528574916 -0.9853316400782574 -0.9922609329794498 -0.9900252532850242 -0.9936604820376665 -0.9623819476435614 -0.9434390391811087 -0.8931511268428662 -0.8386297786316456 -0.7830259335296713 -0.7722148476380972 -0.6966237781402607 -0.5857183944400017 -0.4349557816150784 -0.41033287367288124 -0.31623020395648976 -0.23838048294977268 -0.07306748877108825 -0.04350950153759635 0.13016083731885814 0.22135387910670126 0.2818277245932097 0.35304264459212537 0.48679970498515013 0.5569099356027777 0.6964269721988341 0.7261017071189936 0.8555131439925594 0.8406987260133802 0.9204059076564304 
0.2335100282385239 -0.9934184840387342 -0.998923986450343 -0.9972300236591359 -0.9928429407979082 -0.9510714793912459 -0.8979134171404147 -0.8771471636334334 -0.8097677335299511 -0.7416965784370975 -0.6756535248122001 -0.6097245599911002 -0.5401015114248722 -0.4080473067241474 -0.32996326263070863 -0.23587624247878747 -0.12935707443323863 -0.0025185215704682544 0.0952385918912245 0.20926397237742123 0.2797462278340589 0.38924590114250524 0.4753778698847627 0.5698980365418836 0.6015330079944815 0.7510015522166181 0.7195605104357615 0.8691204343988083 0.8166376074437988 0.9254471265351717 
0.8972762755904841 -0.9929778745944122 -0.9911416326889827 -0.9972182955300121 -0.9849331219707227 -0.9481907427630867 -0.9278931364575914 -0.892358792747537 -0.8246100352917315 -0.7394149347813963 -0.692444842394825 -0.6189151652046657 -0.4998975256779586 -0.4389241528639861 -0.32920951163444595 -0.24354017734669237 -0.12804288390048407 0.002316837060667945 0.05912771571769957 0.15393873540269956 0.22644043645543313 0.3854690905711095 0.3938911675963419 0.5698681184359704 0.6015314873691529 0.7048640641371248 0.7538060979332182 0.8676478024591946 0.8780607559738927 0.9203448640569681 
0.8964770291125062 -0.9958864547528921 -0.999860398906086 -0.9903532472494008 -0.9848060136151453 -0.9985297071109677 -0.9436164183246234 -0.8769266406588442 -0.8691297383067236 -0.7808244110941408 -0.6940656776447776 -0.6148336631325223 -0.5402341273675862 -0.5028133255625831 -0.41897450395021774 -0.24519892387730347 -0.1660626531502018 -0.042895633291315835 0.051033907795406605 0.1271420645196874 0.2613132032002363 0.37841176731868836 0.43408628211157757 0.5585420409057947 0.6174439397999966 0.6901045432666664 0.7537039906430274 0.8690897682242298 0.8739081481488619 0.9224734324979644 
0.5616102575789448 -0.9937077388834542 -0.9922965204309757 -0.9977092976169909 -0.9941209174574384 -0.9505903466756702 -0.9809527473372636 -0.8928416865857944 -0.838811861411361 -0.7428061188456673 -0.7725217590458704 -0.7005502729641607 -0.5830188704565965 -0.4982583982068641 -0.41339713723143395 -0.3190527479387164 -0.23816111113031255 -0.07479501394308065 -0.03446222129589821 0.12954885045751333 0.22599691024530114 0.3153824470643576 0.39233760144234026 0.4836829750740984 0.5569411827554062 0.6910384244548763 0.7246054963352784 0.8633432162307958 0.8780121905232426 0.9269650756855505 
0.23046265036455543 -0.9968457728198521 -0.9949170414263718 -0.9821325436640899 -0.9854207529217676 -0.950597823684157 -0.9237789305945254 -0.8950914543557424 -0.8401864930726727 -0.7833964400867398 -0.7350868867256818 -0.609959949934813 -0.5384241824647243 -0.41996726663168543 -0.33802881862804357 -0.3214218021506886 -0.13569090151094182 0.004127009003058605 0.03608789903298184 0.15083186227172235 0.26571175708345696 0.3314497956092302 0.4740357507263892 0.5498630989544038 0.5984852211769008 0.6974004728476342 0.7671797640304902 0.8632709283614789 0.8610338493425899 0.924772921243124 
0.8992927992510655 -0.9914940147147061 -0.9974591004060338 -0.9970038120376985 -0.9928012251520314 -0.9518269802140146 -0.9259876805207821 -0.8767670235718785 -0.8098293965918583 -0.7417843257231718 -0.6761020596560705 -0.6120658461326102 -0.5399684043058194 -0.4173217864224499 -0.3382159235919589 -0.23637144639536894 -0.1333347077175715 0.00994555724087025 0.061036001855296666 0.18765849631843104 0.261194975793403 0.389982346824456 0.4675217115048553 0.5695337829932396 0.6028495353072952 0.7519951839536544 0.7551957156612533 0.8683210342894474 0.8398313731116597 0.9412536341769668 
0.561113963017431 -0.9941726213983059 -0.9995892119435495 -0.9902677543675604 -0.9868689074080661 -0.9509680674323776 -0.9414900846061347 -0.9207450257190382 -0.8404785106650301 -0.8340480138911791 -0.7683260288943771 -0.6995668636270768 -0.5893631564232241 -0.4289096438187584 -0.41353398040706074 -0.2603696363164087 -0.2535569236717058 -0.054751126767698326 -0.04455635439062078 0.11583004394074757 0.22403141597980422 0.322697573378266 0.39953991583586523 0.4758611546752605 0.5550008787290053 0.7048342821193514 0.7079604954036602 0.8687114974092909 0.878578378859637 0.9201065211356849 
0.5593821869586708 -0.9854933968395101 -0.9920696399671933 -0.989737809380316 -0.9921726368390917 -0.950594414096795 -0.9425317090165365 -0.8929070798240908 -0.8438341531477437 -0.7424049487411943 -0.7722330266189742 -0.6966632981753885 -0.625473411554174 -0.4978759873506279 -0.40488959120709134 -0.236364715872067 -0.23815865060493066 -0.07475714911619384 -0.03599399336344298 0.11476170262338765 0.21933579615238114 0.3395827272122247 0.36067321436525396 0.4758844516751933 0.5520857328024198 0.7058891125689715 0.7205011597313271 0.8616105790853872 0.8239846059428417 0.9228715148937194 
0.2335100282385239 -0.9950158724035286 -0.9934928369787146 -0.9971452431949407 -0.9884357723919249 -0.9512387396469487 -0.9276731140513066 -0.8775099759368822 -0.8097677335299511 -0.7408705334787751 -0.6757283731830226 -0.609743458454269 -0.5137388653543209 -0.41262497232646245 -0.19485721727133357 -0.235666974932296 -0.12885726083154855 -0.03077119627030503 0.04410729554268481 0.18575478394634426 0.2797870229896814 0.389353514659868 0.47746039945625185 0.5715268135917697 0.6124623372297638 0.7508797924595774 0.7567974972963417 0.8683005215791572 0.8761126321200126 0.9411846763551114 
0.2335100282385239 -0.9930467295697974 -0.9934147615898132 -0.9971386417358331 -0.9884357723919249 -0.9511098608966817 -0.8767621596655529 -0.8775291252948155 -0.810426086781236 -0.7422153344896221 -0.6994237025221184 -0.609743458454269 -0.5395294174784712 -0.41235962656145775 -0.33136722700692234 -0.23623924628629078 -0.1359884962825014 -0.003054278151911946 0.061038585184710024 0.1877130258572153 0.26258137732767367 0.3494810659480552 0.47023835855992474 0.5715332748764412 0.6014831746170575 0.751002306108688 0.7696004404618658 0.8682083124587944 0.9335890464362876 0.9412381694536816 
0.5628463673982879 -0.9801319876962868 -0.9969886511956841 -0.996586803399646 -0.9874559355338014 -0.9512133591012567 -0.9417936599092168 -0.8948553710580173 -0.8082034437269272 -0.7395839403584255 -0.6750157672854644 -0.6096628774939534 -0.5928378026838581 -0.44004738000377186 -0.3556108009073295 -0.24337842909933718 -0.15830475995260912 -0.08133713664234772 0.0012343571932947224 0.15142406776392497 0.22536469905552883 0.39637514580361827 0.4702616872226491 0.4992435542869195 0.6014483196929029 0.7059936429520457 0.7575686162895876 0.8706633118756915 0.8503638799565763 0.9248585320139451 
0.2335111435544084 -0.9930467295697974 -0.9961967085336066 -0.9969241484548245 -0.9885265207590666 -0.9517850432429693 -0.8777330021250914 -0.8775291252948155 -0.810426086781236 -0.7408622247970715 -0.6940235349040511 -0.609743458454269 -0.5394721585044848 -0.41237363571003244 -0.32912501504794545 -0.17761953827413934 -0.1290916881293257 0.004273142010758959 0.06296941720553317 0.18233937039461245 0.26258137732767367 0.3494810659480552 0.470237621664405 0.5715332748764412 0.6098376467699365 0.751002306108688 0.7694997342716071 0.868218929932004 0.9335890464362876 0.9664228902243185 
0.5610972506232427 -0.9822763543236527 -0.9998481987474144 -0.9898285374769484 -0.9873203636121871 -0.9493017887225955 -0.9435011216921331 -0.8917662756080318 -0.8383399670842092 -0.7410081941572386 -0.7722664213957066 -0.708193171808112 -0.5816914090840107 -0.502552473738998 -0.4175599177338859 -0.353195618411539 -0.241180956757195 -0.07487744021356486 -0.03555840518783227 0.11620735059795685 0.22599817617815848 0.26121888934636966 0.3626373737116347 0.5483097245587266 0.5581228395039352 0.6991937295823393 0.7435773776722148 0.8687055058210119 0.8782572429334757 0.9225131284461243 
0.8972762755904841 -0.9930688299910092 -0.9911937827768686 -0.9971995267040267 -0.9849331219707227 -0.9554544304654341 -0.9411790752788677 -0.8915589688230554 -0.8246100352917315 -0.7408572059590748 -0.7686469959026886 -0.6102638928892657 -0.4998975256779586 -0.41146477584623015 -0.3282850465583145 -0.24340751085713636 -0.12859452988117756 0.003812285316087464 0.05925436247928279 0.1533439847529627 0.27752274944065886 0.3854690905711095 0.4613999077938681 0.569580509298857 0.6015314873691529 0.7052648272885031 0.75695767475942 0.8686705826917933 0.8759557550699534 0.9210836949391001 
0.561113963017431 -0.9944159656470657 -0.9909362991941938 -0.9902677543675604 -0.9868689074080661 -0.9493656110958039 -0.9415633814028378 -0.9207450257190382 -0.8405139061590878 -0.8513272524068801 -0.7683260288943771 -0.6999606490780591 -0.5893631564232241 -0.43757420206819253 -0.41353398040706074 -0.2603696363164087 -0.2364164372699643 -0.053401104787761375 -0.04455635439062078 0.15147503518709465 0.2238834505622733 0.32269856721158796 0.39953991583586523 0.4755986844178398 0.5550008787290053 0.7048342821193514 0.7536041225743428 0.8687114974092909 0.878578378859637 0.9200219595458465 
0.22990852679352103 -0.9970745368330094 -0.9950124807760434 -0.9973872541669004 -0.9948435242144537 -0.9531077929625529 -0.9225085850499598 -0.8950914543557424 -0.8384582148161053 -0.7418181353846848 -0.7350868867256818 -0.63185988216418 -0.5384241824647243 -0.41704775939927335 -0.3356021796963239 -0.3235343184492624 -0.13579609977506257 -0.07379818526005957 0.03590218066977867 0.15083186227172235 0.2641156902831371 0.32051802038791877 0.47326522834008344 0.5513864981217216 0.6018553516409824 0.6973418472021092 0.7534840519100182 0.8631445007239655 0.8766801347605483 0.9404488498058058 
0.23192889327231328 -0.9929343793667539 -0.9973793911570312 -0.9972655486701291 -0.9930366088955582 -0.9512520538146622 -0.876306415718538 -0.8771486207354726 -0.8441398764322001 -0.7417860993267527 -0.676121532954371 -0.6097434168125457 -0.5289790600417782 -0.41290159986868663 -0.3336061829396284 -0.2372110095735653 -0.1335514772666927 -0.0022909041141229844 0.06309713908645675 0.18578936651046507 0.26121829351654696 0.3893168745163138 0.4707809936491875 0.5706095888610144 0.6180809112416012 0.750705487974928 0.754919645619755 0.8584684794567601 0.8805187497082996 0.9529234498371741 
0.5628463673982879 -0.9989480603883014 -0.997130557928905 -0.9977044570001447 -0.9949473630015282 -0.9505297085777292 -0.9417936599092168 -0.949153601221978 -0.9125456340357069 -0.7835231443972224 -0.6750157672854644 -0.6096628774939534 -0.5570890883958363 -0.43956779509800264 -0.3556108009073295 -0.25450548275334633 -0.15830475995260912 -0.07581030030506587 0.004145688932936174 0.12872545681904876 0.22536469905552883 0.39722329037151627 0.4639922077916549 0.4980857057789563 0.5573967039102962 0.7059936429520457 0.7575686162895876 0.8632245588046589 0.8789427238545721 0.9270552314508239 
0.5593790644395431 -0.9888813561594856 -0.9992892704571097 -0.9890779710629797 -0.9922296235990173 -0.9515709548393007 -0.9425317090165365 -0.8915626441053844 -0.8437954071108099 -0.7803010867961687 -0.7722443955965155 -0.6966632981753885 -0.6236645262752811 -0.4989217089672991 -0.4133752258344199 -0.31522829920280776 -0.23792243007364758 -0.06084040878213758 0.003598319539635523 0.1278046963550678 0.2257781439224059 0.3403306740890124 0.3946047800852121 0.4758096451397381 0.5550741767368467 0.7057938771201937 0.7210673239752594 0.8634121409086293 0.8414950931043227 0.9205881268218498 
0.5642823440221816 -0.9968822742192159 -0.994824405327027 -0.996601911987291 -0.9849090517065732 -0.9512371800919103 -0.9228709599815893 -0.876700372552233 -0.8440355037609047 -0.7418214945217134 -0.6946719194245686 -0.610330922538397 -0.5383552516353662 -0.4207658361369174 -0.3381084333436352 -0.23985488696649218 -0.1604375454593932 -0.03283972370130736 0.036271955756496284 0.18701798823174207 0.27912651933663435 0.37559270613836954 0.49129440022266824 0.5497968166742324 0.6174137766143982 0.6974168004123849 0.7444918263035926 0.8633906250316039 0.9677696379127477 0.9263773984822175 
0.8992927992510655 -0.9914940147147061 -0.9974901281327743 -0.9970041032529823 -0.9851885364632763 -0.9517920624173017 -0.9161477090177305 -0.8954054168122574 -0.810277562315625 -0.7400912507079794 -0.6998994856163708 -0.6138795465579396 -0.5799207240463538 -0.41983984187324275 -0.339688543887742 -0.23395183978376324 -0.13526035712177473 -0.015677487943389364 0.0610428987689308 0.18766437092504987 0.26133468038066326 0.3897915961939191 0.4702802390726255 0.5696321310158527 0.5893327439998426 0.7519951839536544 0.7417568229838518 0.8683210342894474 0.9358401982613999 0.9413584138629442 
0.2277658536039007 -0.9937251258593637 -0.9922607317334119 -0.9900760207092502 -0.993982253536247 -0.9495293070407997 -0.9435453746233581 -0.8923468482144219 -0.838811861411361 -0.783051018365808 -0.772220569480096 -0.6999541958466524 -0.5894171246816619 -0.49828757884226926 -0.41358297058405774 -0.3178289466982344 -0.23792268352216542 -0.0729880461645215 0.004421170284598649 0.12956438769725262 0.22611531840543594 0.280543577405154 0.392300067162027 0.4837002169351939 0.556911293486803 0.6913676870195153 0.7237037170862709 0.8634512878890344 0.8407054862694051 0.9271272934846376 
0.5670488754184271 -0.9951235394336715 -0.9974473571187812 -0.9971996522549729 -0.9994304333887465 -0.952164691797481 -0.8758555916138933 -0.8769231788225299 -0.8057877266701418 -0.7414282099358428 -0.6758127461010767 -0.6099011198657843 -0.7454419800099453 -0.41299511427943564 -0.35427570786946316 -0.1741784549127079 -0.16519045596620174 0.0035426094809392745 0.05573761906708426 0.1858178460707319 0.2590995361744567 0.3893168645367113 0.4348440302196457 0.5706907825801205 0.6179719294698061 0.7488306762687078 0.7537694645763876 0.8692955128678514 0.8168537368030462 0.9529234498371741 
0.8964770291125062 -0.9958864547528921 -0.999860398906086 -0.9903520359529825 -0.9848386163945114 -0.9564463984927813 -0.8994071580266582 -0.8766483525371074 -0.8691297383067236 -0.7808244110941408 -0.6947521980355477 -0.6096544011777738 -0.5401381976417826 -0.5028133255625831 -0.35446103438853277 -0.24519892387730347 -0.1477178884805631 -0.042895633291315835 0.051033907795406605 0.12722648095315786 0.25912589673621156 0.37886397822616347 0.43423744726245816 0.558559252396662 0.5984603105434932 0.6901070739580627 0.7543749419266614 0.8691338088488879 0.8739081481488619 0.9224734324979644 
0.8951937019997758 -0.9854783395435739 -0.9922540279635397 -0.9967453841579783 -0.9945837657880816 -0.9506376391530817 -0.9619008976837196 -0.892821114969912 -0.8722351088515428 -0.7842542709221025 -0.7721972005215885 -0.6966601221497116 -0.5563233327109444 -0.5083289710198274 -0.4103211166484832 -0.2546104409401627 -0.2379226771312375 -0.07307074368993177 0.005494804334079187 0.12969819562795287 0.225997921503832 0.37905684088083935 0.392335311439664 0.48759804585392647 0.5735136899260912 0.6912351051883915 0.7548404824653691 0.8689775778367045 0.875667807959392 0.9275178032223349 
0.5579165339070195 -0.9830406705141164 -0.9908696076741056 -0.989744843283694 -0.9978880406867711 -0.9505915066186205 -0.9440755573171578 -0.8928169534658347 -0.8587495705270293 -0.8122501827140591 -0.7791452969592813 -0.7002352939807529 -0.621151391319873 -0.42038866554583 -0.4147738604773555 -0.25576343463557927 -0.23870362740839846 -0.07468149832837204 -0.0384202445051249 0.12846048111244235 0.22312919927463834 0.33313740324401214 0.3600723897122446 0.47815268016609125 0.5571048145324253 0.695707059298323 0.7257998614038533 0.86598134032131 0.840832552660279 0.9295309172276847 
0.22490751518143826 -0.9887051787495262 -0.9980141471417474 -0.997874933865889 -0.9868312693771699 -0.9971475908402957 -0.9435010431033974 -0.9190256969483626 -0.8685824612706512 -0.783160513041755 -0.7682519847140059 -0.7043658506085222 -0.6594592252914764 -0.5007483698675811 -0.4139648355793814 -0.2221392795791427 -0.24334558359337635 -0.07334453049952558 -0.04282888886630736 0.12999988960765094 0.17217941501668244 0.33099473652630873 0.39247783516110546 0.48533815597622326 0.5569095622173786 0.6912047883226596 0.7263829711395521 0.8639231792983572 0.8256786568804941 0.9268443310390108 
0.22677487528574916 -0.9855350881165967 -0.9923116739488133 -0.9900303419975953 -0.9944816256949396 -0.9623303540589487 -0.9436070624554009 -0.8923132829721608 -0.8543663032912632 -0.7830259335296713 -0.7722148219144869 -0.6966237781402607 -0.5857183944400017 -0.44063021620586185 -0.41033287367288124 -0.24406346917913987 -0.23842178524002242 -0.0756909687991131 -0.042464395495368956 0.1796952434737597 0.22135387910670126 0.2818277245932097 0.3926677162219832 0.4868279959719855 0.5577300629490045 0.6964269721988341 0.7261017071189936 0.7542687297389584 0.8406987260133802 0.9204059076564304 
0.024583956840078806 0.18165247233530027 0.7069960108596632 0.6627440793132647 0.8276288866916603 0.7610123275832918 0.9343686203766413 0.8637281237007818 0.9844838496365154 0.9414824342119967 0.9275748940752312 0.8942128825932878 0.9671651696818602 0.7114529586651417 0.9162329099483152 0.9254621379659681 0.6747507862838806 0.6121351321607627 0.6250655238063262 0.3908219527233886 0.4953228465993317 0.28241511413653353 0.3293807148243751 0.4137490315426794 0.0037898118069098928 0.08594437512844973 -0.156410793046807 -0.11710394324584684 -0.3193568090084164 -0.16569087617741837 
0.5578834725481866 -0.9822128857809852 -0.995150618528442 -0.9898456966874805 -0.9873035429828043 -0.9516316875407225 -0.9435040764833177 -0.8920007852238677 -0.9064142767825181 -0.8420451638085176 -0.7722157909267536 -0.7083862716151526 -0.588389972751951 -0.42038693405037125 -0.4140522183210347 -0.3503940440763293 -0.2417153208779243 -0.07469475093032625 -0.044491317937091664 0.11629077401028978 0.22320457266546834 0.25989013151135076 0.3626036292927944 0.4755284910658084 0.5603775193014878 0.6991521543665291 0.7537233556048178 0.8690853592647045 0.8433525351290074 0.9247670863189608 
0.5615322819025166 -0.9937077388834542 -0.9994932250504232 -0.9900874545496252 -0.9941209174574384 -0.950947583713657 -0.9813693101909422 -0.8928416865857944 -0.838811861411361 -0.7428061188456673 -0.7681806310765752 -0.6995948734557641 -0.582678509564862 -0.4982583982068641 -0.4133950596188106 -0.26120879905870714 -0.23828304524978247 -0.07479501394308065 -0.03446222129589821 0.12954885045751333 0.22399710878242135 0.3147100549597293 0.3994701851469147 0.4821821942030795 0.5548440329208363 0.69105761105769 0.7246054963352784 0.8633432162307958 0.8780121905232426 0.9269650756855505 
0.5578396094341819 -0.9831443377940444 -0.9910567075068661 -0.986232335867674 -0.9934349959457401 -0.9509391958430528 -0.9436996642979564 -0.892521243435907 -0.8592728913687475 -0.7834083112083351 -0.7765177013343404 -0.5780313777368521 -0.621151391319873 -0.42038866554583 -0.40873760989572483 -0.2363231856837091 -0.2731121867233438 -0.07468313449829453 -0.042834162533611414 0.11616571754086955 0.2231807560420792 0.3330623349450998 0.3590046211044794 0.513715379943987 0.555030254476198 0.6956735731208218 0.7257892902379508 0.8678783414560479 0.8408337334274628 0.9295309172276847 
0.22674996011949547 -0.9888266992547552 -0.9922536961248448 -0.9930121926277982 -0.9945084455574715 -0.9625791413313805 -0.962178535236336 -0.8923027168610231 -0.8677108276100631 -0.844088869106209 -0.7722184929957725 -0.6966533551516253 -0.6227838620621956 -0.49838987398371987 -0.4101577447446392 -0.253076162130786 -0.23792329689783134 -0.08409118847986062 0.004214861000850872 0.1277760552303271 0.2260076086045379 0.3405494847766272 0.39344114807594016 0.48680010056713624 0.5732516573358247 0.6910502200451178 0.7077351040824186 0.8634649710730508 0.8751188200082004 0.9270423777799125 
0.5616102575789448 -0.9937077388834542 -0.9994756646196149 -0.9977092976169909 -0.9941209174574384 -0.9505903466756702 -0.9444994596801903 -0.8928416865857944 -0.838811861411361 -0.7852213597166314 -0.771940826847384 -0.694925053392979 -0.5830188704565965 -0.4982583982068641 -0.4140047311511889 -0.3190527479387164 -0.23816111113031255 -0.07479501394308065 -0.03438384854966695 0.11562813556630262 0.22599691024530114 0.3153824470643576 0.3596472366130835 0.4840861617853028 0.557108771027442 0.6910384244548763 0.7246054963352784 0.8633432162307958 0.8780121905232426 0.9269650756855505 
0.2335100282385239 -0.9930342072136559 -0.96537634952371 -0.9972354394663892 -0.9925727510610763 -0.9518060111694104 -0.9974827415163068 -0.8771471636334334 -0.8097677335299511 -0.7408636444736688 -0.6939105174611256 -0.6097245599911002 -0.5401213933431988 -0.40903764503458284 -0.32996326263070863 -0.23587624247878747 -0.12933023641769822 -0.0025183495400093628 -0.06491275552787192 0.20981643940994937 0.27912062222974426 0.38988487490421286 0.4750376229556303 0.5742389176372849 0.6015330079944815 0.7510015522166181 0.756086235555703 0.8682083124587944 0.8150483311149339 0.957985245318919 
0.5670480383440829 -0.9929343793667539 -0.9973840324750227 -0.9972350463808963 -0.9927915637806131 -0.9512170301710464 -0.876306415718538 -0.8771477301962518 -0.8142038840429968 -0.7411857944092946 -0.676121532954371 -0.6097434168125457 -0.5289790600417782 -0.4204041857158809 -0.33350746250766994 -0.23638400304666 -0.1335514772666927 -0.0022909041141229844 0.06644923337325931 0.1857333383163851 0.2611474014739531 0.389523979135794 0.47077748566527805 0.5504136426865072 0.6180809112416012 0.7506306853379766 0.7549168026346105 0.8584638138489294 0.8794894664088307 0.9267640504024948 
0.5642823440221816 -0.9931444532789253 -0.999865717697573 -0.996599275672228 -0.995185635821818 -0.9532113443350351 -0.8979554042097606 -0.8909566405010424 -0.8403381636504681 -0.667614961609531 -0.6946719194245686 -0.610330922538397 -0.5502067960539696 -0.4128448423394333 -0.34305751866772527 -0.2397594820163599 -0.16204140258954272 0.0017041166904130794 0.05872834436951763 0.18578503688280462 0.27912651933663435 0.38931501748299496 0.4713845477993243 0.5698620832260433 0.6180251097522963 0.7041728426174064 0.7545201257639268 0.8578453282791657 0.8747522830202983 0.9526159691338247 
0.8939822606042007 -0.9944149363678789 -0.9908903171543665 -0.9800116137823283 -0.9871250496526747 -0.9974173544345535 -0.928997192517748 -0.892354930037741 -0.8715184265495723 -0.8541704125210577 -0.7721610730183255 -0.6999810896153665 -0.5897110911218632 -0.4394070096169543 -0.41352494663926004 -0.2974150280240145 -0.23822647532109062 -0.07316796694384926 -0.04505398130366446 0.15191758639296532 0.21699642668635838 0.338497378948525 0.39429775199114736 0.504950211173252 0.5549125292271239 0.6966870853189112 0.7555483687426477 0.8676482941552178 0.8405939271988754 0.9199322864032339 
