1177.0 13645.0 3285.0 
1190.0 13652.0 3218.0 
1196.0 13384.0 3285.0 
1174.0 13622.0 3400.0 
1190.0 13652.0 3218.0 
1224.0 13639.0 3062.0 
1184.0 13517.0 3375.0 
1227.0 13915.0 2924.0 
1220.0 13369.0 3163.0 
1201.0 13773.0 3054.0 
1266.0 13406.0 2958.0 
1190.0 13408.0 3355.0 
1216.0 13693.0 2992.0 
1196.0 13320.0 3410.0 
1161.0 13775.0 3248.0 
1161.0 13631.0 3356.0 
1161.0 13718.0 3339.0 
1172.0 13679.0 3354.0 
1250.0 13579.0 2947.0 
1184.0 13444.0 3384.0 
1171.0 13250.0 3569.0 
1216.0 13702.0 2985.0 
1164.0 13838.0 3077.0 
1196.0 13320.0 3410.0 
1227.0 13779.0 2932.0 
1175.0 13576.0 3292.0 
1174.0 13698.0 3280.0 
1216.0 13646.0 3051.0 
1164.0 13697.0 3347.0 
1167.0 13685.0 3330.0 
1180.0 13599.0 3219.0 
1139.0 13706.0 3678.0 
1250.0 13535.0 3010.0 
1186.0 13797.0 3111.0 
1198.0 13573.0 3101.0 
1231.0 13326.0 3308.0 
1179.0 13547.0 3377.0 
1267.0 13276.0 3166.0 
1192.0 13585.0 3113.0 
1239.0 13665.0 2913.0 
1164.0 13750.0 3223.0 
1240.0 13637.0 2958.0 
1250.0 13282.0 3070.0 
1138.0 13901.0 3822.0 
1215.0 13894.0 2961.0 
1138.0 13910.0 3798.0 
1123.0 14062.0 4146.0 
1177.0 13827.0 3104.0 
1236.0 13432.0 3077.0 
1263.0 13557.0 2825.0 
1200.0 13404.0 3108.0 
1198.0 13451.0 3184.0 
1212.0 13365.0 3309.0 
1236.0 13361.0 3285.0 
1250.0 13463.0 3017.0 
1184.0 13565.0 3371.0 
1199.0 13545.0 3081.0 
1171.0 13565.0 3529.0 
1205.0 13291.0 3347.0 
1168.0 13464.0 3579.0 
1121.0 14071.0 3882.0 
1134.0 13873.0 3867.0 
1177.0 13417.0 3397.0 
1282.0 13535.0 2880.0 
1250.0 13209.0 3202.0 
1216.0 13629.0 3079.0 
1250.0 13553.0 2992.0 
1169.0 13706.0 3200.0 
1157.0 13664.0 3713.0 
1158.0 13689.0 3619.0 
1243.0 13412.0 3025.0 
