1190.0 13108.0 3284.0 
1161.0 13259.0 3401.0 
1131.0 13836.0 3834.0 
1209.0 13389.0 2832.0 
1190.0 13108.0 3284.0 
1198.0 13232.0 2977.0 
1140.0 13379.0 3032.0 
1161.0 13269.0 3228.0 
1131.0 13809.0 3843.0 
1131.0 13888.0 3798.0 
1198.0 13321.0 2866.0 
1138.0 13468.0 3207.0 
1131.0 13836.0 3834.0 
1131.0 13888.0 3798.0 
1270.0 13234.0 2973.0 
1161.0 13269.0 3228.0 
1170.0 13358.0 2865.0 
1190.0 13111.0 3218.0 
1140.0 13411.0 3020.0 
1133.0 13849.0 3818.0 
1252.0 13288.0 2934.0 
1198.0 13161.0 3041.0 
1243.0 13110.0 3160.0 
1192.0 13106.0 3282.0 
1181.0 13325.0 3214.0 
1228.0 13317.0 2831.0 
1190.0 13318.0 2992.0 
1243.0 13156.0 3129.0 
1270.0 13234.0 2973.0 
1198.0 13186.0 2997.0 
1198.0 13186.0 2997.0 
1224.0 13349.0 2787.0 
1170.0 13231.0 3380.0 
1190.0 13318.0 2992.0 
1198.0 13239.0 2976.0 
1131.0 13888.0 3798.0 
1247.0 13309.0 2846.0 
