1145.0 13599.0 3386.0 
1157.0 13485.0 3281.0 
1120.0 14025.0 3688.0 
1144.0 13676.0 3507.0 
1151.0 13587.0 3325.0 
1164.0 13358.0 3072.0 
1148.0 13595.0 3382.0 
1153.0 13527.0 3231.0 
1194.0 13265.0 3033.0 
1144.0 13676.0 3507.0 
1163.0 13397.0 2979.0 
1125.0 13693.0 3556.0 
1161.0 13422.0 3057.0 
1123.0 13798.0 3734.0 
1144.0 13676.0 3507.0 
1164.0 13283.0 3165.0 
1179.0 13461.0 2945.0 
1184.0 13245.0 3139.0 
1145.0 13599.0 3386.0 
1175.0 13356.0 3145.0 
1184.0 13166.0 3199.0 
1184.0 13265.0 3049.0 
1138.0 13592.0 3572.0 
1159.0 13400.0 3092.0 
1198.0 13180.0 2987.0 
1144.0 13676.0 3507.0 
1175.0 13385.0 3054.0 
1247.0 13201.0 2753.0 
1243.0 13135.0 3043.0 
1198.0 13201.0 2844.0 
1120.0 13938.0 3803.0 
1145.0 13599.0 3386.0 
1120.0 14047.0 3670.0 
1190.0 13329.0 2963.0 
1135.0 14055.0 3546.0 
1274.0 13113.0 3305.0 
1263.0 13139.0 2868.0 
1228.0 13138.0 3330.0 
1158.0 13388.0 3203.0 
1179.0 13373.0 3071.0 
1140.0 13858.0 3474.0 
