1172.0 13275.0 2899.0 
1163.0 13162.0 3160.0 
1198.0 13166.0 2735.0 
1206.0 13143.0 3377.0 
1184.0 13183.0 2746.0 
1247.0 13158.0 2691.0 
1143.0 13223.0 2949.0 
1198.0 13166.0 2735.0 
1125.0 13868.0 3597.0 
1160.0 13184.0 3182.0 
1206.0 13133.0 3517.0 
1160.0 13184.0 3182.0 
1179.0 13165.0 2974.0 
1172.0 13235.0 2915.0 
1171.0 13310.0 2851.0 
1131.0 13697.0 3463.0 
1127.0 13901.0 3571.0 
1243.0 13140.0 2906.0 
1122.0 13799.0 3673.0 
1121.0 13874.0 3687.0 
1223.0 13162.0 2695.0 
1206.0 13099.0 3526.0 
1198.0 13166.0 2735.0 
1138.0 13314.0 3037.0 
1134.0 13723.0 3437.0 
1153.0 13173.0 3263.0 
1153.0 13196.0 3194.0 
1184.0 13183.0 2746.0 
1163.0 13162.0 3160.0 
1131.0 13695.0 3523.0 
1131.0 13697.0 3463.0 
1121.0 13954.0 3638.0 
1196.0 13145.0 3572.0 
