1126.0 13806.0 3707.0 
1188.0 13173.0 3289.0 
1198.0 13150.0 3076.0 
1232.0 13159.0 2874.0 
1132.0 13797.0 3571.0 
1215.0 13181.0 2959.0 
1232.0 13159.0 2874.0 
1220.0 13221.0 2936.0 
1199.0 13135.0 3061.0 
1132.0 13748.0 3707.0 
1155.0 13400.0 3192.0 
1202.0 13218.0 2941.0 
1188.0 13173.0 3289.0 
1232.0 13159.0 2874.0 
1222.0 13292.0 2865.0 
1144.0 13420.0 3180.0 
1200.0 13178.0 2976.0 
1192.0 13287.0 2956.0 
1126.0 13806.0 3707.0 
1226.0 13279.0 2739.0 
1126.0 13853.0 3692.0 
1201.0 13165.0 2960.0 
1127.0 13714.0 4040.0 
1198.0 13268.0 2884.0 
1231.0 13195.0 2914.0 
1222.0 13292.0 2865.0 
1245.0 13265.0 2817.0 
1226.0 13279.0 2739.0 
1124.0 13844.0 3733.0 
1198.0 13150.0 3076.0 
1193.0 13146.0 3285.0 
1253.0 13143.0 2942.0 
1192.0 13189.0 2968.0 
1161.0 13193.0 3010.0 
1126.0 13752.0 3914.0 
1194.0 13156.0 3029.0 
1121.0 13760.0 3761.0 
1138.0 13386.0 3241.0 
1201.0 13165.0 2960.0 
1250.0 13129.0 2949.0 
