1198.0 13277.0 2924.0 
1117.0 14138.0 3836.0 
1198.0 13373.0 2889.0 
1214.0 13228.0 2848.0 
1198.0 13277.0 2924.0 
1190.0 13246.0 3207.0 
1116.0 14188.0 4050.0 
1124.0 14076.0 3843.0 
1123.0 14056.0 3932.0 
1178.0 13535.0 2930.0 
1125.0 13909.0 3637.0 
1190.0 13247.0 3157.0 
1138.0 13451.0 3211.0 
1190.0 13258.0 3108.0 
1184.0 13258.0 3241.0 
1198.0 13277.0 2924.0 
1178.0 13482.0 2985.0 
1131.0 13762.0 3469.0 
1173.0 13584.0 2959.0 
1194.0 13301.0 3005.0 
1138.0 13508.0 3005.0 
1198.0 13232.0 3142.0 
1206.0 13189.0 3172.0 
1117.0 14138.0 3836.0 
1190.0 13234.0 3227.0 
1190.0 13345.0 3024.0 
1145.0 13306.0 3069.0 
1144.0 13494.0 3141.0 
1120.0 14079.0 3705.0 
1140.0 13353.0 3275.0 
1178.0 13535.0 2930.0 
1172.0 13541.0 2980.0 
1213.0 13537.0 2885.0 
1178.0 13512.0 2964.0 
1198.0 13265.0 3025.0 
1125.0 13909.0 3637.0 
1192.0 13239.0 3200.0 
