0.008243008917767468
0.012050123517405307
0.010908764292066817
0.01177915177265954
0.011187025218800726
0.007392783978565337
0.01459565719370694
0.008796927222078945
0.01009281990122311
0.014996572286470415
0.010641010580805119
0.011713391005762856
0.013621011858789049
0.010901732133267568
0.011113722426541427
0.008850208978811974
0.011616283305848402
0.009859300496394998
0.012587366077984077
0.010278402078093525
0.018604626271191194
0.009203080317609708
0.010631404317618824
0.014248705012813648
0.010113443087292437
0.014095758313830887
0.011259162631963028
0.009837232781644053
0.0157966137289369
0.01441602762053221
