0.8007855639088023
0.685667507937799
0.7576319349453322
0.6340491582049952
0.871276056824945
0.680235846886919
0.7383247003448646
0.6486465499308769
0.6479909174716315
0.7108195039030216
0.7338182047837865
0.7896371861773562
0.8945397784041881
0.7460038343401159
0.7328695189056075
0.878946083981382
0.6415358282240091
0.7721121694636479
0.7705997454619695
0.6413695450012185
0.6043053042738584
0.9048565805131694
0.7690086693610949
0.934048186049729
0.8492792291463998
0.624399084486209
0.8802164700500692
0.8816567696131397
1.0562274052607457
0.7258542992381783
