4 10 6 18 8 15 7 11 5 17 12 9 1 0 19 2 13 16 3 14  
10 6 15 4 18 14 11 12 17 8 0 1 5 7 9 13 2 19 16 3  
4 10 6 18 11 14 15 5 9 16 8 17 13 12 2 7 0 1 3 19  
10 6 15 4 11 18 14 7 8 5 17 12 9 19 1 0 2 13 16 3  
4 10 6 18 11 8 15 17 12 5 7 9 1 0 19 2 13 16 3 14  
4 10 6 7 18 11 14 5 17 8 12 0 16 15 9 13 2 1 3 19  
6 10 4 15 11 5 18 19 8 17 12 9 1 0 2 7 13 16 3 14  
10 6 15 4 11 18 14 12 17 8 0 1 5 7 9 13 2 19 16 3  
10 6 15 4 11 18 14 12 17 8 0 1 5 7 9 19 2 13 16 3  
10 6 15 4 18 14 11 12 17 8 0 1 5 7 9 19 2 13 16 3  
10 6 15 4 18 11 14 7 8 5 17 12 9 19 1 0 2 13 16 3  
4 10 6 18 14 11 8 17 12 0 15 9 19 16 5 3 13 7 2 1  
10 6 15 4 14 11 8 17 12 0 18 19 16 5 9 13 7 2 1 3  
10 6 15 4 18 14 11 17 8 12 5 9 19 16 0 2 13 7 3 1  
4 10 6 18 14 15 11 17 8 12 0 16 9 19 5 3 13 2 1 7  
4 10 6 18 14 11 5 0 8 12 17 16 15 7 9 13 2 1 3 19  
4 10 6 18 11 14 5 0 8 12 17 16 15 9 13 7 1 2 3 19  
10 6 15 4 18 14 11 17 8 12 0 9 19 16 5 2 13 7 1 3  
10 6 15 4 14 11 8 17 12 0 18 19 16 5 9 13 2 1 7 3  
10 6 15 4 11 18 14 12 17 8 0 1 5 7 9 13 2 19 16 3  
10 6 15 4 18 14 11 17 8 12 5 9 19 16 0 2 13 7 3 1  
10 6 15 4 18 14 11 12 17 8 0 1 5 7 9 13 2 19 16 3  
4 6 10 18 14 11 8 17 12 0 15 9 19 16 5 7 2 3 1 13  
10 6 15 4 18 11 14 7 8 5 17 12 9 19 1 0 2 13 16 3  
10 6 15 4 18 14 11 12 17 8 5 9 19 7 1 0 2 13 16 3  
10 6 15 4 18 14 11 0 8 12 17 16 9 19 5 3 13 2 1 7  
10 6 11 4 15 18 14 17 12 7 5 9 1 0 19 2 13 16 3 8  
10 6 15 4 18 14 11 17 8 12 0 9 19 16 5 2 13 7 1 3  
10 6 15 4 11 14 8 0 12 17 18 19 16 5 9 13 7 2 1 3  
10 6 15 4 11 14 8 0 12 17 18 19 16 5 9 13 3 2 1 7  
6 4 10 18 15 7 11 17 8 12 5 9 19 0 1 2 13 16 3 14  
4 10 6 7 18 11 14 15 0 8 12 17 16 5 9 13 2 1 3 19  
10 6 15 4 18 14 11 17 8 12 0 9 19 16 5 2 13 1 7 3  
10 6 15 4 11 18 14 7 8 5 17 12 9 19 1 0 2 13 16 3  
10 6 15 4 18 14 11 17 8 12 5 9 19 16 0 2 13 7 3 1  
6 10 4 18 11 14 15 5 9 16 8 17 13 12 7 2 0 1 3 19  
10 6 15 4 18 14 11 17 8 12 5 9 19 1 0 2 13 7 16 3  
10 6 15 4 14 11 8 17 12 0 18 19 16 5 9 13 2 1 7 3  
4 10 6 18 14 11 17 8 12 0 15 9 19 16 5 3 13 7 2 1  
6 10 4 11 18 14 15 5 9 16 8 17 13 12 7 2 0 1 3 19  
10 6 15 4 18 14 11 12 17 8 5 7 9 13 1 0 2 19 16 3  
10 6 15 4 11 14 8 0 12 17 18 19 16 5 9 2 13 7 1 3  
10 6 15 4 18 14 11 12 17 8 0 1 5 7 9 13 2 19 16 3  
4 10 6 18 14 11 8 17 12 9 15 0 19 16 5 2 13 7 3 1  
10 6 15 4 18 14 11 12 17 8 5 0 1 7 9 13 2 19 16 3  
10 6 15 4 11 18 14 12 17 8 0 1 5 7 9 13 2 19 16 3  
4 10 6 18 11 8 15 17 12 5 7 9 1 0 19 2 13 16 3 14  
4 10 6 7 18 14 11 5 17 8 15 16 0 12 9 13 2 3 1 19  
6 10 4 11 15 5 18 19 8 17 12 9 1 0 2 7 13 16 3 14  
