6 4 10 18 14 11 5 8 17 12 9 15 0 19 3 13 16 7 2 1  
4 10 6 18 14 11 5 8 17 12 9 15 13 0 1 19 2 16 7 3  
4 10 6 18 14 11 5 8 17 12 9 15 0 13 2 16 7 3 1 19  
4 10 6 18 11 14 5 8 17 12 9 15 13 0 16 7 1 2 3 19  
10 6 18 15 17 8 16 11 5 9 19 4 14 12 0 1 7 3 2 13  
4 10 6 18 14 11 5 8 17 12 0 15 9 13 16 1 7 2 3 19  
4 10 18 11 15 0 12 9 6 19 8 5 2 17 1 7 13 16 3 14  
4 10 6 18 14 11 7 8 0 12 17 16 15 9 2 19 5 3 1 13  
4 10 6 18 14 11 5 8 17 12 9 15 0 16 13 7 1 2 3 19  
4 10 6 18 14 11 5 8 17 12 0 15 9 13 16 1 7 2 3 19  
4 10 6 18 11 14 5 8 17 12 9 15 13 0 16 7 1 2 3 19  
4 10 18 14 15 12 0 11 6 9 19 8 17 1 7 2 13 16 5 3  
4 10 6 18 14 11 5 8 17 12 9 15 0 13 16 2 7 1 3 19  
4 10 6 18 14 15 11 5 9 8 19 0 12 2 17 1 7 13 16 3  
4 10 6 18 14 15 11 5 9 8 19 0 12 2 17 1 7 13 16 3  
4 10 18 14 15 6 8 0 11 9 19 17 12 2 13 16 5 7 1 3  
4 15 6 10 11 5 18 14 9 12 0 19 8 17 1 7 2 13 16 3  
4 10 18 14 6 15 11 5 9 8 19 0 12 2 7 17 1 13 16 3  
4 10 6 18 15 14 5 8 17 12 9 11 13 0 16 2 1 7 3 19  
4 10 6 18 15 14 11 0 12 9 19 8 17 1 13 16 5 2 7 3  
4 10 6 8 15 5 9 18 19 12 11 0 2 17 1 7 13 16 3 14  
4 10 6 18 14 11 5 8 17 12 9 15 0 19 3 13 16 7 1 2  
4 10 6 18 15 14 11 0 12 9 19 8 17 16 5 13 2 1 7 3  
4 10 6 18 15 11 5 9 8 19 0 12 2 17 1 7 13 16 3 14  
6 10 4 15 11 5 9 18 8 19 12 0 2 17 1 7 13 16 3 14  
4 10 6 18 14 11 5 8 17 12 9 15 0 19 1 13 16 7 2 3  
4 15 18 10 6 14 11 5 9 19 8 0 12 2 17 1 7 13 16 3  
4 10 18 14 15 6 8 0 11 9 19 12 17 3 13 16 5 2 1 7  
4 15 18 14 6 10 11 5 9 8 19 0 12 2 7 17 1 3 13 16  
4 10 18 14 15 6 0 11 12 9 19 8 17 1 7 2 5 3 13 16  
4 10 18 14 6 15 8 0 11 9 19 12 17 3 13 16 5 2 1 7  
4 10 6 18 14 11 8 0 15 9 19 12 17 3 13 16 5 7 2 1  
4 10 18 14 6 15 8 0 11 9 19 12 17 2 13 16 5 3 1 7  
4 10 18 14 15 6 8 0 11 9 19 17 12 5 13 16 7 2 3 1  
4 10 6 18 14 15 5 8 17 12 9 11 0 13 16 2 7 1 3 19  
4 10 6 18 14 11 5 8 0 15 9 19 12 17 3 13 16 7 2 1  
4 10 6 18 14 11 5 8 17 12 9 15 0 13 2 16 7 1 3 19  
4 10 6 18 14 11 8 0 15 9 19 12 17 3 13 16 5 2 7 1  
4 10 18 11 14 6 15 5 9 8 19 16 0 2 17 1 13 12 7 3  
4 10 6 18 14 11 15 5 9 8 19 0 12 2 17 1 7 3 16 13  
4 10 6 18 14 11 5 8 17 12 9 15 0 13 2 16 7 1 3 19  
4 10 6 18 14 11 5 8 17 12 0 15 9 13 16 1 7 2 3 19  
6 10 4 8 15 5 9 18 19 12 11 0 2 17 1 7 13 16 3 14  
4 10 6 18 14 11 5 8 17 12 0 15 9 19 3 13 7 16 2 1  
4 10 18 14 15 6 11 0 12 9 19 8 17 1 7 13 5 16 2 3  
4 10 18 14 15 6 8 17 11 9 19 12 0 2 13 16 5 7 3 1  
10 6 18 15 17 8 11 16 5 9 19 4 14 12 0 1 7 13 2 3  
4 10 18 14 6 15 11 5 9 8 19 17 12 2 7 0 1 13 16 3  
4 10 6 18 15 11 5 9 8 19 17 12 7 0 1 2 13 16 3 14  
