10 6 11 4 8 15 0 18 14 12 17 16 9 19 5 3 1 7 2 13  
10 6 11 4 8 15 17 18 14 12 0 16 9 19 5 3 1 7 2 13  
10 6 15 4 11 0 18 19 14 12 5 9 13 16 17 1 7 2 3 8  
10 6 11 4 8 15 0 18 14 12 17 16 9 19 5 3 1 7 2 13  
10 6 15 4 8 17 11 18 14 12 5 9 19 2 7 1 0 13 16 3  
10 6 15 4 18 14 11 7 12 0 5 8 9 19 2 17 1 13 16 3  
10 6 15 4 18 14 11 0 12 7 5 8 9 19 2 17 1 13 16 3  
4 10 6 7 8 11 17 18 14 12 0 16 9 19 15 5 3 13 2 1  
10 6 15 4 11 18 14 17 8 12 5 9 19 2 1 0 13 7 16 3  
10 6 15 4 18 14 11 12 0 5 8 9 19 2 7 1 17 13 16 3  
10 6 15 4 18 11 14 17 8 12 5 9 19 2 1 0 13 7 16 3  
10 6 15 4 11 18 14 17 8 12 5 9 19 2 13 16 0 1 7 3  
10 6 15 4 18 14 11 17 8 12 5 9 19 2 7 13 16 0 1 3  
4 10 6 7 8 11 0 18 14 12 17 16 15 9 19 5 3 13 2 1  
10 6 15 4 14 11 5 18 2 13 0 1 7 9 12 17 19 16 3 8  
4 10 6 7 8 11 0 18 14 12 17 16 15 9 19 5 3 13 2 1  
10 6 15 4 11 18 14 17 8 12 0 1 5 9 13 2 7 3 19 16  
10 6 15 4 18 14 11 17 8 12 5 9 19 2 0 3 13 16 7 1  
10 6 15 4 18 14 11 0 12 7 5 8 9 19 1 17 2 13 16 3  
10 6 15 4 18 14 0 8 11 12 5 9 19 17 1 7 2 3 13 16  
10 6 15 4 18 14 11 17 8 12 0 16 9 19 5 3 1 7 2 13  
10 6 4 15 14 11 5 18 19 0 12 7 9 8 2 17 1 13 16 3  
10 6 15 4 11 18 14 17 8 12 0 1 5 9 13 2 7 3 19 16  
10 6 15 4 18 14 12 17 8 11 0 1 5 9 13 2 7 3 19 16  
10 6 15 4 18 14 11 17 8 12 5 9 19 2 7 13 16 0 3 1  
10 6 15 4 18 14 11 17 8 12 5 9 19 2 7 13 16 0 1 3  
10 6 15 4 18 14 11 17 8 12 5 9 2 13 7 0 1 3 19 16  
10 6 15 4 11 18 14 17 8 12 5 9 19 2 16 7 3 0 13 1  
10 6 15 4 14 11 5 18 7 19 0 12 9 2 1 17 13 16 3 8  
10 6 15 4 18 11 14 17 8 12 5 9 19 7 0 1 13 2 16 3  
10 6 15 4 18 14 11 17 8 12 5 9 19 2 7 13 16 0 3 1  
