3.2621229183860123E-4 3.994880437850952 
3.2621229183860123E-4 3.994880437850952 
1.999953269958496 8.107061730697751E-4 
1.914121150970459 0.7933291792869568 
1.3900352716445923 0.7952813506126404 
0.8331141471862793 1.5936288833618164 
1.290947437286377 1.5927248001098633 
0.3921349048614502 2.39035701751709 
0.735625684261322 2.389488935470581 
0.3040609359741211 3.1799979209899902 
0.10830423980951309 3.1809287071228027 
0.7606395483016968 2.0567429065704346 
0.8166196346282959 1.6212836503982544 
0.8001351952552795 1.695061445236206 
1.9571012258529663 0.23969733715057373 
1.9665495157241821 0.1570482850074768 
0.04826105758547783 3.8119516372680664 
0.755156934261322 2.128877639770508 
1.3186042308807373 1.2261123657226562 
1.971284031867981 0.12077275663614273 
0.3210309147834778 2.9286251068115234 
0.7429027557373047 2.284273862838745 
1.32858407497406 1.1225613355636597 
1.3221321105957031 1.1884089708328247 
1.949026107788086 0.3209403157234192 
0.05630546435713768 3.6903412342071533 
0.35814404487609863 2.521456241607666 
0.7394564747810364 2.3328630924224854 
0.7681745886802673 1.9718997478485107 
0.7819008827209473 1.83769690990448 
0.06074492633342743 3.6320226192474365 
0.08310088515281677 3.3134865760803223 
1.3455663919448853 1.0073862075805664 
0.31663286685943604 2.992269515991211 
1.3635659217834473 0.8588402271270752 
0.3451898694038391 2.6343677043914795 
0.35184207558631897 2.574007034301758 
0.7476651668548584 2.2211320400238037 
0.0660901889204979 3.5570499897003174 
1.3344073295593262 1.08866286277771 
0.7897787094116211 1.767045259475708 
0.07147390395402908 3.4578661918640137 
0.33476799726486206 2.7519617080688477 
0.30961161851882935 3.0891616344451904 
0.32623857259750366 2.858915090560913 
1.3127068281173706 1.3021864891052246 
1.943536400794983 0.3847893178462982 
1.952883005142212 0.2810312807559967 
1.3510639667510986 0.9303921461105347 
0.07890492677688599 3.3608152866363525 
0.04202966019511223 3.892195701599121 
0.053182244300842285 3.7386064529418945 
0.3077445924282074 3.120347738265991 
1.3575831651687622 0.8882471919059753 
0.004710872657597065 3.895500421524048 
0.06320590525865555 3.590324640274048 
0.05106552690267563 3.7716481685638428 
1.3778456449508667 0.8200662732124329 
1.934325098991394 0.49810105562210083 
1.3374137878417969 1.0355075597763062 
1.9169214963912964 0.7496145367622375 
1.3077774047851562 1.3635799884796143 
0.3650257885456085 2.4808154106140137 
6.771931075491011E-4 3.966963052749634 
1.9894185066223145 0.02681097760796547 
0.3404346704483032 2.6999409198760986 
0.32481786608695984 2.8785898685455322 
0.00307414005510509 3.902224063873291 
1.9273184537887573 0.605124831199646 
0.0419871062040329 3.892698287963867 
1.939246654510498 0.4450950026512146 
0.7694075107574463 1.9578025341033936 
0.7945381999015808 1.733436107635498 
1.2958195209503174 1.5234785079956055 
1.9310896396636963 0.5434130430221558 
0.751309335231781 2.172163724899292 
0.3137216866016388 3.030231237411499 
0.3316226899623871 2.791069746017456 
0.34829726815223694 2.6075046062469482 
0.0740152969956398 3.422086000442505 
1.299069881439209 1.476283073425293 
0.09432066977024078 3.2203116416931152 
0.37582486867904663 2.421264886856079 
0.36731329560279846 2.458629608154297 
1.3116017580032349 1.3125414848327637 
0.07618705928325653 3.3937413692474365 
1.9416823387145996 0.40489423274993896 
1.925329327583313 0.6339604258537292 
1.984695553779602 0.06163641810417175 
1.9187506437301636 0.72029048204422 
0.3044034242630005 3.169060230255127 
0.7791886329650879 1.8618439435958862 
0.7358149886131287 2.3866920471191406 
1.9233343601226807 0.6659029126167297 
1.9208056926727295 0.6891413331031799 
0.3391588628292084 2.702542543411255 
1.9363908767700195 0.4714738726615906 
1.984695553779602 0.06163641810417175 
0.09807605296373367 3.216679334640503 
0.08779144287109375 3.2691874504089355 
