0.0011603310704231262 3.9997470378875732 
2.0018510818481445 0.0018644307274371386 
1.915955901145935 0.7825472950935364 
1.39094078540802 0.796657145023346 
0.836115837097168 1.594736933708191 
1.292455792427063 1.594244360923767 
0.7367802858352661 2.389925241470337 
0.39200860261917114 2.39119291305542 
0.30506062507629395 3.181145429611206 
0.1079663336277008 3.181720018386841 
0.04867487773299217 3.824692964553833 
0.04347652196884155 3.894436836242676 
1.298494815826416 1.4957399368286133 
0.7512734532356262 2.195025682449341 
1.9647217988967896 0.1860714703798294 
1.3198623657226562 1.232951283454895 
0.005332008935511112 3.8961374759674072 
0.053883232176303864 3.7567312717437744 
1.9496413469314575 0.3216399848461151 
0.09519165009260178 3.220787763595581 
1.9248120784759521 0.6413602232933044 
0.7566928267478943 2.1236557960510254 
1.3149105310440063 1.2923994064331055 
0.07979985326528549 3.357320785522461 
0.7619414925575256 2.056838035583496 
1.3582534790039062 0.8940143585205078 
1.9878580570220947 0.040258023887872696 
0.3299473822116852 2.822084903717041 
0.07635918259620667 3.417206287384033 
0.7475070953369141 2.247483730316162 
1.9384963512420654 0.45139092206954956 
0.34911659359931946 2.6185994148254395 
0.0016311168437823653 3.9426369667053223 
1.2957905530929565 1.5626063346862793 
0.34321630001068115 2.664254665374756 
0.7417735457420349 2.3125498294830322 
0.3617497980594635 2.5107057094573975 
1.9272780418395996 0.6002865433692932 
0.0650738999247551 3.578178644180298 
1.3664509057998657 0.8542532324790955 
1.3505779504776 0.9415420293807983 
0.3786343038082123 2.4133827686309814 
0.06795425713062286 3.5241949558258057 
0.7897842526435852 1.7807828187942505 
1.3292648792266846 1.1302759647369385 
0.3350284695625305 2.766511917114258 
1.9560754299163818 0.2535077631473541 
1.3109415769577026 1.336073875427246 
0.3144938349723816 3.040870428085327 
1.3073960542678833 1.374811053276062 
1.9206870794296265 0.7164232730865479 
0.31899502873420715 2.985652446746826 
0.09433311969041824 3.2971079349517822 
0.7684852480888367 1.986053705215454 
0.3269292116165161 2.8690614700317383 
0.7990849018096924 1.71255362033844 
1.9312456846237183 0.5484784245491028 
0.7792643308639526 1.8736649751663208 
1.304083228111267 1.4289807081222534 
0.32427048683166504 2.9021120071411133 
0.3086839020252228 3.114407777786255 
0.7684852480888367 1.986053705215454 
0.7760125398635864 1.9069998264312744 
0.8077283501625061 1.6629661321640015 
0.3410074710845947 2.712630033493042 
1.9722352027893066 0.12607112526893616 
1.3748681545257568 0.8226838707923889 
1.943266749382019 0.4073392450809479 
1.9355136156082153 0.5056595206260681 
1.3462779521942139 0.9742308259010315 
0.07204583287239075 3.4599416255950928 
0.35265442728996277 2.5709776878356934 
0.7597918510437012 2.0883865356445312 
0.7439257502555847 2.295409917831421 
0.36898601055145264 2.459512948989868 
1.332213044166565 1.0898549556732178 
0.05679783225059509 3.7103562355041504 
0.3131491243839264 3.070533037185669 
0.07029610872268677 3.485243082046509 
0.08482441306114197 3.3133132457733154 
0.05716799199581146 3.689986228942871 
1.946307897567749 0.3644057512283325 
0.810623288154602 1.6500657796859741 
1.342846155166626 1.0063929557800293 
2.0017781257629395 0.0026538376696407795 
0.060989562422037125 3.6474733352661133 
1.324711799621582 1.1762111186981201 
0.3367847502231598 2.7362680435180664 
0.3698834776878357 2.4511096477508545 
0.819977879524231 1.6172760725021362 
0.10458431392908096 3.18750262260437 
0.32154935598373413 2.9452903270721436 
1.9181112051010132 0.7533416152000427 
0.7857204675674438 1.8132247924804688 
1.980176329612732 0.07823514193296432 
0.06267816573381424 3.6183979511260986 
1.304744839668274 1.4200385808944702 
1.3396931886672974 1.029114007949829 
1.3824446201324463 0.8042581677436829 
1.9787615537643433 0.08385714888572693 
