1.390766978263855 0.7962819933891296 
9.793613571673632E-4 3.987276792526245 
9.793613571673632E-4 3.987276792526245 
1.2915215492248535 1.591492772102356 
0.834321916103363 1.5945708751678467 
0.7366194725036621 2.387172222137451 
0.3923976719379425 2.3909103870391846 
0.10817890614271164 3.1814725399017334 
0.3052895665168762 3.16015362739563 
0.7840347290039062 1.8219798803329468 
0.7973738312721252 1.7246947288513184 
0.06713999062776566 3.539271354675293 
1.3016290664672852 1.4546003341674805 
1.3639342784881592 0.861303448677063 
1.3779147863388062 0.8099782466888428 
0.7696130871772766 1.9646855592727661 
0.06316221505403519 3.6007378101348877 
1.296523094177246 1.5256752967834473 
0.37855881452560425 2.414527416229248 
0.3698408305644989 2.4533090591430664 
1.3131917715072632 1.303931713104248 
0.09051550179719925 3.252838611602783 
1.3095722198486328 1.3708215951919556 
0.7693399786949158 2.040384531021118 
0.042797159403562546 3.896402597427368 
0.005661621689796448 3.896430492401123 
0.7597973346710205 2.077956438064575 
0.8108148574829102 1.6451393365859985 
0.74538654088974 2.2633743286132812 
0.07801399379968643 3.385518789291382 
0.8193289637565613 1.6158561706542969 
0.7381961345672607 2.3640379905700684 
0.3154384195804596 3.018496036529541 
0.35666128993034363 2.5372188091278076 
0.3282974064350128 2.8452799320220947 
1.342589259147644 0.9994633793830872 
0.3125293254852295 3.0607712268829346 
0.3179585933685303 2.9845492839813232 
1.3307240009307861 1.107332468032837 
0.7564147114753723 2.1193833351135254 
1.3348759412765503 1.0672175884246826 
0.060536690056324005 3.640380859375 
1.3043463230133057 1.4142686128616333 
1.3487942218780518 0.9478955864906311 
0.0464065782725811 3.846224784851074 
0.7517293095588684 2.1790647506713867 
0.32559099793434143 2.8803722858428955 
0.7730907201766968 1.9275717735290527 
1.3182730674743652 1.2385108470916748 
1.2946535348892212 1.5524312257766724 
1.314883828163147 1.2837857007980347 
1.3275625705718994 1.136029601097107 
0.08016301691532135 3.358596086502075 
0.04866300895810127 3.820995569229126 
0.350367933511734 2.5967822074890137 
0.7759228944778442 1.8994050025939941 
0.07409752905368805 3.434601068496704 
0.3527991771697998 2.5710623264312744 
0.3103120028972626 3.0927867889404297 
0.0707816630601883 3.4841606616973877 
0.05170290172100067 3.770890712738037 
0.33708640933036804 2.7397353649139404 
0.7541313767433167 2.148963451385498 
0.7419638633728027 2.310502767562866 
1.3505750894546509 0.9351100325584412 
0.3630419075489044 2.4900851249694824 
0.08371275663375854 3.318035840988159 
0.34065520763397217 2.69523549079895 
0.32082676887512207 2.945032835006714 
0.7791754603385925 1.8665096759796143 
0.09663684666156769 3.211470365524292 
1.3375086784362793 1.0396095514297485 
0.3617109954357147 2.5034255981445312 
0.05538257956504822 3.718065023422241 
0.7623946070671082 2.0418906211853027 
1.3569157123565674 0.8977407217025757 
0.04325932264328003 3.890998125076294 
0.05131610110402107 3.7815966606140137 
0.7985123991966248 1.7125847339630127 
0.10036901384592056 3.196932792663574 
0.748892605304718 2.217270851135254 
0.8288952112197876 1.597307562828064 
0.32309606671333313 2.9136223793029785 
1.3066297769546509 1.383013367652893 
0.09206672012805939 3.2423858642578125 
0.39218443632125854 2.3909196853637695 
0.05816574767231941 3.6724703311920166 
0.742458701133728 2.3044118881225586 
0.7480915784835815 2.2272017002105713 
0.002051499206572771 3.9389259815216064 
0.8042394518852234 1.6772962808609009 
0.3341106176376343 2.772186756134033 
0.346628874540329 2.6326682567596436 
0.331265926361084 2.80601167678833 
1.3577638864517212 0.8926328420639038 
1.3405890464782715 1.0162426233291626 
0.057770002633333206 3.6890547275543213 
1.3242546319961548 1.1751866340637207 
1.3208308219909668 1.2131831645965576 
0.7813361883163452 1.8462620973587036 
