4.140127857681364E-4 3.9995052814483643 
1.997412085533142 0.006357986479997635 
1.997412085533142 0.006357986479997635 
1.9149813652038574 0.7762723565101624 
1.390267014503479 0.7957005500793457 
1.2912026643753052 1.5934454202651978 
0.8345648050308228 1.5940862894058228 
0.735413134098053 2.3899037837982178 
0.3923394978046417 2.3904013633728027 
0.303815096616745 3.179482936859131 
0.10808107256889343 3.1813161373138428 
1.95268976688385 0.28614288568496704 
1.9370626211166382 0.46724733710289 
1.2997751235961914 1.472338318824768 
1.3133238554000854 1.2892827987670898 
1.92539644241333 0.6304188966751099 
0.08648882806301117 3.284555673599243 
0.33468499779701233 2.758967161178589 
0.09540686011314392 3.2167751789093018 
0.004547568038105965 3.895815134048462 
1.29265296459198 1.5664671659469604 
1.3248655796051025 1.1615958213806152 
0.3427952527999878 2.6681625843048096 
1.3308897018432617 1.0997037887573242 
1.3465330600738525 0.9629157185554504 
1.3033355474472046 1.4237948656082153 
1.934158444404602 0.5074320435523987 
0.7977342009544373 1.7095171213150024 
0.3582606613636017 2.519284725189209 
9.789334144443274E-4 3.943760871887207 
1.975066065788269 0.09905600547790527 
0.07033475488424301 3.480344295501709 
0.8095203042030334 1.648311972618103 
1.919901967048645 0.7082324624061584 
1.352412462234497 0.9219169616699219 
1.3699259757995605 0.8328624367713928 
0.8338503241539001 1.5941102504730225 
0.31440016627311707 3.0201706886291504 
0.7450791001319885 2.2602665424346924 
0.3650903105735779 2.4769983291625977 
0.32973068952560425 2.8189735412597656 
1.3069027662277222 1.3701696395874023 
0.04191458970308304 3.8941421508789062 
0.31061482429504395 3.0820860862731934 
1.3101612329483032 1.339249610900879 
0.07321684807538986 3.4391279220581055 
0.7544229626655579 2.146031379699707 
0.7824005484580994 1.8340810537338257 
1.3396353721618652 1.0186017751693726 
1.3206429481506348 1.2091267108917236 
0.05155027285218239 3.7696776390075684 
0.7724877595901489 1.9234440326690674 
0.30806785821914673 3.117568016052246 
0.7608909606933594 2.0584511756896973 
0.3470204472541809 2.620882034301758 
0.05534727871417999 3.7058637142181396 
0.06666941940784454 3.535975933074951 
0.370766282081604 2.4433233737945557 
0.0654204860329628 3.555116891860962 
1.9632885456085205 0.18732279539108276 
0.3250252902507782 2.8782894611358643 
0.31688374280929565 2.9908559322357178 
1.3356688022613525 1.0576229095458984 
1.929314374923706 0.5647766590118408 
1.9188101291656494 0.7248794436454773 
1.379193663597107 0.8067869544029236 
0.8095203042030334 1.648311972618103 
1.9595333337783813 0.21929311752319336 
1.928979516029358 0.5756886601448059 
1.9800738096237183 0.06718077510595322 
0.7495496869087219 2.2000935077667236 
0.7781291604042053 1.871374487876892 
1.3604991436004639 0.8738290667533875 
0.35323065519332886 2.5649046897888184 
0.076018325984478 3.398521661758423 
0.08142291754484177 3.3355519771575928 
0.3318510055541992 2.792771339416504 
0.3212487995624542 2.931520462036133 
0.7711693048477173 1.9447163343429565 
0.3516768515110016 2.5779776573181152 
0.3194751739501953 2.949192762374878 
0.04603450000286102 3.8485305309295654 
0.7946209907531738 1.7307426929473877 
0.05837998166680336 3.6648128032684326 
0.7560915350914001 2.1170480251312256 
0.07755386829376221 3.376662254333496 
1.3587963581085205 0.8829945921897888 
0.7873144149780273 1.7885619401931763 
0.7907442450523376 1.7622714042663574 
0.7498177289962769 2.196866750717163 
1.9938429594039917 0.014579329639673233 
1.3206429481506348 1.2091267108917236 
1.9674006700515747 0.1529712975025177 
0.7660664916038513 1.9974993467330933 
0.3242879807949066 2.889784812927246 
0.37722426652908325 2.4167838096618652 
0.7436889410018921 2.290696859359741 
0.7674928307533264 1.9821133613586426 
0.7414088845252991 2.3119354248046875 
0.04803802818059921 3.8172502517700195 
