8.169362554326653E-4 3.9979565143585205 
1.3903260231018066 0.7957814931869507 
8.169362554326653E-4 3.9979565143585205 
1.3903260231018066 0.7957814931869507 
0.834115743637085 1.5940167903900146 
1.2942936420440674 1.5496350526809692 
0.3913368284702301 2.39076828956604 
0.7358611226081848 2.3902807235717773 
0.30384817719459534 3.180396318435669 
0.10771037638187408 3.1813902854919434 
0.3163958489894867 2.9968690872192383 
0.004996021743863821 3.8959133625030518 
0.04872981086373329 3.811624526977539 
0.3098738491535187 3.0904812812805176 
1.3706289529800415 0.8298128247261047 
0.324767142534256 2.8830277919769287 
0.04212261736392975 3.8958702087402344 
0.00124206836335361 3.9506096839904785 
0.794659435749054 1.7333667278289795 
1.3307424783706665 1.101166844367981 
1.2984801530838013 1.4902606010437012 
0.044152576476335526 3.871443748474121 
1.3006724119186401 1.461439847946167 
0.3361690640449524 2.739229440689087 
0.7678864598274231 1.9766243696212769 
1.3357728719711304 1.053380012512207 
0.09215501695871353 3.239035129547119 
0.34813782572746277 2.611982822418213 
0.757972240447998 2.0932791233062744 
0.07050967216491699 3.483276128768921 
0.7981545329093933 1.7095931768417358 
1.3235735893249512 1.1754218339920044 
1.3046892881393433 1.4067996740341187 
1.3268920183181763 1.1416767835617065 
0.3414161503314972 2.6794939041137695 
0.30648723244667053 3.13900089263916 
0.3206230401992798 2.939755916595459 
0.8177076578140259 1.617963194847107 
1.3090107440948486 1.3485087156295776 
0.7709895968437195 1.9433841705322266 
0.06664793938398361 3.5383708477020264 
1.3871930837631226 0.7967126965522766 
0.780052661895752 1.852879285812378 
0.3284156024456024 2.836120843887329 
0.05540354177355766 3.710427761077881 
0.8133933544158936 1.6319609880447388 
0.07418975979089737 3.426528215408325 
0.36235082149505615 2.544782876968384 
0.36835694313049316 2.4570367336273193 
0.739717960357666 2.33375883102417 
1.3199542760849 1.2174853086471558 
0.08061331510543823 3.343977451324463 
1.3416904211044312 1.0018622875213623 
1.3538552522659302 0.9128124713897705 
0.7637973427772522 2.024095296859741 
0.3409423232078552 2.6848304271698 
0.7818745374679565 1.8356506824493408 
0.7532641291618347 2.1517372131347656 
1.3152598142623901 1.2732454538345337 
0.7504774332046509 2.188523530960083 
0.7551965713500977 2.127833127975464 
0.775182843208313 1.899427890777588 
1.3064484596252441 1.3838543891906738 
0.7450535893440247 2.2612476348876953 
0.36308640241622925 2.4889886379241943 
0.0622929185628891 3.6020705699920654 
0.3194000720977783 2.956578493118286 
0.7617504596710205 2.0484375953674316 
1.3182729482650757 1.2376658916473389 
0.071959488093853 3.456648826599121 
1.3391780853271484 1.0237141847610474 
1.3594633340835571 0.879901647567749 
0.3725202679634094 2.4356672763824463 
0.059483688324689865 3.647735595703125 
0.08792924880981445 3.2712044715881348 
0.7867858409881592 1.7929261922836304 
0.05676761269569397 3.692783832550049 
0.09879909455776215 3.1999316215515137 
0.3321608304977417 2.7872328758239746 
0.7473287582397461 2.2311325073242188 
0.06562347710132599 3.5528247356414795 
0.052200473845005035 3.760500907897949 
0.052200473845005035 3.760500907897949 
0.3339301347732544 2.7661044597625732 
0.8065639138221741 1.6683400869369507 
0.06314919143915176 3.5888254642486572 
1.3625327348709106 0.8636639714241028 
0.07726437598466873 3.385735273361206 
0.3090521991252899 3.104252576828003 
0.8065639138221741 1.6683400869369507 
0.7865596413612366 1.7963019609451294 
1.2942936420440674 1.5496350526809692 
0.7743117213249207 1.9082603454589844 
0.08248931169509888 3.324059247970581 
0.05881078541278839 3.6583919525146484 
1.3461323976516724 0.9662706851959229 
0.7489268779754639 2.211327314376831 
0.7429118752479553 2.2889463901519775 
0.07681997120380402 3.3918797969818115 
1.3132659196853638 1.2960922718048096 
