0.0023642077576369047 3.997297763824463 
1.3926942348480225 0.7977741956710815 
0.8361069560050964 1.5958197116851807 
1.293408751487732 1.5932923555374146 
0.737278163433075 2.3877196311950684 
0.39217859506607056 2.3926503658294678 
0.3057503402233124 3.1822612285614014 
0.10952282696962357 3.1829957962036133 
1.3001807928085327 1.4905096292495728 
0.7689348459243774 1.99061918258667 
1.36705482006073 0.854621946811676 
1.3571345806121826 0.9042291045188904 
0.7759132981300354 1.9160611629486084 
0.006792475003749132 3.8976223468780518 
0.314495712518692 3.0508368015289307 
0.08196733891963959 3.345020055770874 
0.05990318953990936 3.660137891769409 
0.32831019163131714 2.8767287731170654 
0.35750287771224976 2.5475103855133057 
0.043722495436668396 3.8935394287109375 
0.05449875444173813 3.7569892406463623 
0.31890159845352173 2.9883973598480225 
0.7999245524406433 1.7131489515304565 
0.05232080817222595 3.785451650619507 
0.7782372832298279 1.8937240839004517 
0.8106420040130615 1.6541550159454346 
0.7409747838973999 2.3361268043518066 
0.7462352514266968 2.2760074138641357 
1.3380323648452759 1.0507622957229614 
0.31255093216896057 3.0891311168670654 
0.07657524198293686 3.4260411262512207 
0.3405613303184509 2.7157723903656006 
0.7514251470565796 2.1939382553100586 
0.804530143737793 1.6862503290176392 
1.3349665403366089 1.0815240144729614 
0.0029225449543446302 3.9596621990203857 
0.30951523780822754 3.127063274383545 
0.7886126041412354 1.7980297803878784 
0.7829509377479553 1.8392292261123657 
1.314877986907959 1.3027169704437256 
0.09583243727684021 3.2288026809692383 
1.3433048725128174 1.003570556640625 
0.10427407920360565 3.191012382507324 
1.3042434453964233 1.4350347518920898 
0.3381970524787903 2.743544340133667 
0.0667695477604866 3.567558765411377 
0.04903554916381836 3.839017868041992 
0.06396671384572983 3.6102452278137207 
0.765965461730957 2.024385452270508 
1.2960492372512817 1.557023048400879 
1.3658086061477661 0.8607696294784546 
0.7436159253120422 2.3123998641967773 
0.36945098638534546 2.463975191116333 
1.3223538398742676 1.2148892879486084 
0.32182779908180237 2.9539170265197754 
0.3758235275745392 2.4309585094451904 
1.3248523473739624 1.1834559440612793 
1.3053104877471924 1.4250404834747314 
1.350158929824829 0.9494282603263855 
0.7937291860580444 1.756417989730835 
0.36126285791397095 2.513306140899658 
1.3310184478759766 1.1178044080734253 
0.756411075592041 2.1417384147644043 
0.05794982612133026 3.700876235961914 
0.35219094157218933 2.594417095184326 
0.33192968368530273 2.8220667839050293 
0.30737218260765076 3.1591837406158447 
0.7546663284301758 2.1518449783325195 
0.0719226524233818 3.484964609146118 
1.350158929824829 0.9494282603263855 
1.3173590898513794 1.2725136280059814 
1.34238600730896 1.010157823562622 
0.8204025626182556 1.6182597875595093 
0.748458206653595 2.234264373779297 
0.8182169795036316 1.6250642538070679 
0.3817354440689087 2.4174001216888428 
0.3247533142566681 2.906787633895874 
1.3117369413375854 1.3385651111602783 
1.3090364933013916 1.3753957748413086 
0.07657524198293686 3.4260411262512207 
0.7598860263824463 2.0979034900665283 
0.7841389775276184 1.8281701803207397 
0.7927319407463074 1.766342282295227 
0.06911981850862503 3.5328264236450195 
0.34799373149871826 2.635374069213867 
0.3445191979408264 2.6727230548858643 
0.09347665309906006 3.2448606491088867 
0.04478292167186737 3.8854165077209473 
0.07378415763378143 3.468183755874634 
0.06483727693557739 3.597944974899292 
0.33244824409484863 2.820854902267456 
0.003816869342699647 3.9176700115203857 
0.38700103759765625 2.40114688873291 
0.3350450098514557 2.7801220417022705 
0.36966660618782043 2.460618495941162 
0.7499672174453735 2.2255473136901855 
0.3445191979408264 2.6727230548858643 
1.2960492372512817 1.557023048400879 
1.3282150030136108 1.157501459121704 
0.05837102606892586 3.700129508972168 
