0.0020605980768169108 0.03147435226890605 2.1022689215549355 2.80409165572105 3.5057993070491684 4.201471755518322 
1.9999832761119503 3.9999999904154278 2.094394250565563 2.792582751468172 3.4944470178317784 4.212729170336139 
0.0020605980768169108 0.03147435226890605 2.1022689215549355 2.80409165572105 3.5057993070491684 4.201471755518322 
1.9999832761119503 3.9999999904154278 2.094394250565563 2.792582751468172 3.4944470178317784 4.212729170336139 
1.9307720909304356 3.918043837093372 2.094298452012115 2.792329812009168 3.5072280627377284 4.2123128940925065 
1.9800189959100658 2.459290792807386 2.0943150350768946 2.7923728446194587 3.493212531469446 4.213636439420549 
1.8838350402497004 2.385180372341195 2.0943630213326294 2.7921493169079414 3.498996494001732 4.199734134153942 
0.524131519639323 3.7795455537026084 2.0946963031100654 2.792554554043131 3.5058097528724237 4.1965091284137905 
0.3723137148172673 3.770568662513486 2.096205174457719 2.7946624037438945 3.5070677849811465 4.196748883427489 
0.37232125201016675 2.490879023407272 2.094838529270404 2.7925920958520343 3.4989530160450903 4.1968391222006725 
0.1807642589821003 2.4794238912659825 2.094836947506127 2.792586398484865 3.4989530160450903 4.199565413454027 
0.633582018219825 0.40391552151871635 2.096252077560742 2.79466065061192 3.5070416806564313 4.197192029192056 
0.17276288603582388 0.6943751627761536 2.1044923028518547 2.7952702083138896 3.49326861568528 4.217383118004671 
0.17342676947335878 0.927110090844447 2.1050977536201647 2.7954191692474835 3.4988660749073417 4.212462910755418 
1.8657829732318945 2.459290792807386 2.094940868545378 2.7944254908335355 3.4945541491674597 4.213697774405552 
0.372313131726401 3.987681644014776 2.094569775684033 2.7954717526945 3.5070677641409276 4.196748883427489 
1.952593351533659 2.2625090866296924 2.109268097603954 2.792614575800672 3.5063505058696025 4.213720418331364 
1.9587086702021868 3.905313007915201 2.0944429201537362 2.7925932046716846 3.4989463117419017 4.1994546125770364 
1.949159286541651 3.9373601225857318 2.094394250565563 2.792582751468172 3.4939694864251623 4.212729170336139 
0.557853706041911 3.54893362346953E-4 2.0945271386668565 2.792554554043131 3.5058097528724237 4.200660714111408 
0.4024228810334801 0.5997263266874117 2.0940885369112245 2.7945037221006994 3.5068305097034886 4.197425659550826 
0.5579506855489837 0.09090049249800325 2.094529298219594 2.792586398484865 3.4913682704725457 4.199365119105656 
1.8992272035931983 2.525846520774993 2.094262332242794 2.792459162061652 3.4940107099942055 4.213697774405552 
1.9996720453947563 3.889446363486339 2.094264089327211 2.7925923065012865 3.5058097528724237 4.212344971711027 
1.8846879416350746 2.4395625381445485 2.1024541313005116 2.8043723399136007 3.493541857104668 4.213632876480058 
1.9533196205802432 3.889446363486339 2.094264089327211 2.792554554043131 3.5058097528724237 4.212399339024039 
0.015882430151894583 0.30502616765983126 2.1037091457192627 2.795092312728353 3.507789916271573 4.213042291564493 
1.922213761244147 2.4526824405242666 2.0939123490100586 2.792329812009168 3.5072280627377284 4.2123128940925065 
0.557853706041911 0.02954168043091117 2.0949007964775808 2.792554554043131 3.5058097528724237 4.200660714111408 
1.9770195706750344 3.9875415607817946 2.0943446943930946 2.792149082637409 3.4988327195783553 4.201449065893725 
0.31488807012093045 2.369881201806542 2.0947360592741346 2.7945926686854605 3.4928182917399018 4.185311445798795 
0.2812530388643629 2.369881201806542 2.0947360592741346 2.7945926686854605 3.4928182917399018 4.21867068847247 
0.2627396106025489 2.561905943434617 2.0948412815754454 2.792586398484865 3.4989530160450903 4.199365119105656 
1.9800189959100658 3.902652318625653 2.0943150350768946 2.7946641552574314 3.493212531469446 4.213368904640226 
0.557853706041911 0.18956778035835775 2.0945695351650944 2.792554554043131 3.5070246597533252 4.200660714111408 
0.17898905670832826 2.706730181171821 2.104029447034281 2.8054709178293487 3.517908481147745 4.221416073185056 
1.91877907185216 0.7057295563273398 2.1192952375398555 2.792346721458337 3.5078960826103045 4.200397977744527 
0.29576959146587956 3.9884839105068277 2.0943630213326294 2.79259281919039 3.498996494001732 4.230211001334203 
0.21715443463206485 2.4810787283515223 2.094907501498949 2.7926140945349975 3.507324436616589 4.199460500539534 
1.9255562904606722 2.3685817647429763 2.0952757532261828 2.7945926686854605 3.4928182917399018 4.218908801649083 
1.9481469490724668 3.910375019934697 2.0940822650245594 2.7925408274356225 3.5070677849811465 4.196552230258133 
0.3207500359408386 2.4000546696418845 2.093890899620354 2.792135789026115 3.5059054382497794 4.21272865233765 
0.3513870058843369 3.895240436727301 2.0942791609247324 2.7920851067679644 3.5068340122349886 4.212465897821283 
1.9509141093101054 3.910375019934697 2.093669395050627 2.803949934618927 3.5070677849811465 4.196552230258133 
0.3723137148172673 3.8137488146116625 2.10391869428179 2.805266176659271 3.5171522742256958 4.22149749103233 
0.37197200450022494 3.781050486657703 2.096205174457719 2.7946624037438945 3.5070677849811465 4.196748883427489 
1.8905244122287919 2.4150669259658155 2.104392465760297 2.792607184745241 3.494568386432891 4.211375341504423 
0.3521036218471197 3.9241417776834844 2.094285026564689 2.79471559635675 3.5070677849811465 4.196748883427489 
1.9999237543719224 2.3589626296597284 2.0942670247672326 2.7925923570546667 3.4944475725045856 4.212660515954054 
0.44978964229855645 0.5991893122895291 2.0942647880472713 2.7924558170305005 3.505593602621415 4.200001805111074 
0.25548969651196785 0.6853867253736415 2.0946963031100654 2.7950184493121806 3.4990734949782443 4.213688139487714 
0.21715443463206485 2.540651034041866 2.094871023148834 2.7926139614326835 3.507334353089646 4.199460500539534 
1.966296737311373 3.9875415607817946 2.0943446943930946 2.792166948380478 3.4992273693716265 4.201536014546703 
1.9216995406276602 0.8604624059042247 2.0941150711876335 2.792346721458337 3.5078960826103045 4.212541102910638 
1.9880376625873641 2.3030842037442594 2.0942945849140218 2.7925533813403263 3.5326689290722513 4.219373975912751 
0.3478967083537654 0.7653999976151316 2.0961156667826177 2.792332943753817 3.5078960826103045 4.196565672411011 
1.99221780223363 2.4150669259658155 2.1042047129419483 2.792607184745241 3.4951401733730756 4.2123617938003886 
1.9063743078096298 2.4996869287482477 2.0948907595324253 2.79226653731153 3.5068789064709858 4.213568946598406 
1.91877907185216 0.6980346297462099 2.0941647282432854 2.792346721458337 3.5078960826103045 4.200397977744527 
1.952116461177959 2.261168739760177 2.109268097603954 2.7921651813105677 3.5066371177790288 4.213640078767599 
0.495886640309504 3.7800585065500765 2.0946965036036227 2.8107873254428046 3.5058076951133432 4.201530078003753 
0.4219397952616349 0.6980346297462099 2.106772634964378 2.792111575999617 3.5144204790359153 4.200397977744527 
1.9799320413623285 3.8285469479287713 2.094032808968087 2.792583026285977 3.507970495264982 4.197242688141816 
0.32450379386558714 3.989535359274681 2.0943630213326294 2.792149082637409 3.4988327195783553 4.201449065893725 
0.5610159738444292 0.4592095930144976 2.0945292738668084 2.7925920958520343 3.49895378702714 4.1968391222006725 
1.952593351533659 2.3240840267894893 2.109268097603954 2.7925834229840336 3.5063505058696025 4.2207490109406 
1.9716455116029254 3.9088033374723845 2.0940822650245594 2.7923559449147906 3.5178520808080824 4.196525608513256 
0.5077866189777168 3.573380590019955 2.1021898921966535 2.8104145334516355 3.5058076951133432 4.201289085713045 
0.27200792741368807 2.4800316771533377 2.1039097721199638 2.792374194038793 3.494546336378672 4.21277965891821 
0.3461866552551026 2.4244208507933243 2.0938930579226755 2.7921497712331824 3.5068340122349886 4.21272865233765 
1.974030485681144 2.3030842037442594 2.0942945849140218 2.7925533813403263 3.5326689290722513 4.219373975912751 
0.3867691272675161 0.6019452118020034 2.1048287378237887 2.7944685836875003 3.4934394429192723 4.197425659550826 
0.20350618694140932 2.4729428294863975 2.1111848252124834 2.792148857309193 3.5064910027403053 4.196716800851275 
0.17276288603582388 2.5127209103798873 2.103991518489095 2.7952702083138896 3.49326861568528 4.20041277382445 
0.17342676947335878 0.9927690685749153 2.1044923028518547 2.7952702083138896 3.4926366327068554 4.2124247668499155 
0.08325342008669451 2.706730181171821 2.104029447034281 2.8055013193585268 3.517908481147745 4.201552168450644 
1.9999832761119503 3.9027615737465324 2.094394250565563 2.792582751468172 3.4944470178317784 4.213381508325542 
0.17898905670832826 2.767044574766394 2.104029447034281 2.8054709178293487 3.517908481147745 4.221416073185056 
1.8907046935836567 2.459290792807386 2.094262332242794 2.7924560037306403 3.4940107099942055 4.213697774405552 
0.4828930482138706 3.7173281597154264 2.109268097603954 2.7925834229840336 3.505801090847105 4.196496423131907 
0.21145802145278395 2.4723743827347997 2.09521403061149 2.7923506988551057 3.5065412117939245 4.213478946485386 
0.1815201926148129 2.5870173134005507 2.094706243043062 2.792586885257409 3.5072277960143086 4.199475214044773 
1.9294994830658272 3.987681644014776 2.095307450168679 2.7954717526945 3.5070677641409276 4.1971150106159705 
1.978437189901614 3.918043837093372 2.094298452012115 2.7923802431561464 3.5072280627377284 4.2123128940925065 
0.32848130821867816 2.50376728893239 2.094940868545378 2.7944254908335355 3.5070965280482884 4.213697774405552 
0.18850078297248785 2.636553292148853 2.0931371259226474 2.7912875780798796 3.4942216250335387 4.212542093356192 
0.2141728665173056 2.4723743827347997 2.09521403061149 2.792148857309193 3.5065412117939245 4.213342461688147 
1.9892586945800106 3.9999999959592896 2.0947475765016703 2.7926810611729884 3.4945464147668837 4.212729146314496 
0.3719569624532998 3.8692851579572975 2.0961589898178725 2.805882568339097 3.5070677849811465 4.253213610628052 
1.9999237543719224 2.3589626296597284 2.0942670247672326 2.7925923570546667 3.4944475725045856 4.212660515954054 
0.17552949603982404 2.618077342846627 2.0942938847848596 2.792586398484865 3.498613680702294 4.199429409633496 
0.4517657743998834 3.769761790927564 2.094295598219705 2.7926122942264526 3.49314458532686 4.221050814562389 
1.9936179815771555 3.8867562031992673 2.093996330617972 2.792582893183663 3.5079804117380387 4.197242688141816 
1.9327942836751286 3.918173766573408 2.094298452012115 2.792355912308983 3.5072280627377284 4.2123128940925065 
0.1736235206372693 2.6070472404522524 2.094706243043062 2.7925870058403923 3.494680106971023 4.199475214044773 
0.37197200450022494 3.8212604140097493 2.0961589898178725 2.7946624037438945 3.5070677849811465 4.201594770822906 
1.9800189959100658 3.9983139389826077 2.0943150350768946 2.7946641552574314 3.493212531469446 4.212716566650824 
1.9282544015128615 2.4137265790963003 2.104392465760297 2.7923481654662274 3.5079263810555803 4.211398467129324 
1.8905244122287919 2.478777371128645 2.104392465760297 2.792607184745241 3.494569677557012 4.211375341504423 
0.3719569624532998 3.8692851579572975 2.0961589898178725 2.805882568339097 3.5070677849811465 4.253213610628052 
