6.901603018507063E-4 3.779715794667293E-4 2.1011860632678965 2.799353783342804 3.5109642666543586 4.192977931719752 
1.9999998629943088 3.9997912061465786 2.100192595858139 2.7993553830190137 3.510970488972413 4.192961170422626 
1.999999953997413 3.9997912061465786 2.100192595858139 2.7993553830190137 3.510970488972413 4.192961170422626 
6.901603018507063E-4 3.779715794667293E-4 2.1011860632678965 2.799353783342804 3.5109642666543586 4.1929779348943645 
1.943608210474201 3.8934754604444652 2.1012084048506585 2.799395282596149 3.5112175332728435 4.1930838375101604 
1.38932836643822 3.6392196935542866 2.101841097411464 2.7990878227818268 3.511375086870626 4.193015311605588 
1.329327526931118 3.4947582592565962 2.1019510199572924 2.7981734480197558 3.5112472414958265 4.192755349065727 
0.5587182960383297 3.706831973624398 2.101198883207888 2.799353783342804 3.5109642666543586 4.192862063179632 
0.3112150714737638 3.890724372512208 2.1011768283612473 2.799303894601386 3.5114106816467388 4.192932143102495 
1.542026705650776 0.15642273944654334 2.0994201943306336 2.7993053549477414 3.5125184290206164 4.191676253514927 
0.5929744318842933 1.6538997389498291 2.1004691454108477 2.79933343761336 3.511421022825031 4.1928605532116245 
0.010339075159961464 1.6538997389498291 2.10043770405494 2.7993501657938475 3.5111797406694394 4.192857559656024 
0.3265959212820133 3.890724372512208 2.1011768283612473 2.7993059329367465 3.5114106816467388 4.191653643025475 
0.5790500560715793 0.24794552231777867 2.1012059214872134 2.7990896070011355 3.5112915730861496 4.192987126534266 
1.3651976610976984 3.4947582592565962 2.099439849050432 2.801476066936412 3.5113197891312526 4.192755391722197 
1.541891710421866 0.06693806119296464 2.101290545857331 2.799143450920299 3.5109673631457374 4.19297813156347 
0.013496889715767235 1.320984852404936 2.1005329358261595 2.7979165954140566 3.511289093258973 4.192871038281941 
1.9879710718243253 3.9757524526636114 2.100192595858139 2.799355394565035 3.510970488972413 4.192961170422626 
1.9624561774619618 3.9094570817423144 2.1021884388459444 2.799413773283779 3.511825444765625 4.192773584799505 
0.31361780895991054 3.8972493552195027 2.101176511278225 2.799305969169721 3.5114106816467388 4.202392432120973 
1.329327526931118 3.508362594425096 2.101963094801469 2.7981734480197558 3.511278506247386 4.192751554283885 
1.3914234647209431 3.422405291658948 2.10134978546351 2.7992962154385004 3.5118246183171853 4.1928787518105635 
1.9470663723439077 3.954599596110838 2.1012103625177945 2.7990935905521934 3.494886855853107 4.192904373875692 
1.9499737723066521 3.9990613479473085 2.1001883248228697 2.799350161765881 3.5115090134888467 4.192855545224239 
1.5426907436459956 0.008882720364669888 2.101287667806876 2.7991433165907615 3.4932744248746803 4.186831792820516 
1.9470663723439077 3.894977227397491 2.1012103625177945 2.7990935905521934 3.494832331613213 4.192920069806328 
1.4127964957468415 3.410337851536317 2.0994449432088538 2.7993541757770233 3.5117955136171664 4.192862111198767 
0.6077054039460345 3.5058971015676472 2.1013091566303572 2.7992871759177116 3.493318723253962 4.1930135142037575 
1.3201937682029434 3.537860128703701 2.101152333911009 2.799349951224127 3.5112694802446405 4.192854148148678 
0.08145890816572277 0.16867583746731796 2.1017371539957765 2.798054141807381 3.5123757298712452 4.191741776793927 
0.5148966578337386 3.7153271653857223 2.099448287167638 2.799319801863198 3.5117955136171664 4.192854459551112 
1.923550892968091 3.952537957375103 2.1001796014652294 2.803909621158789 3.5113706546327346 4.19277322535856 
1.4146080158501433 3.422405291658948 2.0994449432088538 2.799318184021286 3.5117955136171664 4.192857248145753 
0.780009566922769 1.4179243757635134 2.1004618106172264 2.79933343761336 3.511421184799184 4.193016704596956 
1.930665571056973 3.9990613479473085 2.1001883248228697 2.799350161765881 3.5115146947139353 4.192854027314482 
1.4481294448086233 0.007044439515866641 2.101159036738785 2.799349902489171 3.510293436059256 4.192853982592242 
1.4591349050860294 1.7769958920663425 2.101242329129677 2.7992722358038002 3.5106847307002336 4.193004504908094 
0.058709303773417404 0.01698210262049918 2.1011867236310757 2.7978594926178757 3.511510058103735 4.191508764460095 
1.437216284853084 0.0017732435554951298 2.1011896592035253 2.7992694208050763 3.5117436659100414 4.1929715845683555 
0.4719563927689948 0.09362966786835769 2.1018900106664686 2.799410265452918 3.5113469555968817 4.193566941475278 
1.9645026558385656 3.8934754604444652 2.1012084048506585 2.7993939820438327 3.511844344320044 4.192978839391636 
0.6918302604355933 0.15645682480163714 2.101916553101146 2.799096964637966 3.5113440668119518 4.191552693339637 
0.6103027836485424 0.007537347468442368 2.1011860240478786 2.799351205037127 3.5113720455112154 4.193018796363308 
1.9219121081117438 3.963225355647883 2.101190960684998 2.7993094788828663 3.5113863027276744 4.192857071570125 
0.5122383896841405 3.540287079254186 2.1011773068556514 2.7993156079711676 3.512440946725468 4.191639113101154 
0.4622285760800181 0.15532080755926025 2.101501103232918 2.799296366108553 3.4928376134466514 4.192853578156368 
0.560529816246403 3.5016208453301068 2.101198883207888 2.7993177915870673 3.5109642666543586 4.192857200126618 
1.962238571601016 3.9997912061465786 2.100192595858139 2.7993553830190137 3.510970488972413 4.192961563181183 
1.541891710421866 1.5975788532323711 2.1004653051491227 2.7991353475918404 3.5109673631457374 4.19297813156347 
1.9792524039958788 3.9232781320414087 2.10017340360265 2.79946104280125 3.5114275102084833 4.193015896531284 
1.9082927588663419 3.9997912061465786 2.1001796014652294 2.799413773283779 3.5114282497995517 4.19277322535856 
1.383379968267957 3.4947582592565962 2.1013091566303572 2.7992871759177116 3.493318723253962 4.1930135142037575 
0.440982268234522 0.26538029026407617 2.101181752216703 2.7993952950805894 3.4942792803128513 4.187582212434631 
0.6504915263052445 0.15645682480163714 2.1019098125968276 2.799400459945817 3.5109642666543586 4.191516669075973 
0.013496889715767235 1.5887719422712505 2.1004504966311077 2.79933247015261 3.511421022825031 4.1930010739865065 
1.4481294448086233 0.169928939603135 2.101954725633881 2.799349902489171 3.5103393494560797 4.192840944551431 
1.5074162087137923 0.17612832560185332 2.101197857511319 2.7993288183976746 3.5113013730833327 4.1928584004294835 
0.6025168448968817 0.09362966786835769 2.1018900106664686 2.799410265452918 3.5113469555968817 4.193566941475278 
0.5938465558268602 3.474550920280315 2.1012051253152406 2.799353826069367 3.510961766066753 4.1929081414780764 
1.412434068188519 3.4947582592565962 2.0994400079692896 2.801397250412379 3.5113197891312526 4.192746054348004 
1.4446074869152001 0.1560322369975835 2.1017966278247244 2.7993094788828663 3.5113863027276744 4.1928571965619925 
1.383774377295215 3.4312896547595835 2.1011529155114697 2.7993938655028785 3.5112694802446405 4.192854148148678 
0.5666557934877572 3.460753620953522 2.1001796014652294 2.799413773283779 3.5114254661139728 4.19278841219611 
0.6153967132362074 0.082532374645367 2.1004528726714446 2.7982171283154766 3.5112886608376206 4.191513384654805 
1.3892824971046986 3.4947582592565962 2.1013151752527794 2.799058675232242 3.5112697307051026 4.1930135142037575 
1.3880227243956318 0.07502313272595118 2.1004691454108477 2.7993287507896936 3.511425378968462 4.192855986138612 
1.4979023754632594 1.6419767105667877 2.1011728448946183 2.7993481927653727 3.511375086870626 4.192978590460134 
0.3112150714737638 3.988669893834636 2.101209099454793 2.7993059329367465 3.511090539281711 4.191653643025475 
1.3286185115852396 3.640353735112125 2.101339990979077 2.7992990511251534 3.4927362392352563 4.191645758098054 
1.431298208539179 0.06693806119296464 2.101290545857331 2.799146338486824 3.5109737181338256 4.1928538504252 
1.9999998629943088 3.9119481091133195 2.100192595858139 2.7991299744426956 3.5109674311922987 4.192961170422626 
1.9792524039958788 3.9232781320414087 2.10017340360265 2.79946104280125 3.5114275102084833 4.193015896531284 
1.2262981098302341 3.8803950385730825 2.1012086725328416 2.799268616008928 3.4971693355193776 4.192770936749894 
1.335764439442246 0.3264240745852611 2.102158382305819 2.79928112481703 3.5112472414958265 4.192755349065727 
1.392577531105636 0.1560322369975835 2.1002127571077502 2.799312542793358 3.5113863027276744 4.192863468584498 
0.7708191057270438 1.4179243757635134 2.1004680084798064 2.79933343761336 3.511421334540508 4.19299631476561 
1.5074162087137923 0.005082365999368371 2.1014883913970377 2.7991415638873463 3.5113013730833327 4.192860537896735 
1.3323369414526232 3.640353735112125 2.0994081730375314 2.7992990511251534 3.5125184290206164 4.191645758098054 
0.517850148270523 0.15532080755926025 2.101501142391925 2.799296366108553 3.4928376134466514 4.192989239700583 
0.5613974569791107 3.4797069038929256 2.101175864148592 2.7993180222885825 3.511382683042622 4.192870033753895 
1.990420771486122 3.999950269020533 2.100163541050599 2.799296955125037 3.4975147373305626 4.192858617150167 
0.6948999751803829 1.6419767105667877 2.1018389068120844 2.7990867991838395 3.511375086870626 4.192988677622883 
1.3907319480716094 0.082532374645367 2.1011771130116954 2.8014407469610485 3.5109566312223417 4.192943261511119 
0.44109258299850507 0.26538029026407617 2.101181752216703 2.7993952950805894 3.4942792803128513 4.187582212434631 
1.2306759936063076 3.8865872141785998 2.1021624522105484 2.7980126018300355 3.4967171264492847 4.192976552660345 
1.4440184662298299 0.028570997352421523 2.101151369473108 2.7993553459597553 3.510970488972413 4.192961170422626 
1.5370629288915172 0.008882720364669888 2.1011746412822916 2.799143450920299 3.509935635766533 4.1927588547558186 
1.4979023754632594 1.6419767105667877 2.1011728448946183 2.7993481927653727 3.511375086870626 4.192978590460134 
0.3478187386087954 3.8868624902094613 2.1011867236310757 2.7978987197959135 3.5114448950052575 4.191513384654805 
1.417227465560625 3.353992079717674 2.1024367664838577 2.799055201845764 3.511415874727092 4.1935677010982175 
0.5929744318842933 0.07502313272595118 2.1004691454108477 2.7993287507896936 3.511425378968462 4.192855986138612 
0.6813141732594766 1.6419767105667877 2.1018388590474086 2.799087913071506 3.511375086870626 4.192988677622883 
0.4081404063918612 3.9670014278153576 2.1001604067625133 2.799350161765881 3.4937452894649126 4.192753833784019 
0.5938465558268602 3.4749524237341003 2.1012051253152406 2.7993520902471194 3.5112659471750383 4.1929059451543695 
1.9624561774619618 3.933435394986214 2.1001796014652294 2.799413773283779 3.511825444765625 4.192773584799505 
1.2931514070989352 3.6965398036708628 2.101191872868047 2.799296955125037 3.4975147373305626 4.192858617150167 
0.46495274611668636 0.26538029026407617 2.1012097262903735 2.799296366108553 3.4933075692857303 4.191626714499677 
1.3862817534787106 0.1807871985778715 2.0994449432088538 2.7993541757770233 3.5117955136171664 4.192862111198767 
1.417227465560625 3.3548977540267497 2.0993927970439805 2.799187036029327 3.5114176210256014 4.1935677010982175 
0.5929744318842933 0.07502313272595118 2.1004691454108477 2.7993287507896936 3.511425378968462 4.192855986138612 
