0.002421749244232878 0.005285785781704133 2.111310428526636 2.8195271986800714 3.518467329362097 4.22245665040485 
1.897897029291261 2.625380221225689 2.088580602783641 2.828927091636006 3.5175919262607382 4.221696926533736 
1.8809704604829216 1.0668647760405612 2.0905107399986256 2.823208269517246 3.517552466044922 4.2224887223071494 
1.8976716040294752 2.3579658940698778 2.0886047453175736 2.8284821472101442 3.5175146615622075 4.22231766798518 
1.7423293323077234 1.0287176435122798 2.093828086970503 2.792599095572868 3.4903400950896146 4.2223217188380335 
0.16726183720263074 2.8990712715083546 2.091371926493347 2.8195374540699736 3.4908725312457145 4.222300102926375 
0.0711320357575339 2.6975637960351437 2.0885977926922226 2.8285213171132737 3.5183900377878397 4.22247277433922 
0.2528685899117139 1.1683051768724029 2.091544647488872 2.8191318237251335 3.5177183373239833 4.223468873967128 
1.9027606814458178 2.3672901190441498 2.094846536616423 2.8194940038962057 3.5183408897471202 4.222258094940314 
1.7211628974180724 1.171526995191821 2.0881748631423096 2.828831071085815 3.518426976419559 4.222262354228912 
1.815577142873221 2.7210885968657283 2.0884096743781817 2.8284793145328373 3.517642643315616 4.223448662596031 
1.9813221018021274 2.364046734300566 2.116166591939799 2.8196307257680475 3.516472375616739 4.22280727718478 
1.732355255627593 1.1715967373856209 2.0881362070850145 2.828380585883463 3.518300196363734 4.222263391902667 
0.16533002804439834 0.0021269779106669606 2.0907543010631064 2.823421826119912 3.4904486240271555 4.2227891227245244 
0.14047981844338875 2.6020867494346898 2.09078097589899 2.8234286083835967 3.517167545878031 4.222297734637313 
0.34750917107729307 0.749521279754423 2.093825396938276 2.7926409635138074 3.518615374154107 4.223428215290103 
0.06381356357625656 1.1011502882111222 2.094071796313933 2.791724813373726 3.5184595569815817 4.22246374174673 
0.019896176125477893 2.9029810132263894 2.0941681029972865 2.8322650174909474 3.517564376165571 4.2224674204634995 
0.007097220080285793 3.065418376465895 2.120877797330096 2.827885261939296 3.5202508798533647 4.2223001440947145 
0.008366167500909016 1.0247039386782935 2.093828086970503 2.792599095572868 3.5187315102624686 4.22347811605524 
0.09260640275089504 0.9756446567910038 2.1209201731578453 2.8277788683089393 3.489820903116424 4.22229517222412 
0.11289190174157981 2.678141262446868 2.0905219626060676 2.823207165538508 3.517552466044922 4.222491556831437 
1.79406743502136 1.1254670958748505 2.0901056456404854 2.819133226910013 3.519917392338214 4.223468873967128 
0.009320774353204955 1.1202644451816308 2.0908697228856243 2.8195587662444552 3.5180469480852707 4.222418254420197 
1.880733170521729 0.8820068683246302 2.0884805469045182 2.8236811326999556 3.518401421541146 4.22280039531071 
1.815577142873221 1.1163789498206964 2.0885912289711754 2.828445900420603 3.5184385766789847 4.222800821148861 
1.7424164626829342 1.0404967175396935 2.093828086970503 2.792599095572868 3.518615374154107 4.22347811605524 
1.7291538665558752 1.0814243498250302 2.0906558070621375 2.828230100048288 3.5184630201876863 4.222196583950109 
1.9576143365827117 2.3596467351023476 2.090590452180199 2.8194971009554037 3.5183906817151405 4.222816010091679 
0.13614367707341307 2.598304764602642 2.087539050451485 2.8282045633294146 3.51572333366918 4.223770247089752 
0.18087455627368954 1.0237631298830077 2.088795449626287 2.819099154527465 3.5186163692080594 4.222526155231811 
0.014403450664519597 2.9739146994199954 2.1196744034376347 2.8289314972837674 3.5185104790911237 4.222465667614052 
1.765442011865396 1.0286299778754169 2.093825396938276 2.7926409635138074 3.518615374154107 4.223472246759907 
1.7162248764638008 1.2953311647775247 2.088458819305067 2.8282583581855683 3.514755775599329 4.222805829086158 
1.9493842017435747 2.3672901190441498 2.117262059473997 2.8118873492299947 3.5177147413959804 4.222269027287545 
0.026412275515596245 0.035743057373681386 2.090552785866764 2.8201420489374422 3.516379877111075 4.222407588361354 
0.022790067671946065 2.812384752730499 2.1200524321308283 2.8277788683089393 3.489820903116424 4.22229517222412 
1.815577142873221 1.045897502688504 2.0884096743781817 2.8284793145328373 3.517642643315616 4.223448662596031 
1.7424164626829342 1.176750950860797 2.093828086970503 2.792599095572868 3.5186124338824993 4.22347811605524 
1.9268464876126576 2.3579658940698778 2.0886047453175736 2.8284821472101442 3.5175542099855055 4.22231766798518 
0.18557928479207952 1.1873743778714734 2.0881748631423096 2.828831071085815 3.4895094554795163 4.222262354228912 
1.7031189218848377 2.883223888490473 2.091371926493347 2.8195374540699736 3.5197900521857575 4.222300102926375 
0.18087455627368954 1.2671665186391627 2.088795449626287 2.8284889358387684 3.519224566800181 4.222526155231811 
1.8058181695368998 2.572166442925324 2.0907721761268974 2.8233324674549594 3.514755775599329 4.2204176079197575 
0.18318298243799636 2.625380221225689 2.0885745317459685 2.8241666034435178 3.5175919262607382 4.222467086176426 
0.13042606166634663 1.02993285759293 2.0885245478523444 2.8284793145328373 3.517646412921096 4.223448500760654 
0.0331101060524055 1.0287176435122798 2.0899559622453343 2.8284793145328373 3.5176287252009613 4.223448662596031 
0.09859576815154647 1.0654761024365937 2.1209216140643026 2.8280641488747147 3.4908725312457145 4.222537639627039 
1.7211628974180724 1.1619239501455507 2.088193394554921 2.828831071085815 3.5184024017808935 4.222262354228912 
1.9117310803327112 2.336676773617612 2.08982778880272 2.82896504922795 3.518340189238392 4.222467510599125 
1.994514391392324 2.3596467351023476 2.090590452180199 2.8284419798186073 3.5183906817151405 4.222821093829852 
1.8426452792643686 0.8458095584151987 2.0906558070621375 2.828230100048288 3.5184365454123743 4.222432797486401 
0.17177228210825823 2.788987987965817 2.0882594215736017 2.8279417677971224 3.489799277843557 4.223424247561583 
1.8434090951099975 2.544926616815723 2.088413717088951 2.8292383579315152 3.5176636236182124 4.22246402127759 
0.05900633774533348 2.797743455010087 2.090051444592241 2.8280641488747147 3.4908725312457145 4.222526707279809 
0.20738990871926277 2.7467246442108584 2.090843372726932 2.7924673594946525 3.518506432438386 4.222458116201266 
1.8058181695368998 2.627642313346948 2.0907721761268974 2.8233324674549594 3.514755775599329 4.222805829086158 
1.7790778391005646 2.627724052027694 2.090891206968248 2.8120899599522264 3.518118828147521 4.222269027287545 
1.8512848028676343 2.6057021469143877 2.112250383363956 2.819568722190919 3.5171829832622272 4.222336870775694 
1.9059041309793927 0.8820068683246302 2.088580662730923 2.8280574363888524 3.518401421541146 4.2222899151798305 
0.09528128159081506 2.908239893741424 2.0941681029972865 2.789883513474007 3.5176262317221054 4.222510077749833 
1.9483981181843857 2.359263723129107 2.09077221966311 2.823265259619509 3.514703549259383 4.22229920609296 
1.7264747165161427 1.1199585454472427 2.090828576414014 2.828230100048288 3.5184431489997263 4.222194638347526 
0.17774083231451687 0.8457105672834635 2.090659723118705 2.819048895110778 3.5183467153052 4.222423161906998 
0.014544382706446257 3.0266182928465675 2.088282661668128 2.8277788683089393 3.489820903116424 4.22229517222412 
0.0711320357575339 2.8199389903409737 2.0885977926922226 2.8191742315380357 3.5183900213015358 4.22247277433922 
0.14005991175765525 2.567304565833405 2.088555513164958 2.8286343962116858 3.5192691215067566 4.2224335881855835 
1.7726981740797227 1.0247039386782935 2.093828086970503 2.792599095572868 3.5187315102624686 4.22347811605524 
0.25287070686620694 0.8393109173816882 2.090659723118705 2.8191198143853144 3.518344965744785 4.222423356920934 
1.8512848028676343 2.6057021469143877 2.112250383363956 2.819568722190919 3.5171829832622272 4.222336870775694 
1.9302102314148533 2.3579658940698778 2.0886047453175736 2.8284821472101442 3.517564540654996 4.22231766798518 
1.8539639529073337 2.5793687268311465 2.112077614012079 2.819568722190919 3.5171749075432506 4.222344730007364 
1.8483480051305046 1.0814243498250302 2.0906558070621375 2.795509416835416 3.5185911737011693 4.222196583950109 
1.7624529676417917 1.0247039386782935 2.093828086970503 2.7910985274130495 3.5187315102624686 4.223489956409013 
1.8521209040364741 1.0668647760405612 2.088658340309064 2.823208269517246 3.5175531917719276 4.222486794585036 
0.20704531001707493 2.765319808419444 2.0825920114700605 2.8204729066856378 3.5163552448520474 4.222456915134239 
0.012083004893175708 2.9076463260377103 2.091241658565111 2.8195271986800714 3.5186778497083906 4.222302965238807 
1.8058181695368998 2.5921889089309063 2.0907721761268974 2.8233324674549594 3.514755775599329 4.222288910130936 
1.8058181695368998 2.5844372597785044 2.090843372726932 2.7924673594946525 3.518588241237255 4.222805829086158 
0.18087455627368954 1.0237631298830077 2.088795449626287 2.819099154527465 3.5186163692080594 4.222526155231811 
1.7777918362456786 1.0287176435122798 2.0884131794532097 2.8281913182760516 3.517582692155902 4.22347811605524 
1.8124888524097083 1.0405394521084106 2.0938354011917517 2.7926293544693452 3.5176262317221054 4.222510077749833 
1.8976716040294752 0.8944110716821496 2.090658172907042 2.8284822497588045 3.5176104828206727 4.223455706387375 
0.12367907545083145 1.0662701833719561 2.1176424306076305 2.8282583581855683 3.518147864231107 4.222805829086158 
0.06813037791721512 2.9004322214334906 2.088552134704529 2.8277031352916726 3.515255775498496 4.222431953237198 
0.05951180264974078 2.901461248184546 2.090714734604742 2.8277099058732906 3.5151979380330536 4.222432078650991 
0.15212219153949297 1.234220433266211 2.089644213759987 2.828831071085815 3.5184277144040745 4.222466773228175 
0.009314652079175409 1.031703172821074 2.091566560965327 2.819718303092039 3.518752877084033 4.22350250643106 
0.2995716468372064 0.7576150961190353 2.122765266957566 2.7879795843462967 3.5183467153052 4.223428012702784 
0.12048612969352401 1.0298631153991302 2.08856320390964 2.828833137902469 3.518419672960655 4.223447463086899 
0.09954251026265737 2.76370441925613 2.08692624484463 2.8201487512344046 3.5171829832622272 4.222384012175993 
0.09528128159081506 0.006982305065464267 2.0941681029972865 2.8185594861506282 3.5176262317221054 4.222507674028944 
0.09884334747433618 3.0078957286973598 2.0941681029972865 2.8179098499478914 3.5176292264742175 4.245836975159076 
0.14005991175765525 2.6975637960351437 2.088555513164958 2.828520924250546 3.5192691215067566 4.2224335881855835 
0.09900296301503975 2.9368919309395825 2.0905102103237496 2.7889887822978374 3.5176266323674312 4.222510077749833 
1.7291538665558752 1.0936251252487614 2.0906558070621375 2.828230100048288 3.5184350732807497 4.222202497579197 
0.05951180264974078 2.901461248184546 2.090714734604742 2.8277099058732906 3.5151979380330536 4.222432078650991 
1.9117310803327112 2.336676773617612 2.08982778880272 2.82896504922795 3.518340189238392 4.222467510599125 
1.8156648116002418 2.614651840424988 2.08692624484463 2.819566315624709 3.5171829832622272 4.222392061586624 
0.06824149661600731 1.0654761024365937 2.1209216140643026 2.8231267894131946 3.490453088576479 4.222537639627039 
