0.001339767925115365 1.4619046230096577E-4 2.105640057241837 2.795679965881162 3.4938767397745676 4.211470487437714 
1.9999971479796632 3.999991043224211 2.1039856969932944 2.7971670943168414 3.527512945315131 4.234634146750194 
1.9002404470358059 3.9812773459422055 2.10135674198844 2.8017940607246614 3.527527600136648 4.2346687456376175 
1.2099096115004548 3.999638508611044 2.1013036725757237 2.8026292738985044 3.5275460479409824 4.234515557697611 
0.44195792855399074 3.949443626207792 2.103964121300822 2.7971723155614456 3.493510061139273 4.209551107719141 
1.139172707667248 3.8746315048056967 2.1013766407835908 2.805098147567245 3.5302622211114656 4.236244995928252 
0.3443533604748476 3.824089768626755 2.10127332427868 2.8018239828136218 3.5299652993316895 4.234990887353997 
1.2707287968736085 0.696658469617768 2.1047910596188655 2.795675245548488 3.494194029411854 4.209251219624917 
1.3571202877943809 0.12571863237194958 2.106076857764451 2.7958189827847395 3.5299862460279345 4.234974623625208 
0.44650942736103594 0.7791669102431791 2.103984780405949 2.7956905984820057 3.4949099300885536 4.209247126634882 
0.21942962458761978 0.667356687372131 2.1015069520779384 2.80129989622167 3.529664093221842 4.235162673059742 
0.3268769387835623 0.3865530027582269 2.104047083751724 2.7971708917232077 3.5301132759050518 4.235996282246159 
1.1818902241568368 3.807773593377289 2.1012741474851975 2.7967212370271493 3.4935487235871685 4.21190576895653 
0.3104611547374603 3.9383055071870414 2.103265147844475 2.7967883379106677 3.52500386967783 4.234359585009807 
1.981154220385669 3.942527368603548 2.1010923965737174 2.7968571707893126 3.530068022485189 4.234487881338537 
1.1740924357286164 3.8791019155211557 2.101707480375238 2.7967883379106677 3.5277993461850183 4.235031777016493 
0.022326928172985427 0.2891312251009175 2.0975552203377865 2.7967212370271493 3.4935487235871685 4.212861853306584 
0.38428430653522705 0.3920381809769657 2.106104441701581 2.795687268761263 3.5312579815512475 4.235295043276209 
1.9838050822903517 3.901295527304494 2.1013301818112486 2.797130527544185 3.4937810094400086 4.210655549245024 
0.3940801302582273 0.7791669102431791 2.103984780405949 2.7956905984820057 3.4941988687847387 4.209247126634882 
1.9289242037725993 3.9475094285363803 2.096497656799652 2.795473879451015 3.4935487235871685 4.212019923821379 
0.3828945694806607 3.8115051787593837 2.101556362234787 2.804208149214259 3.5296534472053485 4.235028495512822 
1.133805159551032 3.946162138606944 2.1013766407835908 2.796819018530805 3.5302622211114656 4.236001367739754 
0.3807329485959587 0.6727005736940254 2.097548693638016 2.7972670509969686 3.4954138668043897 4.21283162592218 
0.3057825042709248 3.983409351719697 2.101271703249214 2.801822760048873 3.5299652993316895 4.23497740137299 
1.1856017856296088 3.9598889344799777 2.1040050934127676 2.797146097247018 3.5265355781763508 4.235915970291965 
1.9867102534656778 3.9903786234425738 2.1049666694631215 2.802172335834146 3.52765813472358 4.234568130698108 
1.1665502979416373 0.62842547242608 2.0976188368647657 2.7967196426501455 3.4923654937734265 4.21190576895653 
0.36372722050345624 0.6636870006067445 2.103105444808663 2.8033415271991706 3.5275010391977686 4.209150391342819 
0.3268769387835623 3.8926539455653293 2.1061993797534915 2.7959211220004465 3.5275366388111955 4.236000458812104 
1.9826739981404302 3.8754453847527417 2.1038968901386683 2.79712754982201 3.4937867909056983 4.210655549245024 
1.1451625201059397 0.7537516366806332 2.1032646268473476 2.80131515002452 3.508380495222063 4.234568038719033 
0.022326928172985427 0.07935747741941124 2.0975552203377865 2.7967212370271493 3.4935487235871685 4.212861853306584 
1.174760447168334 3.8095859927474485 2.101556362234787 2.801953137450858 3.5278155971296594 4.2568531020327605 
1.3671172308940598 0.2890375746336599 2.0978171129010255 2.7967212370271493 3.4935487235871685 4.212775778721796 
1.9695453054080652 0.5915720255177572 2.096497656799652 2.795473879451015 3.4935487235871685 4.212019923821379 
1.2350908034507637 0.6302681407195488 2.1045930414753657 2.7967212370271493 3.5300938887452515 4.2120240004349006 
1.9949971970130531 3.822557607132834 2.1012710257323874 2.797406641690032 3.49515817425403 4.210682651412721 
0.1659508670862808 0.9512921131811556 2.103926784595137 2.7971785493512273 3.5307700068936065 4.236270170294033 
1.2234392397635476 3.905248436357816 2.097618278054267 2.7967336041725366 3.5285615261990655 4.21190576895653 
1.1742978148133845 3.962437418566001 2.101511433386753 2.8019588464898195 3.527804735074469 4.236271900663404 
1.2707287968736085 0.638892748138756 2.104731015156366 2.7992299808858054 3.4941937358075084 4.209281950076263 
0.38428430653522705 0.5496668505162379 2.1049755370522436 2.795687268761263 3.492979115625577 4.210695677876433 
0.3820213201077307 3.9194338226976666 2.104955824404377 2.8042036989464805 3.5297176639925993 4.236265776745379 
1.174817347263877 3.903000238218161 2.1015695671093946 2.8032016240790942 3.527520902508128 4.21346174967868 
1.165600649453392 0.6512463143995486 2.101273083717401 2.8021898317296756 3.527831211904425 4.236577726463388 
1.9839809386440903 3.917709847151279 2.101003812971821 2.796944090081533 3.4951215087082783 4.210826011711149 
1.166112153614857 3.871937252943456 2.101273083717401 2.8020112917198094 3.527831211904425 4.234583035094483 
1.1568749848350346 0.5723914884405059 2.1031095171704455 2.8035153960864614 3.5299958133812894 4.234500609829925 
1.1930539181342483 3.8097611482864773 2.1012741474851975 2.7967212370271493 3.497012021693428 4.21190576895653 
1.9756616075875908 3.8413701296791634 2.1010969254090974 2.7968453991314726 3.5298895652447424 4.234718591579301 
1.1373697569465928 0.6300788940894742 2.09769234266088 2.7967212370271493 3.4935487235871685 4.236089652366511 
0.4707743099590024 0.5496668505162379 2.1039882196636404 2.7972341195546093 3.492979115625577 4.122720342779445 
0.3104611547374603 3.994024580945094 2.1015234551890996 2.7967883379106677 3.5296936254728366 4.234359585009807 
1.1568749848350346 0.6310913037421175 2.1031095171704455 2.8035153960864614 3.527529494734128 4.234704518549544 
0.3885897651398616 3.9363179509914126 2.103265147844475 2.8031970299050397 3.5215405715715704 4.234359585009807 
1.974461543698928 3.87312001887971 2.096497656799652 2.795473879451015 3.494393470049536 4.211722446566578 
1.9886645402271408 0.6724363056562583 2.0977243668413266 2.80129989622167 3.527637755814513 4.235170800707502 
1.1865041120278508 3.811899488078669 2.1017023431867154 2.8043200283016376 3.529646219854704 4.23503177551221 
1.166112153614857 0.6009467498762022 2.101273083717401 2.8020112917198094 3.527554912265822 4.23453651264781 
1.2707287968736085 0.32014807574411863 2.1047910596188655 2.795675245548488 3.494194029411854 4.209251219624917 
0.3104611547374603 3.994024580945094 2.1015234551890996 2.7967883379106677 3.5296936254728366 4.234359585009807 
0.3267498788910462 3.9854463295817935 2.1061993797534915 2.7959211220004465 3.5275366388111955 4.236000458812104 
0.3893261454019685 3.962437418566001 2.103047311086022 2.8020987496098964 3.527804735074469 4.236271900663404 
1.3297056727043497 0.3446369660164481 2.1015154775887104 2.801953137450858 3.5278155971296594 4.2568531020327605 
1.9622728906915576 3.999954403746568 2.1039807085555955 2.797243571035961 3.5299389063482427 4.235943982547169 
1.1901708246023421 3.9944711063057263 2.1040050934127676 2.797146097247018 3.492762300058298 4.235915970291965 
1.9839691356926437 3.8821716109170112 2.1056555755296054 2.7971691254502624 3.5267922513949412 4.235104688265854 
1.9740288687014949 3.882271669128457 2.1056555755296054 2.79547442630146 3.5267779620095494 4.235114083291835 
1.2039403128459845 3.8912512610203054 2.1015695671093946 2.8032016240790942 3.527520902508128 4.23627478761335 
0.404599964043852 0.5516684405402764 2.1050226288764793 2.795690408121457 3.494921177974843 4.211817839704742 
1.2137298223037702 0.638892748138756 2.104731015156366 2.7992299808858054 3.4956996409705328 4.209281950076263 
0.2991196059353788 3.988369598976112 2.10400067367761 2.7959014433133618 3.529953657310578 4.236072102386956 
0.29929777780297 3.9363179509914126 2.103265147844475 2.7967883379106677 3.5215405715715704 4.234359585009807 
1.205611193318299 0.7239599460218871 2.1031095171704455 2.80319822238397 3.529989124292589 4.236234746053037 
1.1428951204803472 3.977464041715895 2.101137041008073 2.7971837403058757 3.4938934158520825 4.211086266668158 
0.40440622177530405 0.3853617861905285 2.106102368357543 2.7956094977456605 3.5301141232247026 4.236000458812104 
1.295914758491657 0.2846959664636177 2.1048026705466403 2.7955055179459545 3.494194029411854 4.234551227716862 
0.38428430653522705 0.5752928034707322 2.104954436079492 2.795690408121457 3.494921177974843 4.211817839704742 
0.3874339207583467 0.6956276181399061 2.104088460328965 2.8027732862913717 3.5275378582018533 4.235990989090215 
0.2580078030901617 0.6917888823696519 2.10573267388721 2.8020268710653395 3.495519126134967 4.211441975142622 
1.983342469153961 3.8925871808208266 2.0965972848933436 2.795473879451015 3.494393470049536 4.220136786064083 
0.3820213201077307 3.985826036740812 2.104955824404377 2.8042036989464805 3.5297176639925993 4.236265776745379 
1.1470203935191399 3.9944711063057263 2.1040979442609893 2.7971468898268244 3.4938982085921144 4.235915970291965 
1.9999971479796632 3.999040584830492 2.106109733716054 2.7971670943168414 3.5300699133747715 4.236072102386956 
0.3628512969232342 0.5117947061115959 2.1030723992876497 2.8042036989464805 3.4962823320877963 4.23343584813507 
1.174817347263877 3.8912512610203054 2.1015695671093946 2.8032016240790942 3.527520902508128 4.23627478761335 
1.1818902241568368 0.6300788940894742 2.0976033077476286 2.7967212370271493 3.4935487235871685 4.21190576895653 
1.229544853063607 0.682471515020459 2.10573267388721 2.8020268710653395 3.4938767397745676 4.211470487437714 
0.38974681744113865 3.999086765505707 2.1061993797534915 2.8016944088903735 3.5275213042268674 4.236005545305124 
0.3434606809922951 0.9512921131811556 2.101273603494709 2.7971723422484205 3.530006698373224 4.236278100257736 
1.1651459092572807 0.5881230054254964 2.101707480375238 2.7967883379106677 3.526954599722651 4.235329254271293 
1.9873583965737023 3.8118389398501287 2.101513014098228 2.804505063746202 3.527623265741314 4.2350351555209365 
0.38984567283218413 3.8912512610203054 2.103105444808663 2.8033415271991706 3.527520902508128 4.23627478761335 
1.9719766570160409 3.999954403746568 2.1039856969932944 2.7956607478915823 3.527845664594822 4.236077721287392 
0.3263235853198038 0.6041455593350382 2.1061158417336663 2.795818731944897 3.5299534245758304 4.235029960492338 
1.1876054663793414 3.8115051787593837 2.101556362234787 2.804208149214259 3.5296534472053485 4.235028495512822 
1.1451625201059397 3.9908801325668266 2.1032646268473476 2.796910870593362 3.5274678520914975 4.234546048511149 
1.2099096115004548 3.9760896891942545 2.0975056715336913 2.7960905735410355 3.5275460479409824 4.234515557697611 
1.9765173826542035 3.988197323978178 2.1038749918339774 2.7972895511789315 3.529261377613767 4.234974337209703 
