2.7616459457924236E-5 0.001761960613726521 2.1030534501237472 2.8039368133476286 3.5027323767995058 4.202881750279581 
1.9957170424504076 3.99985390338903 2.108193295659843 2.811431598305088 3.5016379313513277 4.2019622475564855 
1.9957170424504076 3.99985390338903 2.108193295659843 2.811431598305088 3.5016379313513277 4.2019622475564855 
1.9125552464805708 3.957454236035237 2.1030598107562035 2.803954538242921 3.501443547587961 4.201609954833847 
1.577282457489222 3.2656311436596166 2.1074594929361647 2.810094480598305 3.501923566146205 4.202171777361694 
1.5078917428334975 3.137114310105683 2.107775830652157 2.8104766810749244 3.5013610999712843 4.2018792603644055 
1.9001908429969547 1.0291178474234544 2.106896265142261 2.808132379007443 3.4996006988715775 4.202173110529939 
1.848588987427016 0.8153300961396426 2.103646156319881 2.7973965517088226 3.5013644189212454 4.201895119433421 
1.5442276448430006 0.15465123585383012 2.1031882720330697 2.8040069935658556 3.5014130432475903 4.2018975274951815 
1.3824894991842038 0.07510850924443041 2.108532831887914 2.811244391409874 3.501483128223264 4.201900580566001 
0.3920288006156095 0.8916916380170707 2.107776969023265 2.8108345883357484 3.5014845650837345 4.201878982211088 
1.9693062594397492 3.9387543082546475 2.1083333506107538 2.8114312514723876 3.5014918149885608 4.2021539912786885 
1.9221306394833346 3.9933235560215863 2.108193295659843 2.8114312514723876 3.501466955976939 4.2018837964589375 
1.5078917428334975 3.160275599795089 2.1083607108648774 2.810479059916665 3.5013579542153086 4.201882719594447 
1.5442276448430006 3.1256314116154886 2.1031882720330697 2.8040069935658556 3.5014227611188264 4.2018975274951815 
1.9259220702064888 3.955401354533109 2.108242336577758 2.804128944474353 3.501351305778323 4.202859577653052 
0.32692071413533785 0.8413347126744813 2.103055867154479 2.810049661116715 3.5014837607395255 4.20188535089284 
1.4158280470151252 0.1533348732803378 2.107775832143237 2.796607832197042 3.5015170308681145 4.2021135027957675 
0.2682618499366155 1.0360964606591285 2.1080690325440807 2.810987757426473 3.5014203685352134 4.20217903463042 
0.028177715474569688 0.26488910680451905 2.1034583958424617 2.806576668262703 3.5014912794596413 4.20193354084934 
1.5442276448430006 3.069419149857593 2.1031882720330697 2.8040069935658556 3.5014227611188264 4.202178447110298 
1.5444384774206743 3.15538430643075 2.10683712060628 2.806604078454001 3.50135348773475 4.202130727195814 
1.4943181610195366 0.03294915410666066 2.103119229898576 2.810823201155398 3.5019338288311315 4.202150202012157 
1.4975867392151865 3.2652932950125475 2.1069409401264707 2.810489414989492 3.501343887628684 4.201878372324097 
1.5303903188398291 3.2419687036862164 2.1030122833826 2.808384700043793 3.501007437824926 4.2018971016718885 
1.5101243461347222 3.1654940479941622 2.1083636805151182 2.8113780027889637 3.5014998236022215 4.201896793584163 
1.918041914153504 3.993686679987763 2.108242336577758 2.8065607800792547 3.5013479465688526 4.202856629321081 
1.9583081908777502 0.797603216654042 2.1030815907626996 2.8046814083605436 3.501364829141341 4.201602377304343 
1.2815584163893188 0.5309744407435407 2.10353414631865 2.7976321724561624 3.5014897012939072 4.201757935900364 
0.05892560884762421 0.0019922440138713804 2.1031450394419067 2.8039363846299405 3.5027323767995058 4.202901020966052 
1.9924068255461669 3.949595244700376 2.1083334388350674 2.8113959794525587 3.501466955976939 4.201883833058942 
0.15790975404341256 1.0311299736193797 2.1080690325440807 2.810987757426473 3.5014203685352134 4.201876818718678 
1.97655309644898 0.7971407345033039 2.1069477185033634 2.8046814083605436 3.5013638326087646 4.202110540864187 
1.9221306394833346 3.949595244700376 2.108193295659843 2.8114312514723876 3.501466955976939 4.2018837964589375 
1.577282457489222 3.1638821945217015 2.1074594929361647 2.810094480598305 3.5028439554621156 4.202171777361694 
1.5485540998081169 3.2682762576098847 2.1034348755518892 2.809715594499221 3.501366705039719 4.201895525332856 
1.9016723717017912 1.0236330239435134 2.106956041213582 2.8065074199145807 3.501343269645662 4.20288207950616 
1.4021227647025085 0.08831416197704177 2.10353414631865 2.80413952852848 3.5014820566319274 4.201960463081168 
1.9686774794738267 0.6056349841136994 2.1068277505232844 2.806504565125227 3.501396127840958 4.202174780819682 
1.4975867392151865 0.1263808871774348 2.103119229898576 2.811295445581224 3.501343887628684 4.20187730863097 
1.4158280470151252 0.13085010262842117 2.107775832143237 2.8108232772103983 3.501520374453254 4.2021135027957675 
1.5288750858517042 3.1389229231001607 2.1030598107562035 2.803994818602314 3.5001968332339524 4.201609954833847 
0.003659960173944047 1.0317288421501107 2.1030814347937574 2.804096169208429 3.502759304955251 4.2018768454775275 
1.3824894991842038 0.10719099449320973 2.1092723601089123 2.8112080228361442 3.50134643160019 4.201891906860914 
1.5321859790181438 3.139005012902363 2.1089139026660426 2.8034458625530165 3.5001968332339524 4.201931098986501 
0.25736259819575935 0.8601582008142991 2.1069337572994984 2.8101350821660063 3.5019289016917856 4.202124169212404 
1.9303889565209662 0.7106401255123062 2.109271582212018 2.8098006251193115 3.5022463694374903 4.209187311283267 
1.97655309644898 0.7099458300250643 2.1085718195413277 2.8046814083605436 3.5013650981151563 4.202110540864187 
1.5210755735754866 3.2419687036862164 2.1078290751243287 2.809771462436902 3.5010320711593104 4.201879020037672 
1.509357170096166 3.2139179994090874 2.1083636805151182 2.8114563449406234 3.5009977054030017 4.201896793584163 
0.07458267418767928 1.0006132025008436 2.106915192923473 2.8065223679681517 3.5000844626481507 4.201936391288727 
1.9974731979172606 0.6382802636213131 2.103641381879744 2.7976321724561624 3.501483149469654 4.201757409996383 
0.9962012407579262 0.8680403283139473 2.107458793578438 2.8108359091956636 3.5019357201556183 4.202133817365637 
1.90853279273302 0.7772411641512927 2.106814406695821 2.7975206810688844 3.501928490075959 4.201895468543218 
0.39253705733162725 2.2571782522387025 2.1068063156606565 2.808413405621574 3.5014844112238652 4.201861949314693 
0.003659960173944047 1.188869243988894 2.1030814347937574 2.804096169208429 3.502759304955251 4.2018768454775275 
0.2690164386668705 0.7721431095923583 2.1069337572994984 2.810260341272675 3.502742521209443 4.202174174167574 
1.5078917428334975 0.13202910015942915 2.1077758306406564 2.810483485624424 3.501365539254947 4.2018792603644055 
0.2690164386668705 0.75958379377399 2.1069337572994984 2.810260341272675 3.502742521209443 4.202174174167574 
1.969546809441247 3.9650202702544113 2.106916361742736 2.8114312514723876 3.4999803253841395 4.2021539912786885 
1.4127575776115382 0.1156681240464591 2.106837500341948 2.8083535125703047 3.5014897012939072 4.201777395754205 
1.4080271482755067 0.08646285844757878 2.106788854459841 2.8097693048497163 3.50225661764335 4.201768958485601 
1.5677011189310865 3.137028083282136 2.1088890113528347 2.8034458625530165 3.5001968332339524 4.201939057859422 
1.9180276929383377 3.982849748170095 2.1030534501237472 2.8039368133476286 3.5013526063163463 4.202881750279581 
1.9221306394833346 3.946815387658242 2.1082454314338386 2.8114312514723876 3.501421807523532 4.2018837964589375 
1.5737567913903003 3.2428506385746814 2.108344943382226 2.811431598563957 3.501497426120266 4.201889808463312 
1.97655309644898 0.7971407345033039 2.1069477185033634 2.8046814083605436 3.5013638326087646 4.202110540864187 
1.9592730234456315 3.9763015536902286 2.1082543299050016 2.8114002419500403 3.5014760382676964 4.201566171441468 
1.9924068255461669 3.832172930218305 2.1082782094865493 2.8114312514723876 3.501466955976939 4.201958532544391 
1.9954593601012653 3.957323406225124 2.1032599061766795 2.8047658075706083 3.5014822019482463 4.20160011643942 
1.976013645459677 0.6056349841136994 2.1068192777480426 2.806504565125227 3.501389700188573 4.2018889632213074 
1.962902745229973 0.7243097099663419 2.1069426019503563 2.810248274899199 3.500014150423944 4.2017753282588854 
1.489609852616244 3.3611532544481966 2.1077625546231893 2.810479059916665 3.5014813228788193 4.20190084946326 
1.1049442998897225 0.8595092406741844 2.107005701502622 2.8108345883357484 3.5001515287432112 4.202133817365637 
0.3236841742068637 0.7559084605827503 2.1031867497505634 2.8065777512359498 3.5014837607395255 4.20188535089284 
0.3263979410983203 0.7982733030799115 2.106366234081091 2.809894292085921 3.5009960335337245 4.202171865763547 
1.0561633512360078 0.8598621216580322 2.107458793578438 2.807069134625693 3.5019357201556183 4.2021321605980475 
1.429575184950161 0.0635692388232203 2.108532831887914 2.811210480106614 3.500006954566122 4.201900580566001 
1.8459582647719586 0.9349814241085647 2.1083002002252305 2.804248902695036 3.500176399100891 4.201894276051074 
1.1692194263307383 0.7243097099663419 2.1069426019503563 2.810237426285111 3.500014150423944 4.201761851957992 
1.4127575776115382 0.09099555412354027 2.10353414631865 2.7978128166849845 3.5011863396492826 4.201757119812809 
0.15866434277366828 0.7671766225526094 2.1069337572994984 2.810260341272675 3.502742521209443 4.201871958255831 
1.9115936413826664 0.8809406599384879 2.1030814347937574 2.8039734527570994 3.502759304955251 4.2018768454775275 
0.1005953220639082 1.0236330239435134 2.106956041213582 2.8065074199145807 3.5000048492910913 4.202151704275033 
1.9206477753853735 0.7374433892512686 2.10834927991812 2.8114312514723876 3.501466955976939 4.2018837964589375 
0.3153908552597765 0.7883324620570814 2.103712890215558 2.7975520842879464 3.501475891170561 4.201885237585569 
1.5859455577977226 3.1638821945217015 2.1068415721937788 2.809897901683166 3.5011977413205915 4.202171777361694 
1.9115008993804596 0.8568724541823323 2.1068947799211335 2.808132379007443 3.4996006988715775 4.201778403368355 
1.9464592243706984 0.797603216654042 2.1069477185033634 2.804808242826335 3.501364807871386 4.201874750401125 
1.9764161226905048 0.6056349841136994 2.106845247845695 2.806504565125227 3.501396127840958 4.202174780819682 
1.9924068255461669 3.9974050664513725 2.108344943382226 2.8114312514723876 3.501466955976939 4.201883833058942 
1.509357170096166 3.2139179994090874 2.1083636805151182 2.8114563449406234 3.5009977054030017 4.201896793584163 
1.9693524791906405 3.9761560398761597 2.108188871737299 2.8114315741981355 3.5016379313513277 4.2019622475564855 
1.933453473949419 0.7443701587537803 2.1069364962363073 2.8061906758999484 3.5014256844073346 4.201860120308069 
1.4158280470151252 0.10552889762227025 2.107775832143237 2.8108232772103983 3.5015205684763178 4.2021135027957675 
1.493205468044706 0.18912077508043845 2.1083607108648774 2.808436677283286 3.5013560814701044 4.201883530301088 
1.9720305708356487 0.5918427525652536 2.109302005500219 2.806504565125227 3.5013895332618787 4.209307316018973 
1.918728173049779 0.7782760416750527 2.1069477185033634 2.8047613858253544 3.501364829141341 4.201869577648885 
1.8409236921955003 0.8488699147180869 2.108361371850619 2.8114063769362776 3.501933156874916 4.201886143898632 
0.20939108072703183 0.6928053152906679 2.1028915141849303 2.806534632385608 3.5014140535919296 4.201888116667053 
