1.999965046718822 3.9999831613500847 2.093382422848309 2.7914707585714194 3.5082142948553674 4.2099320085016645 
1.999965046718822 3.9999831613500847 2.093382422848309 2.7914707585714194 3.5082142948553674 4.2099320085016645 
0.0017968646965681456 8.856404198755996E-4 2.093710881801981 2.7916105120272987 3.5081641759822455 4.210226642835997 
1.9394653444199275 3.9010025109954616 2.0935931148525553 2.791480595838206 3.5141444113548834 4.217111342829562 
1.954993075231418 2.50849967597831 2.093625308071002 2.7913734912336845 3.5142044797785443 4.217046751504222 
1.9392731157605263 2.2747534234166347 2.0946687850923538 2.7915699916653542 3.512450640389005 4.216345096901494 
1.9354712212022853 0.9571034662091618 2.093382422848309 2.79147874156144 3.508085284162261 4.209784637467481 
1.9609789177492574 0.5908215020439496 2.093712721021379 2.791534635883468 3.514145380361474 4.21651712377906 
0.47304752792258564 2.2931630994299206 2.0936258952784788 2.79148091758351 3.514608896926968 4.2172594222613276 
0.3396848865460649 0.9972030135590311 2.0937509959710425 2.791533233333556 3.513612557874286 4.2165106139558 
0.35134517594281756 2.1370904479251562 2.0936181887837515 2.7915694890167475 3.491261204724355 4.218837023240181 
1.9854711916998966 2.2747534234166347 2.094658531622611 2.7915699916653542 3.512450640389005 4.216511889060359 
0.3167782298639713 2.411757668632286 2.09383566547803 2.792197228496592 3.513415439013578 4.2188968605370425 
0.28304303965217653 2.4375589783889904 2.093615091713521 2.792184393349599 3.513417418354418 4.2188968605370425 
1.9877008849985476 2.2963826704625436 2.093615861714781 2.792277561428129 3.5138999923731378 4.217892533072821 
1.931761269151668 3.9931737432199412 2.1107776813311934 2.7921998127188394 3.490864512621429 4.2102604408466275 
1.9322355240616287 2.3040544629667186 2.0935715863789 2.7915742217433674 3.508153864353182 4.210395763184898 
1.9670920591729333 3.9408065692890597 2.0936197498479014 2.7913658067020024 3.491261204724355 4.218837023240181 
0.2918541497340449 2.311082516964384 2.093626334583629 2.7915742732602324 3.5147538640913703 4.217259216607457 
0.2488926858984405 0.748768222577204 2.0950110963426654 2.792210573130968 3.5134594295855823 4.218670775469799 
1.9518790799499133 2.289414807079174 2.0937634193085293 2.7914816438375447 3.5141444113548834 4.216965167599096 
1.9629383931389486 3.909216999573079 2.111145201295401 2.7918255508191896 3.51491495354166 4.21725616088017 
0.3416490848066412 0.35433146915503755 2.111145201295401 2.7918255508191896 3.5149020888930194 4.21725616088017 
1.931761269151668 3.9807409450010653 2.1107776813311934 2.7921998127188394 3.490864512621429 4.2102604408466275 
0.3425160677291918 3.9644661633958447 2.0937007125117066 2.79136540566386 3.491566141413628 4.218837023240181 
1.9390557764172403 2.444970590307216 2.0936581001691934 2.79137344998319 3.5141553163990586 4.21710372414152 
1.9531646012974664 2.4411882515158108 2.0936318381485406 2.791381574097168 3.5141507121980404 4.217261416065081 
0.3464607411445947 0.507995440978537 2.093847434233046 2.791534635883468 3.513398064654018 4.217076541948942 
0.34564041852715144 0.5918083873115573 2.0937671853286983 2.791554252662049 3.5141461350263032 4.216535802078613 
0.3982982618673483 3.9356670039700563 2.0937007125117066 2.79136540566386 3.491566141413628 4.218605167733599 
0.3167782298639713 2.4375589783889904 2.09383566547803 2.792184393349599 3.513417418354418 4.2188968605370425 
0.0017968646965681456 0.18089085720716014 2.093710881801981 2.7916105120272987 3.5086055231466213 4.210226642835997 
1.994493883982809 3.9791675087625107 2.093645377601825 2.79147874156144 3.5081029087745206 4.209597690041857 
1.9668553617306028 2.3501462941735767 2.093382422848309 2.792130779985685 3.508230326864549 4.2099792538267105 
1.9628715400442804 2.2942845393784155 2.093536055632064 2.791348837231872 3.514492507650227 4.216952097672263 
1.8713149395742883 2.6272756285049055 2.1113453799969806 2.7914157480325845 3.507966714077112 4.21651712377906 
0.2391740785161897 2.3730119647760484 2.0937414757060515 2.791622631584083 3.5146116805748635 4.217958880686804 
0.16171220732923722 0.007084460063025745 2.0937166861812986 2.791622631584083 3.5146054860895943 4.217958880686804 
1.9811448282604402 0.748768222577204 2.093750529651347 2.7931819823250983 3.508066895265466 4.209732876252919 
0.28564928709970905 0.5341581672212518 2.093847434233046 2.791534635883468 3.513398064654018 4.217076541948942 
1.9792900630969281 3.956608828008669 2.093622162517486 2.7915602142169615 3.4909710010712236 4.216043116754965 
1.91722939127883 3.9891583337738417 2.0936197556684446 2.791362800883045 3.514162390605274 4.216616665356337 
1.9531646012974664 0.6333724791191122 2.0936318381485406 2.7915840281366786 3.5141507121980404 4.2172544802189895 
1.9787251214856536 0.6094124215269779 2.0935879106894304 2.791452805201364 3.514166056704149 4.217206116477576 
0.3532074836206025 0.44680761229244537 2.0934657157117176 2.832596830896148 3.514166056704149 4.217206116477576 
1.8979447251205017 3.9999255617323253 2.0935779192680264 2.7914477400330164 3.5081731750956995 4.209933435462867 
0.34020072131146867 2.411757668632286 2.09383566547803 2.792197228496592 3.513415439013578 4.218887345973397 
1.8189927293897816 0.9620731100892317 2.093618696933372 2.791532813290929 3.4875215192802473 4.216522547293774 
0.3511787208317949 2.2699762702199244 2.0946699334742656 2.791373404863404 3.5159765489917207 4.216347921954287 
1.999965046718822 3.8868655649888755 2.093382422848309 2.7914707585714194 3.5082142948553674 4.2099320085016645 
0.3462565440281546 2.2931630994299206 2.0936258952784788 2.7914806968339114 3.513409396927561 4.2172615482932025 
0.29705860212351476 0.9875934465841882 2.0937509959710425 2.791533233333556 3.513611989086731 4.2165106139558 
1.8189927293897816 0.9620731100892317 2.093618696933372 2.791532813290929 3.4875215192802473 4.216522547293774 
1.9456072063752017 2.2747534234166347 2.094671494766286 2.7915696301085866 3.5123637936894756 4.216390993403139 
1.9438339679506096 0.6895633493533582 2.0936318381485406 2.7915840281366786 3.5135788534131422 4.2172544802189895 
0.317554701859564 3.8932781249372828 2.0936978872247867 2.791357856354864 3.514187222554897 4.216532660961644 
1.9392731157605263 3.9343913468607794 2.09466822717715 2.7915699916653542 3.5124750183942717 4.216345096901494 
1.9735493225603378 3.9999831613500847 2.093382422848309 2.79147874156144 3.5082142948553674 4.209790453391567 
0.27588737260700436 2.3730119647760484 2.093738766032119 2.7916229931408507 3.5146985272743922 4.217912984185159 
1.8713149395742883 2.557460232004323 2.1113453799969806 2.7914148735717643 3.5141557850436564 4.21651712377906 
1.904828899328558 0.9521037534615117 2.0937634193085293 2.7914817899618334 3.5141444113548834 4.2106005952638155 
0.3167782298639713 2.5231709939971134 2.0937620046313175 2.792197228496592 3.513415439013578 4.2188968605370425 
0.3110439583320995 3.9999831613500847 2.0936236692325014 2.7914776584991166 3.5082142948553674 4.21907378690456 
0.2949917170521389 2.365203264518525 2.093586820778555 2.7914487736626854 3.5142059133205907 4.209930087420243 
0.21548410532047257 0.9537717376636604 2.0937141181838346 2.791624709337204 3.5146054860895943 4.217958880686804 
1.9732153937739954 0.6090854207677836 2.093847434233046 2.791534453493324 3.5141456060163527 4.21651712377906 
0.31768570436278315 2.2349655759059432 2.0934657157117176 2.7904521037889283 3.514166056704149 4.2188949950465 
0.3416490848066412 0.3951428532418415 2.111145201295401 2.7918255508191896 3.5149020888930194 4.21725616088017 
0.5166343986194735 2.1878831699402577 2.0937653946839636 2.7931916156254637 3.5141444113548834 4.21081915773743 
1.97235885805051 0.8308518385406304 2.093750529651347 2.793167522313318 3.508066895265466 4.217272524872977 
0.29916366683397444 0.9412827357951428 2.0936256549925685 2.7915690493741527 3.5147538640913703 4.210485850471757 
0.34074838105850536 0.7477383971278438 2.0938495402432884 2.7915485367261574 3.517854524901776 4.216506793966608 
1.9438339679506096 0.6333724791191122 2.0936318381485406 2.7915840281366786 3.5141507121980404 4.2172544802189895 
1.9438132891041036 2.4196165434422663 2.0936318381485406 2.7915840281366786 3.5141383855460893 4.217250404335572 
1.957239200727727 2.289414807079174 2.0937634193085293 2.7914816438375447 3.5141444113548834 4.216965167599096 
0.2745557062506212 3.999982990535721 2.093586058150481 2.791441511410084 3.514035093199167 4.209933435462867 
1.8528852352104377 0.9661442796286541 2.0936009598303675 2.791413979157921 3.505166053399276 4.21057616781611 
0.4026689417752256 0.36832463749114597 2.111145201295401 2.7918255508191896 3.5149020888930194 4.209935043771754 
0.1855847750998999 0.9434699937054122 2.093463601623298 2.79131604197568 3.514203959813839 4.216748767753054 
1.9741563254916725 3.981335016252497 2.093508472105986 2.7914775483493277 3.5082154742995892 4.2170621271452635 
0.22611138121802832 0.9519982174817732 2.093620330666358 2.791338623929047 3.5147538640913703 4.210485850471757 
0.28329431634400903 2.3730119647760484 2.093738766032119 2.79318067896365 3.5146985272743922 4.217912984185159 
1.9518790799499133 2.289414807079174 2.0937634193085293 2.7914816438375447 3.5141444113548834 4.216965167599096 
1.9628715400442804 2.2842283524877587 2.0935364160177974 2.791348837231872 3.514492507650227 4.217193757156707 
1.9998510784956811 2.40938116105148 2.093586820778555 2.7914487736626854 3.5142059133205907 4.209930087420243 
0.31768570436278315 2.2349655759059432 2.0934657157117176 2.7904521037889283 3.514166056704149 4.2188949950465 
0.34709291173719403 3.998894171718336 2.0936991244962773 2.791447008949296 3.5081731750956995 4.21856807273493 
1.9477898323023746 0.7920845809757231 2.093846905035431 2.7915358199610245 3.5133975994918245 4.217919878493227 
0.34074838105850536 0.643234955021817 2.09384956662888 2.7915485367261574 3.5141811438265655 4.216955721380523 
1.9400025152942995 3.938373073832351 2.093851522296738 2.791480595838206 3.5141444113548834 4.216059205357841 
1.8979943992359674 3.991005806496385 2.0937653946839636 2.822726211731146 3.5141444113548834 4.21081915773743 
1.9668553617306028 2.297657188459139 2.093382422848309 2.792130779985685 3.5081553809584314 4.2099792538267105 
1.978798460363957 3.937880695754548 2.093622162517486 2.7915602142169615 3.4909710010712236 4.216043116754965 
0.2949917170521389 2.322492738302607 2.093644269476035 2.7914766788542096 3.5142059133205907 4.209936368040663 
0.3409036484811703 3.9530398637696065 2.0951711689088883 2.7921960958415295 3.5085928748354083 4.2099320085016645 
1.9668553617306028 2.297657188459139 2.093382422848309 2.792130779985685 3.5081553809584314 4.2099792538267105 
1.8966736908887225 3.9960243033036114 2.0933795346625814 2.822726211731146 3.5141444113548834 4.21081915773743 
1.951609471221743 3.9010025109954616 2.093767925616233 2.791432218108754 3.5145501228645304 4.218778282335263 
1.9512376686966388 3.999995651873337 2.093382422848309 2.7914787021825864 3.514016489573337 4.209790453391567 
1.9438339679506096 0.6895633493533582 2.0936318381485406 2.7915840281366786 3.5135788534131422 4.2172544802189895 
