0.21415298997534465
0.22076341739518462
0.14364566233874285
0.1863092925408053
0.25955504038777083
0.2747139436311672
0.3144344790638887
0.18549620152018764
0.18950735557489057
0.23880695431565058
0.20334395691436802
0.16241294028093672
0.28158693097388554
0.2245772188138483
0.19380309923450298
0.18761034820816846
0.3677271670457625
0.15323876838059625
0.26984978464711123
0.2521495083874189
0.16423634358143602
0.26720584492169974
0.20544431515864192
0.23022607655829838
0.2358887094290259
0.13727835485779077
0.2152301124963098
0.29578856009212995
0.19085981695522194
0.2175605837244493
