5.988820151563176E-4 1.0036805256723194 
1.0066087125831302 0.0018065003328551104 
0.0632607395304231 0.8595292158233698 
0.3296258311558305 0.43550263302308967 
0.6631315221602859 0.20082310813405943 
0.3711515551007375 0.41047240873530383 
0.9962702631772091 0.0338017170033885 
0.6927072010515597 0.1781798336657213 
0.6927072010515597 0.1781798336657213 
0.9963450866030934 0.0074815693074383 
0.9962870795307924 0.03272787304161805 
0.049050611923328394 0.8639519227045448 
0.01925965064612146 0.8831424524858953 
0.04358504690278886 0.8671896164636735 
0.016171524247557183 0.8923881935614029 
0.6652118279090087 0.186961064776202 
0.6746464447841114 0.18648627783811839 
0.05520686393973079 0.8619583240279625 
0.36935246229583507 0.4131462388907372 
0.004763584981848633 0.9486179548902525 
0.3617293343467793 0.4131677188060859 
0.028229018228814323 0.874477752475577 
0.0017197791404492332 0.9816683314595982 
0.037299396591531135 0.8703291878321464 
0.00102155764455907 0.9952337303904323 
0.3473774937285427 0.4150860894891406 
0.3417148266363309 0.42348431872025327 
0.040340250311468824 0.8697559993151538 
0.024563090140325983 0.877428344280049 
0.008497923011794067 0.9213013940279836 
0.3525707027562279 0.41382906801750385 
0.001220847289749069 0.9915707506393807 
0.008453133619317692 0.9262884043573872 
0.004133341163453505 0.9603328714564074 
0.0045006161146305115 0.9549130311774944 
0.663245330969443 0.19538530164111093 
0.3471863436735854 0.41798085105865723 
0.006717342257655736 0.9400965361024018 
0.006774217729096818 0.9353162121782379 
0.0013351652789656923 0.9863119733871085 
0.012664558597262563 0.9049898294998764 
0.35865098355423414 0.4134471975256279 
0.0024687899323386415 0.9685870503764722 
0.34395684966711515 0.41972368556134015 
0.00181372443152157 0.9746952783192859 
0.00529194604150782 0.944255473111828 
0.685567717124112 0.17967069349559617 
0.009199311454495585 0.9166028128756126 
0.6751087343513152 0.18362632185427835 
0.3309030478919433 0.42787374873087775 
0.02927418188103791 0.8721268836023817 
0.6639594694374983 0.1924015693626106 
0.0018555679725805495 0.9744141279214293 
0.6641156304529188 0.18943341540090972 
0.330216986378521 0.4298898967233748 
0.6879693546214721 0.17948085660908397 
0.010562964214520989 0.9125139632701068 
0.3545596334889765 0.41358350852539494 
0.02082917712784282 0.880763294782228 
0.03218478801605595 0.8712828234670759 
0.3369917600184629 0.42474824946989675 
0.6768425668731033 0.18162946228832194 
0.33001073980474926 0.4335842211251595 
0.003927754426087203 0.964418280626174 
0.01609975554696272 0.8940401196655688 
0.6919448766902476 0.17945485750979734 
0.34296317228679624 0.42120096737314355 
0.9990635699295118 0.004531527570688105 
0.00449334861713533 0.9566151801463617 
0.9966566052057313 0.006428365119048986 
0.678485247192512 0.18073893262284305 
0.013869992737634038 0.8976831129981006 
0.00645725598420365 0.9429868529764467 
0.6631319880434842 0.19977723651251295 
1.0023480113962482 0.0019803586793255617 
0.33432092997744906 0.4269583981399374 
0.05898465299708572 0.8611819667903248 
0.009197124303419058 0.9182689327770122 
0.010647601629819599 0.9114956869389039 
0.6815595532874955 0.1803688414850972 
0.05898465299708572 0.8611819667903248 
0.0017098249984868143 0.9843180267278502 
0.013484096564143927 0.9013619873219492 
0.0218445713996071 0.879285222100668 
0.01144042854893967 0.9080414290714873 
0.0239278285752429 0.8791347083484836 
0.0031566778505419764 0.9655343015801969 
0.0077358962320929325 0.933301807815232 
0.37070841093414975 0.41059410042050104 
0.01318089706943015 0.9017418977004619 
0.008162198475972066 0.9321783096607309 
1.0015918924050387 0.0023305017489171002 
0.014775599305856837 0.8970674994550777 
0.0010401582073527277 0.9945561382290633 
0.03206725755865225 0.8713845923239326 
0.002934654032928545 0.9679731610486675 
0.008267199858704657 0.9295655552459611 
0.6813229293789311 0.18048595534796333 
0.33562019243273433 0.42576686012136833 
0.999450278846402 0.0030873797802439384 
