0.00695686377919796 0.9905944142794575 
0.9556534888697394 0.024578820838275187 
0.27364863220469404 0.5179154328798774 
0.30740763131072435 0.4662385790550532 
0.9412001130917594 0.08382031975750044 
0.01636522599334378 0.9781940787896239 
0.6252278010243506 0.21358507351774778 
0.6070092715874099 0.23094273547871977 
0.01636522599334378 0.9781940787896239 
0.6070092715874099 0.23094273547871977 
0.9414864982234873 0.04444101020280587 
0.2737053889809066 0.4994081801072113 
0.2736499776551162 0.5169908008777081 
0.29020432104337024 0.4662602247407336 
0.3066389820780012 0.4662519835012371 
0.006957892585202331 0.9846975649154925 
0.27394278404437294 0.48912241933935136 
0.2737053889809066 0.4994081801072113 
0.9415745178279158 0.03531340385657544 
0.9414864982234873 0.04444101020280587 
0.6075538461244612 0.22740452405623446 
0.006957892585202331 0.9846975649154925 
0.6217813613144231 0.2143915331017648 
0.27507847133480656 0.4840345936849102 
0.27538749076542485 0.479546880467112 
0.6082854960115733 0.2236047667412663 
0.6244729990512572 0.213734349647989 
0.2805427181227474 0.4740040913771206 
0.9476512720497106 0.02857354463559245 
0.6109936668885813 0.22123487778472975 
0.27814765830106475 0.47517915583859005 
0.6198281981507975 0.2152265665117058 
0.94620589432914 0.029762992374111393 
0.6128535696508924 0.22067299432345375 
0.2895205194936707 0.4664029961526908 
0.28689032308499385 0.468619487937795 
0.9508599389064589 0.027441615221447266 
0.6180834561030912 0.21618805750982298 
0.94247589242828 0.03379524058922495 
0.949068264422621 0.028556779497416723 
0.2821608173776224 0.4711909543325529 
0.9438506357752189 0.030794112817880217 
0.6137591426962942 0.2195182814247019 
0.9431015494255091 0.031731409072319756 
0.619222023107407 0.21543334787261514 
0.9541395120726415 0.02568107398893593 
0.9430277739730398 0.03313971370383872 
0.9456975604167445 0.030326175679941215 
0.9516911088340778 0.025892741277652294 
0.9525098220377374 0.025845516296322833 
0.2745366459131682 0.4841568645802019 
0.6096034506358746 0.22286604724778616 
0.2739501886429467 0.4872630233686647 
0.2873306011626635 0.466653300831699 
0.27619074245010744 0.4786784278274173 
0.9416288388368748 0.034574660610448504 
0.287322951046956 0.46665782335997164 
0.949520914508627 0.027642987667958443 
0.6166504205254685 0.21805904090221426 
0.28508505000790524 0.4695685430827798 
0.276695193852281 0.4779649828059901 
0.2856262954068345 0.4690223184055915 
0.6154793124124106 0.21812622552249045 
0.2744720026786569 0.4859377754448388 
0.28429437441089733 0.4704878667709687 
0.2742714162846981 0.48696371567711966 
0.277178309123645 0.4761717536165242 
0.2818464966153879 0.472348059974782 
0.6141235862596369 0.21920970900653727 
0.9543773943434161 0.02462065468518348 
0.2811673297237636 0.4730854325263929 
0.2847757330879674 0.4702566318687079 
0.9436766000353008 0.031055856832876778 
0.6145265795478514 0.2185344726899025 
0.27784551805496904 0.475819747479357 
0.2862766286469285 0.46870455781590814 
0.27578853605783066 0.4795131028549662 
0.6087521591743817 0.22298150624906832 
0.2831772945404751 0.4709070775340717 
0.9503496885277053 0.027504828789112968 
0.2833420797766104 0.47077763255250127 
0.2810868436887156 0.47397800116368916 
0.6096034506358746 0.22286604724778616 
0.27700707548060405 0.4774251961630573 
0.6118063716575055 0.2207631851704269 
0.2812300432399275 0.4723800527735925 
0.2770637223871551 0.4768524368267017 
0.6148801407283544 0.2182829822571648 
0.9541483751755556 0.024797853621281802 
0.6115724792198703 0.2208137914879057 
0.6177542082707552 0.21802600749765386 
0.6179965347535701 0.21713394581973883 
0.6175119543422376 0.2180401771556504 
0.6179489841459392 0.2172576324311749 
0.6084917419994809 0.2233663260798596 
0.2744720026786569 0.4859377754448388 
0.9457727922730421 0.030100239082290557 
0.2736499776551162 0.5169908008777081 
0.2779642262228181 0.4752798503372771 
0.9518392614400499 0.025882022797334866 
