0.7256609602688353 0.15349819139649012 
0.7256609602688353 0.15349819139649012 
0.054035548195068915 0.7762135691657676 
0.17104516496918856 0.6414142173519658 
0.3880905587856499 0.3851286451878955 
0.7211566366715432 0.15449774177999667 
0.48434600946854056 0.3216096747000946 
0.3880905587856499 0.3851286451878955 
0.7211566366715432 0.15449774177999667 
0.48434600946854056 0.3216096747000946 
0.06019721780848306 0.7664767110845997 
0.11607960268024076 0.6861338487244505 
0.11607960268024076 0.6861338487244505 
0.449469046067783 0.3500703612838122 
0.39407281120859733 0.37941527437064365 
0.39407281120859733 0.37941527437064365 
0.449469046067783 0.3500703612838122 
0.11653614759995247 0.6724500954835059 
0.15920593050567144 0.642284487106144 
0.14828470054121318 0.642298694642851 
0.16833815887239734 0.6414842011779983 
0.4828445290044283 0.3216259189368982 
0.45020066042379836 0.3426994416965792 
0.4749745008836015 0.3219805549302346 
0.16025797388368523 0.6416362995703389 
0.449615766779579 0.3489438294772489 
0.47068261827011304 0.324189257925344 
0.11831345895401088 0.6679801082797684 
0.46404544437425194 0.3243165059587766 
0.45772003102546804 0.3284299684130626 
0.45681250122573946 0.3338185547256565 
0.4541806081283148 0.3347210983799602 
0.14753190938154176 0.6440469816896068 
0.3888732077204547 0.3794235573826024 
0.12035111737347838 0.6622412254912636 
0.1302011036854559 0.6497860436636076 
0.05629086081638658 0.7729761792880175 
0.13381082761326327 0.64827571901018 
0.12101523352344695 0.6596491991544454 
0.05487162410075132 0.7738498474121916 
0.3884717355567246 0.3814187835582942 
0.45202324692787504 0.33729712711333404 
0.14376269900527155 0.6443613478111722 
0.45186383138880043 0.3403939543406553 
0.4537070956505429 0.33726067216786404 
0.12333273656204392 0.6558893181990093 
0.05658556555975467 0.7696481264043298 
0.11755976368538891 0.6724081302169185 
0.46041023015100807 0.32625282159706104 
0.4629296071814059 0.3249570298901185 
0.12508818890544193 0.6545729400018923 
0.47431057675269206 0.3238307268471941 
0.4502071254440002 0.3409794401871939 
0.13797104400844923 0.6471963470201927 
0.4724762793342219 0.3241689891337068 
0.4587114496801246 0.3281115387160386 
0.4568068903390782 0.3338833500441878 
0.12227563687660868 0.657978678093583 
0.12059990284678132 0.6618505666520513 
0.7230864279637246 0.15398479838644746 
0.12760209149695573 0.6515893617862127 
0.12241002702865057 0.6577088214257459 
0.05922438811956701 0.7684923854846932 
0.1358367856848475 0.6472201610686139 
0.124023520106139 0.6547379106840292 
0.059230143029669176 0.7673900405012861 
0.7254446730971728 0.1538910220099728 
0.12760209149695573 0.6515893617862127 
0.4603582877031898 0.3274884167506936 
0.057360334932056105 0.7686484557197334 
0.11827920717095228 0.6697157172714905 
0.17037930312911015 0.6414313660032654 
0.12508818890544193 0.6545729400018923 
0.47495020459438786 0.3225586917677799 
0.14821480042566687 0.6423128714082169 
0.38873903731291026 0.3805917508035202 
0.14044100260735048 0.6455283676157438 
0.11827920717095228 0.6697157172714905 
0.12035111737347838 0.6622412254912636 
0.14168408810728267 0.644864831268048 
0.13966514551876236 0.6466954662179206 
0.13950021305725174 0.6468159715869338 
0.7224766709120808 0.15429948747403477 
0.14305115433851234 0.6446503210900717 
0.1283265931042251 0.6507659883201662 
0.11829389209474434 0.6680765075201907 
0.13431187983296955 0.6481078634715631 
0.05660190853903993 0.7688441399543289 
0.4629707350360545 0.3246212306530679 
0.12938720465034234 0.6506157478360307 
0.12964263993555886 0.6503651874095647 
0.12774258815249473 0.6510638193921845 
0.1421330624994889 0.6448507852258176 
0.7212942176432796 0.15437487250740772 
0.4842896456694434 0.3216170800210926 
0.14044100260735048 0.6455283676157438 
0.13503771838595396 0.6476657320382189 
0.13504262436082556 0.6474255883240364 
0.4494994883884137 0.35004376947639154 
0.15958471914891093 0.6420625861958512 
