0.004232626898463708 0.9565435937367855 
0.9283882822931514 0.0400689677301689 
0.25224806958070944 0.5065755396529519 
0.03255804389492589 0.871481355441385 
0.5856859084036035 0.2405377630363409 
0.26373172738852857 0.49407677222302715 
0.9188009993469224 0.0443319195165182 
0.5963804935551783 0.2329383369083084 
0.5963804935551783 0.2329383369083084 
0.009495001393495042 0.926554289147539 
0.013844162263784715 0.8990099768422153 
0.0063080317215962155 0.9537818444010948 
0.007398919265400596 0.938326002193972 
0.01801470699064639 0.8813447598201879 
0.016933303684292036 0.8939031007009164 
0.01977969096633987 0.8809726059585165 
0.03206643807323757 0.87247861769989 
0.023034426014877436 0.8785056966860166 
0.025132916980159764 0.8739971736196975 
0.028288186469420842 0.8728489249024615 
0.013844162263784715 0.8990099768422153 
0.02478598012394822 0.8761590797877782 
0.007790106624696219 0.9353073037895061 
0.2525110666224045 0.5041664262076547 
0.2542799425441184 0.4992872324791957 
0.2525471808251914 0.5002121851429007 
0.023067853049215985 0.8763788478036812 
0.0050524756645011415 0.9546206266113211 
0.25480803162402405 0.49784902248809854 
0.9229424134736551 0.041005130631696654 
0.5865665075756398 0.23868406869874992 
0.016449056457600954 0.894055781769722 
0.26320924962454845 0.4940868564584673 
0.2564835688167044 0.4961659783681914 
0.014438388676555896 0.8963881845059545 
0.027493619601224782 0.8736464589745194 
0.5905860070326366 0.23379753522215513 
0.26077021670466255 0.49459528153796467 
0.5882032440445055 0.23565870360895788 
0.9255512905978991 0.040218052780294035 
0.014626626967137473 0.8951214194012711 
0.25899937998031297 0.4956043088094157 
0.00897123137831239 0.9294557633770741 
0.9283790267873794 0.04021350919169427 
0.013889866333993785 0.897829985040659 
0.9254518274030171 0.04046036575063909 
0.007672167803637442 0.9373070219152431 
0.593166811904026 0.23329145537573848 
0.25226294373801406 0.5042715518546684 
0.25271832972151637 0.5001128599988611 
0.008430990502391352 0.9336597612491683 
0.023034426014877436 0.8785056966860166 
0.008906807873125673 0.931274171105096 
0.5956744797481803 0.2329390466927437 
0.00924452030071427 0.9286183673296419 
0.25606410049946676 0.4971568376866922 
0.588887327439758 0.23442134296592348 
0.008824161765651442 0.9316718032974178 
0.9201577027954457 0.04415526376110024 
0.008430990502391352 0.9336597612491683 
0.5940502979810957 0.232970804359393 
0.006241406538017958 0.9544857950431127 
0.2599541999604666 0.4950725659615411 
0.5869303483163976 0.23567276783680763 
0.9214781298890361 0.04245032866802104 
0.9214781298890361 0.04245032866802104 
0.027540004306908113 0.8729621876531354 
0.25899937998031297 0.4956043088094157 
0.5867457079295038 0.23668474856606045 
0.2563392177065331 0.4971158254152057 
0.5866553120682825 0.23768774124553033 
0.9201577027954457 0.04415526376110024 
0.014626626967137473 0.8951214194012711 
0.01387178150955546 0.8986570051723792 
0.9228184459432698 0.04174237507432437 
0.5869269368543191 0.2362536372298663 
0.5895389219269799 0.23413515723528738 
0.9226098173784778 0.041885796811152134 
0.5901444069816278 0.23413333372212855 
0.921859879004158 0.041917936507681865 
0.5866713454691437 0.23741041341711625 
0.00924452030071427 0.9286183673296419 
0.26027793858323356 0.4949251663583076 
0.5936825517055649 0.23298447064911587 
0.5933935558147099 0.2331635383726597 
0.2605002024303378 0.4946995750183892 
0.007477191643242194 0.9377233652790075 
0.008824161765651442 0.9316718032974178 
0.590389130821576 0.23385273996553188 
0.006243592998718019 0.9538065649702236 
0.593166811904026 0.23329145537573848 
0.9198200565299243 0.04418747363330425 
0.9191786248170801 0.044211471390306976 
0.2564835688167044 0.4961659783681914 
0.588983478474025 0.2341590314397627 
0.9194716851283957 0.04419194768020625 
0.9254518274030171 0.04046036575063909 
0.0074760288334210145 0.937923561318697 
0.9214894571516385 0.042107973697170925 
0.9216472305572129 0.042034843660081506 
