1.0083899187934187 0.003051018445752746 
0.13353142740900814 0.6701130464806712 
0.13353142740900814 0.6701130464806712 
0.9846697222914423 0.013488545301337045 
0.33781605038217016 0.42743262360102896 
0.33781605038217016 0.42743262360102896 
0.31730451664043763 0.4560286233052607 
0.13403430419263615 0.6557381206297731 
0.13365416887461615 0.6603812218202137 
0.31730652288517097 0.4478758736762171 
0.3174157968348073 0.4452638714273825 
0.9909738572515416 0.008148918461915212 
0.13369895419859826 0.6597213134824241 
0.9852384749902795 0.011923256246661153 
0.3200622581062617 0.4373965621403142 
0.32177876344028333 0.43671750966709716 
0.9872257314217461 0.008306200280008452 
0.9936924202421441 0.005808952693400001 
0.1340298912778183 0.6569450186702835 
1.0038694021711845 0.0031868505073714844 
0.31990287493160524 0.43880155091630907 
0.9860996395899971 0.009648031527698435 
0.3173089419942035 0.44787320233907774 
0.9949107868018542 0.005383439105975691 
0.9978899696881204 0.003964978046380124 
0.32569996952173297 0.43314342601554745 
1.0001831333778293 0.0036592878335130028 
1.0056919003472695 0.0030623796017010528 
0.3271262351593361 0.4317714948378758 
0.3349812628681809 0.42765977683574957 
0.993078696543088 0.007221382445994476 
0.32464642595284576 0.43445579833872877 
0.32566383008528965 0.4343422163493835 
1.006715885453949 0.0030513107774032375 
0.9972469668828833 0.004076300610208094 
0.3178011400983193 0.4434861879690223 
0.3366039848458076 0.42764097105191085 
0.9963580296510539 0.00474858433894735 
0.31857012172616067 0.4401871596963562 
0.33325539736485305 0.4286800507551241 
0.3347982870356427 0.4285081245079157 
1.0020208491880986 0.0035182280874488307 
0.3267003187698099 0.4325797652573687 
1.0005259585271091 0.0036329630361359696 
0.318412602070062 0.4412455652234436 
0.32784673405007075 0.4311922813292636 
0.3187886626650176 0.43926346495725205 
0.3289562377152411 0.4307902044719185 
0.32182018537809204 0.43542036983427246 
0.3303742581218134 0.43064182444171095 
0.3236734055858945 0.4350100252585483 
0.33414039611788715 0.4286714082710741 
0.33200072032745254 0.42875263474931485 
1.002387939240413 0.0034067365975091247 
0.13402997421288612 0.6569443443257018 
0.9912323437624323 0.007716101376114124 
0.33727547899957117 0.42759876058176605 
0.9847735714119285 0.013157501865735086 
0.9868662485763621 0.00924684665368086 
0.3310272928188055 0.4295849360676566 
0.3179680598738233 0.4427691552947913 
0.9922108041275197 0.007515644828411721 
0.9958299626852369 0.004769041346438803 
0.3178011400983193 0.4434861879690223 
0.32262058103585073 0.43509335106200336 
0.9866571887127428 0.009463836150658541 
0.9850997026176843 0.01270930914311871 
0.9869606420621598 0.008605527788933866 
0.9927830174498797 0.007349196279726289 
0.31815416541551167 0.4420531052266595 
0.3185749829855155 0.4395962266156 
0.9916647706668146 0.007516234366009941 
0.33037587424211395 0.43049729681123317 
0.9851009402817522 0.012430714751540832 
0.3267003187698099 0.4325797652573687 
0.318042181772264 0.4426037082756944 
0.9860996395899971 0.009648031527698435 
0.3236734055858945 0.4350100252585483 
0.3221313390516904 0.4352224743664511 
0.3318120543787789 0.42884582917666036 
0.32840714253386105 0.4309643817600504 
0.9958299626852369 0.004769041346438803 
0.13368484642144401 0.6602789900876268 
0.3183421636444262 0.44151784359550766 
0.32806083685602366 0.4310298328743725 
0.33037587424211395 0.43049729681123317 
0.3313309761158556 0.4293474292086996 
0.3288321001915751 0.43087999094201956 
0.3310272928188055 0.4295849360676566 
0.32247778775243563 0.4351006035292214 
0.9871056173249019 0.008462585522954952 
1.002387939240413 0.0034067365975091247 
0.31867515110427574 0.4393168300281584 
0.33148326330218575 0.4291179262645053 
0.331231296407276 0.4295292272335103 
0.3218351080537527 0.4353714698049631 
0.33148326330218575 0.4291179262645053 
0.31824261005458765 0.4418038171461198 
0.31824261005458765 0.4418038171461198 
0.31730652288517097 0.4478758736762171 
