0.07911923163870085 0.7360790995133178 
1.09800470010486 0.036497964906725876 
0.4488312981124027 0.3445305863350649 
1.079929370818735 0.03932467253945468 
0.4126095844830245 0.37316154350666986 
0.12465644737663965 0.6874346336797053 
1.0821620771575131 0.03662163429320687 
0.09291195007389025 0.7036382831956818 
0.4406484962106013 0.3448048033466052 
0.09772822200769218 0.6931365705115374 
0.09658136802474615 0.698164123513175 
0.08094479761877268 0.7208488150735796 
0.41269370965529073 0.36936494871689224 
0.08065083955177185 0.7256217285969928 
0.0894503177158287 0.7051282117453884 
0.07912756522587214 0.7345559171243666 
0.1036724714584031 0.6905839534399338 
0.08501147394267793 0.7165682473246745 
0.08920787780358844 0.7068031218061989 
0.12090092967383671 0.6875289250726897 
0.10053390763431529 0.6926631827933374 
0.11672333043037914 0.6879577986552247 
0.08547433773739015 0.7134917725150941 
0.11112388519163209 0.6888994778470985 
0.4156975338684318 0.3613620009594302 
0.07959382554541786 0.7273615185955344 
0.42552710305809904 0.3523772269922588 
0.07953539356423682 0.72993231814568 
0.07924277423377776 0.7310676557943853 
1.0803963433749981 0.03663635827203814 
0.4150132095479297 0.36436454587062506 
0.42135670559013166 0.35386595793604925 
0.11790976609637985 0.6877841851027157 
0.41437514223109717 0.36650381406337695 
0.08565753944244625 0.7125543250382677 
0.41897063851265065 0.3588861887714599 
0.08321301127760275 0.7203078543299728 
0.4212318077459009 0.3561535839893505 
0.42284370028851964 0.3537897941633675 
0.12414514958676405 0.6874994229930259 
0.10786659240622648 0.689530061478153 
0.4150132095479297 0.36436454587062506 
0.07980319138832816 0.7260219402644472 
0.4283898378523229 0.35201664484370176 
0.10021798595113429 0.692773836816823 
0.41605640990890586 0.3609260944364114 
0.41274749287216517 0.3671754432189073 
0.4301322948030187 0.34852292483929875 
0.10606673104781472 0.6900730164183566 
0.43048359185363444 0.3477640914162611 
0.08728763153370582 0.7105056876050575 
0.1037469186997792 0.6902037037336363 
0.4321899581407835 0.34770930082684826 
0.0840416723511806 0.71713096138127 
0.08780965399785351 0.7086115149646858 
0.42874737207750674 0.3512118252850497 
0.4243450781704199 0.3532339954555889 
0.08728763153370582 0.7105056876050575 
0.4127637070648092 0.3670291011476133 
0.10681471045564093 0.6899537430291367 
0.08325113651878133 0.7180879719818234 
0.08780965399785351 0.7086115149646858 
0.4198938610503051 0.3586717798607952 
0.42889582500244977 0.34905355749593764 
0.08753190728807557 0.7097607808867837 
0.4243450781704199 0.3532339954555889 
0.10786659240622648 0.689530061478153 
0.08757732805932636 0.7093321548250752 
0.4204951277701523 0.3565946075941192 
0.41990423079406697 0.3579716139196463 
0.4288313948086372 0.3490812650874944 
1.081145687243872 0.03663540015870453 
0.07924277423377776 0.7310676557943853 
0.08321958234665391 0.7192606295035264 
0.42877108901187566 0.3502395196128881 
0.08321958234665391 0.7192606295035264 
0.08563969326819522 0.7125839629701906 
0.42854171563941745 0.35198565084806605 
0.42877108901187566 0.3502395196128881 
0.08362763756309081 0.7176299327224668 
0.41437514223109717 0.36650381406337695 
0.42050250814010387 0.35646162873067194 
0.42001539477079297 0.35745590719882586 
0.42001539477079297 0.35745590719882586 
1.0821620771575131 0.03662163429320687 
0.08337051394063594 0.717660313877692 
0.4212318077459009 0.3561535839893505 
0.42135670559013166 0.35386595793604925 
0.43535919792725325 0.34534683857046533 
0.08919199017109408 0.707224553601932 
0.4228743456451772 0.3537734670853762 
0.10021798595113429 0.692773836816823 
0.4212318077459009 0.3561535839893505 
0.09383821192557276 0.6985672330436985 
0.11170033945913097 0.6883559786044563 
0.4162664425939122 0.3594016786333484 
0.4325092546530253 0.34656941968493854 
