0.008548268973510352 0.9290080898806049 
0.9701902844422324 0.027126005813743553 
0.06608457773855278 0.8391392424365199 
0.6224351918015003 0.21722845715693428 
0.34157506253260794 0.4260295790139257 
0.38106021616253977 0.4034565674685316 
0.9476868459640165 0.035149747784369946 
0.34157506253260794 0.4260295790139257 
0.6127097121104856 0.23171301585193227 
0.9476868459640165 0.035149747784369946 
0.6127097121104856 0.23171301585193227 
0.3679526494258496 0.40354764699090695 
0.9578175278229509 0.027143233176713986 
0.9483155365723915 0.033030732015417966 
0.6137851159195703 0.2298990272390134 
0.010181846510667438 0.9171708936764849 
0.34426069560118705 0.418856922059323 
0.06325541288213303 0.8392167773104828 
0.01030662195126213 0.907131205610253 
0.9537425856487305 0.028532827591479328 
0.02328477964727123 0.859744601056273 
0.04416847346613432 0.8403586304567211 
0.05460654678596863 0.8393290725516424 
0.010601521086706523 0.9066528527623459 
0.6163719623179662 0.22283205989251334 
0.02478777166543075 0.8525700810627905 
0.053071475623540795 0.8399808466933257 
0.012017210328686976 0.8991450092414058 
0.3630493872269224 0.4044934065619413 
0.02224975318583838 0.8697862676064019 
0.35784632214004103 0.4098942710432051 
0.014099004810971568 0.8894254677294309 
0.040192262238330084 0.8429368163608756 
0.022277349977397595 0.8621454793991057 
0.013796563044994752 0.8965316699632523 
0.34769047549795795 0.41470185189163944 
0.35928682131987616 0.40515739192220207 
0.349951291625089 0.41410525433635825 
0.3441354570453759 0.42241003596640747 
0.008595713678775279 0.9237107383424619 
0.009293812948895369 0.9194188613019749 
0.3556591008407086 0.41035036451471185 
0.03598702877471639 0.8430665812637859 
0.008564524058423208 0.9285008961889779 
0.3538425062783872 0.41371522503704505 
0.6189772686930253 0.22084449782872137 
0.008843468022985666 0.9228458811789423 
0.04275767208993429 0.8412615250827629 
0.030795014833704105 0.8505996520971428 
0.016911745166579496 0.8885288223037489 
0.02665206372461993 0.850767282492767 
0.03165071345915719 0.848443043386659 
0.01699366597763509 0.8843414596417147 
0.6163719623179662 0.22283205989251334 
0.02119267559995439 0.8730372326498548 
0.021180402125666183 0.8773740545365009 
0.02198490185468335 0.8705921673471634 
0.35972465914101076 0.40497300961654487 
0.35439148247868313 0.41203409624847653 
0.9562944727512492 0.02802857676561646 
0.0340809852321432 0.8442392578827956 
0.621493694680961 0.21897232913786394 
0.032793867492186365 0.8452544331800851 
0.02113228221635465 0.8792762965299465 
0.012942939287654148 0.8987030685429406 
0.01785127858688639 0.8835388393479091 
0.022426116141973818 0.8606315263434706 
0.01785127858688639 0.8835388393479091 
0.021208501649010517 0.8730107624941378 
0.020929781388145614 0.8810732306787741 
0.34249843133072017 0.42349154174483555 
0.014337982184026656 0.8887502408554739 
0.009428374361987853 0.9175210400598642 
0.024820041299145817 0.8518417507596682 
0.013726934240180766 0.8968521498773971 
0.035584487338249385 0.843971213551046 
0.031241779293798948 0.8503113805426424 
0.9546238771725856 0.02807800544388267 
0.34218889589012796 0.4257818814785416 
0.6132114235598924 0.23133960218573363 
0.03220697427890854 0.8466047656505646 
0.34774676480609995 0.41460354253174136 
0.9478713830494946 0.03459779280252129 
0.6197696745138757 0.21947312656462306 
0.016577274611292284 0.8886380011661539 
0.6221729122641967 0.2178704138584878 
0.3424322640773077 0.4239559669653901 
0.020929781388145614 0.8810732306787741 
0.04341314613852332 0.841025100698306 
0.35413643919731946 0.41287108803873196 
0.05335397598887926 0.839637613404891 
0.021033665571863473 0.8808084957770271 
0.021180402125666183 0.8773740545365009 
0.0322205171843874 0.8462173369044689 
0.017058716299931893 0.8840982720452613 
0.026285171351204926 0.8509977045851012 
0.6190449461762116 0.22031689865415768 
0.022277349977397595 0.8621454793991057 
0.6194458670168614 0.21970630989451503 
0.012409886815106673 0.8990738237269701 
