1.0693042048632693 0.01280490362303176 
0.23031689242917766 0.5327813896076322 
0.23031689242917766 0.5327813896076322 
0.5638904274285451 0.26226794141505116 
0.24946617488848322 0.5090081628873675 
0.5837648754474701 0.2421966697480904 
0.8972122044123263 0.06018833115615682 
1.0424160014563892 0.014088288507102127 
0.9147318605979571 0.04774272507313181 
1.0690872450977378 0.013205081733255426 
0.5639216165216003 0.25680496447187434 
0.5793230555821649 0.2433957338353939 
0.575075463090279 0.24466675045071418 
0.2303540502058311 0.5286869233423479 
0.9091715024488604 0.0485648802347612 
0.5644631901464806 0.25167350331141614 
0.5644546099285289 0.25464078627181075 
0.5700348511822654 0.2488159003807175 
0.565226112899551 0.2505513002809424 
0.9010255896379499 0.054790219722890235 
0.2353198504493615 0.5184717776682382 
0.9047058422311391 0.05100109573388797 
0.5668260736953549 0.24934792586273183 
0.24449965389147485 0.510205887594896 
0.2352386263063096 0.520304255943462 
0.23592393739009188 0.5176603752959642 
0.5672182320235286 0.24892188505671134 
0.24038384419201958 0.512629993838372 
0.23037057631785307 0.5267663242318147 
0.9013421742511982 0.05311650485568515 
0.9065669592105579 0.05051027683662307 
0.5642274405110901 0.25617399637456534 
0.9086480558378313 0.04975839681377235 
0.8975928002246181 0.057774322953842494 
0.23045677283151678 0.5245641940358856 
0.9042019575787449 0.05205635533988053 
0.24346392487579685 0.5109820831618684 
0.24720409654470313 0.5093496597635503 
0.5711940033224098 0.2477971679362491 
0.2303540502058311 0.5286869233423479 
0.2316532982757622 0.5237850898392243 
0.5732198723493619 0.24598192149564652 
0.2386533669576853 0.5147997065599882 
0.8980244701405241 0.05717256080044063 
0.24314771570854585 0.5122099865245227 
0.23044017287300061 0.5262221237156174 
0.23803492623234832 0.5174200697673672 
0.8975767614000504 0.05907365706695737 
0.24720409654470313 0.5093496597635503 
0.9127188837778134 0.047938976200478 
0.24095952272927385 0.5124636085949713 
0.23916317220821456 0.5138031394438726 
0.24867562690801462 0.5090253907637389 
0.5705396741717681 0.24781704429403648 
0.8991546985951665 0.05489148633187877 
0.23198349214111547 0.5210017638505612 
0.5714595726165426 0.24643509535091734 
0.5644477070174931 0.2549333557170166 
0.89804268792609 0.05625206304993957 
0.2425643435945054 0.5122241081955142 
0.5825084350913179 0.24219978668654202 
0.5804124783039029 0.2431506960533956 
0.5715701892544893 0.2463527011841676 
0.9116609923229586 0.04793924776529976 
0.23291134257269486 0.5207378466480199 
0.2310517595374679 0.5245467275600121 
0.23808753469305424 0.5162872640373362 
0.23916317220821456 0.5138031394438726 
0.9078717929879588 0.04993831817355335 
0.9144444069908217 0.04789916448834399 
0.5805040932846218 0.24258055150509708 
0.9065692861496689 0.04995383913571883 
0.2386533669576853 0.5147997065599882 
0.9116609923229586 0.04793924776529976 
0.23808753469305424 0.5162872640373362 
0.5650635323644306 0.2514044087942038 
0.8972442569436646 0.05933361571117566 
0.9035446534297643 0.05232166069104084 
0.23420326375597428 0.520520380311862 
0.5743811222566105 0.2453937927394805 
0.5812184719263533 0.24221188113692302 
0.902019170723199 0.05306774346369192 
0.2380842627975366 0.517207762147076 
0.5749938881920866 0.24502416598562296 
0.9035446534297643 0.05232166069104084 
0.8980435329104586 0.05553564606372652 
0.23167454930912146 0.5227675833478186 
0.24440162082227093 0.5109809182753611 
0.23175090156892264 0.5219561701655079 
0.23194584472699414 0.5218292627714137 
0.23165892919940181 0.5230295047629759 
0.23368176368045773 0.5205257044790285 
0.902019170723199 0.05306774346369192 
0.8986053741944727 0.054986603146900744 
0.898106792220397 0.0551407959929395 
0.897243145066898 0.06009062324262586 
0.5738581600148543 0.245885478087035 
0.2444104819981226 0.5104607577476721 
0.574178188829362 0.24570346766578993 
0.23040370511062347 0.5263272637049593 
