1.6761456128027528
1.2575614887596003
1.3205689552096147
1.3747761913820984
1.309886625744228
1.5912630077313876
1.4030965872351802
1.6879360249636455
1.26895710365175
1.2449408561208917
1.563161393550758
1.4603370482102362
1.4933084086992527
1.6296601525624133
1.5405436503335057
1.591708454704091
1.464140229608069
1.3637685297260767
1.6118473198121244
1.5558652329262224
1.6815218169591466
1.5362175089930943
1.528617571386557
1.4616434233272997
1.3837022567793744
1.1650830575642022
1.6806465312818173
1.4980275036951125
1.396594443305825
1.5597577445018802
