0.06125148997651017 0.9553170827378679 0.9960474595459089 0.9994946372366624 0.9812237630607245 0.997876322029948 0.9379035701570348 0.8909538262343716 0.8682918039991634 0.8312989286338409 0.7105031547425104 0.7155406542390844 0.5713207697552276 0.4935812547210391 0.3667325008753849 0.31741768698639405 0.19899736361556636 0.058623586862469164 -0.01666557011423454 -0.17860711046885153 -0.23502170678949333 -0.3729151371360594 -0.414303727471277 -0.5695107120940576 -0.5860449856859511 -0.6390380862989014 -0.7497459792100372 -0.809436942551591 -0.8814921650804346 -0.9828122893917951 
0.9018558336052362 -0.9973744792918954 -0.22329607900109455 -0.978164618668642 -0.732114152271255 -0.9210803429278231 -0.6619535288132843 -0.8167736489008867 -0.45083188295545223 -0.6878346538201747 -0.8053255732323386 -0.6111258968423714 -0.5063970265262475 -0.31089613969768654 -0.09293123893262475 -0.20910472212608466 0.359663420423138 0.020202298616321453 0.013926262145237553 0.2018219857219617 0.7227749500610487 0.39479925676987043 0.2678540805949246 0.66416370221718 -0.617806093690221 0.7858765019399631 0.8322569815360569 0.888672403319431 0.9639125742707669 0.9092420400148977 
0.07194254305862356 0.9961436824859339 0.9916574939082681 0.9774480320347037 0.980904537715148 0.9432421630378768 0.9012825111669206 0.8505053500481691 0.8200172488696391 0.7332766867651257 0.6822825457574739 0.559442691891428 0.48525257396153365 0.3361006548881541 0.2339564982806312 0.09776420675125097 0.06582351149176585 -0.07231323638886687 -0.20322964076491548 -0.28667314538799016 -0.4379813097286216 -0.46525635438944973 -0.5346948816666656 -0.6652480292039596 -0.6520163592990172 -0.8322713885500288 -0.7793296121192759 -0.8762492578504076 -0.8846655158845638 -0.9691589712760444 
0.39470750333544785 0.9782114373713623 0.9839673018131964 0.9995192284519737 0.9817279870845356 0.997876322029948 0.9329618721937321 0.8911929465058759 0.8708140406648084 0.8311008367427358 0.7640855212050064 0.7198989229772249 0.5704610232373374 0.47326452352019655 0.3669141556881491 0.31562501301136936 0.2013099259374165 0.07937596838688887 -0.017468840629510055 -0.17861054024463532 -0.23427069308145088 -0.37009667316915035 -0.41624561978492847 -0.5717325453915089 -0.5860449856859511 -0.6716565933546915 -0.7488479741160401 -0.8069335196315619 -0.8814922017519128 -0.8917041091923 
0.7371667916504154 0.9947533276517877 0.9910709360420161 0.9774411917516613 0.9795653962066705 0.9432155832565767 0.902650258471082 0.8505046981575044 0.8208034194809072 0.7332813181438146 0.6822445684267543 0.5542252758292113 0.5796820731580408 0.39977509002558903 0.2640678460895138 0.180853130914034 0.06483750814212065 -0.07231561335350124 -0.12324076442387191 -0.2889647306403554 -0.33265631988482336 -0.4818827576415286 -0.5395577193821778 -0.653596490161478 -0.6506845480819964 -0.8303285844003313 -0.7823394530673121 -0.8986998060057555 -0.8754943125639655 -0.9672899200903167 
0.4034228097471322 0.9947693085475517 0.9921375245657514 0.9964181583335202 0.9794422238667508 0.9432079656075821 0.9139679656265343 0.8435536805605196 0.8197927705044298 0.6618202449415146 0.6855872720598034 0.556548437961495 0.5360456130211944 0.3283646007194675 0.23244132846381033 0.18295335517843286 -0.21706170108864836 -0.07187685299692258 -0.10552175424552576 -0.2880648134247927 -0.3414065579739752 -0.4817527180472359 -0.5395600842599126 -0.6516042047853499 -0.6503686959881473 -0.8029575708006603 -0.3127210530872845 -0.8970332262917482 -0.8840279092219935 -0.971455945183606 
0.7280490387648396 0.9778397891085633 0.997255674592057 0.9983378393530666 0.9815509451380077 0.9978772637050811 0.9354955219343309 0.9222154549265537 0.8708101146931695 0.7856093114042797 0.7105149485991125 0.7151118647608452 0.5704456489431892 0.4736567488275272 0.3672575243928456 0.2788131070173187 0.199083232916209 0.11851388335566937 -0.015663559481928595 -0.17222359082684927 -0.23516525071294267 -0.37294531251640695 -0.41532053006214364 -0.571812192504721 -0.5858413515447578 -0.6393358207559318 -0.7486814270302323 -0.8596124113363333 -0.8830768279521871 -0.8902960545718416 
0.9018558336052362 -0.9973744792918954 -0.22332192136166693 -0.978164618668642 -0.732114152271255 -0.9210803429278231 -0.6619535288132843 -0.8167736489008867 -0.45083188295545223 -0.6878346538201747 -0.835531622312774 -0.6111258968423714 -0.5063970265262475 -0.31089613969768654 -0.09293123893262475 -0.228836149357186 0.359663420423138 -0.01757209416909649 0.013926262145237553 0.2018219857219617 0.5732191274908282 0.39479925676987043 0.2678540805949246 0.66416370221718 -0.617806093690221 0.7858765019399631 0.8836663492193665 0.888672403319431 0.9473606256031203 0.9092420400148977 
0.9018558336052362 -0.9973744792918954 -0.22332192136166693 -0.978164618668642 -0.732114152271255 -0.9210803429278231 -0.6619535288132843 -0.8167736489008867 -0.45083188295545223 -0.6878346538201747 -0.835531622312774 -0.6111258968423714 -0.5063970265262475 -0.31089613969768654 -0.09293123893262475 -0.228836149357186 0.359663420423138 -0.01757209416909649 0.013926262145237553 0.2018219857219617 0.5732191274908282 0.39479925676987043 0.2678540805949246 0.66416370221718 -0.617806093690221 0.7858765019399631 0.8836663492193665 0.888672403319431 0.9473606256031203 0.9092420400148977 
0.40339657532875234 0.995638421342119 0.9933471244180001 0.9964191185791709 0.9794685240962098 0.9431722854535872 0.7938556143923138 0.8433627648741413 0.8198054419287093 0.7327632430399987 0.6914877740671797 0.554122699773659 0.5173351499866955 0.40330813210439187 0.23306225719142187 0.13588779491553327 0.1410150989058239 -0.07187685299692258 -0.11723866495020586 -0.28898306694350934 -0.3646448835842354 -0.45638094236642396 -0.5395848896302204 -0.6534617772841087 -0.6498326281871403 -0.8029352536777079 -0.7824832300074002 -0.8979021104733081 -0.8840279092219935 -0.9318206996241947 
0.9018558336052362 -0.9973744792918954 -0.22332192136166693 -0.978164618668642 -0.732114152271255 -0.9210803429278231 -0.6619535288132843 -0.8167736489008867 -0.45083188295545223 -0.6878346538201747 -0.835531622312774 -0.6111258968423714 -0.5063970265262475 -0.31089613969768654 -0.09293123893262475 -0.228836149357186 0.359663420423138 -0.01757209416909649 0.013926262145237553 0.2160977322432514 0.5732191274908282 0.39479925676987043 0.2678540805949246 0.66416370221718 -0.6386304804972627 0.7858765019399631 0.8836663492193665 0.888672403319431 0.9473606256031203 0.9092420400148977 
0.7360375875608898 0.9948139862167671 0.9921310173711048 0.9649879030787728 0.9782398332747518 0.9448512216905558 0.9164872977677251 0.8456056787377376 0.7730633272767132 0.7339705045537854 0.6914130202659906 0.5594180745300259 0.4924219321020262 0.39943102304731937 0.29208767018340104 0.1809114505055766 0.06480700498998318 -0.02574416318777493 -0.1371524276058771 -0.2371176128743269 -0.3194010385765617 -0.45678757106393114 -0.5373416929802867 -0.600029586499442 -0.6512455510416905 -0.7783947765719901 -0.7784268124991061 -0.8626137330700184 -0.8825558532980409 -0.9623328203384155 
0.733889085369527 0.994824927918899 0.9759880551064076 0.9808648974486005 0.9775682724127881 0.9456429103639631 0.9035788616568411 0.8671573094750337 0.8202042674358648 0.7629631452648366 0.6993049862776075 0.5629875419444712 0.5312046635225769 0.4162161855837449 0.29130699763952955 0.18230409563522976 0.11182986411507448 -0.014393652321078101 -0.10455564173591828 -0.24386175405243177 -0.31934283186573265 -0.4130580738360489 -0.5398945652750597 -0.6005656742032328 -0.6497142591107816 -0.7610434787538629 -0.803970940038987 -0.862041578230489 -0.9276604462227523 -0.9474680156413999 
0.06919404485292284 0.9962049813240942 0.9990203503591675 0.9768023499330409 0.9794627493533435 0.9349378979314373 0.9013914716158666 0.8687983724107848 0.8221480527243302 0.733272429729971 0.6823158118879277 0.5538600827233838 0.49302707900795456 0.39989322284488465 0.2346033246260984 0.14357917355962188 0.0640473781949321 -0.07207126669114315 -0.15805536109197016 -0.2891304966007594 -0.36617033120075443 -0.4572772153953994 -0.5374823883079297 -0.6007864614938682 -0.6673542081360287 -0.8280311178645638 -0.839449585808658 -0.8623098083452746 -0.9016923047022677 -0.9743730706647764 
0.7326756012257261 0.9950571327529804 0.9799770460036366 0.9844061983400607 0.989855289196589 0.9432413981588376 0.903746051702956 0.8671612877760472 0.822693769278034 0.7839819946433461 0.6950922070692541 0.5693529649959351 0.4932573663902267 0.3983585449844388 0.2923335705266673 0.2026847285654113 0.10245622704065455 0.03408323888221038 -0.10515083095010012 -0.1808247933910047 -0.28050351228637194 -0.4130420136215291 -0.5017858311687602 -0.6004174112524927 -0.6496699972364248 -0.7523624658000729 -0.8038586518102825 -0.8612569468649632 -0.8825556295167184 -0.9289703256818553 
0.06323270257772584 0.9936169461315875 0.9989576123766656 0.997525863684476 0.9931130524489653 0.9845064530958358 0.937063181365113 0.9218101740625751 0.8340023722600539 0.7795839436239781 0.71112407300316 0.6309012030459272 0.5703350856326863 0.4921334667522833 0.3664177427246059 0.2776857687585838 0.19906323981466215 0.07913453196508523 -0.008140948029246562 -0.16402920449431427 -0.2766531272892706 -0.37292841061018606 -0.4158449685627782 -0.5718132433150176 -0.586885226292325 -0.6711641346834859 -0.7693404175474859 -0.845939042786722 -0.8831594697987076 -0.9312776011560999 
0.396293021107897 0.9556028710564936 0.9858585029262227 0.9881710918546345 0.9815646517495115 0.9811482337792112 0.9370408299833215 0.8916057763337715 0.8680920041876757 0.7833371058951595 0.711076017178195 0.6674570297924984 0.5703378690755875 0.49295823260714194 0.36376959003468573 0.3155924191725161 0.16621525126170805 0.05816183904345223 -0.04980676397514586 -0.17860728872985565 -0.23481662069066603 -0.35652379638372567 -0.41702320683124294 -0.5717618610610585 -0.5858326122350292 -0.6389973608129355 -0.7536525621907809 -0.8096332821196673 -0.8814926770608419 -0.8892311357001059 
0.07194254305862356 0.9973852568914262 0.992090046435713 0.9777536567608766 0.980904537715148 0.9432421630378768 0.9012825111669206 0.8507023096822557 0.8197886072640266 0.7580163973887467 0.6822825457574739 0.5594450444880402 0.48525257396153365 0.3361006548881541 0.23384238987733932 0.13597799149380507 0.06576217351835142 -0.07231322042746646 -0.16412275110844526 -0.28666924642230285 -0.3648048790477296 -0.46525635438944973 -0.5396361924734597 -0.6026902744811423 -0.6504526585195415 -0.8320966820812637 -0.8431450389950472 -0.8762492578504076 -0.8840897124995098 -0.9691589712760444 
0.39470750333544785 0.977891901869609 0.9862516665997604 0.9882527217568652 0.9799396719115623 0.9819741827559509 0.933192973524174 0.8914695209940413 0.8300069248791734 0.7824568293963685 0.7111374192347824 0.6326167065818249 0.5290155649670606 0.4929714786248301 0.366911350301388 0.3153050113305098 0.2013166304061686 0.07937778950497615 -0.01728138650952596 -0.16577121638987322 -0.24353609697037243 -0.3574656675346354 -0.4160016754400864 -0.5717618610610585 -0.5855649816934143 -0.6369213393852841 -0.7499270880410859 -0.809040658576092 -0.8816732530830116 -0.8913458459225877 
0.06492522400035683 0.9964790064971546 0.9943783536711932 0.9779253054971373 0.979484206927384 0.9974720402595013 0.9368068180234203 0.863993424764237 0.8286432843725686 0.7841825510098224 0.7023180018328342 0.5644634804694485 0.5315655852665173 0.44805667175340236 0.3368423090736784 0.26403010189900045 0.13703228363031666 0.0493756901877223 -0.10495891282798599 -0.17852300777134847 -0.2778662462759336 -0.3671327344533757 -0.4425954146853068 -0.60043524442293 -0.6343030405584966 -0.7532788713850678 -0.8057332818790256 -0.8525577534674279 -0.8822948889086154 -0.9303140950074136 
0.06412393668639131 0.9968310898168504 0.9861439762067947 0.9780666073702909 0.9929093195277673 0.9733541431701533 0.936804702945894 0.8670898687582121 0.8285712322155184 0.7842489886359416 0.6989705859345093 0.6589290155537775 0.5345994219103667 0.45077165621864257 0.3368148657109148 0.23751628395933408 0.13572515983837463 0.04752514825921553 -0.04549034105542963 -0.17979284690465633 -0.280994570477899 -0.3698367574144824 -0.4516069355470425 -0.6106209009412796 -0.6524853225200589 -0.7051626377791751 -0.793877241015934 -0.8525247862741808 -0.8823578620851276 -0.9310762868618919 
0.06650812292212091 0.9947513042082575 0.9775234921167474 0.9785248905124642 0.9794786784183426 0.9820646396918739 0.9011967798061636 0.8688718713868788 0.8216958107642947 0.7842136251396666 0.6989342932905785 0.5618439283499992 0.4927842450551515 0.4162617447945397 0.29208595664064385 0.2027107217346373 0.1126918857217975 -0.024728185687361633 -0.10526151929957622 -0.23995266393895465 -0.3179472082993015 -0.39323268005186424 -0.4908025749661551 -0.5996375643519216 -0.6502272480735005 -0.7768170911108088 -0.783456008921141 -0.8753317934390673 -0.8823563830101516 -0.912369744546011 
0.06820047289646314 0.9973091438712117 0.9916503657470985 0.9779150972830809 0.97946698888069 0.9433080611084782 0.9012848947758797 0.8491900229673427 0.8197903950035857 0.759168891639426 0.6822851906974168 0.5596337496729203 0.4868647120737654 0.3978812990987447 0.21495316855259866 0.15101140465862192 0.06558471903172279 -0.07212321033268293 -0.16447036362457226 -0.2238338368039652 -0.36474241123030626 -0.4652874624641713 -0.5396419659584926 -0.6026953541878459 -0.6513058439977394 -0.7590892248530077 -0.8408690365202763 -0.8770273209893612 -0.8825505937645003 -0.96908905037502 
0.7288203534142849 0.9936302610704211 0.984180296909402 0.9879976080902172 0.9816274387978188 0.9845228723952816 0.9268775481750268 0.9244842071155901 0.8723255956556627 0.7841866154691722 0.7111241373161332 0.6314786732753218 0.5707275821325103 0.47562030580790293 0.37114654354087045 0.31528027277084375 0.1577798476875929 0.07937327029221934 -0.01671207150301922 -0.16198333011122953 -0.2341186067205872 -0.37252532220041124 -0.4162370172426276 -0.569689621652863 -0.62079865131058 -0.6352427054922986 -0.7497092687883492 -0.8621142063391563 -0.8850144433474776 -0.8911948651426989 
0.06412393668639131 0.9967395539571108 0.9758985716724669 0.9774225915830306 0.9931009901274342 0.973671929534498 0.936804702945894 0.8981949079984036 0.82857113086971 0.7842490407407151 0.6989705859345093 0.6589512301549801 0.5857821303506487 0.45160302277860553 0.3368148657109148 0.23751628395933408 0.13572515983837463 0.04730582759741765 -0.04558142457807865 -0.17954048302186268 -0.2813970597872211 -0.3771021408090909 -0.4516069355470425 -0.6074971327682059 -0.6524853225200589 -0.7051626377791751 -0.7688991371699928 -0.8525247862741808 -0.8823513243715523 -0.9310710402542888 
0.7280614994002272 0.9552393389670795 0.996485411790726 0.9983048852970346 0.9964220599997764 0.984892569341866 0.9370973184590015 0.9223178080739701 0.8711588592385224 0.784314490610685 0.755182060387733 0.7193749471224624 0.5703331050121259 0.5077128276937416 0.3672575243928456 0.31579798583064833 0.19084667570287636 0.05777750788722452 -0.016707191874019388 -0.16416630238275087 -0.23513022877837 -0.3558798564411077 -0.4375037013228421 -0.5718116880899385 -0.5868559402584897 -0.6466247690722619 -0.7788486923846001 -0.8460374931199841 -0.8831551738883198 -0.9279245404870683 
0.07085018031422637 0.9962049813240942 0.9798921941503329 0.9765173271912528 0.9794627493533435 0.9349378979314373 0.9013899045856187 0.8687983724107848 0.8221562477488444 0.7332639989484051 0.6914140888647498 0.5538600827233838 0.49302707900795456 0.3999159789604901 0.23525682690226044 0.14510481060699423 0.0640473781949321 -0.07207126669114315 -0.15807591056129364 -0.2891304966007594 -0.36605459008338503 -0.4572772153953994 -0.5374823883079297 -0.6527097703290115 -0.6673283538793376 -0.8279797758092248 -0.839449585808658 -0.8623098083452746 -0.8840221405047323 -0.9678388214005085 
0.06921843634758074 0.995973527468721 0.9991451623564632 0.9911562933336692 0.9795566027978518 0.9453558377689952 0.90123368511596 0.8510842863404187 0.8200155744452138 0.7331152658480891 0.6823062299900308 0.559337284882773 0.48686187874711245 0.39934662998508796 0.21131862280776603 0.14356567447004318 0.0646906222710712 -0.028292585428971718 -0.1613423112663017 -0.23580664532071852 -0.3224708311435604 -0.45854600571756177 -0.5346831779785748 -0.6044258940235834 -0.6678825259459389 -0.7602669091524783 -0.7790441241880239 -0.8764175804958406 -0.8840240973848664 -0.9678833265443246 
0.06499640080238485 0.9950452184063351 0.9763596636473864 0.9627468382151818 0.9795576708584401 0.9781691322166765 0.9017691272729985 0.8655483765124644 0.8077480992205226 0.7841574807114611 0.7036433042036727 0.5698983055026536 0.5326154133186538 0.46877829756544437 0.2927933149015994 0.23465786430235513 0.11396531054077123 0.04195879345210131 -0.04600505106782225 -0.19365162928524304 -0.2791891764352244 -0.37822181301850955 -0.4767525808474639 -0.5667053205579259 -0.6524635465736299 -0.7523582990828069 -0.8050136005262417 -0.852962107838176 -0.8818228525748877 -0.9340410916924224 
0.4026652938428116 0.9947513061404544 0.9921375245657514 0.9968039405725573 0.9794422238667508 0.9432079656075821 0.9013116051030727 0.8693152325478851 0.8197927705044298 0.7398289377791004 0.6915270947671528 0.5539098660733011 0.49300998824252096 0.4039262997521354 0.23274852830092355 0.18482662346971868 0.06584777881863627 -0.07187685299692258 -0.11723288562761587 -0.28961410490888095 -0.33951603482241643 -0.4816805349524067 -0.5395600842599126 -0.6534800026882444 -0.6498308573595682 -0.8029575708006603 -0.7799231072971707 -0.8970332262917482 -0.8840284298411415 -0.9302539495393638 
0.06997316443447141 0.9955166984193144 0.9809350856211407 0.9951285018022034 0.9794683323776958 0.9448509415697404 0.9129408847724663 0.8504703866019918 0.8197980013093646 0.7634016916664722 0.6828338077449253 0.5594373200872952 0.4897482439705635 0.3334395645689894 0.21551993974508707 0.15152104967524416 0.06611574771776373 -0.0723123311202649 -0.16126302877143714 -0.2890919504182105 -0.3644363807893514 -0.45748190923577736 -0.5374913464644188 -0.6031031289322747 -0.6762921162086085 -0.8025023871590038 -0.8381263794093508 -0.877271099655647 -0.8755152995734268 -0.9708546766322195 
0.06609635703822299 0.9959345742218028 0.9761256639260911 0.978979544766706 0.9799528485771051 0.9532491605187177 0.9039184891173025 0.869130239357871 0.8357753596289591 0.7839817908030688 0.6988002351784777 0.549859316010195 0.4928534936418859 0.416243266063367 0.2927778135112551 0.20267272558906047 0.11208895853509439 0.05520302208356859 -0.10935783011539744 -0.1795277495762659 -0.3184540372911503 -0.3729437390944538 -0.502060612769997 -0.6003309269485049 -0.6520391494863393 -0.7604225075930252 -0.8026612346662 -0.8470213117546493 -0.8839069973854095 -0.9289703624632992 
0.396293021107897 0.9827845359943762 0.985783942308501 0.9957078576049865 0.9814919543443685 0.981514068552085 0.937075787373755 0.8656656853260404 0.8204138311307578 0.7835385874239384 0.7121334063854647 0.6336371986798831 0.5713072689983862 0.4758934850829284 0.36565249441553954 0.27947249722096534 0.20149703449823347 0.057780980600433594 -0.044584360809369866 -0.17860711046885153 -0.23564064772911922 -0.35808979681567243 -0.4175522648659866 -0.5714697083150658 -0.5869511371637253 -0.647129160424503 -0.749721157969745 -0.8618425222069519 -0.8851279375700415 -0.933709204803643 
0.06923216928004533 0.995973527468721 0.9991451623564632 0.9911562933336692 0.9794641711223718 0.9453558377689952 0.90123368511596 0.8510842863404187 0.8199965181998928 0.7342152621927408 0.6823062299900308 0.5541977088501581 0.5387492450606424 0.39934677719954287 0.21131862280776603 0.14356567447004318 0.0646906222710712 -0.027624543253718565 -0.1613423112663017 -0.23600599465078576 -0.3236243356626702 -0.45862418558121953 -0.5395556673537597 -0.6062041937776541 -0.6678825259459389 -0.7602669091524783 -0.7790441241880239 -0.8770219167779923 -0.8840240973848664 -0.9678394744235964 
0.06220207224428919 0.9968214729294935 0.9962857826137788 0.9790106137589293 0.9792542452883886 0.997294709252621 0.937022281538556 0.9263376085834437 0.8696044895750049 0.7856347260298322 0.7109343935116512 0.7205119019065885 0.5746706534987076 0.47073912378077615 0.36356595605801195 0.2785485947143274 0.2003051780146101 0.059173073050889924 -0.01640548867435104 -0.1641954309640435 -0.23494893162569322 -0.3729394662249389 -0.4425480630367278 -0.5758877470405719 -0.5860834713608014 -0.6503660554392706 -0.768829171905266 -0.8471089254206127 -0.8831507869344111 -0.934545340145081 
0.40118035845858496 0.9959793032706614 0.980700826447874 0.980785821785021 0.9795499588032611 0.9487905121945979 0.9017206623109104 0.8671868220559965 0.820021778902699 0.7341267962891391 0.6822086116438524 0.5594521472803755 0.5309932940058825 0.40258589890055196 0.3305468264781454 0.1793868750701417 0.14299905613011762 -0.025606063349325442 -0.16061004866618428 -0.21901890655564746 -0.32788202847409353 -0.4170657955695875 -0.5339783791301304 -0.6001308945129445 -0.666606412987936 -0.7605319230220434 -0.7783869817373927 -0.8620363444038516 -0.885931925749425 -0.9681567418407763 
0.7318467078795705 0.9954182450808453 0.9763595888427246 0.9627467804951199 0.9796087878052061 0.9781465542144532 0.9003612438188621 0.8655895061619416 0.8224149892113589 0.7827425286325062 0.7026739119125301 0.5698933964913733 0.5332996394839999 0.4546884343102899 0.3366318766354236 0.2174067246393177 0.15619323622640277 0.04763972673269537 -0.04592627993025099 -0.21167014340667892 -0.24172412107845134 -0.3771090769299878 -0.47660140533342416 -0.5702536274170193 -0.6554087749480852 -0.7264723221727772 -0.803889117882347 -0.8614773805926522 -0.8836092837100804 -0.9340410516972849 
0.06709576714522515 0.992378517307408 0.9807954022882135 0.9771862241409008 0.9894349015290479 0.9770086837667746 0.9042412069571055 0.8510336402977607 0.8190348505963986 0.7827337919183612 0.6914408762926257 0.5612301213913681 0.49295537289840013 0.4091693253387717 0.29352599132068447 0.20398146350118157 0.10256437710931192 -0.04110824826810558 -0.10674587023904655 -0.237191863753607 -0.31800350969267305 -0.41179917918275505 -0.5018767871401228 -0.5238295036829225 -0.6668036779664477 -0.7760170589644181 -0.8406860925844353 -0.8611906991832703 -0.9214195110692857 -0.9693159090749436 
0.06123164976121409 0.9551819308372128 0.986137461908693 0.9983598217090744 0.9699422694257308 0.981346678093241 0.9371010427518273 0.9222801340120855 0.8681604084487442 0.7844893081115323 0.714270376804115 0.7221140236048774 0.5707091366206013 0.47624933463381663 0.3634517656706572 0.3155923845209183 0.19065222405485138 0.05819014053356709 -0.016707286091388822 -0.17875081264714485 -0.24396614590866028 -0.37331848631556147 -0.41531758720428846 -0.49915902995426903 -0.6191453238910146 -0.6391162231358417 -0.7536270597241184 -0.809739339667516 -0.8815026461942782 -0.9279271637368368 
0.06579119610819983 0.9979804599514799 0.9831367697496096 0.9786024268191648 0.9778176288940478 0.9996952897813833 0.9017343902262213 0.8685920227422399 0.8230990633511283 0.7842127263225351 0.6951208304907299 0.5624491012909886 0.49218326420191555 0.4483343811765783 0.338016862457532 0.20241260930703073 0.13037466574704348 0.045675110224307695 -0.11694964621478791 -0.17949286719861415 -0.2805162009417814 -0.3919431312342479 -0.45189789494721505 -0.599694817624682 -0.651887950290933 -0.753078667922068 -0.7791170768525739 -0.8525577534674279 -0.8811659141106178 -0.9330346885166203 
0.06997316443447141 0.9955241599304535 0.9809350856211407 0.9951285018022034 0.9790380077782228 0.9449080357044108 0.9019394568126416 0.8504716710038885 0.8197980013093646 0.7593543860969644 0.6828338077449253 0.5593256696808465 0.4878372068475125 0.33617377856097647 0.21551993974508707 0.15074250782941512 0.11020721752986484 -0.0714341229268433 -0.10427486774400346 -0.2890505008202885 -0.3665377726725625 -0.45748190923577736 -0.5375401216835853 -0.6528677505702613 -0.6762921162086085 -0.8025023871590038 -0.8425294228411582 -0.877271099655647 -0.8752210691240668 -0.9708546766322195 
0.06731041220778981 0.9947673769934521 0.9938060728137782 0.9792695570783325 0.9782160035967967 0.9454122815186321 0.9037881294743407 0.8673872543347313 0.8209989056544376 0.7498754485990112 0.681667143647733 0.5505381998363972 0.4930973026773055 0.41624262938506956 0.2926669176648255 0.2027038370210232 0.11269162100533764 -0.008277306488700311 -0.10555745841861612 -0.2449329278916732 -0.2785891041425757 -0.41335334899256165 -0.5361198497996931 -0.6000366910596922 -0.6458520947004529 -0.7774726863721093 -0.805753486996015 -0.876190239472228 -0.883940246025726 -0.9290047697858321 
0.7311563675181286 0.9879877810149807 0.9867983240282481 0.9785914542738037 0.9810757524540051 0.9740051251037306 0.9137031873501017 0.8654272064070138 0.8284393685497886 0.7835297554577676 0.7025961827576226 0.5460736811331625 0.5304403096171441 0.47057165264851153 0.36673395954831634 0.2169577182734802 0.15692274749887108 0.04807307402654197 -0.04248394982079821 -0.17954378461137474 -0.28184819800202204 -0.3770909249327047 -0.46230009545962564 -0.5662756774360205 -0.619547483959883 -0.7174754100865759 -0.7675465307505484 -0.8601346252584842 -0.8849326397575148 -0.9321778837516043 
0.06708197128589144 0.9863794043776772 0.9808183942503588 0.9769867835735221 0.9776003950050187 0.9786464368731591 0.9014704498384987 0.8687801537141401 0.8199966476128807 0.7633908238691776 0.6597765517858392 0.561230959694146 0.5233039777263915 0.3993396761709778 0.29276325219496885 0.2039830060828703 0.07482584222038588 -0.041184382028122433 -0.10663199446654087 -0.24307436991537648 -0.3184540372911503 -0.3872643689358183 -0.5363239055917829 -0.598023528699215 -0.6668195085540324 -0.7774508542889806 -0.8407988205771368 -0.8754278279325324 -0.8839782031148607 -0.9682457145064776 
0.07085066347163277 0.996149037164657 0.9934591502589528 0.996315676349106 0.9794913896304859 0.9453243044628112 0.902420664239724 0.8505633971492393 0.8199972899845412 0.7636201256280424 0.682681781704566 0.5249423003330107 0.5315334855677808 0.3346450233749396 0.21551993974508707 0.13542859712176633 0.10680149681222281 -0.07233163137088432 -0.11774163513910682 -0.28807616099477523 -0.36482433840632994 -0.4572780943593963 -0.6299939189684546 -0.6517316787123356 -0.6503019195255023 -0.8051752791280719 -0.8408038276642907 -0.8629103610023533 -0.8840431515613345 -0.9707142567817454 
0.061961607751203594 0.9886050233643106 0.9989576123766656 0.9995392673964709 0.9909104897798565 0.9851250793818049 0.9369652131447966 0.9263363143824576 0.8695969051526572 0.8405950902165821 0.7110981104390671 0.714441749845183 0.5703459900217299 0.5091369147492731 0.3661888541918462 0.2775628901503467 0.2008248088888517 0.07913453196508523 -0.01856917665165696 -0.16402920449431427 -0.2341283485814687 -0.37291544115056546 -0.4167594909742772 -0.5718132433150176 -0.5860601948345687 -0.7557521181041124 -0.7791926697774588 -0.8451690591547079 -0.881560616345859 -0.982909741209475 
0.39952178195227517 0.9948300341546793 0.978151605447549 0.9809667770236122 0.9973614043554765 0.9443553160314886 0.9167895789649328 0.8513447280493485 0.8105845701072977 0.7841099479121503 0.661088491859112 0.5616388526688264 0.5104429368683601 0.40379151932645824 0.29230248697070854 0.20398727559827057 0.06268283478858847 -0.025051759960114904 -0.11600404488299602 -0.24103894360435074 -0.3184546178912649 -0.46486958021858843 -0.4780645994102495 -0.600038486066279 -0.6744328442869942 -0.7434253518716063 -0.8052255530768226 -0.8623474449286394 -0.8809817823680732 -0.92912174732366 
0.07081238694456207 0.9961399292405397 0.9798921941503329 0.9959388518710894 0.9794627493533435 0.9447937250377929 0.9013899045856187 0.8505620247334529 0.8198026911398139 0.7242745033176167 0.6918270235876558 0.5541183221578214 0.5394508013689161 0.3992978552905697 0.2330504883189207 0.14510481060699423 0.06470628246811416 -0.07231240343360125 -0.11723819510048715 -0.28904991554476267 -0.364802373826738 -0.4572772153953994 -0.5396883725779731 -0.6527097703290115 -0.6672206257806697 -0.8295044959417593 -0.8403184491018039 -0.8772697737250623 -0.8840221405047323 -0.9678414535574931 
0.06797160113937015 0.992378517307408 0.980796415590283 0.9769792064688492 0.9992470863783826 0.9237317210992467 0.9125145125718368 0.8510336402977607 0.8190348505963986 0.7827347436254657 0.6913831972908455 0.5612301162886963 0.4929652734308168 0.4091693253387717 0.29352599132068447 0.204062925735765 0.06598234680121622 -0.04110824826810558 -0.10674587023904655 -0.23756987345996722 -0.3179866662183271 -0.45879904948145855 -0.502459081529701 -0.5999402352003271 -0.6665105223752186 -0.7760170589644181 -0.8394308336041859 -0.8773817472962924 -0.9214195110692857 -0.9692035604332236 
0.40089905666525305 0.9947849343833393 0.9827851854412074 0.9777365600134474 0.9794422561551316 0.9493375353934512 0.9145492565666683 0.8680490232360175 0.8167936540678056 0.762407824581402 0.7033640799209538 0.5541517898443724 0.5303529505910999 0.402940178975612 0.29130409368678734 0.18297263584629941 0.06546190987937853 -0.02746243497037288 -0.1052184732486731 -0.22315306803109217 -0.32058315515362307 -0.3926490633453851 -0.5374222373289421 -0.6122827996282207 -0.6510120107190932 -0.7119786487623913 -0.804447244822866 -0.862038609805326 -0.883923603096629 -0.9484144131022131 
0.7294364886549521 0.9936334263530971 0.9862534787057522 0.9779336096221328 0.9798828738970435 0.9983577364038613 0.968356689278893 0.8907461077279576 0.8298218355359113 0.7823427926147372 0.7111241373161332 0.6314786732753218 0.5290823298495098 0.49295438192271507 0.3664187573784447 0.3134898022291596 0.14298485878051811 0.0793777661965084 -0.01728071368822494 -0.16198856712472734 -0.23524041956960126 -0.3718518560993613 -0.4160014855040241 -0.4703065449757437 -0.5868947395286424 -0.6368518705069268 -0.7497092687883492 -0.809583754076455 -0.8815818057580515 -0.891347623275765 
0.4026652938428116 0.994741909868573 0.9921375245657514 0.9967203798934363 0.9790335672641101 0.9420121616633024 0.9019044992915157 0.8693152325478851 0.8286217899369648 0.7398289377791004 0.6916556312453453 0.5537794740353268 0.5300566031958092 0.3398472207454598 0.23274852830092355 0.1850819718076802 0.06584777881863627 -0.07140994364731842 -0.11677488060056143 -0.2896100279932358 -0.34333716861452745 -0.4816805349524067 -0.5395600842599126 -0.6523728122294327 -0.6498308573595682 -0.8029894411601487 -0.7806082948945424 -0.876274443642688 -0.8839347298815424 -0.930471958780487 
0.730597326087922 0.9799621963436429 0.9964821943163713 0.963428912297545 0.977712173077686 0.9845179397534295 0.9331509129915687 0.9219763187667003 0.8287710985921599 0.784152279943227 0.6987309479662722 0.5759731936845182 0.5734511560356855 0.47249315188266505 0.35978017305330573 0.31660379618741535 0.13065324440656784 0.07966743435566905 -0.061192798832876504 -0.19118939600278395 -0.24251172496211035 -0.376708126843567 -0.45173746993867614 -0.505966083398497 -0.6202687855573276 -0.7149880744280626 -0.7695618124659128 -0.8527784878581857 -0.9018154891522123 -0.8904679007160968 
0.061961607751203594 0.9892849849317775 0.9989576123766656 0.997525863684476 0.9910423446839837 0.9846160443387004 0.9369929243222704 0.9263363143824576 0.8696044895750049 0.7795839436239781 0.7110805418557266 0.6336551070871829 0.5703350856326863 0.5091369147492731 0.36618963466313537 0.2775628901503467 0.2008248088888517 0.07913453196508523 -0.01856917665165696 -0.16402920449431427 -0.2341283485814687 -0.37294062405065803 -0.41680546202487273 -0.5718132433150176 -0.5860601948345687 -0.7557521181041124 -0.7791926697774588 -0.8459300470630629 -0.8831549833024527 -0.9773528591280294 
0.3982163943484607 0.9885172142423511 0.977007291333571 0.9779241193766378 0.9797304217095812 0.9338200865630114 0.903745891568216 0.8649166064415468 0.822461379098591 0.7831110892488363 0.7027560386972251 0.5666951499630387 0.577940627891369 0.45494946209105985 0.3366578464193268 0.21726933532287857 0.1370304498186194 0.04709827040988658 -0.04558246713630532 -0.17858844336433807 -0.2808823942150819 -0.3700119697043969 -0.4815166284344065 -0.6003948839442182 -0.651926071058152 -0.7056118229009573 -0.8038440797883051 -0.8612445125745858 -0.8848788398823174 -0.9298487270376041 
0.07085018031422637 0.9961423835341893 0.9798921941503329 0.9765294939861184 0.9794627493533435 0.9453316649328525 0.9013899045856187 0.8687983724107848 0.8221372260785927 0.7327535329061131 0.6914140888647498 0.5538600827233838 0.49302707900795456 0.3961477164464601 0.2330561758983449 0.14510481060699423 0.1063081375766518 -0.07207548296810135 -0.15808729874526573 -0.28903122891967786 -0.36605459008338503 -0.4572772153953994 -0.5374823883079297 -0.6527097703290115 -0.6673283538793376 -0.8297784932873111 -0.8401861417372718 -0.8623098083452746 -0.8840221405047323 -0.9678388214005085 
0.4034228097471322 0.9947513061404544 0.9921375245657514 0.9964181583335202 0.9794422238667508 0.9432079656075821 0.9139679656265343 0.8435536805605196 0.8197927705044298 0.7332605877065451 0.6856259226910489 0.5573559551372669 0.5359552028630422 0.4039262997521354 0.23261552335023414 0.18295335517843286 0.06519371249771283 -0.07187685299692258 -0.1762124393230663 -0.2880648134247927 -0.3414065579739752 -0.4817527180472359 -0.5395600842599126 -0.6551055180422248 -0.6503686959881473 -0.8029575708006603 -0.7799231072971707 -0.8970332262917482 -0.8840279092219935 -0.9311432968295174 
0.401176502400711 0.9947578394865689 0.9991507931775419 0.9820593236728188 0.9797479763915354 0.9425402265601769 0.9013861173027583 0.8671868220559965 0.820807495291816 0.7342020213109892 0.6829269042730287 0.5690949644210721 0.5302751856959231 0.40427783095202646 0.32756123900681494 0.1793868750701417 0.064806333941402 -0.025580143932953745 -0.12400435481600906 -0.24153676303794425 -0.3254623497816375 -0.41350295761444766 -0.5017108351703145 -0.6528088325874103 -0.6525017380045939 -0.7532662517491625 -0.7789598915989184 -0.8615867187093339 -0.8851458793796264 -0.9459469210881759 
0.061961607751203594 0.9894496046543634 0.9964462670645646 0.9983712602013449 0.9910423446839837 0.9976282366992647 0.9328543902145741 0.8897101972711144 0.8696044895750049 0.7855598709908638 0.7105354530418009 0.7199121669493517 0.5739953944812731 0.4699009146178198 0.36618963466313537 0.27858353707500594 0.2008152314865787 0.05868775815757115 -0.01856917665165696 -0.16416158663584624 -0.23494893162569322 -0.3728180033628885 -0.4194865538696214 -0.5722921771485268 -0.5860452417025379 -0.6438978306695632 -0.7784279644513672 -0.8076002465701749 -0.881492974863464 -0.934545340145081 
0.06337150872827593 0.9800970563861188 0.9871735413488897 0.9772574726026679 0.9815186984956904 0.9986997299285576 0.9370704311594615 0.9263949045012182 0.8708468329529319 0.7842946405451895 0.7109275202750885 0.5515768236396684 0.5306080472110342 0.49364328811734487 0.3627270335512167 0.31655243434162716 0.1911197477486419 0.05011211240915012 -0.043963856391324614 -0.1641954309640435 -0.23467737703574715 -0.372767911724024 -0.4403996636128278 -0.5027926259515348 -0.6482195998801539 -0.6354846925342102 -0.7791438865585731 -0.8603814916494056 -0.8831698764783366 -0.9290352868873684 
0.730597326087922 0.9927578634408729 0.9964821943163713 0.9849763553160198 0.9801944642441964 0.9845179397534295 0.9028074075357729 0.9218823299328426 0.8194824903201879 0.7841833367590846 0.7037907174898788 0.5599948162785593 0.5314779740553432 0.4671009392304303 0.3574782995004808 0.2879712235390388 0.1325845422121173 0.0347558195561735 -0.06142908969216565 -0.19199939319883505 -0.24246509763232063 -0.37671562260136 -0.44150353937299297 -0.5688983953988219 -0.6202687855573276 -0.713883648939115 -0.7695947788908245 -0.8527784878581857 -0.9029230623865669 -0.9343948306800587 
0.4002684879429083 0.9948188797085734 0.9934906048815215 0.9809667770236122 0.9973614043554765 0.9789558953005814 0.9142418211441478 0.8513447280493485 0.8190608605008766 0.7828951173497387 0.6613475445389415 0.5613485544662901 0.5104429368683601 0.4037803529097195 0.29230248697070854 0.18021308414701676 0.11467272185645883 -0.025051759960114904 -0.11620152676362755 -0.24319464223090628 -0.3184546178912649 -0.463926354439057 -0.4780645994102495 -0.600038486066279 -0.6744328442869942 -0.7430905629701168 -0.8052255530768226 -0.8612814617525383 -0.9249649669703278 -0.9492356191213098 
0.39746099604793145 0.9885154055938553 0.9770279086347118 0.9640251447920724 0.977677764252777 0.9995036490137748 0.9363936853527919 0.8640333486601474 0.8222636787234168 0.7831569191676434 0.7121933751083309 0.633295498831754 0.5532523349228049 0.47599500892545327 0.33818083615614536 0.23859829315200132 0.15677918060254664 0.04713862269659106 -0.054657981919139134 -0.24442754915989112 -0.2782411863297496 -0.3929627220489065 -0.48118357547147983 -0.5674145859007746 -0.6222049151380333 -0.7171866232650468 -0.768632422170296 -0.8618806809369916 -0.884902128840078 -0.9340871600333912 
0.733889085369527 0.9858303596602459 0.9814561878092255 0.9900637725901321 0.9735997077804658 0.9463714433003042 0.9014971205529502 0.8675792655585894 0.8210251257255099 0.7347966984286114 0.7001719186781937 0.5613705441356588 0.49088108660008095 0.3941980613949769 0.29130108614606987 0.18229917641920237 0.11342027345494612 -0.024965094284655417 -0.1061162739535985 -0.24377716055007403 -0.32336907998282405 -0.3954898013918846 -0.49487996906280596 -0.5988303888339009 -0.6512660510185497 -0.7163600939140347 -0.7811973795721514 -0.8624477592667418 -0.9216181005680077 -0.9477820949209476 
0.06335458199990686 0.9968781288089896 0.976275699106271 0.9779641140540947 0.9791735168301934 0.9759762408072331 0.9352698279651062 0.9286506565490631 0.8293598613238474 0.784214270622824 0.6988082496982234 0.5762712831776355 0.5705812481284419 0.49160458963655645 0.3674630202222432 0.296022589784436 0.1306334933058115 0.055012004368854416 -0.04566978329348179 -0.17869832923988777 -0.24191851109749646 -0.3726349291804235 -0.44370014120586165 -0.504714857239295 -0.586903955232785 -0.6391263916855238 -0.7789316024347773 -0.8464663273483154 -0.8837653328011676 -0.9290865529142148 
0.06796605298870678 0.9858685457443465 0.9842225210056564 0.976557337732462 0.9782030677629366 0.9465965792237144 0.8999703721571105 0.8698420560363964 0.8222272295585065 0.7601786582804052 0.6914051616437109 0.5594150940896231 0.4928560077406081 0.399339672056626 0.29208739456874727 0.1844920640434122 0.0645960457409982 -0.04134571007223062 -0.1052393049475058 -0.23700627383421632 -0.3184540372911503 -0.4637557753497742 -0.5373235666941052 -0.6002235114002814 -0.6500808157788744 -0.7760275366165614 -0.7783200676441997 -0.8756615979897977 -0.8824989269050809 -0.9690972622445451 
0.06731041220778981 0.9947673919431589 0.9938499356779652 0.9785121792904478 0.9782160035967967 0.9454122815186321 0.9037881294743407 0.8673916577523231 0.7980013153006528 0.7592254404636125 0.681667143647733 0.5505381998363972 0.49340367566567667 0.41624262938506956 0.2926669176648255 0.2027038370210232 0.11269162100533764 -0.008277306488700311 -0.10525279181355861 -0.2449329278916732 -0.2785891041425757 -0.41335334899256165 -0.5361198497996931 -0.6000366910596922 -0.6458520947004529 -0.7774726863721093 -0.805753486996015 -0.876190239472228 -0.883940246025726 -0.9290047697858321 
0.7311563675181286 0.9880495586334203 0.9867058965613665 0.9631035254140697 0.9810421287384927 0.9858908841787404 0.9039286194205861 0.8675879866278494 0.8285183995642004 0.7835381332011325 0.7025948122071881 0.6655363394529176 0.5310070877974766 0.46989983321746326 0.36673395954831634 0.21695815910485092 0.11318013353705315 0.04807307402654197 -0.0445370254997616 -0.17979839895093624 -0.23573414917286872 -0.36981419884299255 -0.4524117869551311 -0.5662391208922475 -0.6200661578337242 -0.7174754100865759 -0.7675470424030583 -0.8525838111931928 -0.8848651252475941 -0.9319389676501336 
0.06577370508226993 0.9977113579636424 0.9831367697496096 0.9786024268191648 0.9782667233307039 0.9996952897813833 0.9017343902262213 0.8637042301282228 0.8230990633511283 0.7842127263225351 0.694967677026698 0.5624491012909886 0.49218326420191555 0.48846446717204606 0.33801628644323306 0.20241260930703073 0.1303745529283514 -0.0058561898264934825 -0.0853775307199095 -0.17949286719861415 -0.2805162009417814 -0.3919431312342479 -0.4424717466551222 -0.5996926817946507 -0.6519084658251858 -0.753078667922068 -0.7791170768525739 -0.8516171037204663 -0.8823380310031489 -0.9120061707980025 
0.4002684879429083 0.9941312358720088 0.9922956972309602 0.9807895998781808 0.977095381510826 0.9486750079302488 0.913641980899933 0.8671847006363455 0.819890007529031 0.7341259498795167 0.6992051847538605 0.5689155686719337 0.52988856065332 0.4014914900501377 0.29011392029131633 0.18233163481908993 0.11308713063033349 -0.01380195717644003 -0.15925305369723539 -0.21901327240666618 -0.3239203691998016 -0.4143711050207513 -0.5313991413021991 -0.612050598169094 -0.651092027637938 -0.7431472996769753 -0.8052255530768226 -0.862036255095477 -0.884956035788572 -0.9468031661268699 
0.7288203534142849 0.9936300657951522 0.984138996688189 0.976667019655175 0.9748780859621756 0.9977267942764766 0.9370790020371214 0.9233482933995029 0.831419020371691 0.7831862316080134 0.7111241373161332 0.6314786732753218 0.5208073634695881 0.4923540186644264 0.3664177475415856 0.31662782081132984 0.1572446194214261 0.07937327029221934 -0.06026234036173299 -0.16198333011122953 -0.23482691482871734 -0.3718518560993613 -0.45186425189250146 -0.46562301611620727 -0.5855784158169933 -0.6389788911038699 -0.7682222449844383 -0.8525462635037653 -0.8849457691475049 -0.9326077065102826 
0.06322250693083142 0.9766672264907165 0.9967976038617566 0.9637531076195164 0.9793298268493756 0.9982429826574138 0.9353317555072022 0.923575543181757 0.8679597370772296 0.7859932378304794 0.7111125148646351 0.5476077768903527 0.5725941336454781 0.47052775317894935 0.36270788885385125 0.2806212888636177 0.1306334933058115 0.057766921066889576 -0.04300782025153849 -0.16008563860667957 -0.24203203744303922 -0.3724121278994465 -0.44370014120586165 -0.5984693080232014 -0.6509149218372566 -0.6402960647907427 -0.7686558783284859 -0.8523699923493582 -0.8837033706274319 -0.9282734590743809 
0.39746099604793145 0.9796718363553607 0.9869511643465088 0.9637848066396786 0.9925643308969136 0.9993657410518204 0.9363891782626252 0.8985536810863924 0.8222636787234168 0.7855486801282417 0.711134084285142 0.632066768935829 0.5740118713391006 0.4520455746491204 0.33838107570787784 0.2381506583125478 0.13559099699595553 0.04713841392422504 -0.04103056440707496 -0.15978797007723383 -0.23671063583115237 -0.3728161727888215 -0.43405547053818133 -0.5049948468066576 -0.5880579413925799 -0.7204880324437211 -0.7681095038802799 -0.8615225020902567 -0.8814406508890089 -0.9309564469840268 
0.06335458199990686 0.9968781288089896 0.9869383828631402 0.9777209649822679 0.981555674613702 0.9759762408072331 0.9365272163495336 0.8700166000753666 0.8293598613238474 0.784438139232709 0.7107627030951724 0.7102740597903725 0.5705812481284419 0.49160458963655645 0.3674403423419272 0.27782071695494104 0.13186817341475615 0.0552023858112676 -0.016801004500026483 -0.17908400172376426 -0.24191851109749646 -0.3726349291804235 -0.44370014120586165 -0.5046987647262355 -0.6474540986077444 -0.6354073827708746 -0.7783998587460547 -0.8464663273483154 -0.8837653328011676 -0.9290865529142148 
0.07085066347163277 0.9956249966501625 0.9990842901997558 0.996315676349106 0.9794913896304859 0.9453243044628112 0.9141730040019209 0.8505633971492393 0.8199968797922443 0.7635942073430093 0.6845703808762524 0.5279337754777629 0.5315334855677808 0.3346450233749396 0.21551993974508707 0.13542859712176633 0.10680149681222281 -0.07231322042746646 -0.1177536451458995 -0.28804493129504904 -0.3656712524701783 -0.4572780943593963 -0.5374689675078324 -0.6525885395559439 -0.6763002291952764 -0.8036414430370564 -0.8408038276642907 -0.8617898306482846 -0.8821497130850969 -0.9707142567817454 
0.4002776026123587 0.9946257648182408 0.9922956972309602 0.9959028254938351 0.9966962316892967 0.9486805430136336 0.916695990469239 0.8513447280493485 0.8198805568510208 0.7807891718667933 0.6999765963594656 0.5689379742024067 0.49054897786638235 0.39780442495663754 0.32761232512203686 0.1803921298129104 0.11308713063033349 -0.02498528586879482 -0.11620152676362755 -0.21914583153340148 -0.32707680414649737 -0.4143711050207513 -0.4784169732002447 -0.6122604691788452 -0.6725748462980259 -0.7433226034767239 -0.8051355226470098 -0.8609138759584999 -0.8867611296206376 -0.947795393662133 
0.06997316443447141 0.9955241599304535 0.9809350856211407 0.9951285018022034 0.9790380077782228 0.9449080357044108 0.9019394568126416 0.8504716710038885 0.8197980013093646 0.7593543860969644 0.6828338077449253 0.5593256696808465 0.4878372068475125 0.33617377856097647 0.21551993974508707 0.15074250782941512 0.11020721752986484 -0.0714341229268433 -0.10427486774400346 -0.2890505008202885 -0.3665377726725625 -0.45748190923577736 -0.5375401216835853 -0.6528677505702613 -0.6762921162086085 -0.8025023871590038 -0.8425294228411582 -0.877271099655647 -0.8752210691240668 -0.9708546766322195 
0.4034228097471322 0.9956213505383884 0.9921375245657514 0.9964181583335202 0.9794679413341909 0.9432079656075821 0.9139595782826995 0.8435536805605196 0.8197927705044298 0.7332605877065451 0.6856259226910489 0.5193416695832892 0.538088803924106 0.403271956033636 0.23261552335023414 0.13588779491553327 0.10420117372325002 -0.07187685299692258 -0.11708954011488851 -0.2880648134247927 -0.3414065579739752 -0.4790475753088164 -0.5396134593486585 -0.6551055180422248 -0.6503683506212056 -0.8038581789956396 -0.7812676279890536 -0.8756945258294355 -0.8840279092219935 -0.9317213850413949 
0.39746099604793145 0.9799809978506178 0.986935313934696 0.9632495544428291 0.979331477458827 0.9994102982618402 0.9363891782626252 0.9270310355324147 0.8222636787234168 0.7859792280996206 0.711134084285142 0.632066768935829 0.5727295402891758 0.4759517721289092 0.33838107570787784 0.2381730153338305 0.15637666187589416 0.04713862269659106 -0.04295894771820453 -0.15978797007723383 -0.2782411863297496 -0.37285740101102227 -0.4342707108097764 -0.5037605645019926 -0.6233726844966865 -0.7204880324437211 -0.768632422170296 -0.8614577678779928 -0.8849386647723749 -0.9340871600333912 
0.7318467078795705 0.9878598694347097 0.9932011012455438 0.9798455773876169 0.9795626267332447 0.9783268830834023 0.9166291463774785 0.851193262672565 0.8224231140381086 0.782558403886168 0.7038363165647868 0.5580911983723135 0.5332996394839999 0.40157537955375605 0.33425785698050564 0.23422585892212058 0.11310909770597943 -0.012158980219660758 -0.04600171227715244 -0.2121032670928205 -0.32199137882953416 -0.3913423147018296 -0.47674352318929003 -0.5702536274170193 -0.6522700455281448 -0.7264723221727772 -0.804965272779849 -0.8612824719060282 -0.922452008766274 -0.9340410516972849 
0.06282158294040568 0.9884414859384902 0.9874371603032303 0.9888363078377735 0.9548204541924574 0.997876322029948 0.9373188801317116 0.8914750365173918 0.8708140406648084 0.8313008146089678 0.7105046402040814 0.7197083284306988 0.5713200638647109 0.49302631027126426 0.3660651842366549 0.24000827124770438 0.20755436632653884 0.07958527709300184 -0.017474184032691062 -0.1786067263592923 -0.24352310059097526 -0.3700137122907706 -0.41689049712898796 -0.5674466617601462 -0.6531287740962475 -0.6389973608129355 -0.7500914683447323 -0.8034255009712571 -0.8814881315314831 -0.9121724659372573 
0.4002684879429083 0.985195391658326 0.9922956972309602 0.9809667770236122 0.9972075237431516 0.9456949156450031 0.913641980899933 0.8513447280493485 0.8198660664985106 0.7839325243024378 0.6998361036367686 0.5585151317574173 0.49054897786638235 0.4038759804474224 0.292311475609302 0.1803921298129104 0.11308713063033349 -0.024959366452423127 -0.11620152676362755 -0.23703239941559245 -0.3254312772145341 -0.39190517223705074 -0.4780645994102495 -0.6122604691788452 -0.6744328442869942 -0.7430905629701168 -0.8052255530768226 -0.8609133998950533 -0.9213805688944368 -0.9477970828678417 
0.733889085369527 0.9858303596602459 0.9814561878092255 0.9900637725901321 0.9735997077804658 0.9463714433003042 0.9014971205529502 0.8675792655585894 0.8210251257255099 0.7347966984286114 0.7001719186781937 0.5613705441356588 0.49088108660008095 0.3941980613949769 0.29130108614606987 0.18229917641920237 0.11342027345494612 -0.024965094284655417 -0.1061162739535985 -0.24377716055007403 -0.32336907998282405 -0.3954898013918846 -0.49487996906280596 -0.5988303888339009 -0.6512660510185497 -0.7163600939140347 -0.7811973795721514 -0.8624477592667418 -0.9216181005680077 -0.9477820949209476 
0.4034228097471322 0.9947513061404544 0.9805837395076429 0.9964973487016044 0.9794422413404311 0.9432079656075821 0.9029654555996864 0.8676234967322345 0.8197942659687953 0.73325244445193 0.6915107084593298 0.5573572013103704 0.49300998824252096 0.3999421244553222 0.23261552335023414 0.18294349271090213 0.004630680516473522 -0.07187728303810662 -0.1233638827121982 -0.23846797628759833 -0.3394156591093606 -0.4817531105085832 -0.5461544900913727 -0.6534866493623118 -0.6782078494365701 -0.8039147154333438 -0.7795698559575249 -0.8977548150259456 -0.9273673588975413 -0.9764251862535255 
0.3982163943484607 0.9885172142423511 0.977007291333571 0.9779241193766378 0.9561482584608422 0.9463101553253815 0.9037658614900774 0.8991710579923218 0.8224561478042943 0.7831110892488363 0.7110895977629341 0.6632661288926073 0.577940627891369 0.4597245049795356 0.33824400947213773 0.23786926170021558 0.1357567735205558 0.04709827040988658 -0.04558246713630532 -0.1793324830713141 -0.2415459773320366 -0.3700119697043969 -0.4815166284344065 -0.5673306161757858 -0.651900478697777 -0.7055823620533168 -0.7674758871116263 -0.8609291284110004 -0.8849202800315225 -0.9116649636939802 
0.3982163943484607 0.9885172142423511 0.977007291333571 0.9951895352362552 0.9783435504437487 0.9463143355834412 0.9037658614900774 0.8991710579923218 0.8199035409013877 0.7634263053601803 0.7128895762254727 0.6633586796201472 0.577940627891369 0.4597245049795356 0.33824400947213773 0.237551228797673 0.1357567735205558 0.04709827040988658 -0.04558246713630532 -0.1793324830713141 -0.2415459773320366 -0.37627451867172806 -0.5371233164704369 -0.5673306161757858 -0.651900478697777 -0.7055823620533168 -0.7674758871116263 -0.8597008081115841 -0.8849202800315225 -0.970601413012533 
0.06577370508226993 0.9977113579636424 0.9831367697496096 0.9786024268191648 0.9782667233307039 0.9996952897813833 0.9017343902262213 0.8637042301282228 0.8230990633511283 0.7842127263225351 0.694967677026698 0.5624491012909886 0.49218326420191555 0.48846446717204606 0.33801628644323306 0.20241260930703073 0.1303745529283514 -0.0058561898264934825 -0.0853775307199095 -0.17949286719861415 -0.2805162009417814 -0.3919431312342479 -0.4424717466551222 -0.5996926817946507 -0.6519084658251858 -0.753078667922068 -0.7791170768525739 -0.8516171037204663 -0.8823380310031489 -0.9120061707980025 
0.39746099604793145 0.9950755113782298 0.9770279086347118 0.9636334564065075 0.9784912976740917 0.985269053447036 0.9363936853527919 0.8983024936545132 0.8222636787234168 0.7831780297064316 0.7122004206096861 0.633295498831754 0.5532523349228049 0.47612455962184114 0.3619917467480547 0.23859829315200132 0.15677918060254664 0.047267311125721405 -0.054657981919139134 -0.2439633788093157 -0.2782411863297496 -0.3929627220489065 -0.48118357547147983 -0.5671981272015354 -0.6527768909601734 -0.7171866232650468 -0.7686372018455947 -0.8619335539342592 -0.8819349115466415 -0.9340871600333912 
0.730597326087922 0.9927578634408729 0.9964821943163713 0.9881088649661026 0.9801944642441964 0.9845179397534295 0.9330766973429616 0.9218823299328426 0.871225592485214 0.7841833367590846 0.7039709160126663 0.5564114807501069 0.5321252508512205 0.4671009392304303 0.3574782995004808 0.28776600501173843 0.1325845422121173 0.07943161091239614 -0.061192798832876504 -0.19118939600278395 -0.24247315845913076 -0.37016337006414 -0.44150353937299297 -0.5687085145176929 -0.6202687855573276 -0.713883648939115 -0.7695947788908245 -0.8527784878581857 -0.9025494693034624 -0.8901147904692762 
0.06282158294040568 0.9778772275705779 0.9874371603032303 0.9883409079845628 0.9975004498365028 0.997876322029948 0.9373188801317116 0.8914750365173918 0.8708140406648084 0.8313008146089678 0.7105046402040814 0.7199201310347634 0.5713200638647109 0.49302631027126426 0.3669141556881491 0.31733722704067646 0.20048158490883242 0.07958527709300184 -0.017474184032691062 -0.17860711046885153 -0.24352310059097526 -0.36997126642795025 -0.41689049712898796 -0.572554374696279 -0.5856552040845004 -0.6389973608129355 -0.7497459792100372 -0.8050394338645116 -0.8814881315314831 -0.9121724659372573 
0.4034228097471322 0.9947513061404544 0.980638078878125 0.997487734443387 0.9794422238667508 0.9432079656075821 0.9013744759778676 0.8676234967322345 0.8197927705044298 0.7338866432184394 0.6915107084593298 0.5613666860937722 0.49300998824252096 0.4039262997521354 0.23261552335023414 0.18482310734827037 0.00711373786940896 -0.07187685299692258 -0.1233638827121982 -0.23847024795619393 -0.3394156591093606 -0.48168414606736887 -0.5395600842599126 -0.6534866493623118 -0.679248732307322 -0.8039147154333438 -0.7795698559575249 -0.8976826010741822 -0.9273673588975413 -0.9716106481136316 
0.40339657532875234 0.9654278016702238 0.9916551740905911 0.9964191185791709 0.9794685240962098 0.9431722854535872 0.9038656985563259 0.8439613126656769 0.8198050786254872 0.7327632430399987 0.6913065658114933 0.5543787600827289 0.486314809540089 0.403304585007117 0.23306225719142187 0.13588779491553327 0.1413552783969287 -0.07187685299692258 -0.11723866495020586 -0.28856972282572246 -0.36474393627328283 -0.46519578647216875 -0.5395848896302204 -0.6547103335366382 -0.6498654467357033 -0.8035788841743874 -0.7825779064268769 -0.8979021104733081 -0.8840279092219935 -0.9320086858656959 
0.062389322523909226 0.9799874008570201 0.987254855872889 0.997135726845262 0.9815305364795371 0.9990492374599009 0.9365040931467983 0.8690743574035972 0.8887112807572828 0.7844398083564788 0.7109207704667795 0.7150628339990114 0.5756791907214646 0.5036208141191824 0.36362409092209697 0.2776694228929368 0.19841430879819946 0.050138124835905844 -0.01708159991492269 -0.16420263321013517 -0.23579707082531579 -0.372760271500359 -0.44041054860947254 -0.502791288685851 -0.6501771424025946 -0.6354583530981677 -0.7534515616622353 -0.8524396859497645 -0.8831512762671426 -0.9358005132698011 
0.401176502400711 0.9947578394865689 0.9991507931775419 0.9820593236728188 0.9797479763915354 0.9425402265601769 0.9013861103978166 0.8688560163400315 0.8221855380162516 0.7342020213109892 0.6829269042730287 0.5690949644210721 0.5302751856959231 0.40432517906657234 0.32744915915945344 0.1793868750701417 0.064806333941402 -0.025580143932953745 -0.15785566136063298 -0.24153676303794425 -0.3669615555962596 -0.41350295761444766 -0.5037560569218545 -0.5978046964240035 -0.6692290281585782 -0.7506089401123666 -0.7789598915989184 -0.861636920028425 -0.8851329287151742 -0.9460174733885378 
0.06123164976121409 0.9555014663390479 0.9966099279984089 0.998231216638498 0.981561470983519 0.9812657419560417 0.9633541190416847 0.9222801340120855 0.8681604084487442 0.7844893081115323 0.7110860152149979 0.7152989276809343 0.5712226256491013 0.49345147858739796 0.36353697264763235 0.31562505929964735 0.19900036774222596 0.058536763338042246 -0.016712039620267953 -0.1786146614214333 -0.23472741206848532 -0.37321054916403523 -0.4159092515925639 -0.46112270080328216 -0.5860667697616059 -0.6390362120894653 -0.7536270597241184 -0.809739339667516 -0.8815026828657564 -0.9799459884248665 
0.06797160113937015 0.992378517307408 0.980796415590283 0.9769792064688492 0.9992470863783826 0.9237317210992467 0.9125145125718368 0.8510336402977607 0.8190348505963986 0.7827347436254657 0.6913831972908455 0.5612301162886963 0.4929652734308168 0.4091693253387717 0.29352599132068447 0.204062925735765 0.06598234680121622 -0.04110824826810558 -0.10674587023904655 -0.23756987345996722 -0.3179866662183271 -0.45879904948145855 -0.502459081529701 -0.5999402352003271 -0.6665105223752186 -0.7760170589644181 -0.8394308336041859 -0.8773817472962924 -0.9214195110692857 -0.9692035604332236 
0.06123164976121409 0.9555014663390479 0.9966099279984089 0.998231216638498 0.981561470983519 0.9812657419560417 0.9633541190416847 0.9222801340120855 0.8681604084487442 0.7844893081115323 0.7110860152149979 0.7152989276809343 0.5712226256491013 0.49345147858739796 0.36353697264763235 0.31562505929964735 0.19900036774222596 0.058536763338042246 -0.016712039620267953 -0.1786146614214333 -0.23472741206848532 -0.37321054916403523 -0.4159092515925639 -0.46112270080328216 -0.5860667697616059 -0.6390362120894653 -0.7536270597241184 -0.809739339667516 -0.8815026828657564 -0.9799459884248665 
0.39470750333544785 0.9782114373713623 0.9839673018131964 0.9995192284519737 0.981492678331585 0.9821085631422362 0.9329618721937321 0.8911929465058759 0.8730234254536442 0.8311008367427358 0.7639878823499817 0.7132619599035082 0.5704610232373374 0.47326452352019655 0.3656679675116753 0.31562501301136936 0.20130855656911306 0.07964265094481361 -0.017468840629510055 -0.17861054024463532 -0.23427069308145088 -0.35792554000262666 -0.41624561978492847 -0.5717325453915089 -0.5860449856859511 -0.6710075405495228 -0.7488479741160401 -0.8069335196315619 -0.881461285169249 -0.8917041091923 
0.062389322523909226 0.9799874008570201 0.987254855872889 0.997135726845262 0.9815305364795371 0.9990492374599009 0.9365040931467983 0.8690743574035972 0.8887112807572828 0.7844398083564788 0.7109207704667795 0.7150628339990114 0.5756791907214646 0.5036208141191824 0.36362409092209697 0.2776694228929368 0.19841430879819946 0.050138124835905844 -0.01708159991492269 -0.16420263321013517 -0.23579707082531579 -0.372760271500359 -0.44041054860947254 -0.502791288685851 -0.6501771424025946 -0.6354583530981677 -0.7534515616622353 -0.8524396859497645 -0.8831512762671426 -0.9358005132698011 
0.06820047289646314 0.9973091438712117 0.9916503657470985 0.9776178128503759 0.97946698888069 0.9448509343681737 0.9012848947758797 0.8507009816332395 0.8197903950035857 0.759168891639426 0.6822851906974168 0.5593443904790096 0.4868647120737654 0.39930258263353186 0.2920800641676583 0.1507921404463759 0.06558471903172279 -0.07212321033268293 -0.16447036362457226 -0.2238338368039652 -0.3644338280267005 -0.4652874624641713 -0.5373624265897012 -0.6034532786007182 -0.6513058439977394 -0.7603856543682515 -0.7774442007232583 -0.8762941628599227 -0.8825505937645003 -0.9691095831790035 
