0.9233602199390858 -0.9479113745158156 -0.847463724486257 -0.8676981318226173 -0.8487585051426951 -0.7226210255195455 -0.6287691946283406 -0.5764524553371643 -0.5235712046998656 -0.385504088190561 -0.31493094121971316 -0.19752056479053037 -0.07835345689392742 0.01715167661827265 0.09863149179335023 0.21808929139838662 0.25966622853954935 0.40917609927399534 0.5156112080274251 0.6164349259710966 0.692891546878454 0.7559012953852706 0.7563476299657537 0.8780422381588219 0.9090872322405902 0.9547587103465425 0.9920525002160326 0.9972902708924496 0.998047065620996 0.9927768112245535 
0.9233602199390858 -0.9479113745158156 -0.847463724486257 -0.8676981318226173 -0.8487585051426951 -0.7226210255195455 -0.6287691946283406 -0.5764524553371643 -0.5235712046998656 -0.385504088190561 -0.31493094121971316 -0.19752056479053037 -0.07835345689392742 0.01715167661827265 0.09863149179335023 0.21808929139838662 0.25966622853954935 0.40917609927399534 0.5156112080274251 0.6164349259710966 0.692891546878454 0.7559012953852706 0.7563476299657537 0.8780422381588219 0.9090872322405902 0.9547587103465425 0.9920525002160326 0.9972902708924496 0.998047065620996 0.9927768112245535 
0.24652127308814248 -0.9781205163241965 -0.9752109874406109 -0.8776351500802662 -0.8981535419581633 -0.8717174486314715 -0.7808313879384842 -0.677768818691635 -0.6132486770068316 -0.5379854364007584 -0.46456136234935236 -0.3477955123849623 -0.2867627047644217 -0.11967716591137387 -0.05527340919575355 0.06317124758060141 0.12864327174182272 0.25626171718681484 0.3503571582415415 0.4743141133034013 0.5484384003876686 0.6626468645150164 0.7195670868632641 0.744177201443771 0.865028427435879 0.834536102586769 0.925424584930155 0.996977042725019 0.9837659399437209 0.9942925181421005 
0.2579591324867557 -0.9622005979063873 -0.9107273841121855 -0.8414182500738246 -0.8083263845138019 -0.7155939915104732 -0.7114582321549718 -0.5627956608865794 -0.5224621657588084 -0.3854279247416716 -0.3172888708811968 -0.15913236706667166 -0.08082861551965992 0.019786013461136374 0.0927729532069066 0.23658358594745071 0.31731677532004243 0.4387155486382348 0.5170206607861044 0.6158354766744857 0.6921603947002481 0.7744404324013087 0.7548787238480041 0.8780605968932678 0.9073554075311515 0.9567503962828917 0.987896690203014 0.9986478529778904 0.9767190890443771 0.9931699931931998 
0.9125753740924197 -0.992633852239454 -0.9564345570457103 -0.9434504298298302 -0.8979877685685616 -0.7777243727012044 -0.7804809705028196 -0.6797528404972399 -0.6151254162607869 -0.46295098016984315 -0.46579906196258836 -0.340943577582783 -0.28701697215487587 -0.11075803652237272 -0.055372233555713996 0.0630144632790504 0.12811067405603108 0.25627722028093364 0.350360836315 0.5288414497112155 0.5460214017040002 0.662646456508684 0.7180606395442973 0.7429038515163877 0.8540961886735614 0.9542353370457229 0.9253668371520299 0.9969827060013904 0.9805761224281944 0.9990561271867239 
0.9125753740924197 -0.992633852239454 -0.9564345570457103 -0.9434504298298302 -0.8979877685685616 -0.7777243727012044 -0.7804809705028196 -0.6797528404972399 -0.6151254162607869 -0.46295098016984315 -0.46579906196258836 -0.340943577582783 -0.28701697215487587 -0.11075803652237272 -0.055372233555713996 0.0630144632790504 0.12811067405603108 0.25627722028093364 0.350360836315 0.5288414497112155 0.5460214017040002 0.662646456508684 0.7180606395442973 0.7429038515163877 0.8540961886735614 0.9542353370457229 0.9253668371520299 0.9969827060013904 0.9805761224281944 0.9990561271867239 
0.9128890147184315 -0.9781461583920168 -0.975244073226097 -0.8765237439495174 -0.9056360795378127 -0.8751107586794756 -0.7804836250870205 -0.6797058668966054 -0.6151233323510689 -0.6253570123472492 -0.46588329754437685 -0.34735047560574966 -0.28701697215487587 -0.1119174677714526 -0.055376229583076565 0.06546395748947566 0.12809743462486806 0.2559722297970231 0.35036530179189773 0.5233965760366028 0.5737459941776196 0.6645028434466822 0.7195709152730728 0.7402800234112445 0.8541621606464103 0.9532126835886813 0.9256384298301913 0.9969827060013904 0.9805761224281944 0.9886597980643379 
0.24802339505098747 -0.9794427963459307 -0.9584345036732939 -0.9270755936840797 -0.8672084189866294 -0.7739671780578261 -0.7631071789519958 -0.6796356867100367 -0.6160426139475819 -0.508119769157599 -0.465937032765954 -0.30573082826660386 -0.23612557382381347 -0.11962854129431313 -0.05318083413240677 0.06534157088941724 0.1794057137079693 0.3259309723459044 0.3763015542612391 0.5289302931514552 0.5744342632033642 0.6634454324072339 0.7199937885823448 0.8114164963255415 0.8546417758443976 0.96595617577338 0.9418665507884288 0.9716017393672625 0.984208843867361 0.9941962037693275 
0.255960242559925 -0.9611615571506905 -0.9061029792895968 -0.8414455139640494 -0.809590749022153 -0.7455573140066326 -0.721071741960457 -0.5923195290428104 -0.49164490733765825 -0.41047598304591315 -0.31562435137422645 -0.2008801878606255 -0.09751858864087812 0.01748920626589028 0.10613436301199852 0.21664688350567998 0.3197233206348554 0.40711837648633614 0.497813439259607 0.5775239061891131 0.6818939502318501 0.7561129572447689 0.8048355280565654 0.8779833935425164 0.9032184948718093 0.9590502003785625 0.9896197081045558 0.9987101191514982 0.9760657938544387 0.9931214920988248 
0.9166322899854338 -0.9627692671427929 -0.9540730252857349 -0.9307695719302526 -0.8708433600392952 -0.7736133091284735 -0.7370425802377428 -0.6602916967940561 -0.5697158948025751 -0.5406876661790618 -0.3982830471528813 -0.28678886426010114 -0.21612504855481604 -0.07690500321189395 0.022856332317839227 0.12132700415560291 0.20881047374461356 0.3282722626757228 0.4203285706757197 0.47994700253022926 0.5616054480150957 0.6711216471024879 0.75794246965284 0.8744454265120476 0.8813560549156261 0.9511974280965417 0.9464077738839441 0.9917975125709803 0.9858199397466074 0.9946294254867447 
0.914362884537544 -0.9882518359174318 -0.9752807710944825 -0.9285295450233926 -0.8680721741325159 -0.867925778511889 -0.7629455380946959 -0.6796737112888525 -0.6151242461931175 -0.6256693677607792 -0.4469245852377926 -0.30561124318015376 -0.2370118253985606 -0.11481960760860029 -0.057365771030069984 0.06962321382467274 0.18389403056252307 0.2561232206895392 0.3500475725776588 0.4756521969296628 0.5737452018540169 0.5731944508501409 0.7195660069892291 0.7422410992966271 0.8561466926366467 0.9511679939845803 0.9448463347671797 0.9972840505771343 0.9843826651125487 0.9978648872805758 
0.24658243687096376 -0.9780929206201106 -0.9595247929670275 -0.9294548869332512 -0.9049839192182014 -0.8572884197822206 -0.764260222983195 -0.677768818691635 -0.6131473771012302 -0.5408599359301388 -0.4102427665199146 -0.34779540380733703 -0.22968693926344802 -0.11940012125288166 -0.05525685103407071 0.06287219562786193 0.12823785884485317 0.25495647704391694 0.37572972137351496 0.40613445111929375 0.5738312784971035 0.6626957073716679 0.7194214511109973 0.8149326020477184 0.8814184216568037 0.835132614417272 0.9442345518355213 0.998000691053668 0.9841941466507687 0.9948361277780541 
0.2479947911208342 -0.9786473416984276 -0.9771653591939462 -0.917107724938722 -0.8672818784260371 -0.8788278128782059 -0.73673595765796 -0.6813955198363122 -0.6162727072407513 -0.5139726906462894 -0.46446107578383994 -0.34774963248563145 -0.2277323206367848 -0.11220086033883031 -0.0542960015304164 0.06547455345418828 0.18280299570042688 0.25627898059824267 0.35008271562630766 0.4433674817176992 0.5737460947937036 0.6447676360935639 0.7180427794356488 0.8215566825471545 0.8543160894495895 0.9270104417675284 0.9323469422875965 0.9971067929749466 0.9840092617738975 0.9952367650746798 
0.9211501701526581 -0.9612355591220525 -0.9592296269528475 -0.8685983489568987 -0.8068857121557933 -0.7475553230130246 -0.7221176595944329 -0.5923244013215003 -0.5222574691781332 -0.4111455610909434 -0.3156265692850726 -0.19861837207113325 -0.09749082436925341 -0.025124333695995434 0.08922729266132269 0.21551301888050325 0.25943404851912866 0.3840502946602273 0.5154623890506472 0.5771504700843824 0.6090030562160715 0.7562134107324456 0.8011186539735246 0.8783505424584479 0.9026443357437061 0.9571971393693613 0.9673058944105278 0.9973502451773514 0.9842480927904015 0.993164136288188 
0.9125753740924197 -0.9918380007804843 -0.9564345570457103 -0.8782166908879262 -0.901704335562345 -0.771737306974164 -0.7804809705028196 -0.6797528476855731 -0.615125396830808 -0.46267045490206077 -0.46578001954645426 -0.3409434332189166 -0.28701697215487587 -0.11075803652237272 -0.05535180074190714 0.0630144632790504 0.12811067405603108 0.2562729822222274 0.3503608602876837 0.47375330499081625 0.5472147266655405 0.662646456508684 0.7193339310780346 0.7429303498354175 0.8538537829304294 0.9542353370457229 0.9253668371520299 0.9969827060013904 0.9812454034788269 0.9990561271867239 
0.2552679636373493 -0.9575103728394726 -0.905536199230128 -0.8785760330659356 -0.808820127080818 -0.7457146602447234 -0.6810661104420846 -0.5923194859013887 -0.5221031531489011 -0.38751768478486376 -0.31485943698675284 -0.19728514269846395 -0.10063690743974665 -0.05741701973782268 0.09700996318060301 0.21680420721600768 0.3153405161464053 0.4064087350862653 0.489205348178125 0.5775226718410158 0.684060755412954 0.7583174708846028 0.8047829219423276 0.8785368867571262 0.9053877748533931 0.9548871644665449 0.9667275987525761 0.9973585423782727 0.9838009443086562 0.9929506399709135 
0.24652209976390588 -0.9791007891354151 -0.9602315633643865 -0.8776351500802662 -0.9054031972981648 -0.8749791990114958 -0.7644899259308954 -0.677768818691635 -0.6132527387873102 -0.5404382044237888 -0.4124125180623752 -0.34779388788967036 -0.28676343751045424 -0.14153417553424183 -0.05525693864195941 0.06289023834531111 0.12864745231417588 0.25622627846531004 0.3757963876412921 0.40613445111929375 0.5737459944802443 0.6626957073716679 0.7194189924323148 0.8152170004249704 0.8814184216568037 0.9270127854846226 0.9443378862626415 0.9979989954833286 0.9807328463531592 0.9948335968276767 
0.9166322899854338 -0.9627692671427929 -0.9543787620426433 -0.9308541078678187 -0.8708433600392952 -0.8065293301280497 -0.7370425802377428 -0.6602916967940561 -0.5697158948025751 -0.5013444653472988 -0.3982830471528813 -0.28678820495875684 -0.2158271122860071 -0.07690500321189395 0.022856332317839227 0.12132700415560291 0.20881047374461356 0.3282722626757228 0.43429090625982303 0.47994700253022926 0.573592937551959 0.6711216471024879 0.7579799414755155 0.8134711984485655 0.8813560549156261 0.951197430069576 0.9468358435712905 0.9917960383805857 0.9857864548062865 0.9961301725122154 
0.25795910361607494 -0.9571599287407687 -0.9107272532926858 -0.8422590476673751 -0.7652928183463038 -0.7156061042668546 -0.7117720437310664 -0.589404387115409 -0.5223629884329035 -0.3854279247416716 -0.31724473267036024 -0.19719381335613206 -0.08069539847580474 0.019720313681811836 0.09300634978952634 0.23683556410276715 0.3144164000025811 0.4395495625793682 0.5170206607861044 0.6489536235124235 0.6921603947002481 0.7744404324013087 0.8042718325314901 0.8873578711163563 0.9077690153839542 0.9542699717325709 0.96757703434585 0.998624730418527 0.9766359628110746 0.9947516740587865 
0.9209430462466976 -0.9575820646999472 -0.9300256642322638 -0.8686624404205072 -0.8070629226495066 -0.7461439438540923 -0.7311839993181571 -0.5923192793591046 -0.522516324192301 -0.41139806299293347 -0.3705655260736022 -0.20092573384150317 -0.14253274065953112 -0.006000769550994184 0.09709793159139236 0.1571171874797666 0.273473146238024 0.4071755626233668 0.48763048860131114 0.5831254665255884 0.6089386351106012 0.7563353745823326 0.8039842519164985 0.8474947623028588 0.9033530376684844 0.9572903548534075 0.9684460293819915 0.997357551360015 0.9984697914690832 0.9930743280849291 
0.2493408613338845 -0.97932814990294 -0.9587326704224949 -0.9300653230010496 -0.863788320105036 -0.7758461664668016 -0.7631419839450215 -0.5958950094881139 -0.6132426709563841 -0.5426854756244911 -0.40823715592055043 -0.29695340575468177 -0.2150022970502034 -0.11966994826844088 0.017511563710986562 0.05694788824530389 0.2193909980130547 0.3217728946320338 0.3946691708952433 0.5248063501712238 0.5744974103483096 0.6638260797674509 0.7202621254079741 0.8201792093684726 0.8630012463732659 0.9537403647107815 0.9446275133938786 0.9927072183742637 0.9841495775630145 0.9979971526251387 
0.9144327974617451 -0.9885915781624983 -0.9591106313968997 -0.9274752873352583 -0.897998564325795 -0.877707382513447 -0.7369187443655898 -0.6801306067777602 -0.6176052417260145 -0.5408609689905011 -0.46466369212479747 -0.3460729128850838 -0.228177486373696 -0.11402962931465754 -0.05549027552137646 0.06291483414534957 0.17939336650967416 0.32586058794339107 0.3937637861828648 0.50304240615108 0.5436343802155816 0.6448707843849044 0.719580599048797 0.8215325296998275 0.8645507591831113 0.9272042007449377 0.9320642700984748 0.9450293863403685 0.9859431451567845 0.9942896205009666 
0.9208801610268273 -0.9575233919720151 -0.9596008027207039 -0.8786968363546321 -0.8483578840291892 -0.7450469362918996 -0.7134920679673382 -0.5688770265129386 -0.5253199896167996 -0.46586529875439703 -0.32959399430476227 -0.21187484513937105 -0.1519880177261687 -0.004564658658834448 0.08593982829257603 0.21534181756853585 0.2970178481626248 0.4072453097803493 0.48807405581908303 0.5831899117160203 0.6726239391346336 0.7550221765767848 0.8045384537346628 0.8790565230832998 0.9035025390060694 0.95384417369355 0.9677814316942791 0.9971850012341767 0.9875679329861956 0.9927692097221381 
0.2572728676417709 -0.9622005979063873 -0.9107097484506609 -0.8414202157711577 -0.8083263845138019 -0.7457087123821369 -0.6756728010681086 -0.5772018076509549 -0.5235513283185989 -0.3854279247416716 -0.3156295018509714 -0.19719381335613206 -0.08080852565990053 0.019087023091084857 0.09276291477144391 0.21690275163672904 0.25986277877415165 0.439534045920979 0.5170206607861044 0.6154038130763139 0.6921603947002481 0.7559991579897987 0.7523321252906955 0.8782802746033622 0.9374118668665645 0.9567913966571232 0.9672503089151596 0.9976534634515498 0.9877038219703212 0.9931709557929604 
0.25345590296100634 -0.9896416802850387 -0.9556973615008717 -0.8787432323696122 -0.8861283173793894 -0.7473960906950772 -0.7131680712229396 -0.5923332977479119 -0.5232743522092238 -0.4384733879347757 -0.32964846715223817 -0.2825434079153416 -0.15480862973608545 -0.050034319361227216 0.09760987368991772 0.16974466539658273 0.2596783590302126 0.36321239504055347 0.4469236619227672 0.5829346713229601 0.6727876767923787 0.7595483134106672 0.8062958019664286 0.8790801813210849 0.9027431442859892 0.9649478991867735 0.9669413767274302 0.9748627837081405 0.9976635984484876 0.9927628097594716 
0.2493408613338845 -0.979316484312885 -0.9591536784142799 -0.9269917424448004 -0.8671510432277614 -0.7699445035520708 -0.7631419839450215 -0.6994170369460956 -0.6132426709563841 -0.5429307557427508 -0.4078951364816812 -0.3052336195209032 -0.2150022970502034 -0.11966994826844088 -0.054189893758735855 0.06309578945995399 0.17946442354504752 0.3217728946320338 0.39405510304564567 0.5278727789888382 0.5737402497264976 0.6638260797674509 0.719676852222712 0.819596126109879 0.8646724462464374 0.9537022694681238 0.9418943366442852 0.9974351244044402 0.9842435063255864 0.9941716725752132 
0.9128949495939511 -0.9781501836159603 -0.9752444390155773 -0.8764104930511196 -0.9053363290909237 -0.8756539494463134 -0.7806926094607578 -0.6788815550082449 -0.6136567863504958 -0.6198371586736033 -0.46509517065217393 -0.34735047560574966 -0.21525573351161903 -0.11188743550051129 -0.055351432985267436 0.06555365011840253 0.127367204249382 0.2542431380642214 0.3516677871581122 0.44349230401433976 0.5740544706983107 0.6626957234401032 0.7196625745424889 0.7657402615265922 0.8428160616379331 0.9281126444644863 0.9259455385043088 0.997017196163889 0.9805761224281944 0.99863313257345 
0.2569213858491921 -0.9622627413407513 -0.9086737118788383 -0.8434527418252021 -0.8094248797260329 -0.7457323698946839 -0.7115657298886551 -0.5763445738119132 -0.5223800819928826 -0.385439535991426 -0.31531376496719754 -0.19730486161522726 -0.077683329321207 0.019877537524868684 0.09684264193366873 0.21692745868023822 0.32950049526138847 0.43953105607303244 0.4991140031227669 0.5835438024531364 0.6901541804591118 0.7557824272788707 0.8053081527583583 0.8865758717114172 0.9053925730696962 0.9576615352927265 0.9900502177666844 0.9988316262698279 0.9875700276577284 0.993075986019534 
0.24793118077149848 -0.9794808042179718 -0.9771677305337031 -0.9183578445385636 -0.8673760225888476 -0.7728783481323832 -0.7644895000100359 -0.6787623531454011 -0.6162727072407513 -0.5142314739059495 -0.46446071532468425 -0.3477493931242276 -0.21508059727417478 -0.11220086033883031 -0.0542960015304164 0.06663545807878705 0.18225147454743124 0.24383121336790128 0.3763389882251767 0.4433674817176992 0.5731115309898902 0.6630119695897632 0.7180490534377704 0.7544304822713077 0.8543160894495895 0.9539091892442058 0.9323469422875965 0.9971067929749466 0.9840087714272894 0.9952367650746798 
0.914362884537544 -0.9773956534270388 -0.9752493061507117 -0.9270696401757617 -0.8664322592902838 -0.878957352553461 -0.7369963155145608 -0.6814074388439276 -0.6136687942882864 -0.6180767755142751 -0.4480366310255555 -0.3050160372898198 -0.22694055470985297 -0.1125646658403016 -0.05736197075375098 0.06359166618240991 0.17951970144558546 0.32681392336249826 0.3500475725776588 0.4778448417536487 0.5813968500532011 0.645928206710913 0.7196670944378026 0.8155677453490602 0.8541972069984936 0.9277438792276088 0.9420248318282939 0.9547892497594279 0.9839116525950654 0.9950590664632174 
0.2515875886597265 -0.9788417571135859 -0.953130881290971 -0.867841563310418 -0.8688538594275728 -0.7737640034473381 -0.7599452842027954 -0.6679859025244985 -0.5610744237327354 -0.5005933236597752 -0.3981469687836058 -0.26692756366096804 -0.2154632875009643 -0.08441889169485255 0.02285467191461996 0.12212344468696414 0.20953468618263374 0.3261624375858713 0.42090885839049946 0.5287429679045512 0.5731470946564889 0.6707102602346505 0.7604589616982949 0.8107373706848683 0.8813504900494603 0.9103034786503653 0.9874544417816506 0.991800577988857 0.9834233543189391 0.9980529673773108 
0.2525515723749695 -0.9619216625702727 -0.9383793132105313 -0.8678171919200601 -0.8698893570551997 -0.7692427454311375 -0.763322999604704 -0.5954595554576598 -0.5612536256963722 -0.43895347683672364 -0.3689956596690236 -0.2221998758879637 -0.15480846247245383 -0.04934562969338601 0.022858070702739916 0.14164481888851235 0.2599988174694892 0.3634954174890091 0.4208652015671372 0.5286860939166741 0.5834656225785703 0.6750290318647318 0.7575845744609832 0.8791886793326749 0.8805346721973497 0.9115766183766769 0.985221521621779 0.9951116691069262 0.9833700661070034 0.998485419359961 
0.25058147563269456 -0.9788488010198149 -0.9592339147901779 -0.9256544497202174 -0.8724156389379858 -0.8099944739041065 -0.7598265695356645 -0.6742940920977467 -0.5620722863124221 -0.49926866992631114 -0.36740051910522226 -0.2922147507816688 -0.22740102123571923 -0.07689705958827747 0.02286010696630066 0.06654424496669263 0.21963716261846872 0.32585400815911914 0.4200934850158653 0.5248024510387639 0.5729922918610711 0.6630554125904693 0.7590816197500764 0.8116628221569533 0.8814144959190344 0.922848820375493 0.98606127270357 0.9968576497664418 0.9846618834669377 0.9979954225663211 
0.25345619160967553 -0.9609125988009097 -0.9392555072318209 -0.8673990808917512 -0.8625828024984992 -0.7467642658122536 -0.7030689059693522 -0.5921684548244665 -0.5259755011757726 -0.41176956675717125 -0.3703945506261762 -0.2023721828466326 -0.1548188348418037 -0.04965257813106018 0.09546952452787531 0.12451644994997094 0.2598722499465913 0.36338989507194824 0.45976764261987024 0.5480606699484288 0.6123386900999882 0.6746567635802269 0.7612782030056381 0.8790759038419391 0.8806141752421278 0.9571928997395973 0.9713584772905062 0.9963956438764481 0.9848279282872883 0.9876332371915215 
0.2513393602638535 -0.9790858423425847 -0.9579102328823206 -0.9475192894283437 -0.8688535370179395 -0.7692218416197782 -0.7432187521335811 -0.5926822748977246 -0.5610981356297383 -0.5005933236597752 -0.3983064102178985 -0.2691747498857599 -0.2152493099935347 -0.07719618649720879 0.026168811305104504 0.12212344468696414 0.2176761069630699 0.32693738398459704 0.4228882220580697 0.5280463372453698 0.6214937160448939 0.6713220073623559 0.7575590348140833 0.8122728404907892 0.9036401001169689 0.917440992642409 0.9636526823384268 0.9941316144631946 0.9841700445953285 0.9872618070613194 
0.25538997505237326 -0.9612345658186953 -0.9215907834948447 -0.8757353366486114 -0.8082362812926256 -0.7458239202128092 -0.6780101575327133 -0.5922164577407502 -0.5222604073066188 -0.41223563881838193 -0.31485272824959004 -0.19692251781559705 -0.1007772019469583 0.01948858573385752 0.08921706798692204 0.2160057691410954 0.3191066274949148 0.38512564718499764 0.48694015166984667 0.5784115311947304 0.6736764558806609 0.7548458316024417 0.804515897546605 0.8783282888193376 0.9026897615990492 0.9557103821735171 0.9673020403238843 0.9973145281185606 0.9866886444422037 0.9931610188667015 
0.917270805689558 -0.9620646330470128 -0.9380420334842544 -0.9308515771457947 -0.8704868667682183 -0.7735691393028357 -0.7349575204693659 -0.6595543865816978 -0.5696335146091914 -0.49958337452926493 -0.39816709610778606 -0.2867581104128632 -0.21582407093175393 -0.07656721208905004 0.029668749883129272 0.11902582286418552 0.2091297546600729 0.3282918776575984 0.4184996668570657 0.4772952089175562 0.5734931685186515 0.6684927592662118 0.7567663384397157 0.8166093356156474 0.8802766580387571 0.9506293740792632 0.9872738068929976 0.9911208573538101 0.9863233211294326 0.994564181050339 
0.25040101553649974 -0.9788411233038893 -0.9587622956609887 -0.9307383135958623 -0.86879055604903 -0.7738117497109338 -0.7596788219628802 -0.5928428065080011 -0.5610983252018207 -0.5008680025422352 -0.40784135231742213 -0.2669281404219727 -0.21545683114240635 -0.11947765732176524 0.02285458076500077 0.05720863874577561 0.21900436170182774 0.32631455300431733 0.3936528576907269 0.5290921477589122 0.5731470946564889 0.6633301822691781 0.7595665058431094 0.819307425289931 0.8813583448461152 0.9542154185283683 0.9407243078761214 0.9923129714523892 0.9834233199990333 0.9993228807126657 
0.2542240994014691 -0.9612752237882434 -0.9220789350212482 -0.878486519801505 -0.8093818455464711 -0.7188322859979285 -0.7131007814466224 -0.588814786431358 -0.5221017691744826 -0.4117544716380669 -0.3148555801490915 -0.19682343983116862 -0.13248393146223283 -0.010223451157073465 0.09675253450024433 0.21688623357936931 0.27214904426670966 0.3847510913045775 0.5144269783604074 0.5784115311947304 0.6133313324476033 0.7549457443776565 0.8045080289334726 0.8784684850684163 0.9043115289611109 0.9557103821735171 0.9672021480435259 0.9963330039241839 0.9866022726992215 0.9987984672881617 
0.9221769302633893 -0.9621979155393796 -0.9124172514198036 -0.8669333424107764 -0.8086595948234855 -0.7439191189822753 -0.7123522195069089 -0.5914144760501987 -0.5235403978550247 -0.4105754029113565 -0.31492657293359944 -0.20092519329962277 -0.08087490931684933 0.021221844055453094 0.07801160106121204 0.23473258012300532 0.31565788676864903 0.43872262261190015 0.5168682421302212 0.6145649701291745 0.6921600336886335 0.7584616235401505 0.8038625505862054 0.8782802292423936 0.9042663872059579 0.9565553232212776 0.9803605384249262 0.9976476139755851 0.9996786050039519 0.9947730367931092 
0.9154895442080422 -0.979566065046317 -0.9771655515806531 -0.9182939241821417 -0.8958572455390751 -0.7754746996152281 -0.7626987881170736 -0.6786983326040548 -0.6135646020800293 -0.5117575372420005 -0.46550246061785383 -0.30440255588658827 -0.21455373935817165 -0.11593945578743138 -0.05315615139988736 0.09524391453919527 0.1839358948966488 0.25375021530093456 0.37629203255101323 0.5262386109059922 0.5744414493087517 0.6425056623216977 0.7193160291028624 0.8136437340285102 0.8534975935501843 0.9281161051647913 0.9446273850951937 0.9565570426879229 0.9840048777513671 0.9952413054362151 
0.25406547071800134 -0.9612569984980871 -0.9215907834948447 -0.8784878304688281 -0.8082362812926256 -0.7457353450837311 -0.6786937200272518 -0.592212247633995 -0.5221017691744826 -0.41227863408291376 -0.31485272824959004 -0.19682343983116862 -0.13248393146223283 0.01948858573385752 0.08848182468844891 0.21602568816849704 0.31982715743767265 0.38512564718499764 0.48694015166984667 0.5784115311947304 0.6736764558806609 0.754731422453642 0.804515897546605 0.8785373481331501 0.9043480242869664 0.9557103821735171 0.9671951757446592 0.9963330039241839 0.9865937156620197 0.9928949449362885 
0.9189751719567312 -0.9995898716955182 -0.9587889028437862 -0.9228142505297607 -0.8628507040511715 -0.7702559119003642 -0.7258807647603118 -0.5925343561218286 -0.6080239185317928 -0.45259261696261477 -0.4091581516933218 -0.2651615918047248 -0.1397371502763716 -0.05247447524518223 0.023468078478326156 0.17834415072530813 0.2592861409127313 0.3577879845586813 0.4386657883611132 0.5233840244617972 0.6068397359586206 0.7062721227086878 0.7607851484910433 0.8092942248209051 0.8641182871726627 0.953982297143708 0.9670255984601973 0.9961505388690459 0.9842471266218777 0.9931710119714711 
0.25123235782516823 -0.9794360350707633 -0.9570841637582389 -0.9259783421484498 -0.8633960998225998 -0.7699445035520708 -0.7631069068687218 -0.678764743082528 -0.6132791091846315 -0.49970057837866083 -0.40827990568583156 -0.3052336195209032 -0.21545360745927483 -0.07750356089203023 0.02348987303374517 0.1206990507298627 0.2197869348674032 0.3216790195271302 0.42271098630334897 0.5290962473057889 0.5731053115487048 0.6632609142027276 0.719854626103936 0.811559079735883 0.8837998533588804 0.9535984248213084 0.9418932496212674 0.9726619011059745 0.9842435063255864 0.9941716725752132 
0.25040101553649974 -0.9789151012630826 -0.9545975722430101 -0.9305468912922212 -0.8688538594275728 -0.7743106931714683 -0.7596788219628802 -0.6578564551037503 -0.5611052608106963 -0.5005933236597752 -0.39826317053006177 -0.2664094544967018 -0.21544505232501315 -0.07693795559805916 0.02285458076500077 0.12212344468696414 0.21976096130098619 0.3261627753431104 0.42091734883153975 0.5280104549232657 0.620710585818907 0.6701646126564832 0.7592294791529957 0.8105927784636201 0.8813583448461152 0.9126721294552389 0.9874538448386221 0.9917893791987522 0.9834233199990333 0.9993228807126657 
0.9228793956771989 -0.9574983261889006 -0.9050089057570901 -0.8673763458931343 -0.8084064140546253 -0.7457275394828772 -0.6752901729688926 -0.5923194123881589 -0.5253522596672237 -0.3891656575576514 -0.31538590867674304 -0.20092519329962277 -0.0777034668427268 -0.006820155558172549 0.08556823815981365 0.21529614212797452 0.3200409168091176 0.4076253366182019 0.487622114031354 0.579774433345564 0.6731755214845988 0.7581730475363089 0.8019526132691764 0.8864722527300234 0.9670958710164591 0.954751570927985 0.9810893108664613 0.9977313416488462 0.9972120147810404 0.9931605668005206 
0.2568939551303271 -0.9622005979063873 -0.9107195434527365 -0.8414182500738246 -0.8083263845138019 -0.7457087123821369 -0.6756728010681086 -0.5772018076509549 -0.5237013071437099 -0.3854279247416716 -0.31532131984061823 -0.19719381335613206 -0.08080852565990053 0.01894516858673794 0.0927729532069066 0.23709071735447185 0.25986277877415165 0.4387155486382348 0.5170206607861044 0.6154038130763139 0.6921603947002481 0.7575476404979725 0.7523321252906955 0.8782802746033622 0.9374118668665645 0.9567913966571232 0.9672507446366871 0.9973625470793921 0.9767190890443771 0.9931699931931998 
0.25040101553649974 -0.9788329919844612 -0.9594207667363109 -0.867841563310418 -0.8723221171869447 -0.7738117497109338 -0.7598412116888856 -0.6740365038989659 -0.5610744237327354 -0.49683132948972 -0.4103446923422228 -0.2681861067138061 -0.21545683114240635 -0.07693795559805916 0.02285458076500077 0.06445719492199492 0.21966954662285276 0.3261627753431104 0.4199840794612036 0.5290921477589122 0.5731470946564889 0.6633147231000845 0.7574152796802037 0.8147888826055361 0.8813583448461152 0.9103034786503653 0.9858956654276431 0.9923129714523892 0.9834233199990333 0.9993228807126657 
0.255960242559925 -0.9612338355234268 -0.9061029792895968 -0.8762718942600127 -0.809590749022153 -0.7457354381583325 -0.6764201199426692 -0.5923195290428104 -0.5127664968210989 -0.41047598304591315 -0.3118970718553086 -0.2008801878606255 -0.1008495430567609 0.0175053968289443 0.08838057699095182 0.19887158357653925 0.31982834699432755 0.40711837648633614 0.497813439259607 0.5775239061891131 0.6818939502318501 0.7547098861697801 0.8048355280565654 0.8785388349165513 0.9043075923976838 0.9590502003785625 0.9896549452071538 0.9964003788404475 0.975499963687041 0.9931155248739804 
0.9201010485195662 -0.9788331281306183 -0.9536804419770174 -0.8678735901457726 -0.8044559199456626 -0.7739674585976022 -0.712334180427113 -0.5923205054157548 -0.5225429105244106 -0.41058653176527804 -0.37056505489469765 -0.2637935368578106 -0.14363025359654397 -0.04913957009834477 0.09733447343567368 0.17404297126486587 0.2611768775726641 0.39259441267437584 0.48797330091412966 0.5305232170158257 0.6088563756852947 0.7561357040093608 0.8218902383008811 0.8470581113836324 0.88621650369153 0.9587895160480048 0.9677583686422446 0.9974127377465358 0.984362140159138 0.9962990653357182 
0.2545442658827691 -0.9611786677576055 -0.9215907834948447 -0.8784878304688281 -0.8082362812926256 -0.7457270090718748 -0.6786937200272518 -0.5922133954574479 -0.5221017691744826 -0.43801977956971344 -0.31485272824959004 -0.20209793187842598 -0.15533726264512357 0.01948858573385752 0.08848182468844891 0.21540381665746955 0.31982715743767265 0.38515549445374986 0.48694015166984667 0.5784115311947304 0.6736764558806609 0.7547327067823929 0.7718424450920932 0.8785373481331501 0.9043480242869664 0.9650152180899095 0.9669506898787695 0.9963330039241839 0.9972857014429384 0.9928949449362885 
0.2493408613338845 -0.97932814990294 -0.9762671316299832 -0.9300653230010496 -0.863788320105036 -0.794183531944349 -0.7631419839450215 -0.5958950094881139 -0.6132426709563841 -0.5426854756244911 -0.40903154823292626 -0.2969698411451168 -0.21500303279896 -0.11966994826844088 0.017511563710986562 0.05694788824530389 0.1799451003274062 0.32156954775873603 0.3946691708952433 0.5247605829699802 0.5744974103483096 0.6638260797674509 0.7196763764257373 0.8201792093684726 0.8630012463732659 0.9531055048240782 0.9415780826071728 0.9927072183742637 0.9842439732001448 0.9979971526251387 
0.9146280092898975 -0.9593552602625548 -0.938743608136283 -0.9311308091162291 -0.8704868667682183 -0.8417957965049492 -0.7642012426408586 -0.6996734114621099 -0.6227859212266091 -0.4992342871485228 -0.4654823711318354 -0.34300569896650007 -0.2282401034656919 -0.1195241095577833 -0.056373408217920584 0.06423658236216359 0.20808372004789993 0.32160297518335557 0.3940461769914558 0.4752534999898764 0.544082756485456 0.6637758519855663 0.7581700659511944 0.8194997772540951 0.8807699739665537 0.9127833289785815 0.9450803302612095 0.9917960446365184 0.9858716518822661 0.9993794736958808 
0.2578396026062476 -0.9569594455495146 -0.9049962460660455 -0.8414201937734179 -0.8088729754918264 -0.7460903094090197 -0.710744785583001 -0.5619170080950124 -0.5236826516652016 -0.3846871261733208 -0.31721201640669755 -0.19724552342814833 -0.077683329321207 0.01773271922402435 0.09282320005109393 0.21738862596970793 0.3200463323796229 0.4395286999822473 0.5168587327627162 0.6170569481372941 0.6928577647170424 0.7747211395864201 0.8042395397570206 0.8798262781241301 0.9073523876872345 0.9547526074806518 0.9806610020631399 0.9976383006308169 0.9960692057041969 0.9931665313886859 
0.9189751719567312 -0.9995898716955182 -0.9524696550495841 -0.9228289366798549 -0.8628575760764101 -0.813287629514369 -0.7258807647603118 -0.5925343561218286 -0.5607621168375841 -0.45259261696261477 -0.3955265094263557 -0.2651615918047248 -0.139116536367942 -0.05247447524518223 0.020709635955016414 0.17834415072530813 0.2592861409127313 0.3576563312468889 0.4386657883611132 0.5233840244617972 0.6068397359586206 0.7068679602920209 0.7610800724495762 0.8093263862223798 0.9030580767084718 0.9650416245541003 0.9670255984601973 0.9963209751773195 0.9848287147945022 0.9931710119714711 
0.25345590296100634 -0.961627124642376 -0.9399276295062657 -0.8676064139498075 -0.812913843568275 -0.7476647997766512 -0.7225023145549962 -0.5921688252202568 -0.5237572426586319 -0.4117863228090794 -0.3705544512418454 -0.19912445183891161 -0.1385879038131316 -0.005932274584988609 0.058005481466514824 0.21649985216305556 0.2598789210779832 0.3905165183207633 0.4589606402712224 0.5253294489554087 0.6123386900999882 0.7550848493269725 0.8048934486590467 0.8790679257600534 0.9033788481017234 0.956798142668977 0.9711342908711058 0.9963980088375713 0.9848219926481107 0.9875811276204607 
0.25549454920821785 -0.9611615571506905 -0.920623305247383 -0.8414456350753008 -0.809590749022153 -0.7457254793949036 -0.6565057378429743 -0.5923195290428104 -0.4953678911559824 -0.41040410156698404 -0.31575912522828853 -0.2008801878606255 -0.15492775992886826 -0.0052137636611425935 0.09611820207499219 0.21666181157468004 0.32045040817954146 0.3840047530270877 0.5152863398801854 0.5774936638867971 0.6791461122495585 0.7550552159435137 0.8045122506474441 0.877824479948152 0.9043353335483948 0.9590502003785625 0.968671537530826 0.9984041696496995 0.9755822447287872 0.993113333401131 
0.2493408613338845 -0.9794359447988235 -0.9561283198914191 -0.9271639022549716 -0.8956543643178196 -0.7716179743733899 -0.7631069068687218 -0.6788481930841932 -0.6135785006627802 -0.5085325721767839 -0.44706526718789535 -0.30072480927097045 -0.2153211845198405 -0.1196925300032973 0.04091752579223139 0.0635483658506585 0.18402609591256014 0.3217882599484214 0.3760707427659737 0.5278620236684998 0.5737403089333035 0.6632582836553026 0.7196719287933377 0.8136278477481447 0.881139977243801 0.9281440624078132 0.9419918786295641 0.9725863657865578 0.9842435063255864 0.9941716725752132 
0.9175953111599622 -0.9620518849115394 -0.9544468323060378 -0.9308515858206875 -0.8704868667682183 -0.8062380141784193 -0.7370334288060431 -0.660234128772444 -0.5696335146091914 -0.5013395373327995 -0.3982830471964566 -0.2867581104128632 -0.21582407425399197 -0.07660179520435394 0.022789139282391048 0.11902582286418552 0.20913116139231322 0.32825974636931304 0.43430588828434935 0.4798997026966727 0.5734933430335705 0.6711080602609457 0.7579552382328417 0.8164525846982947 0.8813493833132089 0.9511973181941601 0.9482374733696689 0.991796038366437 0.9863974592474553 0.9945862376481586 
0.9221769302633893 -0.9574983261889006 -0.9050344641498668 -0.8673763458931343 -0.8075433327286552 -0.743955887986079 -0.7139260200610638 -0.5921730249755013 -0.5252731997552629 -0.41107502355911796 -0.3153838445951759 -0.20092519329962277 -0.07772030486196654 -0.006146809008956854 0.09628825190035777 0.21529614212797452 0.3200302707837092 0.4090192096875222 0.487622114031354 0.5796916251917558 0.6151516647002756 0.7581730475363089 0.8019526132691764 0.8864162109090071 0.903499780045138 0.954751570927985 0.9810893108664613 0.9977409248730762 0.9972120147810404 0.993164024930756 
0.9166322899854338 -0.9627692671427929 -0.9543787620426433 -0.9308541078678187 -0.8708774350332972 -0.8065293301280497 -0.7622387215744384 -0.6602916967940561 -0.561072415946553 -0.5013444653472988 -0.3982830471528813 -0.28678820495875684 -0.2158271122860071 -0.10560909758611443 0.022856332317839227 0.12132700415560291 0.20881047374461356 0.3282722626757228 0.4204190319731619 0.47994700253022926 0.573592937551959 0.6711216471024879 0.7579799414755155 0.8134711984485655 0.8813560549156261 0.9195640518355322 0.9630396789955711 0.9922917128192557 0.9857864548062865 0.9962602622773957 
0.9233602199390858 -0.961067924762326 -0.9073927693730249 -0.8677493645212043 -0.8487585051426951 -0.7226210255195455 -0.6289398955122331 -0.5764524553371643 -0.5253118708083072 -0.3855008111876896 -0.3149504571505106 -0.19728622905934373 -0.07770666174716634 0.01715167661827265 0.08573148087968767 0.21808929139838662 0.2606382546341278 0.4091812128505937 0.5154180146218986 0.5825610406991089 0.6929034088667507 0.7582998087041355 0.7550603488641042 0.8779375736018056 0.9098551486014352 0.9548355374174005 0.9920525002160326 0.9972858980354317 0.9980140593998187 0.9927762001177113 
0.2568953420660971 -0.9607055718625962 -0.9056714199430638 -0.8785038039026265 -0.8068566062055247 -0.7457270975872795 -0.6752797746154358 -0.5923195290428104 -0.5217536014782995 -0.3857646445117021 -0.31531003478987546 -0.1973076883325457 -0.07725990128205544 0.018929661132495224 0.09684393784025115 0.21681432647055196 0.31987299944491265 0.4395337627472918 0.5153358138140522 0.5831213535884171 0.6758869821721 0.7583200254480622 0.8048623045335127 0.8865764209723899 0.9053762537617844 0.9548575817065404 0.9667348831363941 0.9973628467060217 0.987511373654144 0.9929506434207795 
0.2493408613338845 -0.9796750797961997 -0.9570951357334122 -0.9270763936185193 -0.8633960998225998 -0.77365585840855 -0.7657174646016104 -0.659965194469101 -0.6140516200656704 -0.4996153956905604 -0.40827990568583156 -0.3052336195209032 -0.21582385126118142 -0.1196925300032973 0.02979694295637261 0.11685030584457329 0.17920598386892564 0.2949533176851585 0.41869584669315774 0.5278727789888382 0.5737402497264976 0.6634081589370027 0.7196852040141978 0.8115408016824187 0.8626150899192289 0.9535984248213084 0.9418932496212674 0.9726619011059745 0.9842435063255864 0.9945570751841928 
0.2572752160416518 -0.9614847895600964 -0.9056576758712112 -0.8414201859445184 -0.8094060869380186 -0.7462166810296301 -0.7215440029540964 -0.5816312233648171 -0.5235492860930839 -0.38543960507461794 -0.31562941153823765 -0.19718940925366385 -0.07727526223927814 0.017766600117410377 0.09679301451292724 0.21684037977672627 0.323894845563535 0.4395286999822473 0.4942932097953338 0.583056023666003 0.6840702903558616 0.7560040590759186 0.804924566560953 0.8865736749898656 0.9049918182400734 0.9548894008550063 0.9671571973762493 0.9976521878772088 0.9875700276577284 0.9930741574994967 
0.9128890147184315 -0.9789420097896274 -0.9754260867576933 -0.8764556996775129 -0.8977516178671446 -0.8785494000538024 -0.7804540252382058 -0.6798403561979982 -0.615125400496582 -0.6256375376150317 -0.46572310840392084 -0.3473197675037626 -0.28701697215487587 -0.111992917019368 -0.055372968330494717 0.06545345087074449 0.12734297171710401 0.25608544696361457 0.3503651007545065 0.5313707426077559 0.5725526478852001 0.6645187665174557 0.7181329504918265 0.7402800786789485 0.8652292887617609 0.9272438409684187 0.9256476798317462 0.9969827060013904 0.9805761224281944 0.9881127337429276 
0.2568953420660971 -0.9607055718625962 -0.9056714199430638 -0.8785038039026265 -0.8068566062055247 -0.7457270975872795 -0.6752797746154358 -0.5923195290428104 -0.5217536014782995 -0.3857646445117021 -0.31531003478987546 -0.1973076883325457 -0.07725990128205544 0.018929661132495224 0.09684393784025115 0.21681432647055196 0.31987299944491265 0.4395337627472918 0.5153358138140522 0.5831213535884171 0.6758869821721 0.7583200254480622 0.8048623045335127 0.8865764209723899 0.9053762537617844 0.9548575817065404 0.9667348831363941 0.9973628467060217 0.987511373654144 0.9929506434207795 
0.24803581986602538 -0.9794289032045347 -0.9749050489049296 -0.9259216603751962 -0.8988880059428408 -0.8685979430733178 -0.7631245434897954 -0.6796426076597404 -0.6131511898472388 -0.5144899674515172 -0.4658476787589799 -0.34652736375077836 -0.21685004787822043 -0.11960880224221641 -0.05677308553004298 0.0652771514324328 0.1818794493792994 0.2757144954656444 0.37622683263514245 0.5263398299113913 0.573746830722452 0.6644879117181755 0.7196627705405869 0.7676684209305661 0.8543270262300017 0.9533608210308973 0.9450566589978763 0.9973161777098538 0.9842279784378976 0.996660789882139 
0.2526242893847754 -0.960943166494296 -0.9383334788597123 -0.8673971289082631 -0.8627466670313422 -0.7692618492614559 -0.7030725182881086 -0.6572600228233242 -0.5612553633223428 -0.4391159964172747 -0.3682572944574245 -0.27140736286837264 -0.15040189722876574 -0.04934562969338601 0.02623669962891516 0.209212432639229 0.26076979806611383 0.3635624935343221 0.4209527879000145 0.5798587063550321 0.6243185134206529 0.6750290318647318 0.7593275716657645 0.8765612952842678 0.8807397119894133 0.9569366401426517 0.9712190166715271 0.9929655120221512 0.9967835694005528 0.9981668782698833 
0.9175945565803695 -0.9620672590488575 -0.938743608136283 -0.9311179323690103 -0.8704868667682183 -0.7743025784871607 -0.7599371420592717 -0.6572519158290286 -0.5398317519494966 -0.4996246492082429 -0.39828303408111077 -0.2856850296570577 -0.21582407093175393 -0.07688744798259273 0.026322242597909766 0.11902582286418552 0.20808372004789993 0.32904016364481997 0.38377227899089705 0.4772952089175562 0.6235973017771641 0.6709057605668426 0.759220114718951 0.8164568539328955 0.8807411172491709 0.9127833289785815 0.9873436260456149 0.9917960446365184 0.9969091208086374 0.9994362380341306 
0.9221769302633893 -0.9574983261889006 -0.9050344641498668 -0.8673763458931343 -0.807576140643857 -0.7439687750625585 -0.7139271082380223 -0.5921730249755013 -0.5252637053022835 -0.41170829271618875 -0.3149906643907603 -0.20092519329962277 -0.07791841067280525 -0.006249495032794244 0.0779009651172818 0.21529614212797452 0.3159627048551078 0.4072643866177808 0.487622114031354 0.5796916251917558 0.6125479286335963 0.7581730475363089 0.7608661411173389 0.8761201009320474 0.903499780045138 0.954751570927985 0.9807573116827097 0.997740414041717 0.9984349672444417 0.993164024930756 
0.914362884537544 -0.9773956534270388 -0.9752430373568821 -0.9270007733119857 -0.8680721741325159 -0.876929200605512 -0.7629455380946959 -0.6797134640580105 -0.6136687942882864 -0.6197346378059247 -0.4469245196925368 -0.3050160372898198 -0.22693919173083762 -0.1124375765325099 -0.05736197075375098 0.06934258877228328 0.1795240763189813 0.32681392336249826 0.3500475725776588 0.4756521969296628 0.5813968500532011 0.6678772470119708 0.7193666528457153 0.7421506329519236 0.8540174486639047 0.9265722940914344 0.9445847156834856 0.9547892497594279 0.9743969313042364 0.9950590664632174 
0.9128890147184315 -0.9781461583920168 -0.9754294433910223 -0.8776354291750903 -0.9016180642389281 -0.8724786218052418 -0.7798211638444391 -0.6798433730529575 -0.6151233323510689 -0.6253570123472492 -0.46509517065217393 -0.3473492256413793 -0.28701697215487587 -0.111992917019368 -0.055351432985267436 0.06545345087074449 0.12734297171710401 0.2560812089049083 0.3503651247271902 0.47776579196506697 0.5737459728467403 0.6626957234401032 0.7194062420255637 0.7402800234112445 0.8649847282790879 0.9272438409684187 0.9253201966858295 0.9969827060013904 0.9805761224281944 0.9985081807323993 
0.251350536884659 -0.9768658602452651 -0.9579092777281316 -0.9327164654071667 -0.8687644113259416 -0.7743268573511799 -0.7432187521335811 -0.5946740790015389 -0.5612878203797635 -0.5005933236597752 -0.3982626934717082 -0.2691747498857599 -0.214913313899654 -0.07694058398736074 0.026075960081926357 0.12212344468696414 0.2197847742376717 0.32692611420399337 0.42284317280372774 0.5280907201408669 0.5734875258557394 0.6663169952198145 0.7592772726303135 0.8187361968153108 0.9040331540785097 0.9173607805506423 0.963716571069361 0.9941316144631946 0.9884119731117731 0.9987601229022735 
0.9201032159212197 -0.9508472612457423 -0.9211328050145539 -0.878960986084529 -0.8129516447390712 -0.8107865553097555 -0.7200645351221558 -0.5925326926617266 -0.5236900709486663 -0.4106199995816979 -0.3702805944915366 -0.26527987059511937 -0.13759996575161598 -0.010076920199274428 0.05790339027578792 0.17875293777415344 0.25965577605499435 0.39075909981614226 0.48242907144882624 0.5248088661110277 0.6179965844201238 0.75486486895424 0.7611992653956975 0.8790679254031593 0.9033825119370118 0.9756230657175197 0.9674950229307868 0.9963559071353671 0.9983843645971193 0.9931688483842807 
0.9154895442080422 -0.979567686007218 -0.9771655515806531 -0.9182385857827807 -0.8958572455390751 -0.8788350167375368 -0.7627043465527444 -0.6786983326040548 -0.6135503354427246 -0.5117828073445274 -0.4476322238737246 -0.3480099596636061 -0.21527534015615815 -0.11593945578743138 -0.04999025417934934 0.09524391453919527 0.1839358948966488 0.25375021530093456 0.37702192805173407 0.5262386109059922 0.573746095776102 0.6425056623216977 0.7193135898990141 0.8136437340285102 0.8534975935501843 0.9281161051647913 0.9446273850951937 0.9572101575740031 0.9840071804765911 0.9952413054362151 
0.9175945565803695 -0.9620672590488575 -0.9380878148465913 -0.9311179323690103 -0.7623181945925844 -0.7743025784871607 -0.7599364815941851 -0.6572519158290286 -0.5398317519494966 -0.49961772566314727 -0.39828359018615356 -0.286117272688952 -0.21582344295504902 -0.07688744798259273 0.026135656364398692 0.11902582286418552 0.20808372004789993 0.3290776806307306 0.4209218641698132 0.5277468933297019 0.6235973017771641 0.6707689659116699 0.759220114718951 0.816354641789112 0.8807625486284834 0.9127833289785815 0.9873436260456149 0.9954717951777208 0.9970893046839254 0.9994362380341306 
0.2525645123322603 -0.9615160233562091 -0.9383793132105313 -0.8672096898826647 -0.8687634955142501 -0.7692618492614559 -0.7024265578142173 -0.6572600228233242 -0.5612553633223428 -0.43895347683672364 -0.3682572944574245 -0.2719048479410283 -0.15041364542911917 -0.04934562969338601 0.02623669962891516 0.209212432639229 0.26076979806611383 0.3635624935343221 0.4209527879000145 0.5794826599730133 0.6242258201701442 0.6750290318647318 0.7593275716657645 0.8765612952842678 0.8807397119894133 0.91147839219296 0.9636210297128331 0.9929266342546471 0.9967835694005528 0.9984786423360511 
0.9128890147184315 -0.9789420097896274 -0.9754294433910223 -0.9428691681164114 -0.8980037590644411 -0.8785494000538024 -0.7798211638444391 -0.6798415050303428 -0.615125400496582 -0.6256375376150317 -0.46572353769156516 -0.3473200679493282 -0.28701697215487587 -0.111992917019368 -0.055372968330494717 0.06545345087074449 0.12734297171710401 0.25608544696361457 0.3503651007545065 0.5314295981436317 0.5725526478852001 0.6626957234401032 0.7181329504918265 0.7402542363754011 0.8652292887617609 0.9272438409684187 0.9253201966858295 0.9969827060013904 0.9805761224281944 0.9985081807323993 
0.9125753740924197 -0.9918380007804843 -0.9564345570457103 -0.8782166908879262 -0.901704335562345 -0.771737306974164 -0.7804809705028196 -0.6797528476855731 -0.615125396830808 -0.46267045490206077 -0.46578001954645426 -0.3409434332189166 -0.28701697215487587 -0.11075803652237272 -0.05535180074190714 0.0630144632790504 0.12811067405603108 0.2562729822222274 0.3503608602876837 0.47375330499081625 0.5472147266655405 0.662646456508684 0.7193339310780346 0.7429303498354175 0.8538537829304294 0.9542353370457229 0.9253668371520299 0.9969827060013904 0.9812454034788269 0.9990561271867239 
0.9233602199390858 -0.9479113745158156 -0.9100475335191529 -0.868379428551564 -0.8487585051426951 -0.7203567087799112 -0.6822834041321756 -0.5764524553371643 -0.5235712046998656 -0.38753511532399965 -0.3148606317462292 -0.19752056479053037 -0.07835345689392742 0.01715167661827265 0.09862792327301399 0.21808929139838662 0.31731493933496474 0.40917609927399534 0.5156112080274251 0.6164349259710966 0.692891546878454 0.7559012953852706 0.7563476299657537 0.8464755756127625 0.9090872322405902 0.9547587103465425 0.9920525002160326 0.9972902708924496 0.9974577831125019 0.9927790835668695 
0.2545894196659673 -0.9616239219496512 -0.9406256550349839 -0.8678707714376093 -0.813102781422424 -0.7476057379284192 -0.7113712003431881 -0.592211837367257 -0.5233964555429288 -0.4381141702590524 -0.3142978459434215 -0.1969499582932298 -0.13824466687791181 -0.005728285310715735 0.09432385548735273 0.21603193278039942 0.2616644260866448 0.38512564718499764 0.48721560911307715 0.578940566985279 0.6736764558806609 0.7551003731483584 0.8045387410018736 0.878832693401139 0.9043480242869664 0.9558489593563103 0.9685971146794679 0.9754996335882147 0.9865997885682093 0.9928949449362885 
0.9128890147184315 -0.9781461583920168 -0.975244073226097 -0.8776354291750903 -0.9053363290909237 -0.8750112705883989 -0.7806926094607578 -0.677858719346333 -0.6151233323510689 -0.6253570123472492 -0.46509517065217393 -0.34735047560574966 -0.28701697215487587 -0.1119174677714526 -0.055351432985267436 0.06546395748947566 0.127367204249382 0.2560867443676837 0.35036530179189773 0.44349230401433976 0.5737459941776196 0.6626957234401032 0.7195709152730728 0.7402800234112445 0.864986701236094 0.9270203532342751 0.9256384298301913 0.9969827060013904 0.9805761224281944 0.9986609463576457 
0.9233201716071725 -0.9571653961472388 -0.9050344641498668 -0.8421998909352748 -0.8088701822455568 -0.7145620155541479 -0.7107444556711631 -0.5617051156725547 -0.5237612516001 -0.38465262664063915 -0.31725191827502425 -0.19603186635976474 -0.08069207541854605 0.019712500479281865 0.09300593490832046 0.23506684953783877 0.26097960548429866 0.40795443139248 0.5169855937318157 0.6158060619879925 0.6921768024831666 0.7746441219939829 0.8038625505862054 0.8780512962623426 0.9077710496420123 0.954751570927985 0.9803605384249262 0.9979418701490425 0.9981761506073096 0.9931642386040506 
0.9201010485195662 -0.979227302449079 -0.9536804419770174 -0.8678735901457726 -0.8044559199456626 -0.7739674585976022 -0.7127523536953558 -0.5923204756839696 -0.5225429105244106 -0.41140135803544087 -0.37056505489469765 -0.26607072461260833 -0.14363184689786385 -0.004501647177704439 0.09733447343567368 0.17404297126486587 0.27391393136693926 0.32604273239277654 0.48798086182043393 0.582861294110162 0.608862156519322 0.7563416440897862 0.8218902383008811 0.8474878031877527 0.88621650369153 0.9572801087726526 0.9684175249766914 0.9974127377465358 0.984362140159138 0.996290335257544 
0.9221769302633893 -0.9639655395772627 -0.9124172514198036 -0.8673763458931343 -0.8086606497574298 -0.7439687750625585 -0.7118283650089512 -0.590899075427493 -0.5253058283271496 -0.4105754029113565 -0.31492657293359944 -0.20092519329962277 -0.07791841067280525 -0.02700303127169263 0.07801160106121204 0.23506684953783877 0.3159627048551078 0.43872262261190015 0.5168682421302212 0.5774440222166961 0.6915166483800319 0.7583177928955844 0.8038625505862054 0.8780672964833908 0.903499780045138 0.9544623306565074 0.9803605384249262 0.9979418701490425 0.9993875213421244 0.9947730367931092 
0.9201032159212197 -0.9514921336722695 -0.9532104568733742 -0.8787114852953448 -0.8647880834077267 -0.806937335737774 -0.7219821332698376 -0.5924781689186251 -0.5249032545922878 -0.41062806894942866 -0.36900680263676094 -0.2654310372895615 -0.1596565130104588 -0.05045358343946621 0.059811770368836906 0.17139014679165754 0.2593720625036138 0.3631580216252033 0.4838251753757043 0.5287727226137994 0.6196622430651618 0.6738048454143096 0.7610949894744771 0.8787879581733857 0.9030667493662466 0.9755420880380783 0.9681249641601732 0.9923945404421625 0.9990344612463011 0.9984611415081311 
0.25406547071800134 -0.9612569984980871 -0.9215907834948447 -0.878486519801505 -0.8082326452207312 -0.7449663072425349 -0.720461260325614 -0.588814786431358 -0.5221017691744826 -0.4117544716380669 -0.3148555801490915 -0.19682343983116862 -0.13248393146223283 -0.010223451157073465 0.08848182468844891 0.21602568816849704 0.27214904426670966 0.3847510913045775 0.48694015166984667 0.5784115311947304 0.6083102214420455 0.7549457443776565 0.804515897546605 0.8784684850684163 0.9043480242869664 0.9557103821735171 0.9672021480435259 0.9963330039241839 0.9866008329655562 0.9986642296288012 
0.9146280092898975 -0.9593552602625548 -0.938743608136283 -0.9311308091162291 -0.8704868667682183 -0.8417957965049492 -0.7642012426408586 -0.6572519158290286 -0.6226477646747682 -0.4992342871485228 -0.4654823711318354 -0.34300569896650007 -0.2282401034656919 -0.11512018850135783 -0.056373408217920584 0.06423658236216359 0.20808372004789993 0.3281894030889329 0.38377227899089705 0.4772952089175562 0.5431916430734219 0.6709057605668426 0.7581700659511944 0.8195024250236402 0.8807699739665537 0.9127833289785815 0.9450803302612095 0.9917960446365184 0.9969091208086374 0.9993794736958808 
0.9146309990623196 -0.9885915781624983 -0.9591106313968997 -0.9274752873352583 -0.897998564325795 -0.8399242637208096 -0.7642704985221193 -0.6801056764238469 -0.6176052417260145 -0.5408609689905011 -0.46466369212479747 -0.3460729128850838 -0.228177486373696 -0.11402962931465754 -0.05549027552137646 0.06291483414534957 0.1794900040872611 0.32819012056825486 0.3937637861828648 0.5288541210889256 0.5436343802155816 0.66340737619769 0.7194285687747404 0.8196018333335454 0.882760629262816 0.9242134173039054 0.9446014095012156 0.997316750456642 0.9859431451567845 0.9949578257958475 
0.923245943357284 -0.9571653961472388 -0.9050344641498668 -0.8421735434324613 -0.8088570571950867 -0.7145620155541479 -0.7107444556711631 -0.5617051156725547 -0.5238116584744366 -0.38465262664063915 -0.31560309353316696 -0.19727714994498535 -0.08069207541854605 0.019712738614249225 0.09300593490832046 0.23547407623458302 0.31548366361947866 0.40795443139248 0.516869139726083 0.6158060619879925 0.6914688798917995 0.7746441219939829 0.8038625505862054 0.8781921665798106 0.9077710496420123 0.9624540226101747 0.9803605384249262 0.9979418701490425 0.9878279079478005 0.9947673594996557 
0.923245943357284 -0.9571653961472388 -0.9050344641498668 -0.8421998909352748 -0.8088714389739345 -0.7145620155541479 -0.7107444556711631 -0.5617051156725547 -0.5238006537078062 -0.38465262664063915 -0.3172462191918991 -0.20090490511409287 -0.08069207541854605 0.019712738614249225 0.09300593490832046 0.23506684953783877 0.31548366361947866 0.40795443139248 0.516869139726083 0.6158060619879925 0.6914688798917995 0.7746441219939829 0.8038625505862054 0.8780510121517195 0.9077710496420123 0.9544223812383482 0.9803605384249262 0.9979418701490425 0.9982182853960699 0.9947532928680136 
0.2568953420660971 -0.9607055718625962 -0.9056714199430638 -0.8785038039026265 -0.8068623407645776 -0.7457267714338559 -0.6810356170144316 -0.5923195313230061 -0.5217536014782995 -0.38574849358343033 -0.31534121852161473 -0.19730792906642847 -0.07786652144610491 0.018929661132495224 0.0970066278879221 0.21681432647055196 0.31530704984655583 0.4407906305432956 0.48915424434333865 0.5830470644243417 0.6758869821721 0.758319991287561 0.8048623045335127 0.8784987654167344 0.9053762537617844 0.9548575817065404 0.9667347465949203 0.9973628467060217 0.987511373654144 0.9929506434207795 
0.9175945565803695 -0.9620672590488575 -0.938743608136283 -0.9311179323690103 -0.8704868667682183 -0.7743025784871607 -0.7599371420592717 -0.6572519158290286 -0.5398317519494966 -0.4996246492082429 -0.39828303408111077 -0.2856850296570577 -0.21582407093175393 -0.07688744798259273 0.026322242597909766 0.11902582286418552 0.20808372004789993 0.32904016364481997 0.38377227899089705 0.4772952089175562 0.6235973017771641 0.6709057605668426 0.759220114718951 0.8164568539328955 0.8807411172491709 0.9127833289785815 0.9873436260456149 0.9917960446365184 0.9969091208086374 0.9994362380341306 
0.9128890147184315 -0.9789420097896274 -0.9754294433910223 -0.9428691681164114 -0.8980037590644411 -0.8785494000538024 -0.7798211638444391 -0.6798415050303428 -0.615125400496582 -0.6256375376150317 -0.46572353769156516 -0.3473200679493282 -0.28701697215487587 -0.111992917019368 -0.055372968330494717 0.06545345087074449 0.12734297171710401 0.25608544696361457 0.3503651007545065 0.5314295981436317 0.5725526478852001 0.6626957234401032 0.7181329504918265 0.7402542363754011 0.8652292887617609 0.9272438409684187 0.9253201966858295 0.9969827060013904 0.9805761224281944 0.9985081807323993 
0.2545894196659673 -0.9616239219496512 -0.9406256550349839 -0.8678707714376093 -0.813102781422424 -0.7476057379284192 -0.7113712003431881 -0.592211837367257 -0.5233964555429288 -0.4381141702590524 -0.3142978459434215 -0.1969499582932298 -0.13824466687791181 -0.005728285310715735 0.09432385548735273 0.21603193278039942 0.2616644260866448 0.38512564718499764 0.48721560911307715 0.578940566985279 0.6736764558806609 0.7551003731483584 0.8045387410018736 0.878832693401139 0.9043480242869664 0.9558489593563103 0.9685971146794679 0.9754996335882147 0.9865997885682093 0.9928949449362885 
0.9150387629269481 -0.988593158280501 -0.959109837685501 -0.9239480811609759 -0.8980483258874313 -0.7755313322898731 -0.7393926043777131 -0.6784425317246161 -0.6102612232754769 -0.5414651000304351 -0.44801163244714715 -0.28995339057541775 -0.227854071598866 -0.11241341144557875 -0.06419048436895261 0.06476286966250303 0.17930100950879418 0.3268319387530595 0.3763728716268323 0.5288541210868416 0.5737459706532873 0.6442542742970947 0.7194673042466162 0.8117042533296379 0.8813832294730441 0.890975686730548 0.9450953400173132 0.9988899310184126 0.9860000227391909 0.9942741850644438 
0.9128949495939511 -0.9781501836159603 -0.9752821727531776 -0.8778445556744309 -0.9053363290909237 -0.8683790666535952 -0.7806926094607578 -0.6788815550082449 -0.6136567863504958 -0.6253570123472492 -0.46509517065217393 -0.34735047560574966 -0.21525573351161903 -0.1119174677714526 -0.055351432985267436 0.06546395748947566 0.127367204249382 0.2560867443676837 0.3516677871581122 0.44349230401433976 0.5737459785757881 0.6626957234401032 0.7196625745424889 0.7657402615265922 0.8428160616379331 0.9281126444644863 0.9260849743571963 0.9969827060013904 0.9805761224281944 0.99863313257345 
0.25040101553649974 -0.9788417571135859 -0.9553058559598614 -0.867841563310418 -0.8688538594275728 -0.7738117497109338 -0.7596788219628802 -0.5928428065080011 -0.5610744237327354 -0.5005933236597752 -0.39826227375271284 -0.2669281404219727 -0.21545683114240635 -0.07693795559805916 0.02285458076500077 0.10589632185954102 0.21900436170182774 0.3261627753431104 0.42090885839049946 0.5290921477589122 0.5731470946564889 0.6633147231000845 0.7575420987941003 0.8107373706848683 0.8813583448461152 0.9103034786503653 0.9874547217980544 0.9923129714523892 0.9834233199990333 0.9993228807126657 
0.25040101553649974 -0.9788417571135859 -0.9553058559598614 -0.867841563310418 -0.8688538594275728 -0.7738117497109338 -0.7596788219628802 -0.5928428065080011 -0.5610744237327354 -0.5005933236597752 -0.39826227375271284 -0.2669281404219727 -0.21545683114240635 -0.07693795559805916 0.02285458076500077 0.10589632185954102 0.21900436170182774 0.3261627753431104 0.42090885839049946 0.5290921477589122 0.5731470946564889 0.6633147231000845 0.7575420987941003 0.8107373706848683 0.8813583448461152 0.9103034786503653 0.9874547217980544 0.9923129714523892 0.9834233199990333 0.9993228807126657 
