0.007901700958075741 0.4677047944211631 0.4831896244763507 0.580572781525042 0.6305780869122399 0.6782855474921227 0.7822361745811245 0.878044548013065 0.8777913364362706 0.9747833817819602 0.9415321122086442 0.9886373148993072 0.9874681761272539 0.9781157226853013 0.9788352419332284 0.9264584536922527 0.9464444250687193 0.905894782005449 0.8635658868156713 0.6258126341431023 0.6738382550454625 0.6760878301815806 0.5513822622486074 0.33003776158134424 0.3528236647586483 0.13465853228226135 0.1619392744222419 -0.12247585064612186 -0.04780257879685787 -0.28194807745314066 
0.9474356171504726 -0.7129250206819147 -0.6192779204545161 -0.555598182539577 -0.6060674687923202 -0.36466842159313934 -0.3638207476499633 -0.15967693478615222 -0.34784394658668166 0.06912927611445051 0.062455251134306285 0.24871828779382452 0.28777150200465007 0.4169403036748008 0.5381230259376357 0.6096762947864522 0.6940050938212654 0.7586315838860234 0.9001759326127923 0.8928478002205931 0.9189869774510183 0.9605948624130064 0.9886374041915088 0.9995565761188954 0.9632465038995245 0.9833310479340595 0.8556538069445355 0.918550767990067 0.9210328624360876 0.8315643129114945 
0.02748333842249584 0.5904520983136052 0.6217389674316302 0.7562260339350628 0.7294511428297114 0.8919184940702709 0.8055117882784445 0.9781617388439238 0.9047268452885839 0.9686977576024278 0.9411210701302153 0.9604481394991856 0.9891622777055504 0.9536671912171037 0.9058974861962785 0.868929710937603 0.7840871541007715 0.6386668714348022 0.7961075699255146 0.5032283406242309 0.5395304083365238 0.3706327007237357 0.27396868395136814 0.20833429785216445 0.08429614757138211 -0.016208965220989534 0.15516495591166246 -0.28387950166927034 -0.31700070477604814 -0.5306137029558944 
0.6133221849803696 -0.7178147791547013 -0.6081713999475136 -0.5555981825089344 -0.6041336080903111 -0.36577513722696176 -0.36448982840327443 -0.15967692966222954 -0.050483155740825354 0.06904714512485975 0.0624626858682811 0.24869862154392328 0.33187007214202136 0.41767690664586127 0.5325853346816519 0.6096762947864522 0.69753412246335 0.7585010251810285 0.9000418843320535 0.8928718457214974 0.9090857796046388 0.9605974336616445 0.9889998845955774 0.9993118764943139 0.9666123793929817 0.9833327238671326 0.8554429711879885 0.965022391977491 0.8073572428203379 0.8315644931327281 
0.34124332967049686 0.46584278305394916 0.45303400607032535 0.6033371307098641 0.6301192336720498 0.6799818284127092 0.7791826458316372 0.8680801920045123 0.8777834127341018 0.9246752311729345 0.9397831328041933 0.9637667111711834 0.9859297874674541 0.9779448120951435 0.9635819715386369 0.9906326134079085 0.9462919196481259 0.9288934920098173 0.8468193619682196 0.741767124608653 0.7000870209215966 0.6811328656397999 0.547809165107873 0.3575082016708052 0.34513670177390915 0.13457115896479777 0.1656610676963365 -0.06632202690054374 -0.04753180609097189 -0.23080845737191227 
0.3568809396258445 0.5901022795036129 0.788570961029844 0.733947230568107 0.7363791859564092 0.8905946924020104 0.6305083710049262 0.9464968651566525 0.9051503139322072 0.9949661033532103 0.9503654413012528 0.9714171417642758 0.9883805467798771 0.9534121582262558 0.9009724842937626 0.8717529797338793 0.7928270075238484 0.7179280663208945 0.7961035767423829 0.6195517987562741 0.33311199214429454 0.367134410984885 0.2775115377245203 0.20833559102188276 0.0699707349878034 -0.015896724160448676 -0.00979701231812173 -0.2421463718076967 -0.31973090455698333 -0.40965756665454744 
0.9426734642907587 -0.7129641957535625 -0.5946591000243148 -0.5564133527809754 -0.6060161154294186 -0.3660682960469344 -0.36359320111584736 -0.19881610227841504 -0.12752905771014342 0.06912928232582068 0.06267559676846428 0.24764102929925585 0.33218713777211545 0.2731040220371173 0.46607347086416984 0.6096762382814643 0.6852879911502788 0.7583289310501193 0.8733513066011231 0.8895347392838313 0.9186060469666869 0.960403583441307 0.9896025699914923 0.9995419330489684 0.95285368839976 0.9833310473712753 0.9228976729284047 0.9664875657001352 0.9209585367378297 0.8882926484135042 
0.34124332967049686 0.46584278305394916 0.45303400607032535 0.6033371307098641 0.6301192336720498 0.6799818284127092 0.7791826458316372 0.8680801920045123 0.8777834127341018 0.9246752311729345 0.9397831328041933 0.9637667111711834 0.9859297874674541 0.9779448120951435 0.9635819715386369 0.9906326134079085 0.9462919196481259 0.9288934920098173 0.8468193619682196 0.741767124608653 0.7000870209215966 0.6811328656397999 0.547809165107873 0.3575082016708052 0.34513670177390915 0.13457115896479777 0.1656610676963365 -0.06632202690054374 -0.04753180609097189 -0.23080845737191227 
0.6076533717883634 -0.7176460471570866 -0.5949032549135929 -0.5529215380292646 -0.5953966173704766 -0.3658794702229401 -0.36378370803592697 -0.34293565918446567 -0.13230364078763387 0.06905161076300059 0.062460124617503825 0.1966065313426464 0.28773215150545384 0.4708087089318802 0.49206823098920005 0.6096762390830679 0.6853102889140582 0.7585038446177051 0.810532213827259 0.8932900119263487 0.919168526063446 0.9837555548700508 0.9892086402076673 0.9991337040447374 0.9636916094981492 0.9833325580930835 0.9271962795138452 0.9708071554470039 0.9394277694570505 0.8314842881852337 
0.9426734642907587 -0.7129641957535625 -0.5946591000243148 -0.5564133527809754 -0.6060161154294186 -0.3660682960469344 -0.36359320111584736 -0.19881610227841504 -0.12752905771014342 0.06912928232582068 0.06267559676846428 0.24764102929925585 0.33218713777211545 0.2731040220371173 0.46607347086416984 0.6096762382814643 0.6852879911502788 0.7583289310501193 0.8733513066011231 0.8895347392838313 0.9186060469666869 0.960403583441307 0.9896025699914923 0.9995419330489684 0.95285368839976 0.9833310473712753 0.9228976729284047 0.9664875657001352 0.9209585367378297 0.8882926484135042 
0.6076533717883634 -0.7176460471570866 -0.5949032549135929 -0.5529215380292646 -0.5953966173704766 -0.3658794702229401 -0.36378370803592697 -0.34293565918446567 -0.13230364078763387 0.06905161076300059 0.062460124617503825 0.1966065313426464 0.28773215150545384 0.4708087089318802 0.49206823098920005 0.6096762390830679 0.6853102889140582 0.7585038446177051 0.810532213827259 0.8932900119263487 0.919168526063446 0.9837555548700508 0.9892086402076673 0.9991337040447374 0.9636916094981492 0.9833325580930835 0.9271962795138452 0.9708071554470039 0.9394277694570505 0.8314842881852337 
0.3568809396258445 0.5901267991666254 0.7930932141788589 0.7599049815465178 0.797515106412906 0.8917787467104571 0.8060509476669606 0.9454854050635391 0.9051503139322072 0.9949593952922985 0.9402689381525011 0.9468800143395005 0.9322658648555586 0.9534821720642487 0.9009502701992557 0.8717529797338793 0.7558212872582606 0.7179280663208945 0.7105514491669707 0.6155385970735575 0.3333922752661133 0.367134410984885 0.2775776076597351 0.20833550675611717 0.0699707349878034 -0.015255564013914688 -0.00979701231812173 -0.2188219162712025 -0.31973090455698333 -0.409654786516265 
0.9475317248165632 -0.7178131422028176 -0.6085168323227333 -0.5555981825084191 -0.6041589856913395 -0.3658516388981661 -0.36448982840327443 -0.15967692966222954 -0.0693659900791467 0.0690461268883836 0.062455195910296774 0.24869862154392328 0.28783826360007947 0.41767690664586127 0.5325853346816519 0.6096762947864522 0.6939419802833486 0.7585010251810285 0.9000418843320535 0.8928718457214974 0.9090857796046388 0.960597348165116 0.9889998845955774 0.9995527575268369 0.9635095726663674 0.9833327238671326 0.8554429711879885 0.9172712588513942 0.9230026511875795 0.8315644931327281 
0.9436578665082567 -0.7129641957535625 -0.5946591000243148 -0.5563725281226076 -0.6060161154294186 -0.3660682960469344 -0.3636569463852481 -0.19782744920163595 -0.12846251513672488 0.04663949722880685 0.06267559676846428 0.24764102929925585 0.33282860423860794 0.2731040220371173 0.46607347086416984 0.6096762382814643 0.6852879911502788 0.7583289310501193 0.874861538457466 0.8895347392838313 0.929615733443504 0.960403583441307 0.9896032802560077 0.9995419330489684 0.95285368839976 0.9833310628393246 0.9260627155696255 0.970380492919605 0.9209585367378297 0.8301661375972518 
0.607825587713706 -0.7178710159119794 -0.8090625059579579 -0.5554648324800733 -0.6326994701720285 -0.36456973889791805 -0.3649516023480506 -0.15965851639529052 -0.128437613841772 0.06922696071052245 0.06268361213946429 0.1953532924445523 0.28773215150545384 0.4172711602337749 0.465142145924813 0.6096763064062747 0.6852789507601282 0.7521528380014059 0.8749008783949849 0.7920764215924977 0.9296182694687365 0.960216117042343 0.98963547543935 0.9995669972433422 0.9630424272528204 0.9833334681090524 0.9259077623319123 0.9703125315265186 0.9423141071048151 0.8315611046664242 
0.008741070392337617 0.465871239566537 0.47767256335067054 0.5856584846738028 0.6682706601581251 0.6799844475277192 0.7815990554363326 0.8760480210015846 0.8774270990361871 0.9749730700539652 0.9455754884469381 0.9404859842137043 0.9861489315366927 0.9787910380633603 0.9635838233808703 0.9645042412261393 0.9438019054595855 0.8982898194734031 0.812497565490431 0.771019245456347 0.7002801107973733 0.6814034160908554 0.47547241652150224 0.32166147680467916 0.3160637310747446 0.2242489468302546 0.11320995343442643 -0.1342459311266051 -0.04783666066800804 -0.26585062070809706 
0.3432056973117084 0.46779429977663256 0.48417373985192924 0.580943754483838 0.6370857790780973 0.6728061669781747 0.7824746783754473 0.8766067371301769 0.8777841608720102 0.9245261319078543 0.9398591757670053 0.9634626840824737 0.9877686176628203 0.9784272900004186 0.9786209538688132 0.996121788569098 0.9430296437426731 0.9283619799610677 0.8126152798662111 0.7416935835536653 0.6736857149429548 0.6809997361844151 0.552927750183946 0.46505203943466594 0.2965623220129782 0.18711761232249116 0.16566221152489055 -0.06627484707612111 -0.055246587786516456 -0.230768554934871 
0.027290241663686366 0.7092737997301325 0.6217348863645599 0.7562307875928505 0.7295579714187691 0.8919184940702709 0.8055117882784445 0.9449997257737601 0.9047295612330404 0.9659038739121237 0.9411210701302153 0.9594187674846826 0.9891622777055504 0.9537688574271236 0.9058974861962785 0.868929710937603 0.7841317571618002 0.6386668714348022 0.7961114206881279 0.525309791685268 0.5389339762728034 0.37063133781053215 0.27396868395136814 0.20833429785216445 0.07020593802108266 -0.016208965220989534 0.14300389747463021 -0.28387950166927034 -0.31700070477604814 -0.5305458848888321 
0.009462704823310263 0.4676753440394547 0.4829876816710507 0.5805274695365135 0.6363309354797568 0.6764102480265207 0.7789186480127317 0.8763012937547752 0.8948662094044364 0.9774381990797463 0.9397642285653273 0.9418777577859817 0.9849592402504532 0.9787678327397662 0.9693269297524244 0.9263012685166057 0.8854740924102564 0.9169091404750872 0.8454287974328843 0.7335072614079798 0.6712289767086471 0.6759862804229779 0.551888659456573 0.3633672418452269 0.3137655393939602 0.21769568450662155 0.1130827309471481 -0.012033792366587154 -0.07277300964220984 -0.2334657532432286 
0.9468261185392362 -0.7178016518026741 -0.6085133181624449 -0.4978358756994433 -0.5975531345023444 -0.4034315630836171 -0.3643040137046194 -0.1596593373317231 -0.05047492517254865 0.0690470345206157 0.0626868184937821 0.20142377965411673 0.3354874313638858 0.41739572379798573 0.4659384416594757 0.6614252762111057 0.6844679282699005 0.758560823499088 0.8111635760762235 0.8928698724367297 0.9188877677775812 0.9833961897006541 0.9983010010425246 0.9862326156273835 0.9664193876085944 0.9833325580930835 0.9227438901885281 0.9712457708377487 0.9394356244331107 0.8315594669415945 
0.020700603631873152 0.5837696129518367 0.6241941073738152 0.7560313720957581 0.7988589933142475 0.7798883639648178 0.9542681573519903 0.9421879264916383 0.9768960146545199 0.9707458349728735 0.9416165169996417 0.9458630384458637 0.9864079918337773 0.953574460237173 0.9001084095605943 0.9153003416708578 0.8759610449533866 0.7503680767756828 0.7132479893516195 0.567708300068272 0.5325286439181248 0.5304414061491038 0.33383027988308933 0.21461570817030157 0.0464592415677735 -0.014710462102801624 -0.0765431012349249 -0.2200120735318133 -0.2900788526723961 -0.4091504503730468 
0.02736413076783445 0.6700942127801058 0.6243446868190236 0.756251901539761 0.7991969311508269 0.8821659058786707 0.8049653476351616 0.9466537934204644 0.9645789563369869 0.9684244091231697 0.9371740737048949 0.9619250255207228 0.9346360668360766 0.9585470710968874 0.9002554807928105 0.8710238793122631 0.8759599110431575 0.6384917476009242 0.710223261680931 0.5660963378405977 0.5330051061721223 0.37605449560714765 0.33653498292567824 0.20831787131049315 0.048664958217616135 -0.014782438105518488 -0.24765531032270865 -0.2151800092201408 -0.2895656108537762 -0.5266267749847747 
0.02741353310836239 0.5908804531647796 0.6444047462799282 0.756251858875368 0.7352736024300397 0.8840608188337209 0.8044371692286011 0.9466210726056937 0.9050531691886138 0.9947068862647134 0.9413815751394365 0.9610005352045355 0.9878375175399263 0.9577095423339361 0.900439742019545 0.868929710937603 0.7925556052394771 0.6357887592720907 0.7961075699255146 0.5194444818504903 0.5759518732228043 0.37068935093638905 0.10601862437985088 0.20840452839078147 0.08427877300288557 -0.016107080867099565 -0.009545639826569193 -0.3183961631689093 -0.3151398297979307 -0.5282327303912764 
0.009462704823310263 0.4676753440394547 0.4872240645062473 0.5797334947743102 0.6362669511555193 0.6764102480265207 0.7942242320349616 0.8692470956068904 0.8948662094044364 0.9749526892282998 0.9402275663926039 0.9395710544789115 0.9849592402504532 0.9779942278366536 0.9695137929490528 0.9642300736544045 0.9461661265369172 0.9271795633030924 0.8454287974328843 0.7335072614079798 0.6711972418514791 0.6439628187177766 0.5512465032486454 0.3633672418452269 0.31465342992330503 0.21769568450662155 0.1977063577702407 -0.012033792366587154 -0.07344356961506779 -0.2334657532432286 
0.6102230982570336 -0.7179431858764124 -0.5946115621882065 -0.555598182539577 -0.6330953540510242 -0.36466842159313934 -0.3638060494598043 -0.15967667424459228 -0.130729069208404 0.06912893106938957 0.0626791670821128 0.19599953603604742 0.28777202692707865 0.4169403036748008 0.5381230259376357 0.6096763057844944 0.6939966223545844 0.7586315838860234 0.9001759326127923 0.7836107326029488 0.9190249575903942 0.9601914288736153 0.9886374041915088 0.9995565761188954 0.9630412850373717 0.9833334871755504 0.9263683788197866 0.918550767990067 0.9210328624360876 0.8315643129114945 
0.02220071863397599 0.5919279677662287 0.6459614181969897 0.7474676251159911 0.7988100576621948 0.8453306856953077 0.881343312093967 0.9675393130264593 0.9039975012431222 0.9686698181521948 0.9413835119303937 0.9722217027976459 0.9908437262930943 0.9655869004456804 0.9001325527104227 0.915229113784372 0.7926994136117567 0.7588052275739179 0.6465233061894144 0.6247114122624945 0.5324054524743301 0.37622389448936855 0.3340953768569917 0.14421077105820093 0.04974936856427316 -0.017415513200082007 -0.0657755939568191 -0.2247368180414688 -0.2930191897820497 -0.40861936733883464 
0.0272865291535997 0.5902784050517632 0.6207405912859324 0.7565639219719621 0.7342899910057012 0.8840608188337209 0.805237683159087 0.9464923622158554 0.9046458860538098 0.9659380163639364 0.9417932466938493 0.9713347429489582 0.9878375175399263 0.9583177564971865 0.9010377404566305 0.868929710937603 0.7903598770498015 0.6386731508628338 0.7961114894667174 0.5242778840230131 0.5758421911458944 0.37068935093638905 0.27396868395136814 0.20707161456067788 0.07028627213121312 -0.015897020722836972 -0.009545639826569193 -0.24403688131797718 -0.31507278870496874 -0.5282327303912764 
0.011025296467919398 0.4677852504990439 0.48706458007371856 0.5798316000818333 0.642279013090082 0.7970405406106178 0.8054452686266722 0.8680952724419281 0.9388702340213947 0.9774370510900761 0.9394926917271105 0.9408624766419914 0.9914608196750354 0.9958050983769848 0.9598896455219353 0.915447937635318 0.8863489694670725 0.9166687988834086 0.8126134634245864 0.7337781494187338 0.6712358168579782 0.6830108525775586 0.4610593258121639 0.3705838788454112 0.2969360054886142 0.13500034619882514 0.11637312549473167 -0.011625592146777691 -0.07321421470583139 -0.2322288619231009 
0.3568809396258445 0.5902768043649621 0.6207958870303976 0.7470203448584836 0.797515106412906 0.8917787467104571 0.8071879738311741 0.9917990043400835 0.9413827613262605 0.9950039913952275 0.9724617540119473 0.9720547412016507 0.9866690990002198 0.9534821720642487 0.9009502701992557 0.9128830432050803 0.7558212872582606 0.7179280663208945 0.7105514491669707 0.6155385970735575 0.5194007763563662 0.4477999595959696 0.27664884864178957 0.20833550675611717 0.06852640041585122 -0.032119168045728355 -0.00979701231812173 -0.20384701827552154 -0.30815935247102294 -0.409654786516265 
0.018335140843920357 0.4645104910318427 0.6184672615603841 0.7570833792720354 0.7981867722931935 0.79516639985662 0.841374901441101 0.9447910186906421 0.8808608215268121 0.9756538424176061 0.9410027426065263 0.941000572082798 0.9861215246208928 0.941353990796509 0.9003876109909352 0.9151327063102306 0.8774872751837277 0.7531399762740362 0.7132479893516195 0.6665085341659416 0.5262009193249344 0.523677517799303 0.35584711442251227 0.21179112829765942 0.08323048337127581 -0.03259412877587943 0.012574991859381861 -0.1421457758517046 -0.2490514756383589 -0.40718003125866653 
0.3519506064658985 0.5847611583866983 0.5458097713389424 0.7562514886238991 0.8000803078494649 0.8482155921318152 0.9603703047613388 0.9447910186906421 0.8820238648722811 0.9954453980747906 0.9698060305492245 0.9459831981809663 0.9812865399992352 0.9535752257942588 0.9004141529237605 0.9153877861366191 0.8775339309722343 0.7504424185736134 0.7156157209340187 0.6381805750999445 0.47314164897562405 0.5303097209874524 0.3558464133028695 0.32496587418869455 0.08427628488840709 0.03334976374675709 0.011890736649784687 -0.1484273809330633 -0.2900168152442164 -0.4062930693174685 
0.012883203697292728 0.46780827979736145 0.5346711684275799 0.5803461976628242 0.6415513126783571 0.8385224432587065 0.8053457790208776 0.8741894706964205 0.924561701777113 0.9331413465254135 0.9404213838662229 0.9430448746651199 0.9922959296671456 0.9879658357677491 0.9635503316098748 0.9613262425801861 0.8867754349984607 0.831926712786514 0.8126963395619069 0.7385154497046791 0.6693703645174232 0.49146056913277325 0.4641651868728636 0.3261900846091016 0.30153185142106903 0.13387400939749863 0.10393621861074492 -0.05714132720831942 -0.14821852691997084 -0.23045079301371396 
0.027113602071108984 0.5847458854335311 0.6206326470036239 0.7565639219719621 0.8002597957653637 0.8837483864975443 0.9557982594264076 0.9464923622158554 0.903890080839493 0.9659380163639364 0.9413875705906454 0.8709160188549996 0.9877136884789416 0.965631274707734 0.9010192220286141 0.9152014704935615 0.7924586897649417 0.6365194027975245 0.6464569034654493 0.5258427601364634 0.5308164201851586 0.37068935093638905 0.273316748248035 0.207615435922483 0.04982198392874043 -0.015897020722836972 -0.009340254907113345 -0.24403688131797718 -0.31507278870496874 -0.5265569787568485 
0.020700603631873152 0.5837696502255432 0.6238552403009564 0.7562376208068493 0.8163662117382775 0.7798883639648178 0.9530723020207827 0.9422009751049472 0.97376752541251 0.9707516877634834 0.9710348120146706 0.9455993070112738 0.986406648737301 0.9479584924120737 0.9004162249373967 0.9153003416708578 0.875960463751011 0.7503087150573857 0.7132479893516195 0.5689658269503947 0.5340026088414658 0.5303157849716016 0.3331551789106063 0.21463995968963123 0.08428767826099348 0.033116915017359305 -0.0618546861218585 -0.033121319012422365 -0.288519330100426 -0.4086830957191404 
0.012413202199618082 0.46775367001888574 0.48336017300349454 0.5798253606950163 0.6422638426123763 0.8382134765508773 0.8264356151720276 0.8674184178560213 0.8768772034695835 0.932181175080529 0.9541333092836604 0.9408624766419914 0.9893488795044226 0.9986403245531819 0.9636034719154217 0.9150882181186485 0.8863664276317231 0.8741564338252853 0.8128038624096859 0.7385247322150379 0.6712126782923876 0.6830852510678205 0.4640757020853508 0.2136123962685461 0.2969401756869534 0.1338609228746285 0.11287266441476713 -0.011625592146777691 -0.15334794997348616 -0.25855799284913006 
0.3459124165308174 0.46647881843764666 0.5265713246541966 0.5855465756671272 0.6634420253401928 0.7910836865193174 0.7802857511492537 0.8724069738359164 0.877426096637515 0.9717551084714916 0.9455189939621732 0.9873096900384384 0.9861517471030836 0.9778511881748794 0.9637687827866303 0.9248531794748979 0.8820638101514636 0.8975074258364291 0.8126668466434438 0.7713887837451159 0.6735148158564587 0.4912644045945931 0.4688781255702288 0.318857441707288 0.3014463239477139 0.12320395190569411 0.1034319930568889 -0.057585796505736225 -0.07440492366253339 -0.23134891751341846 
0.3556019736014344 0.5848397324750415 0.6127478900439516 0.760085760691608 0.7346485096765878 0.8183572550610446 0.9496435611144018 0.945468437004716 0.8831201308823137 0.995163191484988 0.9698483980712497 0.9456460394308319 0.9877121064427239 0.9657899721419573 0.9009778450434524 0.9019808764055957 0.7914382100703968 0.7606057151412593 0.6427871280047242 0.6165517558717729 0.5323416230896159 0.444077693567714 0.2652537026108459 0.24635557573208694 0.08429691431142086 -0.01646540531599752 -0.07155273609153623 -0.2191795758478718 -0.31513563245834686 -0.4095732962260876 
0.3459124165308174 0.46647881843764666 0.5267765083405823 0.5802285910914208 0.6252658596495634 0.7910836865193174 0.7802857511492537 0.8682941599425633 0.8773701021991381 0.9774407900744307 0.9397327060143088 0.9876653992955446 0.9860425328500839 0.9911255925142588 0.9637687827866303 0.9261850686598965 0.8850263913550221 0.898343399467136 0.8126678316753173 0.7476855197956592 0.671175957776992 0.49043417612652757 0.5443910961277129 0.36036273583694667 0.2989616432514227 0.12125673584622265 0.16785965821664248 -0.05619446515574393 -0.07440492366253339 -0.23127555049719353 
0.3431045038958608 0.4658103463813242 0.47773703357039565 0.5853333234337387 0.6301423859769568 0.6828109312573092 0.7816199360006428 0.8665683294778344 0.8777418606770474 0.9749731513095455 0.9415068111024075 0.9634855779802839 0.9875597213677691 0.9779459578917856 0.9604535323581882 0.9196651005321936 0.9465065120782836 0.8342362678708565 0.8139496035156962 0.7482594130340019 0.6737689316322636 0.6714424215478343 0.5509855944586916 0.33037358740258627 0.3532076260386339 0.13397701885045268 0.1620071079831693 -0.09106662664206866 -0.043730704963325095 -0.2788948782600159 
0.00799250012044475 0.2330438270428572 0.47775176321242513 0.5855059208984695 0.6361674894917085 0.6784862329378285 0.7789360068817373 0.9431337416623581 0.8778057432980672 0.9800383591139552 0.9415507968823492 0.9886361879315205 0.987432785845566 0.9778145321584089 0.9794407508640083 0.9070499727345879 0.9464447897676735 0.9059005309642978 0.8617736417151897 0.7325910860814784 0.6738274494122456 0.6714948066371103 0.5564565708161174 0.3305613427212274 0.34499154717293834 0.121051105110491 0.16556067688295958 -0.06366949578625758 -0.04794389112588195 -0.23344429986065876 
0.008127651267889613 0.4658076202539693 0.4538747730927809 0.6033371307098641 0.6301192336720498 0.6832303268076582 0.8053939019046293 0.8680659021352028 0.8800608024155843 0.924801112802172 0.9409901561671701 0.9408216992347969 0.9347029125072069 0.996187743053578 0.9596944046242679 0.9157637660292275 0.9455687496422889 0.9323680381213898 0.8468193619682196 0.7697241505065541 0.7000870209215966 0.6833706064388899 0.5275305559953484 0.37048226997268857 0.3428553530248896 0.13444461319011514 0.1656610676963365 -0.06632202690054374 -0.0731153193649722 -0.23071615181257712 
0.3519506064658985 0.5847801032412029 0.6162787410804927 0.7562514886238991 0.8000783210471668 0.7792213862434744 0.8373990435045997 0.9447270446724958 0.9773296361555839 0.9705457980062016 0.9698060305492245 0.9455994121029909 0.9805063152956015 0.9535693667706867 0.9001102402311117 0.9153850883790382 0.8759971263676534 0.7526760788693665 0.7156157209340187 0.6713563970724337 0.4731709292600874 0.5303097209874524 0.3558464133028695 0.3229951115989259 0.08657783812216419 0.03455131376172121 0.011890736649784687 -0.14686894648616045 -0.2905980019778563 -0.41080101210775244 
0.02561588896379796 0.5933315719731097 0.607670378343332 0.7562260339350628 0.7983343518955545 0.8453358601963681 0.8330741797826392 0.9464941202626529 0.9046458860538098 0.9691662989835033 0.9402895837808488 0.9609335703714112 0.9878375175399263 0.9538597460828885 0.9003838416622668 0.879198203088013 0.7526701653770019 0.7527354186863806 0.643473131396789 0.5376516160309928 0.5154625045018217 0.3672198239079238 0.2755609745618455 0.21124554831560483 0.0838824552437605 -0.01621172548923633 -0.00964209195588369 -0.28380257434961276 -0.31559439520860655 -0.40965694089066124 
0.008014256163424981 0.46839085313561124 0.4777588129674516 0.5791256363512526 0.6270987583436209 0.7900083012727638 0.7772118107560758 0.943164067338271 0.8784143824855982 0.9331051764565953 0.9415507293568154 0.9886373148993072 0.9874681761272539 0.9778110139303888 0.9775502160482057 0.8844786750585492 0.9464444250687193 0.8344498794155453 0.8635453490872274 0.6275328751908804 0.6745105067232631 0.6714868300160945 0.5562637650342953 0.3303658617416098 0.3523133984212572 0.13465853228226135 0.1619392744222419 -0.06299791610313518 -0.0437220995188632 -0.28082836029033864 
0.3483103422421332 0.46647881843764666 0.5268758962763265 0.5836358559200681 0.6418031462645489 0.8372697508861286 0.8064546055639589 0.8742763303807018 0.9984721153187941 0.9716955527308475 0.9395900751676868 0.9431159556910195 0.9861782291417454 0.9882463909649274 0.9595889124695275 0.8316248962078759 0.8834794658424071 0.8906442294606002 0.812867483833566 0.7393123996599025 0.6275934093919314 0.4912644045945931 0.4688781255702288 0.3181248739894268 0.30143541573915306 0.12324060823833667 0.10395705234059642 -0.05738078856199434 -0.07454217079186948 -0.2336886203478194 
0.6113901204982372 -0.8342809461441211 -0.6081824707462979 -0.5559940672071939 -0.6038006093469768 -0.3660501756649957 -0.3644915657498188 -0.1596593373317231 -0.05047492517254865 0.0690470345206157 0.06268739310380822 0.20143304292422237 0.335267692468788 0.4174631474630252 0.5302196702500799 0.6096327658096496 0.6607393267975702 0.7585160305976584 0.8595089480597292 0.8928698856236428 0.9188915220581163 0.9834462984929049 0.989304069011376 0.9859624919378659 0.9666247904691235 0.9833325580930835 0.856415939345476 0.9692799203521567 0.8085673242772186 0.8315519803147279 
0.007992005702908811 0.2330438270428572 0.47775176321242513 0.5855197897394299 0.6361674894917085 0.6799906725437478 0.7789506081370938 0.872408113665933 0.877421901031295 0.9800383591139552 0.9415508030955815 0.9885508637936845 0.9882294930233055 0.9778145236260745 0.9635007333035117 0.9067251014973485 0.9409648388152022 0.8988507058470067 0.8126703640673502 0.7325910860814784 0.6720972860441867 0.6729143430159928 0.5477015841161682 0.3173929543290065 0.34499154717293834 0.121051105110491 0.16545904439927117 -0.06580489289293946 -0.07245781807761671 -0.23160046154620584 
0.027113602071108984 0.5846826194809114 0.6207405912859324 0.7565639219719621 0.7340943583569242 0.8840608188337209 0.9557982594264076 0.9464923622158554 0.8827350540162452 0.9659380163639364 0.9414770614290001 0.9710385782762887 0.9877136884789416 0.9583177564971865 0.9010192220286141 0.9152014704935615 0.7903598770498015 0.6365194027975245 0.6446102153273002 0.5258427601364634 0.5308164201851586 0.37068935093638905 0.273316748248035 0.20707161456067788 0.07028627213121312 -0.015897020722836972 -0.009545639826569193 -0.24403688131797718 -0.31507278870496874 -0.5282327303912764 
0.02283208331740365 0.5903927750986777 0.6127884017523791 0.7561611670358827 0.7994992119662749 0.8919119570389593 0.8058581775235584 0.9454693790663582 0.9043336200519062 0.9949314946448103 0.9701645833360731 0.9464276349757226 0.9878342350482133 0.8822377580307604 0.9004004961113566 0.8690315949355086 0.790161180963217 0.720083575272846 0.7906663241645548 0.5243176885334845 0.5773341852107008 0.444077693567714 0.26606482834485323 0.20870990002844203 0.07859843471936137 -0.01646540531599752 -0.07322226834763888 -0.2191795758478718 -0.2567030821719652 -0.40965904570134604 
0.012945402201429824 0.46780827979736145 0.5346711684275799 0.5852884902769873 0.6361268379811964 0.7779704899017061 0.7759363133524847 0.8722810659341456 0.9279630005152728 0.9331413465254135 0.9404213838662229 0.9385427502104602 0.9524099213537205 0.9774957982474188 0.9595790169836285 0.9609596874958731 0.9476088172765224 0.831926712786514 0.8447675490421314 0.7328371841101116 0.6696782323989409 0.49730881644922564 0.4641651868728636 0.3261900846091016 0.29733338761257516 0.13387400939749863 0.1170467837587916 -0.05713085008149683 -0.04785084611218388 -0.2813106915634594 
0.022659156234912936 0.5848397324750415 0.6127884017523791 0.7600373420246832 0.7993035793174978 0.8918120603380305 0.9538364020688589 0.9454742452622514 0.882120823715151 0.9949314946448103 0.9698483980712497 0.9461314703030574 0.9877121064427239 0.9535708090371823 0.90038197768334 0.915303354491467 0.7537167872097886 0.7180450886608605 0.6427871173927788 0.6165517558717729 0.532308414249965 0.444077693567714 0.26541289264152007 0.2087082693507296 0.08385364032904857 -0.01646540531599752 -0.07155273609153623 -0.2191795758478718 -0.25234781832687664 -0.40957421679691114 
0.025024045361866868 0.590127334263565 0.620204974336513 0.7562648922335669 0.797889002797776 0.8715072428698152 0.8060520719799112 0.9908422779026872 0.9638173716986868 0.9746987858792137 0.9921444878805193 0.9946150665806278 0.933079635873381 0.9894775468461078 0.9002829299874986 0.8780819239757383 0.7561151012944961 0.6378305744710503 0.7102048142381754 0.6591263336997059 0.43453375222294177 0.2627199194513951 0.2808159579998554 0.21027092854058993 0.06846340648134489 -0.005099372276650771 -0.2484788327318956 -0.20526014067317816 -0.309256097507536 -0.533387147177947 
0.013965787432287467 0.4695113494884163 0.5326062184951476 0.581306307649515 0.7282355552881099 0.8378644861707342 0.8259998303079008 0.8664851928200603 0.9389660894004211 0.9334793754837972 0.9409314063450954 0.9452453916406961 0.9398967251294831 0.995989303186999 0.9598929909548097 0.8861484251290404 0.8867450726721332 0.8424247386311422 0.8128000201228468 0.7385145349151166 0.5871845677796645 0.4914037747613475 0.4359145658422319 0.3704224177961645 0.29701104954700386 0.121881901877222 6.667176185147219E-4 -0.0573695083210266 -0.24346625154168672 -0.23223298894198527 
0.6102230982570336 -0.7179431858764124 -0.5946115621882065 -0.555598182539577 -0.6330953540510242 -0.36466842159313934 -0.3638060494598043 -0.15967667424459228 -0.130729069208404 0.06912893106938957 0.0626791670821128 0.19599953603604742 0.28777202692707865 0.4169403036748008 0.5381230259376357 0.6096763057844944 0.6939966223545844 0.7586315838860234 0.9001759326127923 0.7836107326029488 0.9190249575903942 0.9601914288736153 0.9886374041915088 0.9995565761188954 0.9630412850373717 0.9833334871755504 0.9263683788197866 0.918550767990067 0.9210328624360876 0.8315643129114945 
0.01732009894865627 0.4678079993111789 0.6139880737734739 0.5946539496425698 0.7327106315905582 0.7956792321948963 0.8265543255881537 0.9416902521671462 0.9398601283674695 0.9315101957369446 0.9404400002922797 0.9415248768232397 0.9400342727341572 0.9779308609835743 0.9598923143551287 0.8850938316047313 0.8459757931776453 0.83889106347573 0.8094160795683046 0.7342386525804507 0.5857927031930974 0.5122637600497209 0.4352829492042453 0.3316685945945125 0.2969331681548476 0.04973077482148699 0.004883235511426495 -0.13715385011765818 -0.23542611022720394 -0.2322236203483284 
0.016206254349057148 0.4678079993111789 0.4901631962319629 0.5791346424408587 0.7327106315905582 0.7905115164345591 0.8265543255881537 0.9408457130910202 0.9398601283674695 0.9315101957369446 0.9404400002922797 0.9415194940538072 0.9400342727341572 0.9778116432201733 0.9598923143551287 0.8850938316047313 0.8459757931776453 0.83889106347573 0.7759934076143785 0.768584101165446 0.5819967477110535 0.5122637600497209 0.4381486725301127 0.3316685945945125 0.29694514393035887 0.04973077482148699 0.004883235511426495 -0.13715385011765818 -0.09540369666935562 -0.2322236203483284 
0.0185633474177712 0.590456696929125 0.6072265655208027 0.7590530062048031 0.730598403305915 0.8453470143438372 0.9180021621549945 0.9693577255497874 0.9062677069385324 0.9957909082519656 0.9408762099780954 0.9420746490475592 0.983504405074511 0.9534518435160424 0.8999693987896652 0.9178345670639081 0.8000787093693245 0.7063266616845563 0.7028539047061723 0.6746814933401398 0.5381277326851556 0.5228925514678398 0.3553738777329032 0.2300233390149306 0.11019207628404427 0.05044879177993251 0.01173600496212843 -0.2832799578971451 -0.3064608164840871 -0.4071453387108905 
0.3556019736014344 0.5848397324750415 0.6127478900439516 0.760085760691608 0.7346485096765878 0.8738843799558494 0.9538364020688589 0.9454666281310209 0.8831201308823137 0.9949314946448103 0.9698483980712497 0.9461314703030574 0.9877121064427239 0.9535722119206356 0.90038197768334 0.915303354491467 0.7537167872097886 0.7527904853599547 0.6427871173927788 0.6165517558717729 0.5323416230896159 0.444077693567714 0.2652537026108459 0.24899770274834657 0.08385364032904857 -0.01646540531599752 -0.07155273609153623 -0.2191795758478718 -0.3155901978690227 -0.4095732962260876 
0.34941766325672097 0.46589932644860477 0.49094553838181837 0.5849853304156386 0.7370097355018509 0.7905115164345591 0.8265543255881537 0.9408457130910202 0.8798045128589455 0.9740225388426532 0.9404400002922797 0.9415194940538072 0.9884586917773387 0.9778147729542005 0.960481334115269 0.8859653775479408 0.8492041686665842 0.83889106347573 0.7759934076143785 0.7686661850140835 0.5819967477110535 0.5122637600497209 0.4409756175784274 0.33037561952375205 0.29694514393035887 0.13371805220902477 0.004883235511426495 -0.13715385011765818 -0.09551126206929561 -0.27900261743387805 
0.9468261185392362 -0.7177922579870251 -0.5199601517569418 -0.5533482870993435 -0.6041337535579641 -0.4044025244486448 -0.3637191935328483 -0.1596593373317231 -0.05048406981248954 0.06904584306248952 0.0626868184937821 0.19600089088292735 0.28773215150545384 0.4174631474630252 0.4659309650028431 0.6096762946768176 0.6844679282699005 0.758560823499088 0.8108420884098608 0.8928695452193546 0.9188915463960935 0.9613491881587726 0.988706827437733 0.9862396647115284 0.9666145759360817 0.9833327281532142 0.9237168787698616 0.9712457708377487 0.9394356244331107 0.8315593782539201 
0.025128868325667277 0.5935655601948376 0.607670378343332 0.760084127003144 0.7993954307547405 0.844935328238558 0.8351168273361338 0.9455160316900151 0.9046458860538098 0.9704115630159262 0.9696576741567042 0.9604481394991856 0.9878375175399263 0.9578676819200126 0.9003568662510244 0.9144689346360223 0.7861329270118368 0.71793175652433 0.6434580131298681 0.515234542574885 0.5326391337549068 0.36712262855239003 0.2655496515670587 0.2086034212993452 0.0843257292261328 -0.016220855128920856 -0.00964209195588369 -0.28380257434961276 -0.31495209172572686 -0.40965694089066124 
0.6135006282578114 -0.7178710159119794 -0.6159910350535154 -0.5559835514858685 -0.6036998382609561 -0.36456973889791805 -0.3649516023480506 -0.15965851639529052 -0.128437613841772 0.06922696071052245 0.062683514989417 0.19491637155359678 0.3349784743245611 0.4174260486886627 0.46514433665023025 0.6085020817896873 0.6852789507601282 0.7590271726545686 0.8744456578850675 0.7920764215924977 0.9176086210972852 0.9972522686773261 0.9896545760573444 0.9995669972433422 0.9630424272528204 0.9833325381359027 0.9259077623319123 0.9703125315265186 0.9423141071048151 0.8315611046664242 
0.025024045361866868 0.6680816084504786 0.6203302647981 0.7562509093806491 0.8021016598520616 0.8715072428698152 0.8056785911653997 0.9447342099948435 0.9613059865681673 0.9684270602457313 0.9370407133916699 0.9946150665806278 0.93774403795207 0.9584447261372965 0.9002829299874986 0.8780819239757383 0.7561151012944961 0.6428055775549854 0.7102048142381754 0.6229706531457171 0.530335636611816 0.37098961619410015 0.2764628084028917 0.14282312279455364 0.08397097344492706 -0.004812537458109019 -0.24027053220180655 -0.2862848770810523 -0.30930240026486217 -0.533387147177947 
0.017320506223800193 0.5891381678468077 0.6131921609036645 0.5811490905475367 0.7887053788399969 0.7956792321948963 0.826658952790579 0.9676903444303809 0.9397138226713898 0.975482750426957 0.9414315565966661 0.9467845518868415 0.9861067839094323 0.9657010629237537 0.9547291574878884 0.8789973440740165 0.831762530054212 0.7614621820861419 0.8075915956670981 0.6305885914674173 0.5916823701201108 0.6697828242776913 0.44373640471279197 0.3326493716137677 0.29757710220191236 -0.04198824109760554 0.01010455902849047 -0.13715582488842265 -0.23541626968912355 -0.38878085143179575 
0.011156756409983398 0.46776639234457956 0.48706458007371856 0.5808926430316441 0.642279013090082 0.6725788203724422 0.8070803095321365 0.8680952724419281 0.8778013390418722 0.9774370510900761 0.9415878089426916 0.9866360074613248 0.9874814746985622 0.9778075992809623 0.9782937793144282 0.9158963172701446 0.9460426592307312 0.9166687988834086 0.8682440224796869 0.7416848193899308 0.6738518059971309 0.6717382105469026 0.4610593258121639 0.3293184927117492 0.3458061733539294 0.13500034619882514 0.11637312549473167 -0.011625592146777691 -0.07321421470583139 -0.2314943491104936 
0.013965787432287467 0.4695573598620834 0.6210438144603517 0.5946044540729987 0.7332738016185001 0.7938379617039515 0.8259998303079008 0.8664851928200603 0.93877705199735 0.9748502583076885 0.9409314063450954 0.9452453916406961 0.9398967251294831 0.995989303186999 0.9598929909548097 0.8847492304564213 0.8806087639675312 0.842597681169862 0.8153841659820913 0.7338810539045375 0.5871845677796645 0.4971383505393268 0.43528272601932294 0.3704224177961645 0.29701104954700386 0.121881901877222 6.667176185147219E-4 -0.06652071769587939 -0.24346625154168672 -0.2322385477866694 
0.020700603631873152 0.5837696502255432 0.6071784517195321 0.7562376208068493 0.816376567218649 0.7798883639648178 0.9530723020207827 0.9455658984838712 0.97376752541251 0.9707488014906462 0.9710348120146706 0.9615618849168344 0.986406648737301 0.9575210845873453 0.9004171181853793 0.9152882705677304 0.875960463751011 0.7181469073895601 0.7132479893516195 0.5689658269503947 0.532649311280761 0.3615952579474507 0.3331551789106063 0.21459471651219178 0.08432639558800843 -0.017162646473100826 -0.0618546861218585 -0.290139501556517 -0.288519330100426 -0.40966872775509616 
0.013965787432287467 0.4695573598620834 0.6210438144603517 0.5946044540729987 0.7332738016185001 0.7938379617039515 0.8259998303079008 0.8664851928200603 0.93877705199735 0.9748502583076885 0.9409314063450954 0.9452453916406961 0.9398967251294831 0.995989303186999 0.9598929909548097 0.8847492304564213 0.8806087639675312 0.842597681169862 0.8153841659820913 0.7338810539045375 0.5871845677796645 0.4971383505393268 0.43528272601932294 0.3704224177961645 0.29701104954700386 0.121881901877222 6.667176185147219E-4 -0.06652071769587939 -0.24346625154168672 -0.2322385477866694 
0.01732009894865627 0.4658037495573264 0.6210937880368267 0.5946539496425698 0.7327106315905582 0.7956792321948963 0.8278710729052658 0.9416902521671462 0.9398601283674695 0.9315101957369446 0.9409200447985512 0.9415248768232397 0.9400342727341572 0.9779820003981334 0.9598923143551287 0.8850938316047313 0.8459757931776453 0.83889106347573 0.8094160795683046 0.7324709367722704 0.5857927031930974 0.5122637600497209 0.4352829492042453 0.32995623611692254 0.2969331681548476 0.04973077482148699 0.004883235511426495 -0.13715385011765818 -0.23542611022720394 -0.2322236203483284 
0.017320506223800193 0.587948188420197 0.6135982346552568 0.5811490905475367 0.7887053788399969 0.7956792321948963 0.826550150919844 0.8753607707546475 0.9397138226713898 0.9748515211863259 0.9414315565966661 0.9412312278940933 0.9861067839094323 0.9654400054810214 0.9598923143551287 0.878768368472306 0.8459757931776453 0.7614621820861419 0.8075915956670981 0.7335882980481069 0.5916823701201108 0.6702940632377963 0.43530847409630113 0.3326493716137677 0.29757710220191236 -0.04193905773147101 0.004883235511426495 -0.13715582488842265 -0.23541626968912355 -0.4367811559343815 
0.34150265824969905 0.46598237312265794 0.48418847573885404 0.5809379801225685 0.6367671770361419 0.6778189194211286 0.7815425409141469 0.8762292123597191 0.877787569322085 0.9143992969478534 0.9954845703202422 0.968128877845862 0.9860680261613501 0.9778829539451769 0.9897620015032645 0.9893007411182295 0.9410997689451092 0.900581985862723 0.8128042464356452 0.7697418538411926 0.673841898896617 0.6728619684675619 0.5539067977815622 0.46556227194952227 0.3126577156685048 0.1252512175361229 0.16753010006759508 -0.0664460359645838 -0.04775099653985006 -0.23080943057834727 
0.012883203697292728 0.46780827979736145 0.5346711684275799 0.5803461976628242 0.6361268379811964 0.7779704899017061 0.8053457790208776 0.8722717113190682 0.924561701777113 0.9331413465254135 0.9404213838662229 0.9407806278556851 0.9922959296671456 0.9789313617947405 0.9595789121751733 0.9613262425801861 0.8822020072880612 0.831926712786514 0.8126963395619069 0.7226662082078859 0.6696782323989409 0.5033035454974975 0.4641651868728636 0.3261900846091016 0.29733338761257516 0.13387400939749863 0.11718884250111278 -0.05713085008149683 -0.14821852691997084 -0.2813106915634594 
0.008741070392337617 0.465871239566537 0.47787774703705627 0.5853333234337387 0.6300944944674958 0.6799844475277192 0.7815990554363326 0.8680881871080932 0.8773711045978102 0.9749730700539652 0.9397892004990736 0.9408417978022289 0.986039717283693 0.9779459578917856 0.9635838233808703 0.9644409559344956 0.9433431363536163 0.8982898194734031 0.8124985505223045 0.7473159815068904 0.7002801107973733 0.6814034160908554 0.5509853870789863 0.36316677093433786 0.31357905037845335 0.12484436142585642 0.16761602387181682 -0.13904394393086617 -0.04783666066800804 -0.2313864502886771 
0.02220071863397599 0.5907322910820239 0.6453637731773381 0.7559317349203931 0.7988100576621948 0.8457365044572455 0.8812790079064197 0.9675344114299663 0.9039975012431222 0.9686698181521948 0.9413835119303937 0.9722217027976459 0.9933688253028213 0.957712957418915 0.9001325527104227 0.9126157829151649 0.7926994136117567 0.7504132994069522 0.6465233061894144 0.5677056981663743 0.5324054524743301 0.37622389448936855 0.3340953768569917 0.21500450236227237 0.048554378129229595 -0.017415513200082007 -0.0658971590299568 -0.2247368180414688 -0.2930191897820497 -0.40913862387634975 
0.012413202199618082 0.46583665609752606 0.48336017300349454 0.580346404662032 0.6431018337591449 0.8382134765508773 0.8265689256685366 0.867408613556615 0.8777241702465154 0.932181175080529 0.9547782603829131 0.9408624766419914 0.9893488795044226 0.9536672896151162 0.9636034719154217 0.9150882181186485 0.8863665340733479 0.8741564338252853 0.81281311334051 0.7385247322150379 0.6693932808385721 0.6830852510678205 0.4641340470623736 0.21017672370211468 0.2969401756869534 0.1338778641838682 0.11287266441476713 -0.011625592146777691 -0.14816785283712552 -0.25855799284913006 
0.02561588896379796 0.5933315719731097 0.607670378343332 0.756246749472 0.7983335786928664 0.8453358601963681 0.8413171047151922 0.946495929136348 0.9045443861257921 0.9693985262314765 0.9402849277207181 0.9604481394991856 0.986156112171551 0.9660775063042102 0.9009818291912722 0.9169562686789092 0.7861160582202396 0.7604400237617706 0.6434731420087344 0.5188661648208632 0.5154625045018217 0.3672198239079238 0.2757747019045689 0.20853868228743802 0.08435096809869455 -0.01621172548923633 -0.00964209195588369 -0.28380257434961276 -0.3275944615249032 -0.40721200267882 
0.02268658379939374 0.5848397324750415 0.6216121705570383 0.7600373420246832 0.7287745331389834 0.8918099178143702 0.8030415782385735 0.9454742452622514 0.9052486483542045 0.9949314946448103 0.9719139771241564 0.9461314703030574 0.9877121064427239 0.9535708090371823 0.90038197768334 0.8702737543740923 0.7539510059994528 0.7180450886608605 0.7930282211234025 0.6165517558717729 0.532308414249965 0.444077693567714 0.265409533839231 0.2083345821892571 0.08385364032904857 -0.01646540531599752 -0.05497677996193358 -0.2191795758478718 -0.25234781832687664 -0.40957421679691114 
0.9468261185392362 -0.717645995707085 -0.5946729776469747 -0.5532663543033208 -0.6038006093469768 -0.4044025244486448 -0.36378006463160684 -0.1596593373317231 -0.05047492517254865 0.0690470345206157 0.0626868184937821 0.19600089088292735 0.28773215150545384 0.4174631474630252 0.4659309650028431 0.6096762402635327 0.6844679282699005 0.758560823499088 0.8108420884098608 0.8928698856236428 0.9188915463960935 0.9834462984929049 0.988706827437733 0.9862396647115284 0.9664160714152247 0.9833325580930835 0.9237168787698616 0.9712457708377487 0.9394356244331107 0.8315593782539201 
0.34124332967049686 0.4658076202539693 0.4538747730927809 0.6033371307098641 0.6301192336720498 0.6832303268076582 0.7791826458316372 0.8680655391659089 0.8800608024155843 0.924801112802172 0.9409901561671701 0.9637667111711834 0.9351864824051683 0.9779448120951435 0.9635819715386369 0.9898249914743189 0.9462103833385028 0.9323680381213898 0.8468193619682196 0.768917087718776 0.7000870209215966 0.6759546862109934 0.5275305559953484 0.35782254338818437 0.3448752055144251 0.13444461319011514 0.1656610676963365 -0.06632202690054374 -0.04753047573631369 -0.23080819546790418 
0.6076533717883634 -0.7176460471570866 -0.5949032549135929 -0.5529215380292646 -0.5953966173704766 -0.3658794702229401 -0.36378370803592697 -0.3196400826375283 -0.13230364078763387 0.06905161076300059 0.062460124617503825 0.1966065313426464 0.28773215150545384 0.4708087089318802 0.49206823098920005 0.6096762390830679 0.6853102889140582 0.7585038446177051 0.810532213827259 0.8932900119263487 0.919168526063446 0.9837555548700508 0.9892086402076673 0.9991337040447374 0.9636916094981492 0.9833325580930835 0.9035440388481532 0.9708071554470039 0.9394277694570505 0.8314842881852337 
0.025024045361866868 0.6698907908329361 0.620204974336513 0.7562640761157935 0.800028148292215 0.8715072428698152 0.8060435084001368 0.9914087955202444 0.9632928150425643 0.9685897438280463 0.936932232051683 0.9946150665806278 0.93774403795207 0.9585775891179357 0.9002829299874986 0.8780819239757383 0.7561151012944961 0.6376754491652175 0.7102048142381754 0.6591263336997059 0.43453375222294177 0.3774129319551208 0.2760468574105422 0.14282312279455364 0.08397074805910337 -0.00523592616257543 -0.2484788327318956 -0.20748869683602095 -0.30930221322845836 -0.533387147177947 
0.3459124165308174 0.46647881843764666 0.5265713246541966 0.5805537523314848 0.6634420253401928 0.7910836865193174 0.7802857511492537 0.8762539938360547 0.877426096637515 0.9774407900744307 0.9455189939621732 0.9873096900384384 0.9861517471030836 0.9919706727019312 0.9637687827866303 0.9262483539516743 0.8854851604611512 0.898343399467136 0.8126668466434438 0.7713887837451159 0.671175957776992 0.49043417612652757 0.4688781255702288 0.318857441707288 0.3014463239477139 0.22066132125062082 0.1134535877792521 -0.05139645235148288 -0.07440492366253339 -0.26573972091661346 
0.9426734642907587 -0.7129645362675474 -0.594659441026034 -0.5564133527809754 -0.6138548217701514 -0.36601175435226063 -0.36359320111584736 -0.19881610227841504 -0.12752905771014342 0.06912899303379524 0.06267559676846428 0.20137660539075825 0.33218713777211545 0.2709701643052267 0.4656589169651121 0.6096762386534552 0.6852879911502788 0.7583289310501193 0.8730900893574904 0.8895347392838313 0.9186060469666869 0.960403583441307 0.9896025699914923 0.9995419330489684 0.95285368839976 0.9833310259047812 0.923532064043707 0.9636184719250634 0.9395266225996919 0.8882926484135042 
0.6113035336388649 -0.7176099356723373 -0.5946684860185324 -0.5554634727980895 -0.603645015592654 -0.36470898827747966 -0.34313041973726865 -0.15965851666879832 -0.12796791124889537 0.05135927931098483 0.0626738493250798 0.1953532924445523 0.3343970080045482 0.41725772423150936 0.466221437281583 0.6096763054850906 0.6848315202101319 0.752327551249862 0.8994369206786345 0.8925240047298095 0.9296182694687365 0.960216117042343 0.9886374428175779 0.9995659683213949 0.9638326454503193 0.9833335022944174 0.8520280028552613 0.9648741041683105 0.8054795449472236 0.8315593592273287 
0.012945402201429824 0.46574391263718806 0.5346711684275799 0.5852884902769873 0.6355635012769912 0.7779704899017061 0.7759363133524847 0.8722420831559969 0.9279785258305306 0.933203697632345 0.9404213838662229 0.9385427502104602 0.9871051614558998 0.9780145291622301 0.9595693571097444 0.9609596874958731 0.9476088172765224 0.8259694921772672 0.8447675490421314 0.7328371841101116 0.67337854280944 0.4973426367600146 0.4641651868728636 0.31921640757805436 0.29733314405926686 0.13325018653464152 0.1170467837587916 -0.05713085008149683 -0.05098906685100371 -0.280662999143934 
0.6132966017000916 -0.717802641304548 -0.6081153789693006 -0.5559940672071939 -0.6038006093469768 -0.36574721779280045 -0.35348112184780456 -0.1596593373317231 -0.05047492517254865 0.06904803174129989 0.06268698875613495 0.20142372665382774 0.335267692468788 0.4105205330602957 0.4657415054927055 0.6085921345131234 0.6844679282699005 0.7589568222001276 0.8595089480597292 0.8928698724972793 0.9179771845188812 0.9798786382245883 0.989407593485377 0.9848137177859878 0.9666203307977567 0.9833325580930835 0.8554429507641579 0.986474058972296 0.8085673242772186 0.8319578223690094 
0.3414693915598809 0.457591184884137 0.4837762497679496 0.5857408259996887 0.6367655754366515 0.6825997337864069 0.7790304419958884 0.8682479703575597 0.8779686235572759 0.9864294429150233 0.9397614926044954 0.9403923801119567 0.9859027465028622 0.9778110116799119 0.9898249845158547 0.9650522526926403 0.943312052849663 0.8953839969760183 0.8125068385193046 0.7690282243560284 0.6737320383930637 0.6811511314210289 0.5555681356983745 0.46501934167250303 0.31369327768800925 0.12525129496154241 0.16760476047927186 -0.06705880949142864 -0.047750271701888086 -0.23176273723043425 
0.017320506223800193 0.587948188420197 0.6135982346552568 0.5811490905475367 0.7887053788399969 0.7956792321948963 0.826550150919844 0.8753607707546475 0.9397138226713898 0.9748515211863259 0.9414315565966661 0.9412312278940933 0.9861067839094323 0.9654400054810214 0.9598923143551287 0.878768368472306 0.8459757931776453 0.7614621820861419 0.8075915956670981 0.7335882980481069 0.5916823701201108 0.6702940632377963 0.43530847409630113 0.3326493716137677 0.29757710220191236 -0.04193905773147101 0.004883235511426495 -0.13715582488842265 -0.23541626968912355 -0.4367811559343815 
0.027113602071108984 0.5917970245586819 0.620444831556968 0.7565639219719621 0.7340943583569242 0.8840608188337209 0.8829740548295127 0.9673567514833472 0.8827350540162452 0.9659380163639364 0.9414770614290001 0.9710193417734393 0.9877136884789416 0.9585244822607685 0.9010192220286141 0.9152298248411741 0.7926994690108031 0.6365194027975245 0.6465370368728683 0.5258427601364634 0.5308164201851586 0.37068935093638905 0.2738466320438244 0.20707161456067788 0.07040186480610217 -0.015923192395468095 -0.009545639826569193 -0.24403688131797718 -0.3148171465746566 -0.5282327303912764 
0.34941766325672097 0.5868296947204052 0.4934484477284976 0.5964495490365022 0.7390052423876663 0.7801690911519183 0.8265543255881537 0.9421872225656591 0.8797033578208765 0.9740225388426532 0.9404400002922797 0.9415194940538072 0.9885254364234901 0.9552631753312585 0.960481334115269 0.9155849073861976 0.8492041686665842 0.83889106347573 0.7762391156336615 0.7628796164362902 0.5819967477110535 0.5117152323400566 0.4409756175784274 0.3368370145407087 0.29694514393035887 0.13371805220902477 -0.07829306204935259 -0.13715385011765818 -0.22902484076392737 -0.27900261743387805 
0.0272865291535997 0.5904520983136052 0.6207405912859324 0.7562260339350628 0.7342243434250456 0.8840608188337209 0.805237683159087 0.9466215212888487 0.9046458860538098 0.9659380163639364 0.941145576469757 0.9604481394991856 0.9878375175399263 0.9577095423339361 0.9010377404566305 0.868929710937603 0.7903598770498015 0.6386731508628338 0.7961075699255146 0.5194444818504903 0.5758421911458944 0.37068935093638905 0.27396868395136814 0.20833429785216445 0.08427877300288557 -0.01621172548923633 -0.009545639826569193 -0.28380257434961276 -0.3151398297979307 -0.5282327303912764 
0.016206254349057148 0.4678079993111789 0.4901631962319629 0.5791346424408587 0.7327106315905582 0.7905115164345591 0.8299778167922163 0.9408457130910202 0.9398601283674695 0.9314858703305932 0.9502329477005576 0.9415194940538072 0.9400342727341572 0.9778116432201733 0.9598923143551287 0.8720318865547457 0.8437328458597951 0.83889106347573 0.7766101654390707 0.6224658633324117 0.5819967477110535 0.37362680645760804 0.4381486725301127 0.2030024540199954 0.29694514393035887 0.05099257441439894 0.005124628424340019 -0.13715385011765818 -0.09540369666935562 -0.2322236203483284 
0.016206254349057148 0.4678079993111789 0.4901631962319629 0.5791346424408587 0.7327106315905582 0.7905115164345591 0.8265543255881537 0.9408457130910202 0.9398601283674695 0.9315101957369446 0.9404400002922797 0.9415194940538072 0.9400342727341572 0.9778116432201733 0.9598923143551287 0.8850938316047313 0.8459757931776453 0.83889106347573 0.7759934076143785 0.768584101165446 0.5819967477110535 0.5122637600497209 0.4381486725301127 0.3316685945945125 0.29694514393035887 0.04973077482148699 0.004883235511426495 -0.13715385011765818 -0.09540369666935562 -0.2322236203483284 
0.025024045361866868 0.6689524925860587 0.620204974336513 0.7562509093806491 0.8000090426423969 0.8715072428698152 0.8056785911653997 0.9914087955202444 0.9632928150425643 0.9684270602457313 0.936932232051683 0.9946150665806278 0.93774403795207 0.9585775891179357 0.9002829299874986 0.8780819239757383 0.7561151012944961 0.6428055775549854 0.7102048142381754 0.6591263336997059 0.43453375222294177 0.3709724151414249 0.2760468574105422 0.14282312279455364 0.08397074805910337 -0.00523592616257543 -0.2484788327318956 -0.2862848770810523 -0.30930240026486217 -0.533387147177947 
0.013965787432287467 0.4695113494884163 0.5326062184951476 0.581306307649515 0.7239477546984714 0.8374584569782929 0.8259998303079008 0.8725217338721148 0.9389660894004211 0.9334793754837972 0.9409314063450954 0.9454636361699763 0.9398967251294831 0.995989303186999 0.96345471172266 0.9074369496088416 0.8863831814711247 0.8448662545131956 0.8128025910407304 0.7384306815424632 0.5871845677796645 0.4914037747613475 0.43215747427899964 0.3704224177961645 0.2972708736923705 0.121881901877222 6.667176185147219E-4 -0.0573695083210266 -0.24618692768866146 -0.23158378719037412 
0.022659156234912936 0.584796989527826 0.6127884017523791 0.7561611670358827 0.7993035793174978 0.8919119570389593 0.9564188796348146 0.9454693790663582 0.8824227880143416 0.9949314946448103 0.9698483980712497 0.9461314703030574 0.9877104059872285 0.9535708090371823 0.90038197768334 0.915303354491467 0.790161180963217 0.7179298272075367 0.6391650500251412 0.5258825646469347 0.532308414249965 0.444077693567714 0.26541289264152007 0.20870990002844203 0.07859843471936137 -0.01646540531599752 -0.07322226834763888 -0.2191795758478718 -0.2567030821719652 -0.40965904570134604 
0.6113901204982372 -0.717640528325458 -0.6081778412360347 -0.5559940672071939 -0.6038006093469768 -0.36574721779280045 -0.3644915657498188 -0.1596593373317231 -0.05047492517254865 0.0690470345206157 0.06268739310380822 0.20142372665382774 0.335267692468788 0.4174631474630252 0.5302196702500799 0.6613818017572226 0.6844679282699005 0.7585160305976584 0.8595089480597292 0.8928698856236428 0.918887743439604 0.9834462984929049 0.9981752826805259 0.9859624919378659 0.9666203307977567 0.9833325580930835 0.8554429507641579 0.9692799203521567 0.8085673242772186 0.8315520690024022 
0.020700603631873152 0.5837696502255432 0.6238552403009564 0.7562376208068493 0.8163662117382775 0.7798883639648178 0.9530723020207827 0.9422009751049472 0.97376752541251 0.9707516877634834 0.9710348120146706 0.9455993070112738 0.986406648737301 0.9479584924120737 0.9004162249373967 0.9153003416708578 0.875960463751011 0.7503087150573857 0.7132479893516195 0.5689658269503947 0.5340026088414658 0.5303157849716016 0.3331551789106063 0.21463995968963123 0.08428767826099348 0.033116915017359305 -0.0618546861218585 -0.033121319012422365 -0.288519330100426 -0.4086830957191404 
0.6113901204982372 -0.7177987409388763 -0.5946729776469747 -0.5555962723444384 -0.6038006093469768 -0.36470485020510596 -0.3647217093027152 -0.1596593373317231 -0.050644831416210304 0.06904839555062618 0.06267368513714369 0.20142372665382774 0.335267692468788 0.4174631474630252 0.4657473785906749 0.609676240871504 0.6844679282699005 0.7585163088251887 0.8595089480597292 0.8928698856236428 0.9092567215612584 0.9834462984929049 0.9981752826805259 0.9868427485543703 0.9638338259246244 0.9833369910442027 0.8554429409781549 0.9648023182744483 0.8085673242772186 0.8315520952753126 
0.011156756409983398 0.4678079476342095 0.48706458007371856 0.5809056976172505 0.642279013090082 0.6725788203724422 0.8070803095321365 0.8741948941486978 0.8765611767727797 0.9337329489839242 0.9415878089426916 0.9866360074613248 0.9921147951219584 0.9778075992809623 0.9783127699645512 0.9158963172701446 0.9460426592307312 0.8325628563172384 0.8092968874276558 0.7416848193899308 0.6738400100532278 0.4949246495397942 0.4610593258121639 0.3293184927117492 0.3458061733539294 0.13495999275775006 0.10270450408259568 -0.05906800812660587 -0.07321421470583139 -0.23153538593028294 
