0.9763062532351673 -0.43898182166863636 -0.06921421362573191 -0.0828971462477946 0.22977898578107633 0.14242663613049908 0.3742783612017573 0.4086559168109038 0.5099793453783352 0.6363045734171233 0.5467376467343432 0.6439558964626829 0.6409217625016469 0.5994138548543879 0.7802383645427157 0.9205937194696556 0.9056083392641318 0.875421618236915 0.835897404745077 0.863534323586128 0.6932538879735415 0.810653898812174 0.8677726372547903 0.8345573046963846 0.47286583808379856 0.6829315882900732 0.8516700738685232 0.6711542170126888 0.5146338358156405 0.3387168406560977 
0.11642945148844977 0.7187840464775765 0.5702790287920807 0.4844607891234073 0.40643126180186684 0.24731935289174706 0.20601892635976954 0.09533862761040227 -0.004518956578392019 -0.21933362506573412 -0.265285313032381 -0.4375010262801952 -0.46493585077285393 -0.5295382469975682 -0.5581935893554941 -0.7028155902783326 -0.7653306225503784 -0.923016001460094 -0.8564710341513517 -0.9737423366502246 -0.9194250036059022 -0.9273724305883666 -0.9930321671249327 -0.9574325304168858 -0.9287028575822651 -0.9087424440715607 -0.9453294368249451 -0.9014096477729715 -0.872841947471549 -0.8234337023436434 
0.41667283813925726 0.9757386662324188 0.9506102031327753 0.9070645171302307 0.8651713505738708 0.8397873853575385 0.7328906052655826 0.7161089878741346 0.633026101192959 0.48980151775901054 0.4002421776508729 0.3703384304181903 0.22355208281684164 0.21010385529471234 0.014908192147366519 -0.07900761748375588 -0.19514457176921088 -0.2870225689709789 -0.38167751336356404 -0.5501539791839642 -0.5603041671749011 -0.7709083687817933 -0.8175677209270769 -0.8207142967728267 -0.8924289427121408 -0.9138454544403691 -0.9997982734104417 -0.9166050540832678 -0.9998770950912348 -0.9557233811546922 
0.11642945148844977 0.7187840464775765 0.5702790287920807 0.4844607891234073 0.40643126180186684 0.24731935289174706 0.20601892635976954 0.09533862761040227 -0.004518956578392019 -0.21933362506573412 -0.265285313032381 -0.4375010262801952 -0.46493585077285393 -0.5295382469975682 -0.5581935893554941 -0.7028155902783326 -0.7653306225503784 -0.923016001460094 -0.8564710341513517 -0.9737423366502246 -0.9194250036059022 -0.9273724305883666 -0.9930321671249327 -0.9574325304168858 -0.9287028575822651 -0.9087424440715607 -0.9453294368249451 -0.9014096477729715 -0.872841947471549 -0.8234337023436434 
0.4157582469165744 0.9750343256171162 0.952268724365294 0.9391944361573195 0.8641798229753511 0.8390331042156997 0.7244586236389823 0.7337353165616357 0.6279992700150655 0.4956125060738345 0.43194796548143893 0.3229236017882851 0.22679930384252742 0.22123409097188573 -0.0057843914135421864 -0.08840787635239672 -0.1843907916796925 -0.30406948377286 -0.38168011854795375 -0.568120430472725 -0.5751597609171718 -0.7703237022861651 -0.7742022037748637 -0.7328195833512645 -0.8942110151248869 -0.911834653509303 -0.9365191025058783 -0.9328613842948348 -0.9997672119396592 -0.9981429676713426 
0.08162363578035758 0.9817556876050537 0.9515374602517531 0.9697141829164887 0.8639799157373467 0.8860005276220855 0.745278132457257 0.7746487513443835 0.6316946003168858 0.48936477898097797 0.4028225463189016 0.3682883388143327 0.2235500559189267 0.22686879135641846 0.0732956868190224 -0.07918675637169136 -0.1951876831709727 -0.28852926848131233 -0.38304888922336144 -0.550880175541297 -0.5733280780625939 -0.7755339474546215 -0.7722059691485159 -0.7406996987961644 -0.8932825717583054 -0.8857738111786878 -0.9370161257004912 -0.9619144655510745 -0.9998769831632132 -0.8987975194098837 
0.12431824000998568 0.5352178065045059 0.5631752054980315 0.320429620233024 0.2359687624667596 0.13670874576613798 0.09766885785863758 -0.1467968719584972 -0.13172499740943697 -0.2584993065916778 -0.36870789711928353 -0.43572752031148876 -0.5004853290270003 -0.6185041619055041 -0.697118629579217 -0.7489060251116553 -0.8133603096076116 -0.931871061926396 -0.8558381191646934 -0.9460874297381223 -0.9968298018334268 -0.9831188739238844 -0.9498214729211608 -0.9439439775429119 -0.9066042967010848 -0.9028958414485487 -0.9574241544521624 -0.8301256343897184 -0.8716977822110189 -0.6859571721495034 
0.11656554974219362 0.5423018652898633 0.5702790287920807 0.48030605884671695 0.40643126180186684 0.24731935289174706 0.20598613681648686 0.09533862761040227 -0.004518956578392019 -0.1277619785952691 -0.265285313032381 -0.4375010262801952 -0.46493585077285393 -0.5334737363935309 -0.5581935893554941 -0.7133322246008532 -0.7734789996011007 -0.923016001460094 -0.8564710341513517 -0.9737423366502246 -0.9171796707322304 -0.9843102885801746 -0.9930321671249327 -0.9574325304168858 -0.9287028575822651 -0.9087424440715607 -0.9454254090413831 -0.9014096477729715 -0.872841947471549 -0.8234337023436434 
0.4558626223056686 0.5591661215752471 0.5699521005290915 0.41803808100818407 0.3006479337690985 0.24757748828318382 0.14141288265044916 0.09096069419824539 -0.1286772022115536 -0.26012846890173097 -0.37272739970818375 -0.43735937796137336 -0.4650566800325537 -0.5986198640464045 -0.7597021006493236 -0.7123118294291544 -0.7642042091951158 -0.9318867255316325 -0.9157053389557178 -0.9459567435053445 -0.9795665888792175 -0.9481376744698872 -0.9980679646010208 -0.9578142538573015 -0.9760198096271089 -0.9014900975321217 -0.9396043353699965 -0.90043660685144 -0.8414515928401325 -0.6947277056202191 
0.08325687858623153 0.9817506075587633 0.9023202606836443 0.9049819997580485 0.8639880025747109 0.8390730420705941 0.7223527607801882 0.7166254486045185 0.6340323552626915 0.4952956509632728 0.4002537341508311 0.36833641386499216 0.22347467569919988 0.22116263417419618 -0.002995607681642117 -0.09204007704459581 -0.19540734638813873 -0.30406783766109896 -0.3816018846327659 -0.5537064235785014 -0.6224443426096824 -0.7704270435700237 -0.7754371151462275 -0.8193190485816393 -0.8945000804057377 -0.9105165643702742 -0.9443924226679373 -0.9330644263118684 -0.9998964093914159 -0.9771843799228165 
0.08162363578035758 0.9817556876050537 0.9515374602517531 0.9691342633804573 0.8639880969271516 0.8554641878727486 0.7251684111888375 0.7292209263356808 0.6318550912587555 0.48936477898097797 0.4028224984502787 0.3682047302438589 0.22334337878728958 0.22686879135641846 -0.040353944849967766 -0.07918675637169136 -0.1951876831709727 -0.28852926848131233 -0.383059910619463 -0.550880175541297 -0.5733280780625939 -0.6189022303795471 -0.77653031581 -0.7406996987961644 -0.8932825717583054 -0.885765559038189 -0.9370161257004912 -0.9619144655510745 -0.9998769831632132 -0.8987975194098837 
0.08326982185044093 0.9820934021320188 0.9515374602517531 0.9073100312268175 0.8639856822383112 0.8394692704745277 0.7329923404483513 0.7292224031359221 0.6275509455804985 0.4344338871737077 0.40030015038138567 0.3714723186706594 0.22335740466806545 0.2268758747734631 -0.005812032267331811 -0.08534663241415354 -0.19539778615484238 -0.2885291179233592 -0.40976199169706873 -0.56714116942673 -0.5729491224995021 -0.7736663744293213 -0.7766525083849032 -0.7406885263641092 -0.8931260662012712 -0.8630671586093543 -0.9370161257004912 -0.9232679686828493 -0.9998915032624088 -0.9821299433943478 
0.4558626223056686 0.5591393105963449 0.5148098671697969 0.4189516608063882 0.2619006442121906 0.13901294807017492 0.14147445509089052 0.08395263844680162 -0.09201665586675664 -0.2563297833507276 -0.3476150869100074 -0.43768399081856846 -0.5175656693678901 -0.5178702922733852 -0.693424233127607 -0.711908527368099 -0.7637814986675175 -0.9318867255316325 -0.9157053389557178 -0.9459567435053445 -0.9751550771002205 -0.9277516845976013 -0.9504662709161902 -0.9308882433840585 -0.9067770065657772 -0.9044638239642485 -0.9403169836317562 -0.8461420647695792 -0.8756285282031666 -0.7034454684665585 
0.4558626223056686 0.5591393105963449 0.5148098671697969 0.4189516608063882 0.2619006442121906 0.13677660749618012 0.14147445509089052 0.08395009261586801 -0.09168192788856523 -0.2563297833507276 -0.3476150869100074 -0.43768399081856846 -0.501183997100953 -0.5178702922733852 -0.6971757855409781 -0.7119194313326705 -0.7637814986675175 -0.9318867255316325 -0.9177735912601557 -0.9459567435053445 -0.9751550771002205 -0.9277516845976013 -0.9504662709161902 -0.9549525995619214 -0.9067770065657772 -0.9097026677092448 -0.9403169836317562 -0.8461044390001915 -0.8756285282031666 -0.6947004864313228 
0.08162363578035758 0.9817556876050537 0.9515374602517531 0.9697141829164887 0.8639799157373467 0.8860005276220855 0.7251684111888375 0.7290772610102193 0.6316946003168858 0.48936477898097797 0.4028225463189016 0.3682883388143327 0.2235500559189267 0.22686879135641846 -0.003415545092415182 -0.07918675637169136 -0.1951876831709727 -0.28852926848131233 -0.38304888922336144 -0.550880175541297 -0.5733280780625939 -0.7755339474546215 -0.7722059691485159 -0.7406996987961644 -0.8932825717583054 -0.8857738111786878 -0.9370161257004912 -0.9619144655510745 -0.9998769831632132 -0.8987975194098837 
0.4159369822507876 0.9760243281327953 0.9506362463506954 0.9391944361573195 0.8641798229753511 0.8390322837324161 0.7244586236389823 0.7337353165616357 0.6279992700150655 0.4956462773067333 0.4321229493990523 0.32360090291783145 0.22679930384252742 0.22123409097188573 -0.004227067070317725 -0.08266843165709428 -0.18433507496756626 -0.30406948377286 -0.38168011854795375 -0.568120430472725 -0.5751597609171718 -0.7703237022861651 -0.7741032900936533 -0.7328195833512645 -0.8944674557546155 -0.9108989935480867 -0.9366437853119223 -0.9328613842948348 -0.9997676003177361 -0.9981429676713426 
0.08162363578035758 0.98175575922839 0.9515374602517531 0.9697141829164887 0.8639799157373467 0.8427452777449203 0.7251684111888375 0.7290706314122689 0.6316946003168858 0.48981053339249375 0.4028225463189016 0.3682883388143327 0.2235500559189267 0.22686904635823507 -0.003415545092415182 -0.07918675637169136 -0.19537517268840532 -0.28852926848131233 -0.38304888922336144 -0.550880175541297 -0.5733280780625939 -0.7755339474546215 -0.7722059691485159 -0.7406996987961644 -0.8932996009804367 -0.8857502617864402 -0.9370161257004912 -0.9619144655510745 -0.9998770046708388 -0.8987975194098837 
0.4157582469165744 0.9817813798677048 0.952268724365294 0.9390430153311309 0.8639786766812776 0.8390331042156997 0.7244586236389823 0.7345089329616991 0.6317540761762731 0.4956125060738345 0.43194796548143893 0.3230209295247105 0.22678885528333664 0.22123409097188573 0.07204782082886185 -0.08912652687685284 -0.1843907916796925 -0.30406948377286 -0.38303745211543627 -0.5517544970744432 -0.5751553210094161 -0.7754291545346872 -0.7722826883886716 -0.7329618374982916 -0.8942110151248869 -0.911834653509303 -0.9365191025058783 -0.9618982926895326 -0.9997672119396592 -0.9981429676713426 
0.08162363578035758 0.9750086333544651 0.9515374602517531 0.9698656037426201 0.8641810620314203 0.8860005276220855 0.745278132457257 0.7738751349443201 0.6279397941556782 0.48936477898097797 0.4028225463189016 0.3681910110779073 0.22356050447811748 0.22686879135641846 -0.004536525423381628 -0.07846810584723525 -0.1951876831709727 -0.28852926848131233 -0.38169155565587887 -0.5672461089395786 -0.5733325179703496 -0.7704284952060994 -0.774125484534708 -0.7405574446491374 -0.8932825717583054 -0.8857738111786878 -0.9370161257004912 -0.9328775571563761 -0.9998769831632132 -0.8987975194098837 
0.08162363578035758 0.9817506258853327 0.952124212961162 0.9681722628330802 0.8650911527331689 0.8432595136720393 0.7251426087190712 0.716680215194086 0.6306939599360712 0.43462089223758227 0.40026721719405267 0.36825740935991047 0.2067083430201215 0.22709227620283534 -0.00340519964562137 -0.07918675637169136 -0.19537518893864247 -0.2886009709469337 -0.38304888922336144 -0.5508339005627968 -0.5733280780625939 -0.7746184780563005 -0.7723995548140581 -0.7406996987961644 -0.8852277826044045 -0.9102032025573102 -0.9439955263726676 -0.931876571858361 -0.9998773418294893 -0.9732575159365905 
0.08157995699913172 0.9817506075587633 0.9023202606836443 0.9376788435474098 0.8640402016867927 0.8852463561651659 0.7223527607801882 0.7196001944774832 0.6340323552626915 0.49100874966644226 0.4002537341508311 0.36833641386499216 0.223548417749493 0.22161413696137022 0.015593839921138965 -0.09204007704459581 -0.20119279174730276 -0.30406783766109896 -0.3816018846327659 -0.5537064235785014 -0.5729450466158885 -0.5721232460153988 -0.7308963572574356 -0.8193190485816393 -0.8945000804057377 -0.786718702611553 -0.9505224446336688 -0.9330644263118684 -0.9997634798367954 -0.9771843799228165 
0.1186410738828956 0.6656439145489261 0.5680325681210534 0.48451809497665743 0.34689086420952947 0.1437389969608692 0.20400815250218135 0.09465455044749621 -0.07260397136708105 -0.06546277544690271 -0.26514631446886233 -0.43735598051674773 -0.4986283430657727 -0.5313995337509927 -0.5817925190693983 -0.710745939474303 -0.7737553093337707 -0.8204862748201442 -0.8544950360316192 -0.9109116143694101 -0.9805206689964903 -0.9831546992370755 -0.991628178180332 -0.9572430240093455 -0.9069861514499845 -0.957500082374392 -0.8916787282958087 -0.932815510250103 -0.8754873533380735 -0.8230874911802184 
0.12431824000998568 0.5352178065045059 0.5631752054980315 0.320429620233024 0.2359687624667596 0.13670874576613798 0.09766885785863758 -0.07411912870613632 -0.13172499740943697 -0.2584993065916778 -0.41177693101454926 -0.4866169642725513 -0.5004853290270003 -0.6185041619055041 -0.697118629579217 -0.7489060251116553 -0.8133603096076116 -0.931871061926396 -0.8558381191646934 -0.9460874297381223 -0.9968298018334268 -0.9831188739238844 -0.9498214729211608 -0.9439439775429119 -0.9066042967010848 -0.9028958414485487 -0.9574241544521624 -0.8301256343897184 -0.8716977822110189 -0.6859571721495034 
0.12161935070501144 0.7138612147571725 0.5699856076344696 0.40594508963840725 0.3064009378829092 0.2442490866511563 0.20456558435254985 0.04424940067914103 -0.0974882693234622 -0.218475623999081 -0.26299921546781163 -0.4373658195751961 -0.48034313315930227 -0.5288773292406702 -0.6434386450146133 -0.7027714215538144 -0.7656783740867426 -0.8827597286063695 -0.8502191279190325 -0.9900495688807992 -0.9846016416206149 -0.9261347413142758 -0.9495621963569149 -0.9300555892235525 -0.9281041859155652 -0.9582599631549729 -0.9430094776237712 -0.932231521918831 -0.8754892616876913 -0.6912811522818079 
0.4583438907313715 0.5589692806134662 0.5556137294125385 0.3100550212179061 0.2612706696895176 0.13908372993529688 0.14147445509089052 -0.06574971935722757 -0.09201665586675664 -0.2563239621776083 -0.3487056501291205 -0.44022250947735236 -0.5872344761058519 -0.5972904415700631 -0.743703382384017 -0.7075856349890722 -0.7737341090982826 -0.933063424594894 -0.9157425955494142 -0.9461626902954804 -0.9827688964269982 -0.9273251778406146 -0.9563122796486788 -0.9530799287199828 -0.9072138204175664 -0.9044638239642485 -0.9403051731605601 -0.8464224477722078 -0.8421300646859153 -0.693954335292003 
0.1261104697116711 0.5610503147765838 0.5632616072253054 0.34997338164167596 0.23817108896378641 0.13975225007543113 0.09331325092604402 -0.06887803649982183 -0.10051914727488326 -0.25690457773227376 -0.37185998811420745 -0.44459226186680817 -0.5172154326167798 -0.6224820113472975 -0.6994853002314658 -0.7069161691469921 -0.7731000573266704 -0.9285480966815375 -0.8531983023543437 -0.9448206645757733 -0.9690183631215092 -0.9478376295212567 -0.960098523203773 -0.9306945706230623 -0.967865034852219 -0.9111689907488001 -0.8941182578663363 -0.8125712801392176 -0.871263979875607 -0.7036557108053941 
0.11642945148844977 0.7187840464775765 0.5702790287920807 0.4844607891234073 0.40643126180186684 0.24731935289174706 0.20601892635976954 0.09533862761040227 -0.004518956578392019 -0.21933362506573412 -0.265285313032381 -0.4375010262801952 -0.46493585077285393 -0.5295382469975682 -0.5581935893554941 -0.7028155902783326 -0.7653306225503784 -0.923016001460094 -0.8564710341513517 -0.9737423366502246 -0.9194250036059022 -0.9273724305883666 -0.9930321671249327 -0.9574325304168858 -0.9287028575822651 -0.9087424440715607 -0.9453294368249451 -0.9014096477729715 -0.872841947471549 -0.8234337023436434 
0.12431824000998568 0.5362006234845439 0.5631752054980315 0.32055756331322954 0.3041447729543117 0.13671103625044248 0.09490153113142179 -0.1467968719584972 -0.13172499740943697 -0.25848375075242297 -0.3726860075938767 -0.437482593649296 -0.5029097632128647 -0.6137121613662772 -0.6979792605282908 -0.7126327456981417 -0.8133603096076116 -0.9339661085751527 -0.8558381191646934 -0.9461947173811227 -0.9967198980617312 -0.9815004462906181 -0.9498190845012832 -0.9439439775429119 -0.9762215979117292 -0.9028958414485487 -0.8954475605587955 -0.8301256343897184 -0.8717114438590843 -0.7251452738291336 
0.11656554974219362 0.5423018652898633 0.5702790287920807 0.48030605884671695 0.40643126180186684 0.24731935289174706 0.20598613681648686 0.09533862761040227 -0.004518956578392019 -0.1277619785952691 -0.265285313032381 -0.4375010262801952 -0.46493585077285393 -0.5334737363935309 -0.5581935893554941 -0.7133322246008532 -0.7734789996011007 -0.923016001460094 -0.8564710341513517 -0.9737423366502246 -0.9171796707322304 -0.9843102885801746 -0.9930321671249327 -0.9574325304168858 -0.9287028575822651 -0.9087424440715607 -0.9454254090413831 -0.9014096477729715 -0.872841947471549 -0.8234337023436434 
0.4156481666456532 0.9857830449462968 0.9732757174063392 0.9378610251137056 0.8641805989586403 0.94994171813942 0.7327983453599529 0.7291373265575757 0.6328050266716174 0.49541226065503785 0.40035153900313797 0.369993485641764 0.2268476618663979 0.22123774115192132 0.015392445886908654 -0.049401921025422874 -0.18443922801328777 -0.28852911045362445 -0.38306210019123826 -0.4589111728062525 -0.5728331402947745 -0.7771939877775397 -0.7742989287403347 -0.7314991190339158 -0.8941662972247404 -0.8794707838319155 -0.9411345930690241 -0.8884195626972087 -0.9998827100266362 -0.9991083439064415 
0.4157582469165744 0.9817813798677048 0.952268724365294 0.9390430153311309 0.8639786766812776 0.8390331042156997 0.7244586236389823 0.7345089329616991 0.6317540761762731 0.4956125060738345 0.43194796548143893 0.3230209295247105 0.22678885528333664 0.22123409097188573 0.07204782082886185 -0.08912652687685284 -0.1843907916796925 -0.30406948377286 -0.38303745211543627 -0.5517544970744432 -0.5751553210094161 -0.7754291545346872 -0.7722826883886716 -0.7329618374982916 -0.8942110151248869 -0.911834653509303 -0.9365191025058783 -0.9618982926895326 -0.9997672119396592 -0.9981429676713426 
0.12431299160045865 0.560584571518402 0.5631752054980315 0.28620521554382544 0.3041447729543117 0.13910462367076595 0.09490153113142179 -0.1467968719584972 -0.13172499740943697 -0.25861448775081514 -0.3726860075938767 -0.4379788079216662 -0.5029648082048535 -0.6137121613662772 -0.6979792605282908 -0.711246660429542 -0.8133603096076116 -0.9338954095959103 -0.8589219717630482 -0.9461947173811227 -0.9701463860331632 -0.9822769385746485 -0.949545545652207 -0.9439439775429119 -0.9080169696385938 -0.9028676130780159 -0.8941214921198399 -0.8301256343897184 -0.8423257144391925 -0.6971093615223803 
0.4157582469165744 0.9817813798677048 0.952268724365294 0.9390430153311309 0.8639786766812776 0.8390331042156997 0.7244586236389823 0.7345089329616991 0.5375768067622116 0.4956125060738345 0.43194796548143893 0.3230209295247105 0.22678885528333664 0.22123409097188573 0.07204782082886185 -0.08912652687685284 -0.1843907916796925 -0.3100967597010301 -0.38303745211543627 -0.49316329753467314 -0.5751553210094161 -0.7754291545346872 -0.7722826883886716 -0.7329618374982916 -0.8942110151248869 -0.911834653509303 -0.9365191025058783 -0.9618982926895326 -0.9997672119396592 -0.9981429676713426 
0.4153707991596239 0.981789384414232 0.9554262318802926 0.7553494779458969 0.863942437936006 0.8394889774074621 0.7251426270331001 0.7174975736113672 0.619363670960002 0.44765555346355823 0.4002665561501531 0.45810065116140986 0.20756420336021172 0.22111890199232925 0.014993658567097362 -0.0877672070132317 -0.18439244487747328 -0.28997673084233183 -0.38264045538498404 -0.5502450717810099 -0.5733235984024948 -0.7770206464049532 -0.7742068712655319 -0.7320926142415647 -0.8852274517820287 -0.9102777485804173 -0.9407907304414436 -0.9310592975335519 -0.9997704955625126 -0.9729158177887136 
0.12128031816823197 0.6953433564087258 0.5702746318039037 0.40568705642199904 0.3648591805598725 0.2442490866511563 0.20456558435254985 0.04424940067914103 -0.0974882693234622 -0.2193799088635459 -0.26299921546781163 -0.4373658195751961 -0.48034313315930227 -0.5324400756449116 -0.6434386450146133 -0.702774087159764 -0.779309929915839 -0.8827597286063695 -0.8502191279190325 -0.9900495688807992 -0.9830958609358004 -0.9262075852174516 -0.9495621963569149 -0.9205745706269668 -0.9281300143438039 -0.9582599631549729 -0.9430094776237712 -0.932231521918831 -0.8754892616876913 -0.8233637452194728 
0.45119872958703605 0.6702000505531098 0.5702807170285644 0.40730685896521474 0.3485520551597127 0.24731346468757692 0.20674630407119815 0.0983590774544153 -0.0019516641751421973 -0.058081540044675806 -0.2652766492428415 -0.22770631312614542 -0.4973426367773065 -0.5365198164982452 -0.5815404137803982 -0.7029843915853915 -0.7664398394505093 -0.8650381982357147 -0.854612750605571 -0.9732223287709252 -0.9803084616134605 -0.9806991608058561 -0.9934339875834598 -0.9534380448057544 -0.9622801689516456 -0.9033646196335361 -0.9458185490235717 -0.9263901424977921 -0.8770860371881065 -0.812024819444316 
0.08162363578035758 0.9817591960416835 0.9506314265680238 0.9895062902555175 0.8651134502706229 0.8396722707188928 0.8001174890761119 0.7338772201641919 0.6281080309037333 0.4909248679391556 0.4018107458280472 0.36819795049386705 0.22345418864174513 0.2866825229061901 0.015260426728661642 -0.07861522419851931 -0.19529270642684518 -0.28765118259695627 -0.3830487094238862 -0.550880175541297 -0.5729491330594692 -0.5679396566525196 -0.7303532207564075 -0.8237446364866814 -0.885225561600401 -0.7898655219248331 -0.950583336067825 -0.9044551375758707 -0.9997617509029464 -0.9432676864148107 
0.11656554974219362 0.5423018652898633 0.5702845327788162 0.48030605884671695 0.40643126180186684 0.24731935289174706 0.2059887825256406 0.09533862761040227 -0.004518956578392019 -0.1288912631468671 -0.265285313032381 -0.43750104905209747 -0.46493585077285393 -0.5293685625329817 -0.5583095527247368 -0.7132158840989448 -0.7734789996011007 -0.9230946946396572 -0.8563999540487293 -0.9737423366502246 -0.9172311311866621 -0.9228581557265939 -0.9930321671249327 -0.9574325304168858 -0.9287028575822651 -0.9087424440715607 -0.945326771890695 -0.9014096477729715 -0.8728494985220748 -0.8234337046340574 
0.9763062532356372 -0.37536103678413874 -0.06921421362573191 -0.08305526209725243 0.2287192943823316 0.09439262032098422 0.37445350994495374 0.40860490096980745 0.49962972430011404 0.6275339136434317 0.5674928699176172 0.6439558964626829 0.9633868059215139 0.5731866840883552 0.5477612841605692 0.9225344898097767 0.8116059262591421 0.8500652716690277 0.8359101629166207 0.8869191045225849 0.7513393492988377 0.810653898812174 0.868741041883624 0.8399429113807577 0.4723308314711555 0.6829315882900732 0.8516700738685232 0.6711542170126888 0.5146307142852891 0.34619187593637096 
0.12128031816823197 0.6953433564087258 0.5702746318039037 0.40568705642199904 0.3648591805598725 0.2442490866511563 0.20456558435254985 0.04424940067914103 -0.0974882693234622 -0.2193799088635459 -0.26299921546781163 -0.4373658195751961 -0.48034313315930227 -0.5324400756449116 -0.6434386450146133 -0.702774087159764 -0.779309929915839 -0.8827597286063695 -0.8502191279190325 -0.9900495688807992 -0.9830958609358004 -0.9262075852174516 -0.9495621963569149 -0.9205745706269668 -0.9281300143438039 -0.9582599631549729 -0.9430094776237712 -0.932231521918831 -0.8754892616876913 -0.8233637452194728 
0.1186410738828956 0.6656439145489261 0.5680325681210534 0.48451809497665743 0.34689086420952947 0.1437389969608692 0.20400815250218135 0.09465455044749621 -0.07260397136708105 -0.06546277544690271 -0.26514631446886233 -0.43735598051674773 -0.4986283430657727 -0.5313995337509927 -0.5817925190693983 -0.710745939474303 -0.7737553093337707 -0.8204862748201442 -0.8544950360316192 -0.9109116143694101 -0.9805206689964903 -0.9831546992370755 -0.991628178180332 -0.9572430240093455 -0.9069861514499845 -0.957500082374392 -0.8916787282958087 -0.932815510250103 -0.8754873533380735 -0.8230874911802184 
0.12175544895875529 0.5374964918945615 0.5700493268841207 0.4011523606981565 0.30215217105446934 0.24522196206269598 0.2045601923901611 0.04361846332416555 -0.05612495976086705 -0.25634898667273875 -0.26450913569042545 -0.437456556431134 -0.5016859668996448 -0.5328992686256678 -0.7520065606954918 -0.7132880558763351 -0.7643169680916293 -0.8827597286063695 -0.9295505453435977 -0.9482261259587043 -0.9807089007522015 -0.9850370261760104 -0.9639385807007521 -0.9879982536196162 -0.9286766047461716 -0.9678882309926544 -0.9435486302055734 -0.8420549144896955 -0.7813990316728517 -0.6901925980142829 
0.12431824000998568 0.5362006234845439 0.5631752054980315 0.32055756331322954 0.3041447729543117 0.13671103625044248 0.09490153113142179 -0.1467968719584972 -0.13172499740943697 -0.25848375075242297 -0.3726860075938767 -0.437482593649296 -0.5029097632128647 -0.6137121613662772 -0.6979792605282908 -0.7126327456981417 -0.8133603096076116 -0.9339661085751527 -0.8558381191646934 -0.9461947173811227 -0.9967198980617312 -0.9815004462906181 -0.9498190845012832 -0.9439439775429119 -0.9762215979117292 -0.9028958414485487 -0.8954475605587955 -0.8301256343897184 -0.8717114438590843 -0.7251452738291336 
0.11847403485273397 0.6682339235967361 0.5703495033579272 0.4829530997727568 0.3487702657732361 0.1417122043235129 0.20674635933865193 0.09916570815020145 -0.069917679039224 -0.05287402641459435 -0.26530457520692075 -0.44069969564829137 -0.49848335846699765 -0.5363804360761054 -0.5812838295856307 -0.7299929840871093 -0.7736501105369649 -0.9228090907121372 -0.8546304562947926 -0.9390485564750325 -0.9218473018846082 -0.927458986128386 -0.9682459947104886 -0.9575238997148505 -0.9635497814433096 -0.9097932714584926 -0.9453333524659707 -0.8241061273860043 -0.9116873158956602 -0.8234293726602143 
0.11991096664767083 0.6661587703175661 0.5700504492719409 0.48435788187352946 0.3018011752557284 0.24268123654308085 0.20600903342742902 0.09464198972487119 -0.07076537809622482 -0.13945938590579038 -0.26281790911586456 -0.43735598051674773 -0.5016738856350319 -0.5323563062247647 -0.6408087058678651 -0.7110239631529328 -0.7738238272161997 -0.8912482984793357 -0.9233870180169828 -0.9377350454923173 -0.9807135535430824 -0.9795576244360283 -0.9680097980050097 -0.9572860132196657 -0.906987327993287 -0.9598445701853013 -0.9433738278816675 -0.9711659406015116 -0.8754021360494028 -0.8247558164927749 
0.4156481666456532 0.9857830449462968 0.9732757174063392 0.9378610251137056 0.8641805989586403 0.94994171813942 0.7327983453599529 0.7291373265575757 0.6328050266716174 0.49541226065503785 0.40035153900313797 0.369993485641764 0.2268476618663979 0.22123774115192132 0.015392445886908654 -0.049401921025422874 -0.18443922801328777 -0.28852911045362445 -0.38306210019123826 -0.4589111728062525 -0.5728331402947745 -0.7771939877775397 -0.7742989287403347 -0.7314991190339158 -0.8941662972247404 -0.8794707838319155 -0.9411345930690241 -0.8884195626972087 -0.9998827100266362 -0.9991083439064415 
0.1277867945088647 0.5608591546168668 0.3430663930076974 0.3010968270009957 0.23141457367613077 0.1365422665831915 0.1490113424688003 -0.1462230815361315 -0.07101535276662635 -0.2567256196602012 -0.3761784126654016 -0.5264762663316865 -0.5003210639876197 -0.6169679636152611 -0.6925457503396499 -0.7487326457723755 -0.9098051174706074 -0.9352139814653935 -0.8230420005898798 -0.9902435024863463 -0.9968331142738169 -0.9831116734520703 -0.9534305148482228 -0.9526726693286343 -0.9074348345581356 -0.912644472403722 -0.945547124220892 -0.7323258980537758 -0.8716880216857028 -0.6856800354746964 
0.11642945148844977 0.7085111306979478 0.5702790287920807 0.5296211506312082 0.40643126180186684 0.24731935289174706 0.20601892635976954 0.09533862761040227 -0.004518956578392019 -0.12833219880495064 -0.265285313032381 -0.4375010262801952 -0.46493585077285393 -0.5295382469975682 -0.5581935893554941 -0.7143541591402148 -0.7656350902728959 -0.959117488350684 -0.8564710341513517 -0.9737423366502246 -0.9195515318384754 -0.9266265710482599 -0.9930321671249327 -0.9574325304168858 -0.9287028575822651 -0.9087424440715607 -0.9454264537259072 -0.9665963637029255 -0.872841947471549 -0.8234337023436434 
0.4558626223056686 0.559172542471087 0.5633929215996766 0.41803808100818407 0.2975979660951187 0.24757748828318382 0.02059814368105195 0.09096069419824539 -0.1286772022115536 -0.26012846890173097 -0.37189019417805697 -0.43726024223611965 -0.5555498848978269 -0.5986198640464045 -0.7597021006493236 -0.7117033489677466 -0.764313815538656 -0.9318867255316325 -0.9149616469759215 -0.9460432093219409 -0.9794649467970835 -0.9481376744698872 -0.9980679646010208 -0.9575852748217476 -0.9705993801653298 -0.9045046285797859 -0.8965942186151021 -0.90043660685144 -0.8414515928401325 -0.6970828749635142 
0.45986422970705365 0.5330913361441492 0.37483408819619735 0.3010674614569636 0.23029554110225234 0.1343054718661425 0.1555487211719312 -0.06146320233811448 -0.05753171824591929 -0.2567532996006321 -0.43044368889820894 -0.43575887304922895 -0.616216765496799 -0.6160270998507127 -0.6920797139331437 -0.7489432424077439 -0.9083296859073 -0.9354593669869226 -0.9183256418727602 -0.9898108477268971 -0.8431533515893023 -0.983097240837692 -0.9535861897565157 -0.9530522344085348 -0.9074830145048357 -0.9028347029591077 -0.9453838604068914 -0.8465134748656632 -0.8736149157926505 -0.6852134418946763 
0.12778769911755583 0.5619906305135806 0.3435978107787432 0.3007201896650356 0.23462351431609366 0.13910194297045192 0.09486342167952132 -0.14623920704446905 -0.13199524618993333 -0.25674135640221046 -0.3726971253572964 -0.4400357893849157 -0.5006042216800635 -0.6137121613662772 -0.6927835623463909 -0.7496275619093463 -0.8135194713531105 -0.9339323284515431 -0.9175881253462 -0.9448456859838179 -0.9969251083609152 -0.9822769385746485 -0.9742955228325474 -0.9437019180122758 -0.9078727181008153 -0.9028752151139611 -0.894691215201514 -0.8301256343897184 -0.8434859870314818 -0.6971093615223803 
0.12161935070501144 0.6349106530675663 0.570051925056436 0.4050797796366301 0.30644940395935316 0.2442535423661796 0.20602641246824419 0.043622116720967094 -0.0974882693234622 -0.218475623999081 -0.2656802016300398 -0.43749291344669766 -0.4802140751843557 -0.5289697075561813 -0.6434386450146133 -0.7114308656221162 -0.7657892414293157 -0.8308432483114754 -0.8570438374422478 -0.9510136791215108 -0.9846016416206149 -0.9405944344585796 -0.9495621963569149 -0.9559844716777399 -0.9060195071856774 -0.9582599631549729 -0.9457140917897867 -0.8406604952329494 -0.8754893268599547 -0.8226637241651062 
0.41667283813925726 0.9757386662324188 0.9506102031327753 0.9070645171302307 0.8651713505738708 0.8397873853575385 0.7328906052655826 0.7161089878741346 0.633026101192959 0.48980151775901054 0.4002421776508729 0.3703384304181903 0.22355208281684164 0.21010385529471234 0.014908192147366519 -0.07900761748375588 -0.19514457176921088 -0.2870225689709789 -0.38167751336356404 -0.5501539791839642 -0.5603041671749011 -0.7709083687817933 -0.8175677209270769 -0.8207142967728267 -0.8924289427121408 -0.9138454544403691 -0.9997982734104417 -0.9166050540832678 -0.9998770950912348 -0.9557233811546922 
0.12547169039538908 0.5358940315947407 0.5631752054980315 0.320429620233024 0.2359687624667596 0.13670879320662677 0.09766885785863758 -0.1467968719584972 -0.13172499740943697 -0.2584022353288267 -0.36870789711928353 -0.43572752031148876 -0.5003721081542999 -0.5959582351419962 -0.692881968042834 -0.7489065098476358 -0.7752044105666335 -0.931871061926396 -0.8550478358464946 -0.9911197945895108 -0.9968298018334268 -0.9831100742677975 -0.972143548057257 -0.9439439775429119 -0.9066130928784272 -0.9324683707562926 -0.9574237009361344 -0.8301256343897184 -0.8716977822110189 -0.6859571721495034 
0.11656554974219362 0.5423018652898633 0.5702845327788162 0.48030605884671695 0.40643126180186684 0.24731935289174706 0.2059887825256406 0.09533862761040227 -0.004518956578392019 -0.1288912631468671 -0.265285313032381 -0.43750104905209747 -0.46493585077285393 -0.5293685625329817 -0.5583095527247368 -0.7132158840989448 -0.7734789996011007 -0.9230946946396572 -0.8563999540487293 -0.9737423366502246 -0.9172311311866621 -0.9228581557265939 -0.9930321671249327 -0.9574325304168858 -0.9287028575822651 -0.9087424440715607 -0.945326771890695 -0.9014096477729715 -0.8728494985220748 -0.8234337046340574 
0.1186410738828956 0.6716511892224934 0.5699863854545395 0.48435066372411417 0.3021713219407266 0.24520604606776472 0.20681430106260124 0.09468732323419808 -0.0610881697388679 -0.26117218899910316 -0.2633025571461023 -0.43735598051674773 -0.48286810712856515 -0.5314011770002557 -0.5565422199628527 -0.710745938580612 -0.7737485051090197 -0.8137810972563064 -0.8498969492345736 -0.9728849751996841 -0.980510982119543 -0.9831546992370755 -0.991628178180332 -0.9572407973076803 -0.9169785252664334 -0.9748332553877285 -0.9453497305484194 -0.9340130701591393 -0.8754873533380735 -0.8230874911802184 
0.12431824000998568 0.5361288437354134 0.5631752054980315 0.3218472514342494 0.2977014277339679 0.1360595552091029 0.0954997938822876 0.08974085553349948 -0.13172499740943697 -0.2600917807854992 -0.3700997826736565 -0.4866169642725513 -0.5561611355085836 -0.6185520240666454 -0.6972565307242686 -0.7488522864404156 -0.8133603096076116 -0.931871061926396 -0.9143009629937863 -0.9460932141957173 -0.9959894796826799 -0.9841822213813777 -0.9498214729211608 -0.9439439775429119 -0.9702199924146726 -0.9028804469074082 -0.9574241544521624 -0.8283606028624931 -0.8716516087784947 -0.6859571721495034 
0.4137197105807946 0.9816915776432166 0.9499561109898589 0.9378874823115498 0.865128882601454 0.8862481277823558 0.725272028561272 0.7194023293800597 0.6329487382091455 0.49583832517564846 0.43530581888924264 0.3699698618362367 0.22358794260493078 0.1826271521568742 0.015260426728661642 -0.04929511100657934 -0.2012271391121882 -0.3025058340448171 -0.3830487094238862 -0.550880175541297 -0.5729491330594692 -0.7774540386973604 -0.7301329973666213 -0.7352054721202302 -0.8937325340503494 -0.7861585777463378 -0.9506160428689864 -0.6692894144444055 -0.9997667405945565 -0.894793703082689 
0.1186410738828956 0.6333891005988234 0.5700679755279766 0.48451809497665743 0.29903237124515125 0.24825491023129614 0.20601390422184385 0.0978023827272226 -0.07260397136708105 -0.06756255333412645 -0.2651450116381785 -0.43735598051674773 -0.4649723804352432 -0.5323210398604872 -0.5817925190693983 -0.7115811331672964 -0.7737553093337707 -0.822448731730014 -0.8544950360316192 -0.9378451484241473 -0.9806706408981056 -0.9831546992370755 -0.991628178180332 -0.9572351992888515 -0.9069861514499845 -0.957500082374392 -0.8912869607782969 -0.932815510250103 -0.8754873533380735 -0.8230874911802184 
0.458529462939866 0.5330913361441492 0.3757259335872415 0.3010674614569636 0.2301196293115983 0.1343054718661425 0.1555487211719312 -0.061422230987839846 -0.12432574149798795 -0.2567532996006321 -0.43079582936037797 -0.43575887304922895 -0.616216765496799 -0.616010976961247 -0.6921221990558489 -0.7489432424077439 -0.9042477348199337 -0.9354593669869226 -0.8567603951837008 -0.9477704650266341 -0.8366662994029819 -0.9830957281030388 -0.9535723858421239 -0.9530522344085348 -0.9074830145048357 -0.9028345990764527 -0.9453874373535266 -0.8297942686928224 -0.873613848609717 -0.6859527858934774 
0.1186410738828956 0.6656439145489261 0.5703514756702119 0.48875251181386775 0.3468948553413895 0.24881482582433176 0.20400815250218135 0.09465455044749621 0.002462046818538087 -0.06546277544690271 -0.26514631446886233 -0.5374053992192032 -0.4986878993056198 -0.5366063975903245 -0.5817926965912943 -0.710488869624402 -0.7663857389332551 -0.8647391763885494 -0.8544950360316192 -0.9108525545389053 -0.9803132778204118 -0.980685832634252 -0.991628178180332 -0.9572430240093455 -0.9068453465079555 -0.956975107835754 -0.9429170513194859 -0.932815510250103 -0.8754186057010683 -0.8227044999655622 
0.12778769911755583 0.5619906305135806 0.3435978107787432 0.3007201896650356 0.23462351431609366 0.13910194297045192 0.09486342167952132 -0.14623920704446905 -0.13199524618993333 -0.25674135640221046 -0.3726971253572964 -0.4400357893849157 -0.5006042216800635 -0.6137121613662772 -0.6927835623463909 -0.7496275619093463 -0.8135194713531105 -0.9339323284515431 -0.9175881253462 -0.9448456859838179 -0.9969251083609152 -0.9822769385746485 -0.9742955228325474 -0.9437019180122758 -0.9078727181008153 -0.9028752151139611 -0.894691215201514 -0.8301256343897184 -0.8434859870314818 -0.6971093615223803 
0.9763062532356372 -0.37536103678413874 -0.08725629945697658 -0.08305526209725243 0.2287192943823316 0.09439262032098422 0.37445350994495374 0.40860490096980745 0.49962972430011404 0.6275339136434317 0.5674928699176172 0.6439558964626829 0.9633868059215139 0.5731866840883552 0.5477612841605692 0.9225344898097767 0.8289215428176161 0.9213199961631867 0.8359101629166207 0.8869191045225849 0.7000868150729008 0.810653898812174 0.868741041883624 0.8399429113807577 0.4723308314711555 0.6829315882900732 0.8516700738685232 0.6711542170126888 0.5146307142852891 0.34619187593637096 
0.08325687858623153 0.9817498802448162 0.9527797681780752 0.9049819997580485 0.8639788287624967 0.8390730420705941 0.7243853765532278 0.7166254486045185 0.6314875527486801 0.49529839336823417 0.4018448979331499 0.36833641386499216 0.22682916558729982 0.18265800568314267 0.07282672619010011 -0.08913237265086772 -0.19540734638813873 -0.30406783766109896 -0.3816018846327659 -0.4905387025598377 -0.6224443426096824 -0.7704270435700237 -0.7754371151462275 -0.8193190485816393 -0.8945000804057377 -0.91191893460398 -0.9444423365172591 -0.9330644263118684 -0.9998964093914159 -0.9777443742957747 
0.12161935070501144 0.6349106530675663 0.570051925056436 0.4050797796366301 0.30644940395935316 0.2442535423661796 0.20602641246824419 0.043622116720967094 -0.0974882693234622 -0.218475623999081 -0.2656802016300398 -0.43749291344669766 -0.4802140751843557 -0.5289697075561813 -0.6434386450146133 -0.7114308656221162 -0.7657892414293157 -0.8308432483114754 -0.8570438374422478 -0.9510136791215108 -0.9846016416206149 -0.9405944344585796 -0.9495621963569149 -0.9559844716777399 -0.9060195071856774 -0.9582599631549729 -0.9457140917897867 -0.8406604952329494 -0.8754893268599547 -0.8226637241651062 
0.4558626223056686 0.5593822919007093 0.5148098671697969 0.4737264603844552 0.2619006442121906 0.13677660749618012 0.14139313586122546 0.08303148670905582 -0.09256636006033472 -0.2539030047156172 -0.3476150869100074 -0.4374636622775494 -0.501183997100953 -0.5178702922733852 -0.6971757855409781 -0.7119194313326705 -0.7737362374040955 -0.9234699748825567 -0.9173393929287561 -0.9459567435053445 -0.9725935244821161 -0.9277516845976013 -0.9504662709161902 -0.9549525995619214 -0.9729406261927874 -0.9096850333309794 -0.9403169836317562 -0.8461044390001915 -0.8756403161228734 -0.6947004864313228 
0.12778769911755583 0.5619906305135806 0.3435978107787432 0.3007201896650356 0.23462351431609366 0.13910194297045192 0.09486342167952132 -0.14623920704446905 -0.13199524618993333 -0.25674135640221046 -0.3726971253572964 -0.4400357893849157 -0.5006042216800635 -0.6137121613662772 -0.6927835623463909 -0.7496275619093463 -0.8135194713531105 -0.9339323284515431 -0.9175881253462 -0.9448456859838179 -0.9969251083609152 -0.9822769385746485 -0.9742955228325474 -0.9437019180122758 -0.9078727181008153 -0.9028752151139611 -0.894691215201514 -0.8301256343897184 -0.8434859870314818 -0.6971093615223803 
0.4157582469165744 0.9817813798677048 0.952268724365294 0.9390430153311309 0.8639786766812776 0.8390331042156997 0.7244586236389823 0.7345089329616991 0.5375768067622116 0.4956125060738345 0.43194796548143893 0.3230209295247105 0.22678885528333664 0.22123409097188573 0.07204782082886185 -0.08912652687685284 -0.1843907916796925 -0.3100967597010301 -0.38303745211543627 -0.49316329753467314 -0.5751553210094161 -0.7754291545346872 -0.7722826883886716 -0.7329618374982916 -0.8942110151248869 -0.911834653509303 -0.9365191025058783 -0.9618982926895326 -0.9997672119396592 -0.9981429676713426 
0.41667283813925726 0.9757386662324188 0.9019857355109892 0.9070645171302307 0.8651713505738708 0.8397875614924928 0.7328783480068888 0.6667681788192893 0.633026101192959 0.48980151775901054 0.4002421776508729 0.3703384304181903 0.22358099002350504 0.21082203430164126 0.014908192147366519 -0.07900761748375588 -0.19537088586334042 -0.2870225689709789 -0.38167751336356404 -0.5501539791839642 -0.5602983584772039 -0.7708935827295442 -0.8175672921137641 -0.8207148732867643 -0.8922909815465125 -0.9138454544403691 -0.9997979630569641 -0.9175392068368099 -0.9999476531823362 -0.9557789783872648 
0.12778789760501966 0.5317839443528481 0.5702702044492469 0.3008003858855666 0.23460272844354518 0.13652924852371587 0.1473680930729427 -0.14634824737612095 -0.0975947223811043 -0.2773806896610704 -0.3724699664051394 -0.5000391419495367 -0.5003601067242842 -0.5965597765020949 -0.6929816873484476 -0.7487326457723755 -0.7731026903379979 -0.9340004726502733 -0.8508998352345395 -0.9895737507107696 -0.9976206160196962 -0.9831100867386035 -0.9559195355600265 -0.9515440652330092 -0.9091151240865587 -0.9023054437649256 -0.9561667118106183 -0.8474477107854791 -0.7393775315822307 -0.6856725376758194 
0.4558626223056686 0.5622989764148353 0.5632681519484518 0.4177404435588537 0.23060294568278258 0.24822667884021893 0.09599900798183116 0.08014645191301584 -0.092274882083056 -0.2586605282438334 -0.25566577229454346 -0.43726024223611965 -0.5141839284160139 -0.5973179307118364 -0.7595641995042721 -0.710873344266178 -0.7728492593308605 -0.9301931012012836 -0.8498936984070775 -0.9461825139378566 -0.9803049981115134 -0.9470656834751678 -0.9545861403061586 -0.9575852748217476 -0.9699798247322349 -0.9045228134439094 -0.9454166285511567 -0.8504425119071823 -0.8417526171086719 -0.6970209957341758 
0.45172906022464265 0.6329225558276232 0.5702793102718037 0.48449399603819104 0.34760054437716703 0.24732188998173615 0.20603074303909924 0.10003180708104448 -0.07215045043900566 -0.13382474674041445 -0.2651724903530493 -0.4373407214981297 -0.4668410220598572 -0.532323602419509 -0.6431023752271328 -0.7027390367047545 -0.7737298634422649 -0.8662733238971928 -0.8564600512385877 -0.9379929358096288 -0.9830841571832497 -0.9306029594662162 -0.8925074661593086 -0.9574346686243267 -0.9074879167846347 -0.9571340904688433 -0.9455755190945516 -0.9259069437915366 -0.8754913131692114 -0.8236064065018794 
0.45659014427459915 0.5374964918945615 0.57006856017055 0.4011523606981565 0.2921031745225492 0.2790961388772265 0.14177076775604366 0.04361846332416555 -0.05612495976086705 -0.25634898667273875 -0.26450913569042545 -0.437456556431134 -0.5016859668996448 -0.5959620565935189 -0.7441257088749801 -0.7133508653485215 -0.7736010612839987 -0.8834974751728398 -0.9295505453435977 -0.9482478340547206 -0.9807089007522015 -0.9850370261760104 -0.9639385807007521 -0.9548780262807014 -0.9072670016130944 -0.9043620553515334 -0.9435486302055734 -0.8464398126160259 -0.7818129662467479 -0.6936533125975829 
0.08162363578035758 0.9817590838576289 0.9705259353312921 0.9476795047871217 0.8652203365332323 0.8846006117996232 0.7362056515392501 0.7194023293800597 0.6147752365769508 0.49104449826317803 0.39971829149800076 0.6175751453444469 0.2234494408741079 0.2879177380065404 0.02172374461805557 -0.06368080974075194 -0.18727483919225912 -0.9423240255657813 -0.38152292194051307 -0.5506752947066259 -0.5622605134193035 -0.9394078172705995 -0.732495323625003 -0.8175655535451315 -0.8852256588306823 -0.7884894947185282 -0.9410585486551075 -0.6551438533579167 -0.9998963984576185 -0.943867188053043 
0.08162363578035758 0.9816876454561021 0.9506314265680238 0.9386631122420205 0.8651117396637855 0.8860326987043947 0.7364563129349023 0.7194023293800597 0.6343957163289385 0.4957216866656031 0.43530581888924264 0.36819795049386705 0.2235517211089943 0.18210999353403223 0.015260426728661642 -0.07957204891123787 -0.2012271391121882 -0.3035920589786288 -0.38313803975161587 -0.5506564797968049 -0.5729491330594692 -0.7717356950372228 -0.7303558590010302 -0.7352054721202302 -0.8937325340503494 -0.7866355611830305 -0.9508056225881355 -0.6729393987540866 -0.9997671401088575 -0.8933268366489836 
0.08162363578035758 0.9817556876050537 0.9515374602517531 0.9691342633804573 0.8639880969271516 0.8554641878727486 0.7251684111888375 0.7292209263356808 0.6318550912587555 0.48936477898097797 0.4028224984502787 0.3682047302438589 0.22334337878728958 0.22686879135641846 -0.040353944849967766 -0.07918675637169136 -0.1951876831709727 -0.28852926848131233 -0.383059910619463 -0.550880175541297 -0.5733280780625939 -0.6189022303795471 -0.77653031581 -0.7406996987961644 -0.8932825717583054 -0.885765559038189 -0.9370161257004912 -0.9619144655510745 -0.9998769831632132 -0.8987975194098837 
0.4567109692439969 0.5374964918945615 0.57006856017055 0.4011523606981565 0.24529699957136797 0.2782332411214616 0.1555250548590629 -0.06575097561844678 -0.05612495976086705 -0.25634898667273875 -0.2643758311431676 -0.437456556431134 -0.5024397652399113 -0.5959620565935189 -0.7710371272854902 -0.7131954466160065 -0.7735588595124839 -0.8835946666287647 -0.9295505453435977 -0.9482478340547206 -0.9807089007522015 -0.9831521531128182 -0.9535355938691409 -0.9531484485746761 -0.9072670016130944 -0.904358966719872 -0.9435486302055734 -0.8465147692252554 -0.7818129662467479 -0.6936533125975829 
0.08162363578035758 0.9816875068803997 0.9506314265680238 0.8176069771678941 0.8651134502706229 0.8853971192543723 0.7373983500430421 0.7194023293800597 0.6329487382091455 0.4913789272452929 0.43530581888924264 0.36819795049386705 0.22358794260493078 0.18378348560328206 0.02117668880392323 -0.06474795052665178 -0.18734865844987036 -0.3035920589786288 -0.3815857855920404 -0.5506560015957968 -0.5732138085020344 -0.9848376961226321 -0.7301420058184809 -0.8203351957866208 -0.8937736552250546 -0.7866678644493174 -0.9575785611898362 -0.6551595325776944 -0.999902004712893 -0.8926598519633367 
0.4156481666456532 0.9857830449462968 0.9706285442676479 0.9386602412249152 0.8652836360050608 0.94994171813942 0.7362129704562086 0.7196305230716313 0.6138076182383452 0.5445564195513043 0.3997083006582925 0.36819371061975475 0.22679188263851138 0.22123774115192132 0.015392445886908654 -0.049401921025422874 -0.18443922801328777 -0.3068324203768576 -0.38306210019123826 -0.45844874286593024 -0.5728331402947745 -0.7771939877775397 -0.7742989287403347 -0.734800042871092 -0.8941662972247404 -0.8794707838319155 -0.9419850763033731 -0.8884195626972087 -0.9998843026696907 -0.9438414520120636 
0.12175544895875529 0.5374964918945615 0.5702656049157919 0.40132775431327516 0.30215217105446934 0.24522196206269598 0.2045601923901611 0.03845667334550405 -0.0560920073379836 -0.25634898667273875 -0.2659038868412272 -0.437456556431134 -0.5016859668996448 -0.5328841039793824 -0.695104432268646 -0.7486963696027479 -0.7643169680916293 -0.9349055532969858 -0.8535837665300415 -0.9258037720570439 -0.9807089007522015 -0.9850370261760104 -0.9934055064682117 -0.9879982536196162 -0.9096544611003748 -0.9678882309926544 -0.9435486302055734 -0.8423545259745777 -0.7813990316728517 -0.6856424627407092 
0.12778789760501966 0.5317839443528481 0.5700539264175757 0.30062499227044803 0.23460272844354518 0.13652924852371587 0.1473680930729427 -0.14118645739745944 -0.09762767480398775 -0.2773806896610704 -0.3710752152543377 -0.5000391419495367 -0.5003601067242842 -0.5965749411483803 -0.7498838157752933 -0.7133243320459627 -0.7219146887040372 -0.8818546479596523 -0.9268666140477169 -0.9895737507107696 -0.9976206160196962 -0.9831100867386035 -0.9559195355600265 -0.9515440652330092 -0.9281372677323555 -0.9023054437649256 -0.9561667118106183 -0.8471480993005969 -0.7393775315822307 -0.6902226729493932 
0.458529462939866 0.5330913361441492 0.3757259335872415 0.3010674614569636 0.2301196293115983 0.1343054718661425 0.1555487211719312 -0.061422230987839846 -0.12432574149798795 -0.2567532996006321 -0.43079582936037797 -0.43575887304922895 -0.616216765496799 -0.616010976961247 -0.6921221990558489 -0.7489432424077439 -0.9042477348199337 -0.9354593669869226 -0.8567603951837008 -0.9477704650266341 -0.8366662994029819 -0.9830957281030388 -0.9535723858421239 -0.9530522344085348 -0.9074830145048357 -0.9028345990764527 -0.9453874373535266 -0.8297942686928224 -0.873613848609717 -0.6859527858934774 
0.4153707991596239 0.981789384414232 0.9554262318802926 0.7553494779458969 0.863942437936006 0.8394889774074621 0.7251426270331001 0.7174975736113672 0.619363670960002 0.44765555346355823 0.4002665561501531 0.45810065116140986 0.20756420336021172 0.22111890199232925 0.014993658567097362 -0.0877672070132317 -0.18439244487747328 -0.28997673084233183 -0.38264045538498404 -0.5502450717810099 -0.5733235984024948 -0.7770206464049532 -0.7742068712655319 -0.7320926142415647 -0.8852274517820287 -0.9102777485804173 -0.9407907304414436 -0.9310592975335519 -0.9997704955625126 -0.9729158177887136 
0.41667283813925726 0.9757386662324188 0.903047716993783 0.9070597242882238 0.8651713505738708 0.8397875614924928 0.7328783480068888 0.6667681788192893 0.633067232265593 0.4958115568891226 0.4002421776508729 0.37042836788817113 0.22354973695575928 0.18312916382175928 0.0151790453948543 -0.08905068535674773 -0.19540682810177668 -0.2870225689709789 -0.3816779224165582 -0.5501539791839642 -0.6189594903260336 -0.7708935827295442 -0.8175672921137641 -0.8207148732867643 -0.8944242125171095 -0.913870394293989 -0.998741086685413 -0.9175392068368099 -0.9999442451042424 -0.955502142404426 
0.11991096664767083 0.6661587703175661 0.5700504492719409 0.48435788187352946 0.3018011752557284 0.24268123654308085 0.20600903342742902 0.09464198972487119 -0.07076537809622482 -0.13945938590579038 -0.26281790911586456 -0.43735598051674773 -0.5016738856350319 -0.5323563062247647 -0.6408087058678651 -0.7110239631529328 -0.7738238272161997 -0.8912482984793357 -0.9233870180169828 -0.9377350454923173 -0.9807135535430824 -0.9795576244360283 -0.9680097980050097 -0.9572860132196657 -0.906987327993287 -0.9598445701853013 -0.9433738278816675 -0.9711659406015116 -0.8754021360494028 -0.8247558164927749 
0.9763062532351598 -0.43898182166863636 -0.06921421362573191 -0.08289981417784056 0.22871180284753542 0.14242663613049908 0.3742783612017573 0.4086559168109038 0.5099793453783352 0.4522380342437461 0.5466195074935893 0.6439558964626829 0.648501463480826 0.5994138548543879 0.819887722351267 0.9205937194696556 0.9382920481974728 0.8756691064274278 0.835897404745077 0.863534323586128 0.6932538879735415 0.810653898812174 0.8677726372547903 0.8399376417629844 0.47232416592464854 0.6829315882900732 0.8516700738685232 0.6711542170126888 0.5146338358156405 0.3387168406560977 
0.11645643950672784 0.6591662222191428 0.567889356355551 0.4844580548074079 0.4056910464743836 0.2471634818309973 0.20400815250218135 0.09464251165572701 -0.07260397136708105 -0.06546277544690271 -0.26514755725229555 -0.4374994272168858 -0.4642840318268276 -0.5313995337509927 -0.5817925190693983 -0.7027160858824342 -0.7651913251925325 -0.9234109311700885 -0.8545342666876348 -0.9109116143694101 -0.91792549435065 -0.9831546992370755 -0.991628178180332 -0.9574382897622334 -0.9069841510438551 -0.9570284569096565 -0.8916787282958087 -0.932815510250103 -0.8754873533380735 -0.8230874911802184 
0.11861408586461754 0.7252617388073599 0.5704222405575831 0.48452082929265683 0.34763107953701267 0.14389486802161894 0.20601892635976954 0.09535066640217146 -0.004518956578392019 -0.21933362506573412 -0.26528407024894773 -0.4373575795800572 -0.499280162011799 -0.5295382469975682 -0.5581935893554941 -0.7108454438702014 -0.7738946066916165 -0.820091345102951 -0.8564318034953362 -0.9737423366502246 -0.9820200700573046 -0.9273724305883666 -0.9930321671249327 -0.9572372646639978 -0.9287048579883944 -0.9092140695359403 -0.9453294368249451 -0.9014096477729715 -0.872841947471549 -0.8234337023436434 
0.4137197105807946 0.9816915776432166 0.9499561109898589 0.9378874823115498 0.865128882601454 0.7842695538776214 0.7252729041924636 0.7194023293800597 0.6329487382091455 0.49563760601840157 0.43530581888924264 0.36817986957085697 0.22358794260493078 0.1826271521568742 0.015260426728661642 -0.04908613162556237 -0.18711500778004928 -0.3025058340448171 -0.3830487094238862 -0.5506584391658352 -0.5729491330594692 -0.9819954793237975 -0.7301419551248904 -0.7351728851421805 -0.8937325340503494 -0.7860930816393481 -0.9506160428689864 -0.6693403560456309 -0.9999076939400805 -0.8926577096929028 
0.12431824000998568 0.5361288437354134 0.5631752054980315 0.3218472514342494 0.2977014277339679 0.1360595552091029 0.0954997938822876 0.08974085553349948 -0.13172499740943697 -0.2600917807854992 -0.3700997826736565 -0.4866169642725513 -0.5561611355085836 -0.6185520240666454 -0.6972565307242686 -0.7488522864404156 -0.8133603096076116 -0.931871061926396 -0.9143009629937863 -0.9460932141957173 -0.9959894796826799 -0.9841822213813777 -0.9498214729211608 -0.9439439775429119 -0.9702199924146726 -0.9028804469074082 -0.9574241544521624 -0.8283606028624931 -0.8716516087784947 -0.6859571721495034 
0.08326982185044093 0.9749554181764811 0.9522887463531916 0.9393108320776505 0.8639880969271516 0.8866956781763442 0.7452146638171233 0.7297859105664787 0.6317538909135652 0.49528064564262647 0.40251628823873364 0.3682048608477073 0.22336506845609772 0.22101610946749234 -0.040961210181385564 -0.0788667286075272 -0.19539778615484238 -0.28852911429604716 -0.38305991068846473 -0.537611016449051 -0.5729491224995021 -0.6208132549211045 -0.7725299440891422 -0.7406877289210471 -0.8942296375534391 -0.9110681771301199 -0.9370161257004912 -0.961806478938512 -0.9997663849066755 -0.982387092541723 
0.11991096664767083 0.6661587703175661 0.5700504492719409 0.48435788187352946 0.3018011752557284 0.24268123654308085 0.20600903342742902 0.09464198972487119 -0.07076537809622482 -0.13945938590579038 -0.26281790911586456 -0.43735598051674773 -0.5016738856350319 -0.5323563062247647 -0.6408087058678651 -0.7110239631529328 -0.7738238272161997 -0.8912482984793357 -0.9233870180169828 -0.9377350454923173 -0.9807135535430824 -0.9795576244360283 -0.9680097980050097 -0.9572860132196657 -0.906987327993287 -0.9598445701853013 -0.9433738278816675 -0.9711659406015116 -0.8754021360494028 -0.8247558164927749 
0.08326982185044093 0.9820934021320188 0.9515374602517531 0.9073100312268175 0.8639856822383112 0.8394692704745277 0.7329923404483513 0.7292224031359221 0.6275509455804985 0.4344338871737077 0.40030015038138567 0.3714723186706594 0.22335740466806545 0.2268758747734631 -0.005812032267331811 -0.08534663241415354 -0.19539778615484238 -0.2885291179233592 -0.40976199169706873 -0.56714116942673 -0.5729491224995021 -0.7736663744293213 -0.7766525083849032 -0.7406885263641092 -0.8931260662012712 -0.8630671586093543 -0.9370161257004912 -0.9232679686828493 -0.9998915032624088 -0.9821299433943478 
0.4583438907313715 0.5589177805496556 0.5699805079541198 0.3093498541792276 0.2314979083379676 0.13683338162075379 0.14815969888272526 -0.06617321036069859 -0.09164988036660163 -0.2597627779238308 -0.3481850338957774 -0.4418636982371729 -0.5809302829760905 -0.5972887575713542 -0.6958712844705895 -0.7075856349890722 -0.7642253473788088 -0.9327300330818822 -0.9173034066972726 -0.9721929007490847 -0.9728070149951557 -0.9476975416417801 -0.9547498723331085 -0.9897136822351503 -0.9719572904090344 -0.9044655559312724 -0.9403168979981609 -0.8474506553822523 -0.84145907158688 -0.693954335292003 
0.4127646829645808 0.9816909136118998 0.9499561109898589 0.9386738693031937 0.8651123841943571 0.8858038136929012 0.725290290974022 0.7167275570349635 0.6331033140975466 0.4952900655953825 0.4344313177374932 0.3699698618362367 0.24251467400351334 0.1826271521568742 0.07287374711549621 -0.04929511100657934 -0.20125901275308006 -0.30259290571989583 -0.3830487094238862 -0.550880175541297 -0.5729491330594692 -0.7774540386973604 -0.7301329973666213 -0.8206583130505244 -0.8937325340503494 -0.8903849253412728 -0.9506160428689864 -0.7639768325006859 -0.9997667405945565 -0.894793703082689 
0.9763062532356372 -0.37536103678413874 -0.08725629945697658 -0.08305609935856441 0.22978971610360055 0.09792709872045784 0.37445350994495374 0.40860490096980745 0.5096263644948527 0.6275339136434317 0.5674928699176172 0.6439558964626829 0.6407564221289259 0.5745104600571047 0.5490512049806223 0.9206808741214465 0.8283229599376959 0.8756401311799069 0.8359103964076608 0.8868187568980676 0.7000868150729008 0.810653898812174 0.868739839375793 0.8399429113807577 0.4723308314711555 0.6829315882900732 0.8516700738685232 0.6711542170126888 0.5146339337320612 0.34619187593637096 
