0.9795640392856869 -0.20461098300999722 -0.610105962823034 0.03457177553005389 0.048662629064319896 0.15707361299651115 0.5056039937253695 0.48555383673647506 0.5135190459888505 0.6119421981537121 0.5783039550710788 0.7514404595224061 0.700546904525011 0.8185812569687679 0.8200775515256725 0.9772298193826084 0.9230682722586949 0.9511993642610742 0.6680115644289677 0.9856236794962377 0.5960528053646134 0.9390458599213337 0.8500369385382102 0.8672403018150113 0.7293830277656765 0.688916671068052 0.6678606807464753 0.540834192892611 0.4440532548459086 0.3956201566932376 
0.22987020563686872 -0.9508971292476989 -0.9990727272529466 -0.9214838443479678 -0.9866526426074855 -0.9605269090605318 -0.9350119612603834 -0.8554548662295369 -0.8338175086546472 -0.5940389734053185 -0.7058422525779763 -0.5780116157033129 -0.5372480277328439 -0.43481839683517765 -0.3526824470423435 -0.24550701542770825 -0.15000595088588906 -0.00750605890412003 0.06722285674344276 0.15655843301266859 0.24070139140545432 0.36313258310427143 0.4611296536667444 0.5380440605159431 0.6157460917644183 0.8327114922707572 0.7736040267677455 0.7011031397534371 0.9107819584362318 0.9711760565234432 
0.22987020563686872 -0.9508971292476989 -0.9990727272529466 -0.9214838443479678 -0.9866526426074855 -0.9605269090605318 -0.9350119612603834 -0.8554548662295369 -0.8338175086546472 -0.5940389734053185 -0.7058422525779763 -0.5780116157033129 -0.5372480277328439 -0.43481839683517765 -0.3526824470423435 -0.24550701542770825 -0.15000595088588906 -0.00750605890412003 0.06722285674344276 0.15655843301266859 0.24070139140545432 0.36313258310427143 0.4611296536667444 0.5380440605159431 0.6157460917644183 0.8327114922707572 0.7736040267677455 0.7011031397534371 0.9107819584362318 0.9711760565234432 
0.5633077893229118 -0.9545084379577101 -0.9970409153220507 -0.9247696044438789 -0.9790249474188585 -0.9079713535668386 -0.9395850340269883 -0.8737080755419883 -0.8323493174397575 -0.6901810363442066 -0.707605681351636 -0.5653928680154233 -0.5372777775676338 -0.3767616923827705 -0.33830182673874704 -0.2524113541180034 -0.14648380814537762 0.02526637296139897 0.07000750489785892 0.16176043236408402 0.2361710990572787 0.3752254952971921 0.4605392878818197 0.3109028622867456 0.6378391048192796 0.7184607102769855 0.7729315255242873 0.7814918764551714 0.910786511435731 0.9646401679018004 
0.24182299980703675 -0.9906522084626763 -0.9458386672489737 -0.9386869430145508 -0.9695966366730894 -0.9068626518694696 -0.8414607268000971 -0.7822921883029571 -0.7587587899334046 -0.6159555130683789 -0.6004555250992208 -0.4923912369483118 -0.37394256724239416 -0.2512769805847169 -0.24812332551398827 -0.06894994005859834 -0.057866690916010696 0.13949329001871974 0.20364041326088175 0.3305455580980376 0.3532411616577017 0.5310927781152905 0.5707966983379357 0.6907336321634319 0.7538021143785345 0.8214358839970455 0.9278735667047634 0.9457460361628013 0.9179510603619735 0.986508533179975 
0.5746276935697805 -0.9829985063627135 -0.9458713201264679 -0.9741471311831655 -0.8122190256365398 -0.9068201419486742 -0.8775526374174456 -0.780835342398486 -0.7587504729785965 -0.628922016051344 -0.5850081406208562 -0.45485394289793774 -0.4231741402896108 -0.2512708027831275 -0.2595198347187657 -0.06867374851467513 -0.058051070154291416 0.1425369295133635 0.18365958312782232 0.33062389195668274 0.3563288000546696 0.5319214039670567 0.5707977651370959 0.6907331875318643 0.743558677878548 0.8270680341390817 0.8934431776013354 0.946666276874903 0.9179691390776701 0.9869336679605638 
0.8968830766783953 -0.998833624010877 -0.9996241576661632 -0.9689777619696661 -0.9787758065738958 -0.9076239653941304 -0.9322607940324512 -0.8520669201189799 -0.8306674761540161 -0.6890808022445363 -0.7063722608011538 -0.5701639539979566 -0.5379095440333224 -0.37261669042975043 -0.3523936583406726 -0.23963963008788014 -0.16368285592804102 0.022113948283188373 0.06994695181054583 0.08705800432422983 0.23352117708320802 0.3672196055848994 0.4610741253729202 0.655305108988992 0.6349133832300098 0.7176417699768748 0.7760117186291 0.8798116749701107 0.9108458476654847 0.955632180486327 
0.9795640392856869 -0.20461097915898704 -0.5507255794507666 0.03457177553005389 0.048662629064319896 0.15707361299651115 0.46116231082106496 0.3601642999533747 0.5135190459888505 0.6119421981537121 0.5676496211906275 0.7514404595224061 0.9026444527600115 0.8185812569687679 0.9228862142933908 0.8817518408219067 0.9285925587883423 0.9959604672599319 0.6680115644289677 0.9903161954813479 0.8581542560984896 0.9390632099616159 0.8728004687677317 0.7983913389146257 0.594954328534828 0.6889166041351441 0.6013394189693949 0.540834192892611 0.4673877866485351 0.39529972245587186 
0.9074311768239727 -0.9837415225100659 -0.9897399725104444 -0.9719926339803928 -0.9788219109001431 -0.9047470073436628 -0.8786221819809066 -0.7828373153018442 -0.5946720446072857 -0.6282829533896346 -0.5952533054486254 -0.4921222593931393 -0.42257489447324664 -0.25155693743011115 -0.10174364817402136 -0.06599688854043043 -0.05581309885605042 0.1387404496712776 0.2035809841422826 0.3512624800311993 0.4113632510635516 0.5149122128746065 0.5712764611369499 0.6907160755667917 0.7393658557724658 0.8213825826844601 0.7816920271178986 0.9496891703435641 0.9333993951000308 0.9865199220664751 
0.9795640392856869 -0.20461098300999722 -0.6101059968960171 0.03457177553005389 0.048662629064319896 0.15707361299651115 0.5056039937253695 0.3831986583271762 0.5135190459888505 0.6119421981537121 0.5783860038409709 0.7522251509275265 0.7027179636762487 0.8185812569687679 0.8200775515256725 0.9771844773389353 0.9230682722586949 0.9511993642610742 0.6680115644289677 0.9856236794962377 0.5961683073712385 0.9390458599213337 0.8500369385382102 0.7959997876187007 0.730847756049307 0.6889218435938086 0.6678606807464753 0.540834192892611 0.4671740103750514 0.3956201566932376 
0.5635332315864207 -0.9543074227507107 -0.9978445001125271 -0.9247696044438789 -0.9871423208791654 -0.926240078368526 -0.9349442126429551 -0.8544492837846178 -0.8323295236755638 -0.6903834649320714 -0.6944894835346883 -0.5663591684880627 -0.5372777775676338 -0.3767966345402833 -0.35320118585659693 -0.2381219636602475 -0.14648399273836982 0.024251116690082307 0.07000750489785892 0.1541361792368628 0.23602995196645293 0.37195250211605235 0.4610950983108546 0.5403129574279095 0.6378391048192796 0.8252795478986199 0.7728452332143321 0.8762111805664613 0.9107859769608018 0.9716499810378382 
0.5746276935697805 -0.9831961730394925 -0.945460517744394 -0.9745498185525004 -0.9552241507892886 -0.9044940137248336 -0.8779286861368493 -0.7801521952776139 -0.7585044672612238 -0.6288393642370358 -0.5850041235695798 -0.5140488732156302 -0.3563539317278353 -0.269854345994506 -0.14250419563582128 -0.06828656598013783 -0.055607915824306894 0.1404021392646113 0.20131248640989663 0.33098086722577513 0.3563288000546696 0.5089646543037347 0.5727664459997399 0.6887144984820915 0.7467282624472222 0.810661977992425 0.893366115972114 0.9466327297182529 0.9311767783706929 0.916284023364923 
0.5720448782022463 -0.9837127670536483 -0.9944259977575158 -0.9387715114669463 -0.9768911576037859 -0.9095664431513112 -0.8786555816659462 -0.7809399673961618 -0.7744443564168414 -0.6868490060437321 -0.5941723918861073 -0.4932632782545072 -0.3742506635747965 -0.3331312996946818 -0.2822507579887209 -0.07079159401955938 -0.055725213461737866 0.1387404496712776 0.205849771124674 0.29377657931901824 0.4147595011516215 0.4720315699577297 0.5696685410726025 0.6587445085580697 0.7393747347694859 0.8117642762948021 0.7646367263627055 0.8979785762341083 0.9340349902923457 0.9882698401340699 
0.2298960792873549 -0.952972222842673 -0.999918474083914 -0.9406711326790864 -0.9790280445229537 -0.9599009436222612 -0.9348723914505472 -0.8553999252729102 -0.8340125507787493 -0.6904785776442324 -0.7051119029010039 -0.5780116157033129 -0.5487672461897858 -0.4350394837264942 -0.3526824297427369 -0.24550701542770825 -0.15000595088588906 -0.006127111096075045 0.06933141507741056 0.16139248110235932 0.23043407008196254 0.303906506270596 0.4611296536667444 0.5402074099422545 0.6155808577066942 0.8259359318613427 0.7736040267677455 0.7011031397534371 0.9107821364662104 0.9711760565234432 
0.9073704006607975 -0.9930014833619765 -0.9898399766732946 -0.9374643447941288 -0.9718240274719241 -0.8936029685651095 -0.8768986128905881 -0.7822200130485234 -0.7714550920756861 -0.7134262626432983 -0.5952533054486254 -0.4924638966636293 -0.35674178656286193 -0.25155693743011115 -0.1911397523499752 -0.06908850607764525 0.009400384352404423 0.1387404496712776 0.20418030348063038 0.3512624800311993 0.4113632510635516 0.5148642873381526 0.5727972800952844 0.6891009973306556 0.7393658557724658 0.8213825826844601 0.8999483350863652 0.9554985771642543 0.9333993951000308 0.9869235596727173 
0.56414588053705 -0.9992259829880554 -0.9996020218330364 -0.9689079767422579 -0.9821483573626734 -0.9632463145578818 -0.9409080234417994 -0.8696865616655161 -0.8322944439367445 -0.7186919457455347 -0.7077973985287818 -0.5776086704316618 -0.5369260320322176 -0.36874241646191375 -0.35239810703114177 -0.25228197048066575 -0.16514059526559055 0.0251315696525737 0.06733357108962879 0.15380998775003762 0.3004298702881226 0.37012895707675453 0.4610822493813248 0.5402950753795658 0.6354429753198904 0.7020396266759649 0.7702215532656284 0.881283349265029 0.910722082531563 0.9548032503939186 
0.56414588053705 -0.9994036752260361 -0.9977835289957594 -0.9254413419948856 -0.9786759520119827 -0.9640536447435399 -0.94134325816847 -0.8723682108155797 -0.8324258621855223 -0.6894241895043609 -0.7063877375731317 -0.5659788732153763 -0.5379031999996893 -0.3770755985995263 -0.3514762130601566 -0.2389004183346058 -0.14271758294309406 0.02431393249188544 0.06733357108962879 0.1549521999343324 0.3004298702881226 0.4663904065320862 0.4610740703831135 0.539480821592947 0.6354816976480925 0.7176437115171939 0.7702992557377867 0.7730692661527417 0.9108065138585854 0.9553613354466837 
0.5661779238292891 -0.9999220870183891 -0.9994315089954277 -0.9691738822202844 -0.9783802025105395 -0.9426257630430233 -0.9494903643418543 -0.8696627634765031 -0.8345599864690724 -0.7200663453634195 -0.7095649129789123 -0.5813841335571553 -0.5374569605662499 -0.40291571117899505 -0.3386982061841496 -0.23945824426373213 -0.10877385795136682 0.026348004331733437 0.07198335657645326 0.23821683483896622 0.4418427106864227 0.3410907854492262 0.46268964747579117 0.6023814911565871 0.6367350870443498 0.7334120544197741 0.7722896497753015 0.8430947323044012 0.9108421463182123 0.9479089067647402 
0.5647101662785337 -0.9543111300169583 -0.9787040725937705 -0.9691744619829448 -0.9789925063501707 -0.9427293343279791 -0.9545708350868414 -0.8696630828525074 -0.8420001377405406 -0.7126250766091897 -0.6965541229028535 -0.5748689929575266 -0.5299566826690616 -0.4029159931355939 -0.3397096100110184 -0.23805485095900847 -0.10768568898817857 0.025034818634486106 0.06955759252048453 0.1632591576555376 0.30132282497291574 0.340812909006405 0.4627039153368554 0.5865868058073979 0.6378869895047551 0.7346668300958709 0.7729362233100582 0.8444632150843062 0.9108354567197022 0.9553218981721651 
0.9001021651360025 -0.9832981558620056 -0.999868670526505 -0.9729588247538096 -0.9791206381703518 -0.961376115615688 -0.9317809785354031 -0.8682417969189246 -0.8306588199809676 -0.7051138156955332 -0.6659076011748657 -0.5703459615186082 -0.4748465361423114 -0.36530702771768403 -0.2909134235786115 -0.24095884805383527 -0.11052340569430838 0.025631764944350318 0.06632506761074493 0.3247543500931866 0.3019939647871921 0.4736135786342049 0.46138929819781516 0.5415947565375651 0.6641217655251085 0.7147773887127209 0.7759777251469329 0.8792052873432266 0.900899106882028 0.955736111541614 
0.23367704643173354 -0.9574765239633235 -0.9889300796067458 -0.9695153707520794 -0.9815119199808571 -0.9632462708327001 -0.9326456184030616 -0.8683152418460757 -0.8306085330117409 -0.7120879407909773 -0.66832757677688 -0.574440670374434 -0.5232344413060476 -0.40395971932492514 -0.3379543902397848 -0.23917829408365415 -0.14652500346724218 0.023487956896463894 0.15560804239607834 0.16750731937652044 0.3372839395931679 0.3342274660512321 0.4632799325000152 0.5723376971699643 0.6922826004033307 0.7287978005152985 0.778623080988304 0.8553413440123132 0.9106774322747878 0.9560760926075508 
0.9026898026789475 -0.9725945886042967 -0.9992260676445802 -0.9597101812023033 -0.9716770568720073 -0.9569574188394248 -0.8754250781607635 -0.835706300621339 -0.7762431450488215 -0.7152668386878839 -0.5903738526817696 -0.565721921200231 -0.373250922497646 -0.3473450104014701 -0.28762551642087164 -0.13229180251649625 -0.06571342907062412 0.05694404349650248 0.1554275505978494 0.2865864784010418 0.33305363820993994 0.470942520250678 0.5174039967669657 0.6578892199220655 0.694446255983558 0.8114073434840303 0.8938372172137423 0.9241882584887917 0.9399316003791742 0.9869979394940817 
0.5661393393538801 -0.9538373150387284 -0.9970657168450724 -0.9684368682714976 -0.982097315285036 -0.9066400380316776 -0.9404010121467368 -0.8694257133092174 -0.834357102369729 -0.710346788142931 -0.6723091165158216 -0.5777021889301979 -0.5304365870710547 -0.36944566935578443 -0.3412278108831829 -0.23919850814013377 -0.11001247142019274 0.027549715482297194 0.06939733824071567 0.21449430011849552 0.30260129264434393 0.37439788551963 0.4611299536688278 0.5440837057691768 0.6421176873545816 0.7612184712230299 0.7729210947289914 0.8710839760943906 0.9101697103852981 0.9422443185800298 
0.24050743523065768 -0.9829036390413022 -0.947913179062688 -0.9382332574758675 -0.9715851326860245 -0.9049413163587117 -0.8775590824469658 -0.7527251908803846 -0.7595441254055443 -0.6595054597275236 -0.6685297626430854 -0.4533114124017612 -0.35898915519204333 -0.3034168940951067 -0.19271392615714514 -0.06863322030007366 -0.0580929200126795 0.14253613241822338 0.20388466516021558 0.32721237005688536 0.43573130767132734 0.5317502849940392 0.5708742273075293 0.6891009889922949 0.7435565095849747 0.8213825826844601 0.8934418819040717 0.9459324067059653 0.9661283997818462 0.9869236568673999 
0.2319660787394922 -0.9574765239633235 -0.9889300796067458 -0.9723784330611175 -0.9814741857948354 -0.9632462708327001 -0.9296449823157692 -0.8697662689752781 -0.8306085330117409 -0.7120879407909773 -0.66832757677688 -0.6165863432153419 -0.5232344413060476 -0.40395971932492514 -0.3412997207393971 -0.23612406326227817 -0.14652500346724218 0.023456568313368995 0.1562624183686244 0.1667430148181897 0.29970699871059736 0.45389583447534837 0.4613397404724278 0.5424120634521792 0.6923006098825889 0.728495617237401 0.778623080988304 0.8813691473935366 0.7867108746525144 0.964269100395473 
0.23512368381781057 -0.9726802304932173 -0.9916929104449264 -0.9221859977820382 -0.971608686980588 -0.932533819561385 -0.8824225210998993 -0.8801021833187904 -0.7744133421438567 -0.6842318377606977 -0.67201609352778 -0.5659343988244832 -0.5296728972674599 -0.36234045199541715 -0.2858324068153571 -0.13190871910720714 -0.07392089444428523 0.026214075361240256 0.14978827332017966 0.30002996499929 0.3330674882270574 0.4709440719314019 0.5172423285747362 0.6596717145321636 0.6865853444816857 0.8176599096327073 0.8378619892058854 0.8888701545786899 0.9399890337837823 0.9570975704458802 
0.5661779238292891 -0.9699608710521267 -0.9994315089954277 -0.9691738822202844 -0.9732980311362298 -0.9426257630430233 -0.9545674600386507 -0.8696627634765031 -0.7968932358265439 -0.7200663453634195 -0.709570239592477 -0.5813841335571553 -0.5374313318911789 -0.40291571117899505 -0.3398553538561356 -0.24520818439425157 -0.10877385795136682 0.026348004331733437 0.07219608746111471 0.23821683483896622 0.30110300108342886 0.34072948731545405 0.46271114943854075 0.6023814911565871 0.6367350870443498 0.7340700336740447 0.7722797091853726 0.8444736555703986 0.9108421463182123 0.9479089067647402 
0.23893022316076298 -0.9937544776778966 -0.9752319451781586 -0.9889458989487083 -0.9708572454358909 -0.9567850263175799 -0.8776237031904383 -0.781266002797687 -0.7795841661553475 -0.6291112699104637 -0.5836658120755253 -0.5118143149984975 -0.46026423633359526 -0.34188606423585505 -0.23997350739810228 -0.10668976274787548 0.013140716006014373 0.1417739807904641 0.2051091344042535 0.2916189014047058 0.43810116584689696 0.5320579523989418 0.5690842091794873 0.6881525116280875 0.7454380053145112 0.8172722295516079 0.8942081958895834 0.959311104821931 0.9111851624964225 0.9785226987993079 
0.2298960792873549 -0.9534470077257439 -0.9889118652867475 -0.96872302006833 -0.9823499404785603 -0.963791958404163 -0.9408919352557585 -0.8633320840244275 -0.8417176548349455 -0.6975650421939403 -0.7075266549408414 -0.5793471178133063 -0.5487883778310214 -0.3771151146674033 -0.3532693009646324 -0.31829755558731015 -0.15009729154221463 -0.005032851238832986 0.06935466927303083 0.16196079123929824 0.23224489293530176 0.3733681092174462 0.4627871352940043 0.5436348056588751 0.636691202143763 0.8292486244088019 0.773605430918396 0.839373904073445 0.9107822231245069 0.9545071304552446 
0.9001021651360025 -0.9832981558620056 -0.999868670526505 -0.9729588247538096 -0.9788675295062694 -0.961376115615688 -0.9324493532658789 -0.8682417969189246 -0.8306588199809676 -0.7051138156955332 -0.6659076011748657 -0.5703724924998826 -0.5379543059446036 -0.37462506842691085 -0.2909134235786115 -0.24095884805383527 -0.11052340569430838 0.025631764944350318 0.06632506761074493 0.23705110641485064 0.3012403926985856 0.3390712658511879 0.46138929819781516 0.5415947565375651 0.6359201949719779 0.7148799228971922 0.7759777251469329 0.8792052873432266 0.900899106882028 0.955736111541614 
0.9037402792756236 -0.9897030942282493 -0.9997448767162941 -0.9890988171337093 -0.9349138289336757 -0.9068288214857843 -0.8760426739502076 -0.7809586118943994 -0.7794984438894871 -0.6880808371886624 -0.5846972039864269 -0.5141088582958961 -0.3742899632273502 -0.3460505473884433 -0.22576911265080166 -0.1063250281298766 -0.055880420391078336 0.05562114159552105 0.14706843484380966 0.2572569590149444 0.3245379515390249 0.5155872435198752 0.5459791868754029 0.658906424663859 0.6357395410179456 0.8247613525896146 0.8996276173007925 0.8829882732415414 0.9383553486514807 0.9591371361873217 
0.5635332315864207 -0.9543074227507107 -0.9978445001125271 -0.9232768744374812 -0.9787344879377309 -0.9926735223925857 -0.9350240874792498 -0.8768057346074776 -0.8323295236755638 -0.6903834649320714 -0.6944894835346883 -0.5866710036872634 -0.5372777775676338 -0.3767966345402833 -0.3530003904287827 -0.24535896650929334 -0.14648399273836982 0.024251116690082307 0.06994268059579709 0.1541361792368628 0.30050113261941425 0.3747606206047535 0.46054406204615866 0.5403129574279095 0.6378391048192796 0.8251934400810766 0.7728452332143321 0.8762111805664613 0.9108443209103823 0.9716499810378382 
0.9060097923464612 -0.9897439704145773 -0.9586739579960254 -0.9363775571754688 -0.9702452178536847 -0.9062935541861917 -0.8778723602956459 -0.7321446451270722 -0.7690585542605568 -0.6945467786478644 -0.5949912835819091 -0.5139935675983182 -0.37378354929644503 -0.3346369820179903 -0.25123532060469606 -0.10684700023766806 -0.05133730162474382 0.14035359989718935 0.20037324542765594 0.3227088520006616 0.33442471544800095 0.5090914005252566 0.5634858351812277 0.6906158136571976 0.7456086047619577 0.8109898437328934 0.8931260492889077 0.9467612177534913 0.9383309985475993 0.9569933757382589 
0.8968830766783953 -0.9561962783904204 -0.9996321214559997 -0.9648592360737213 -0.9787893598214528 -0.9913343330032578 -0.9494114870158559 -0.9591915724232789 -0.8305941729555032 -0.6890810470062444 -0.7069905861529034 -0.5829931616625033 -0.537973809825063 -0.37622304851970567 -0.3515074069826598 -0.23938043129846273 -0.14561050553614174 0.025210716842295935 0.07198316753509505 0.14611288535923483 0.3014810860822871 0.373286620263957 0.4610741561172005 0.5387942365217775 0.637868737440413 0.7176417699768748 0.7729533566958933 0.8813435895070334 0.9108458476654847 0.9557162487898214 
0.22989607004896256 -0.9545061041543185 -0.9970713775222478 -0.968419527634501 -0.9790712210958515 -0.9923887041525197 -0.9349400742451263 -0.8547794116780861 -0.8341050471177879 -0.7117331291254247 -0.6949538516933482 -0.5778013366861039 -0.5305615949817141 -0.40878639833642083 -0.35322276088182103 -0.2384101414350226 -0.1479630915937673 0.025317667813386686 0.06933141081969534 0.16183172888227615 0.2394543362774356 0.374203380679885 0.46112966486618356 0.5403123164428126 0.61568679928763 0.7197623469197795 0.7729346021634779 0.7808799745018002 0.9108460479635274 0.9514743500647693 
0.9022502056695112 -0.9513461950690153 -0.9899887199667113 -0.9384269154138878 -0.9718177854654851 -0.9027782527924779 -0.9326562074986909 -0.8547265235622026 -0.7629155679472684 -0.7117514662724379 -0.6949135326129203 -0.5657217484460333 -0.4689917065419138 -0.3610279138754738 -0.2913721888370497 -0.1270434384001861 -0.05393971933165269 0.05373420341125457 0.2027827879705829 0.28732230888213595 0.35291008960598624 0.47259959299320675 0.5486092803013994 0.6534635279607859 0.6378254310128845 0.7193372529613955 0.8190843806427245 0.8798960199925137 0.9102786876392287 0.9874729372229201 
0.2405265871710141 -0.9763849153077768 -0.989899165764114 -0.9386588438144765 -0.9718240274719241 -0.8933056950157707 -0.8770054747654157 -0.7520420437595127 -0.7587596743141827 -0.7151124494940557 -0.6706828920006559 -0.4923494373605437 -0.35674178656286193 -0.25155693743011115 -0.20270768141460185 -0.06908850607764525 0.00997785429837245 0.14253613241822338 0.20418427742541478 0.32711893182858764 0.44161280733605246 0.5148642873381526 0.5728240410009415 0.6891009889922949 0.7413058915493196 0.8213825826844601 0.8999399362391889 0.9598990349912119 0.9333993951000308 0.986927872766191 
0.24182299980703675 -0.9829050215506824 -0.9577094613049487 -0.938686718558194 -0.970730492927659 -0.9049615132376518 -0.8882871409879854 -0.7818965900830332 -0.7164407555887156 -0.6138139441624693 -0.5941051272869704 -0.5140525824136771 -0.4185899653954544 -0.2697430443038113 -0.1938292211893701 -0.06908741409571778 -0.051646771868086735 0.13938643080857357 0.20417426310411416 0.3304479242512681 0.40993088068654576 0.5317858822411092 0.5701049327117285 0.6909527920944469 0.7435446077254064 0.8215020962610632 0.8999519422688368 0.9456881566618422 0.918943617556481 0.9869218034053063 
0.5687494147632257 -0.9882475403889854 -0.9574804024995442 -0.9635110362262196 -0.9711471737255574 -0.8935768047149922 -0.8754232389927785 -0.8638516937630099 -0.8253923675561411 -0.7113081782759916 -0.6659687512815323 -0.5657186509838837 -0.5292597664787961 -0.40619766874127217 -0.292257855895618 -0.13020672496669264 -0.055057270506592114 0.05549310593593019 0.15626938547561992 0.3123901339218711 0.352768579287167 0.47095303661371896 0.5486092803013994 0.6546933718721375 0.6388930152031089 0.7269990608940415 0.8190839523828715 0.8760981682524933 0.8659374194519824 0.9559364208556939 
0.2298960792873549 -0.952972222842673 -0.999918474083914 -0.9406711326790864 -0.9790280445229537 -0.9599009436222612 -0.9348723914505472 -0.8553999252729102 -0.8340125507787493 -0.6904785776442324 -0.7051119029010039 -0.5780116157033129 -0.5487672461897858 -0.4350394837264942 -0.3526824297427369 -0.24550701542770825 -0.15000595088588906 -0.006127111096075045 0.06933141507741056 0.16139248110235932 0.23043407008196254 0.303906506270596 0.4611296536667444 0.5402074099422545 0.6155808577066942 0.8259359318613427 0.7736040267677455 0.7011031397534371 0.9107821364662104 0.9711760565234432 
0.23146892105741992 -0.9545194827780988 -0.9970713775222478 -0.9639193224616756 -0.9787432304945782 -0.991775596200649 -0.9324437042288121 -0.9662399548120858 -0.8306839112325994 -0.6929894755773 -0.694795688609475 -0.5873499847835257 -0.5303606638675217 -0.4217026908292284 -0.3387024457715783 -0.2455332871313895 -0.14749161305050487 0.025218691308758524 0.07204269784399629 0.15363012593950326 0.3012040770222825 0.47086444664005683 0.4605379559863138 0.5425811700436624 0.637858923525559 0.7175872891287084 0.7729346021634779 0.7809353758030317 0.9108460479635274 0.9832624306947795 
0.5712391206878286 -0.9710962245325058 -0.9945459094632668 -0.9901443220581567 -0.9546523309113345 -0.9568535761339282 -0.8766835663682377 -0.7798724961141903 -0.7800437934218557 -0.6604279750736457 -0.6736884224822532 -0.5228667901353624 -0.3725671812540706 -0.33476400496939973 -0.251835091632512 -0.06682553170451033 0.012312824573868487 0.054718447780084174 0.15435817258546577 0.33268260104263536 0.35639406448450406 0.5090061539596117 0.5726956767997436 0.6893722014651963 0.7393744639201174 0.8144822786062348 0.8941229574744173 0.8827409531310193 0.9335123947671203 0.9505573192522039 
0.2377708311494491 -0.9718935492059191 -0.9988751840501834 -0.9896029113030193 -0.9714392665250622 -0.900394087211123 -0.8790952487535677 -0.8637382006518328 -0.7798792563822698 -0.6601717249393948 -0.5756139656763545 -0.4925450420695332 -0.4156486074643864 -0.3959599616177132 -0.24810474136429794 -0.0687808165680174 -0.05386457095423831 0.02859053224027535 0.2044334057688993 0.3297900917914597 0.3565222588976669 0.470083127740524 0.5605006090640485 0.6581249775130789 0.7533971718443443 0.8212262101836127 0.8227213468768827 0.925368304050117 0.939618827069016 0.987323319507873 
0.8977128790742216 -0.9996263713176717 -0.9996311983843762 -0.9690264867293009 -0.9823571237401678 -0.9415918244733897 -0.9409049184743494 -0.9609976287102839 -0.8306015407614171 -0.6890392388065605 -0.7095381372744607 -0.5774194114638143 -0.5371496423574954 -0.4894157221431694 -0.3391237552948893 -0.2247689593505801 -0.16377970355910562 0.05527444009901273 0.07199093988683304 0.0859368197136009 0.23352117708320802 0.37287648219461855 0.4610825043945974 0.5362950532703906 0.6348569529110449 0.7149889702017851 0.7760121332007227 0.8426621521933385 0.9108658668492814 0.9545248909713517 
0.23950515852224155 -0.9762461721019938 -0.9910503440933193 -0.938828357408629 -0.9698361642517067 -0.8934564480408131 -0.8920176250771111 -0.7515413539971454 -0.7587600632836986 -0.714560562516546 -0.5848096184897611 -0.49213954797920767 -0.3347217265247092 -0.3346386260461871 -0.24463041260092627 -0.07002397109107314 0.010081475329675812 0.13864537351274991 0.20418854157894809 0.328291989990478 0.44130587635152396 0.516258432108709 0.5687263389588517 0.6858561458017003 0.6376469426995468 0.8145420854184912 0.8231463989016544 0.96061376666476 0.9320484527950665 0.9849902006418014 
0.2298960792873549 -0.9527383841625252 -0.9889118652867475 -0.9686504265756294 -0.9789655886265267 -0.9635562109948467 -0.9408908984529119 -0.8619504703852081 -0.8306667169134806 -0.6889210342092403 -0.7075266549408414 -0.5793608696383888 -0.5487883778310214 -0.3774413937800398 -0.3532577871720954 -0.31829755558731015 -0.14636218032064713 0.025106004763465334 0.06927068603064869 0.16196079123929824 0.23068494806031625 0.36737821484722333 0.46278750650552186 0.5426130962420174 0.636691202143763 0.6137326616982284 0.7760916996792135 0.8422500209409866 0.9107822231245069 0.9545071304552446 
0.23645399981572982 -0.9841802940693496 -0.9916294722631838 -0.9382982463070636 -0.9791178008932403 -0.9576066619362106 -0.88255268496963 -0.7565475416493788 -0.7735303983167867 -0.7121343645524145 -0.6725590753391879 -0.5649455285673506 -0.4761788895511042 -0.36549549471566434 -0.2770204946416467 -0.2370195215394787 -0.05759310636794586 0.05143052849140805 0.14824131001377466 0.326096145131727 0.30196061901358107 0.47201149061970943 0.5474390643814068 0.6891276692432988 0.6662045563619736 0.7322514226729273 0.8347401366243125 0.8993237374786517 0.9097140747905146 0.9866284545540178 
0.8968830766783953 -0.9561962783904204 -0.9996321214559997 -0.9634428527833367 -0.9788263640412082 -0.9913343330032578 -0.9494114870158559 -0.872947677544717 -0.8305941729555032 -0.6890810470062444 -0.7069905861529034 -0.5829931616625033 -0.537973809825063 -0.37622130292923833 -0.3515204198951222 -0.23938043129846273 -0.14561050553614174 0.02523922285493666 0.0700735189492121 0.15372716196297023 0.3014810860822871 0.373286620263957 0.46056626185334326 0.5387942365217775 0.637868737440413 0.8196065857626711 0.7728464863462705 0.8813435895070334 0.9107855315751777 0.9557162487898214 
0.24182299980703675 -0.9829050215506824 -0.9577094613049487 -0.938686718558194 -0.970730492927659 -0.9049615132376518 -0.8882871409879854 -0.7818965900830332 -0.7164407555887156 -0.6138139441624693 -0.5941051272869704 -0.5140525824136771 -0.4185899653954544 -0.2697430443038113 -0.1938292211893701 -0.06908741409571778 -0.051646771868086735 0.13938643080857357 0.20417426310411416 0.3304479242512681 0.40993088068654576 0.5317858822411092 0.5701049327117285 0.6909527920944469 0.7435446077254064 0.8215020962610632 0.8999519422688368 0.9456881566618422 0.918943617556481 0.9869218034053063 
0.9073701927456699 -0.9837127670536483 -0.9897395886192314 -0.9374796262404685 -0.9719430603049943 -0.9047467847042091 -0.8767760998309405 -0.7818816580733895 -0.6082818082433005 -0.6513289182280615 -0.5952533054486254 -0.4924638966636293 -0.35674178656286193 -0.25155693743011115 -0.10679014542895542 -0.06908850607764525 -0.05581309885605042 0.1387404496712776 0.173920478458907 0.3512624800311993 0.4113632510635516 0.5148642873381526 0.5712764611369499 0.6890638156777514 0.7393658557724658 0.8213825826844601 0.8999483350863652 0.8993303842096425 0.9333993951000308 0.9869235596727173 
0.23893022316076298 -0.9897062088707258 -0.9747566067652335 -0.9871097892462346 -0.97026383086947 -0.9567850263175799 -0.8776237031904383 -0.781266002797687 -0.7689656534114729 -0.6291112699104637 -0.5836658120755253 -0.5118227288914272 -0.46026423633359526 -0.3418599054814537 -0.23997350739810228 -0.10668976274787548 0.01333429114996447 0.1417739807904641 0.20042552193731872 0.32196320807717976 0.3339795178834054 0.5320579523989418 0.5634592108828576 0.6879946491172042 0.7456069749525649 0.8113238489755747 0.8930869017015538 0.9459935430149566 0.9111851624964225 0.9785226987993079 
0.2377708311494491 -0.9720693057255911 -0.9992237806937092 -0.9632083384638948 -0.9714392665250622 -0.9004857209806458 -0.8777395042638306 -0.8354375376239404 -0.7795732421894674 -0.7122693910232114 -0.583617488506112 -0.5655314049273372 -0.3731208744318177 -0.34833087843611893 -0.2513183953800435 -0.10666348526070277 -0.0511262568647169 0.029213333145061776 0.15631381716240436 0.32203087435350425 0.3565222588976669 0.46819389466195527 0.5601067571656316 0.6600149418116946 0.7657598361629793 0.8116075433863401 0.8265255873896833 0.9257394509794764 0.9313138545605291 0.9869574289299576 
0.24182299980703675 -0.9908601678664575 -0.9912594300099048 -0.9386869430145508 -0.9706790448717254 -0.9049595496751197 -0.8774349874823919 -0.7822921883029571 -0.7585619242650113 -0.6159555130683789 -0.5372140396118089 -0.4923912369483118 -0.37394256724239416 -0.2515970678619926 -0.2480198135451882 -0.06894370738788846 -0.05378512196682293 0.13949329001871974 0.20364041326088175 0.33054475978375464 0.35330690698029504 0.552618805686041 0.5707375957562885 0.6907336321634319 0.7538021143785345 0.8212067863844322 0.9001097291074419 0.9578337743105082 0.9179510186577574 0.986508533179975 
0.5691767550988179 -0.9515796622832182 -0.9768553726200314 -0.9247080007081936 -0.9677754362084804 -0.902693858956872 -0.8760414645248279 -0.8638516937630099 -0.7573060212788564 -0.7127329021051642 -0.6853221369775073 -0.5659429199672422 -0.465325105164323 -0.3610279138754738 -0.24454568443575853 -0.13004613781172125 -0.05685161905143078 0.05487779779018975 0.15495281685924778 0.31331859332980627 0.35057808470901275 0.47059497468662476 0.5486092803013994 0.6524481501531241 0.6382012762961091 0.8271447224060051 0.8190843806427245 0.8768346145352409 0.9102786876392287 0.9559908534229887 
0.898264327000617 -0.9543376446168599 -0.9778820508151077 -0.9261630186478157 -0.9865478029541922 -0.9423115056877969 -0.9324325766908521 -0.8683354437834885 -0.8306314412944587 -0.7098252238438503 -0.6696226204486964 -0.5806822019131276 -0.5253807403379508 -0.46568901189283357 -0.3395511756762045 -0.23802503060345104 -0.1449823464245943 0.022209108754900432 0.07876538896414347 0.15514651914567198 0.30137037107857034 0.34065223910372544 0.46109369684397394 0.6028061268572774 0.706549350927652 0.7230704063718936 0.7702521402276427 0.8811242559657373 0.9126096755639528 0.9640546375954873 
0.23147021997138795 -0.9527247419037354 -0.9764075363266804 -0.9657960657754993 -0.9788940103047856 -0.9073105151137525 -0.9326513938785068 -0.8691971183904185 -0.82592527359449 -0.7106250246070343 -0.6647790271993185 -0.6577070702787898 -0.5300252257897593 -0.41015215865624466 -0.3399345069674166 -0.23965390267654152 -0.10808551941323427 0.025012435958788555 0.07205868817111277 0.153610988137095 0.30077667717277096 0.36778182026747885 0.46272288014247526 0.5425895949946606 0.6362588872775051 0.7292303818048674 0.7729207942919869 0.8440710033525091 0.9108447332392177 0.9553461714061687 
0.5696166208982484 -0.9726111191656085 -0.9992260676445802 -0.9635436893959312 -0.967879058686372 -0.9569574188394248 -0.8754250781607635 -0.835706300621339 -0.7744492992502254 -0.7152668386878839 -0.5903738526817696 -0.56594309272144 -0.373250922497646 -0.3473450104014701 -0.24079901201958054 -0.13229180251649625 -0.06571342907062412 0.05681620422663778 0.1554275505978494 0.31255784740928294 0.33305363820993994 0.4705844583235838 0.5174039967669657 0.6578892199220655 0.69485068357346 0.8114073434840303 0.8938372172137423 0.9211268530315192 0.9399316003791742 0.9869979394940817 
0.56414588053705 -0.9543294292534457 -0.9977835289957594 -0.924772153263226 -0.9822376829807763 -0.9640536447435399 -0.941096473423044 -0.8718890583294249 -0.8324258621855223 -0.6894241895043609 -0.707002849466747 -0.5659788732153763 -0.5379031999996893 -0.37701546163130095 -0.3514762130601566 -0.2389004183346058 -0.14271758294309406 0.02423514100832792 0.06733357108962879 0.1541361792368628 0.3004298702881226 0.4706038013374123 0.4610798297353526 0.5402950753795658 0.6354816976480925 0.7174254140254505 0.7703702939593144 0.7776223879370137 0.9108063696606333 0.9693549215708269 
0.8976569892659798 -0.998833624010877 -0.9969801001067169 -0.9388082748072943 -0.9790431575695495 -0.9561327941574741 -0.9494114870158559 -0.9610365130548439 -0.8305941729555032 -0.711662128749607 -0.6953598819468361 -0.5786621367173846 -0.537973809825063 -0.4907224912894471 -0.33871087575325526 -0.23938043129846273 -0.16346778026242215 0.025214115248419343 0.07204306774387338 0.15369833081910567 0.22888324238507204 0.375290527536803 0.4610741561172005 0.5423624559144337 0.6340699759053736 0.7198966693999733 0.7760030245116369 0.7830300014093082 0.9108458476654847 0.9833796697824357 
0.2395394161574351 -0.9765142201899789 -0.991634060576512 -0.9388479248012017 -0.9697525163102697 -0.8933027780015372 -0.8757764142274536 -0.7520283615704086 -0.7795891622419386 -0.714560562516546 -0.5850804926025194 -0.4923417760314705 -0.4160009335010189 -0.25526302392382544 -0.24463041260092627 -0.0687458460597926 0.010084725930710742 0.13864537351274991 0.20418857111935734 0.32978704769223854 0.44130587635152396 0.5162410853362761 0.5687263389588517 0.6858561458017003 0.6384412233238641 0.8212641381962859 0.898074704765107 0.96061376666476 0.9320484527950665 0.9850132211482946 
0.5746276935697805 -0.9829967208172494 -0.9458713201264679 -0.9745668756050921 -0.8161110070925266 -0.9049608111207537 -0.8776065918324779 -0.7801521952776139 -0.7587749014708419 -0.6289928510616514 -0.5850103625898931 -0.4538740748649774 -0.374118085935656 -0.24906983780663983 -0.09209573070527545 -0.06867516947907032 -0.058051070154291416 0.1425369295133635 0.18365958312782232 0.3304683775195965 0.3563288000546696 0.5320121710050063 0.5727504185571517 0.6907331875318643 0.7467171066688033 0.8287314077431884 0.8936578983975751 0.9466333803211353 0.9179691390776701 0.9869336679605638 
0.5746276935697805 -0.9829985063627135 -0.9458713201264679 -0.9751087660300298 -0.9543820886760287 -0.9050729310739986 -0.8776074555783744 -0.7818534552848077 -0.7595747462818467 -0.6273280227114435 -0.5398539643886788 -0.5139998926441437 -0.3746398539609061 -0.24906983780663983 -0.09209573070527545 -0.12507529451278526 -0.058051070154291416 0.1425369295133635 0.18365958312782232 0.3305883084017287 0.3563288000546696 0.5320522547866314 0.5707977651370959 0.6907330862405335 0.743558677878548 0.8270680341390817 0.8934431776013354 0.9466327815705314 0.9179691390776701 0.9869336679605638 
0.5696166208982484 -0.9726111191656085 -0.9992260676445802 -0.9635436893959312 -0.967879058686372 -0.9569574188394248 -0.8754250781607635 -0.835706300621339 -0.7744492992502254 -0.7152668386878839 -0.5903738526817696 -0.56594309272144 -0.373250922497646 -0.3473450104014701 -0.2872398250021907 -0.13229180251649625 -0.06571342907062412 0.05681620422663778 0.1554275505978494 0.31255784740928294 0.33305363820993994 0.4705844583235838 0.5174039967669657 0.6578892199220655 0.69485068357346 0.8114073434840303 0.8938372172137423 0.8782288606562919 0.9399316003791742 0.9869979394940817 
0.9073704006607975 -0.9837127670536483 -0.9898399766732946 -0.9374643447941288 -0.9718240274719241 -0.9049328563283282 -0.8768986128905881 -0.7818816580733895 -0.6082818082433005 -0.6513289182280615 -0.5952533054486254 -0.4924638966636293 -0.35674178656286193 -0.25155693743011115 -0.1911397523499752 -0.06908850607764525 -0.05581309885605042 0.1387404496712776 0.2037535914978309 0.3512624800311993 0.4113632510635516 0.5148642873381526 0.5712764611369499 0.68910087008327 0.7393658557724658 0.8213825826844601 0.8999483350863652 0.8993303842096425 0.9333993951000308 0.9869235596727173 
0.23147021997138795 -0.9572433808348919 -0.9772814433384549 -0.9697027540896556 -0.9788940103047856 -0.9423795326807024 -0.9490194837740712 -0.8691494708416436 -0.8305819182595522 -0.720275981340149 -0.7071103181340035 -0.6587490023442508 -0.5301177208013691 -0.4041602901271116 -0.33987508648209996 -0.23965390267654152 -0.10808551941323427 0.025112874992738638 0.1522097352310693 0.16668506150605722 0.30082451616750255 0.36437715929632297 0.462724079857991 0.6054822036477108 0.6362588872775051 0.7292303818048674 0.7722910173882925 0.8431058827230249 0.9108447530022846 0.9561193787621074 
0.22988883004941035 -0.9545061041543185 -0.9970713775222478 -0.9691667155546043 -0.9790712210958515 -0.9928470646792797 -0.9404097947351464 -0.8654472119248913 -0.830708629215415 -0.7122045587023166 -0.6949538516933482 -0.5873499847835257 -0.5143416743669114 -0.4090655478527557 -0.35322667306390276 -0.23839151570550304 -0.1479814734096719 0.025106161812948606 0.06789713317737378 0.16183172888227615 0.3012040770222825 0.3420651201017534 0.4611081238404599 0.5436094220123152 0.63400697126173 0.7197623469197795 0.7729942836764218 0.7809353758030317 0.9108460479635274 0.9832624306947795 
0.23645399981572982 -0.9914815799929355 -0.9916294722631838 -0.9397951716160102 -0.9772053685028849 -0.9063076905463692 -0.8824203971964005 -0.7565475416493788 -0.7735303983167867 -0.6880952959285718 -0.6727858245895222 -0.5728994937415973 -0.47703845754269275 -0.3658848458932724 -0.2822022025081321 -0.06810073441973909 -0.058869967194736306 0.05143052849140805 0.15051009699616605 0.2607699226162452 0.3019549851684452 0.46961788841109237 0.5474440253374296 0.6593295945488679 0.665914122119982 0.8018222038895082 0.8295541602789482 0.8797826672494631 0.910345338853754 0.9883783726216125 
0.2377708311494491 -0.9720693057255911 -0.9992237806937092 -0.9632083384638948 -0.9714392665250622 -0.9004857209806458 -0.8777395042638306 -0.8354375376239404 -0.7795732421894674 -0.7122693910232114 -0.583617488506112 -0.5655314049273372 -0.3731208744318177 -0.34833087843611893 -0.2513183953800435 -0.10666348526070277 -0.0511262568647169 0.029213333145061776 0.15631381716240436 0.32203087435350425 0.3565222588976669 0.46819389466195527 0.5601067571656316 0.6600149418116946 0.7657598361629793 0.8116075433863401 0.8265255873896833 0.9257394509794764 0.9313138545605291 0.9869574289299576 
0.9060097923464612 -0.993792239221748 -0.9591492964089505 -0.9382133009394804 -0.9708386324201055 -0.9062935541861917 -0.8778723602956459 -0.7321446451270722 -0.7796770670044314 -0.6945467786478644 -0.5949912835819091 -0.5139851537053883 -0.37378354929644503 -0.33466314077239173 -0.25123532060469606 -0.10684700023766806 -0.05153087676869392 0.14035359989718935 0.20505685789459072 0.2923645453281876 0.43854636341149245 0.5090914005252566 0.5691108334778574 0.6907736761680809 0.7454396351239039 0.8169382243089267 0.8942473434769375 0.9600787795604657 0.9383309985475993 0.9569933757382589 
0.9074311768239727 -0.9837127670536483 -0.9897399725104444 -0.9382824737052902 -0.9791304143164307 -0.9047470073436628 -0.8786221819809066 -0.7828373153018442 -0.5946720446072857 -0.6513289182280615 -0.5952533054486254 -0.49146796504288376 -0.35674178656286193 -0.25155693743011115 -0.10174364817402136 -0.06599688854043043 -0.05581309885605042 0.1387404496712776 0.2035809841422826 0.3512624800311993 0.4113632510635516 0.5148642873381526 0.5712764611369499 0.6886903612070081 0.7393658557724658 0.8213825826844601 0.7816920271178986 0.8993303842096425 0.9333993951000308 0.9865199220664751 
0.5746276935697805 -0.9829967302718032 -0.9458713201264679 -0.9745668756050921 -0.9552241507892886 -0.9049608111207537 -0.8776065918324779 -0.7801521952776139 -0.7587749014708419 -0.6289928510616514 -0.5850101643376471 -0.5140488732156302 -0.37374506663672996 -0.24906983780663983 -0.09209573070527545 -0.06867516947907032 -0.058051070154291416 0.1425369295133635 0.18365958312782232 0.3304683775195965 0.3563288000546696 0.5320162849946082 0.5727475788305081 0.6907331875318643 0.7467171066688033 0.8287314077431884 0.8936578983975751 0.9466327815705314 0.9179691390776701 0.9869336679605638 
0.9037402792756236 -0.9897030942282493 -0.9997448767162941 -0.9890988171337093 -0.9349138289336757 -0.9066196900139476 -0.8760236993846515 -0.8349568137130547 -0.7794984438894871 -0.6880808371886624 -0.5836217493094404 -0.5141088582958961 -0.37429620441715494 -0.34835532006734676 -0.2256210329904692 -0.1063228340503721 -0.055880420391078336 0.05562114159552105 0.14695324053668865 0.2572569590149444 0.32516488113118835 0.4693446961995183 0.5459791868754029 0.6589009572155511 0.6357245092807053 0.8247613525896146 0.8996276173007925 0.914228316457953 0.9383553486514807 0.9864434791276612 
0.2377708311494491 -0.9718935492059191 -0.9988751840501834 -0.9896029113030193 -0.9714392665250622 -0.900394087211123 -0.8790952487535677 -0.8637382006518328 -0.7798792563822698 -0.6601717249393948 -0.5756139656763545 -0.4925450420695332 -0.4156486074643864 -0.3959599616177132 -0.24810474136429794 -0.0687808165680174 -0.05386457095423831 0.02859053224027535 0.2044334057688993 0.3297900917914597 0.3565222588976669 0.470083127740524 0.5605006090640485 0.6581249775130789 0.7533971718443443 0.8212262101836127 0.8227213468768827 0.925368304050117 0.939618827069016 0.987323319507873 
0.9073704006607975 -0.9837127670536483 -0.9898399766732946 -0.9374643447941288 -0.9718240274719241 -0.9049328563283282 -0.8768986128905881 -0.7818816580733895 -0.6082818082433005 -0.6513289182280615 -0.5952533054486254 -0.4924638966636293 -0.35674178656286193 -0.25155693743011115 -0.1911397523499752 -0.06908850607764525 -0.05581309885605042 0.1387404496712776 0.2037535914978309 0.3512624800311993 0.4113632510635516 0.5148642873381526 0.5712764611369499 0.68910087008327 0.7393658557724658 0.8213825826844601 0.8999483350863652 0.8993303842096425 0.9333993951000308 0.9869235596727173 
0.23645399981572982 -0.9914815799929355 -0.9916294722631838 -0.9397951716160102 -0.9772053685028849 -0.9063076905463692 -0.8824203971964005 -0.7565475416493788 -0.7735303983167867 -0.6880952959285718 -0.6727858245895222 -0.5728994937415973 -0.47703845754269275 -0.3658848458932724 -0.2822022025081321 -0.06810073441973909 -0.058869967194736306 0.05143052849140805 0.15051009699616605 0.2607699226162452 0.3019549851684452 0.46961788841109237 0.5474440253374296 0.6593295945488679 0.665914122119982 0.8018222038895082 0.8295541602789482 0.8797826672494631 0.910345338853754 0.9883783726216125 
0.5647025715528815 -0.9542809821358629 -0.9994388334060411 -0.969085240816698 -0.9789449070379589 -0.9392154947765026 -0.9319655072261874 -0.8694414242708228 -0.8259748242266609 -0.6913027381386107 -0.7057016074461923 -0.5748689929575266 -0.5374879479100726 -0.402916385124835 -0.33927059599745885 -0.2450144322602403 -0.10768685654635313 0.05516859719549632 0.07212378824257108 0.16530004895008063 0.30132282497291574 0.36556040912398463 0.46285952764987265 0.5853544701758481 0.6378869895047551 0.7346668300958709 0.7729362233100582 0.8459401686512176 0.9108455496129467 0.9479055016155875 
0.896877589371627 -0.999619017681805 -0.9996241526341726 -0.9588870614173188 -0.9787757938436354 -0.9280653129415927 -0.9327454132770351 -0.8466933700604395 -0.8306016160885618 -0.785365763688212 -0.7076203670618207 -0.6511906747540577 -0.5372741513757625 -0.49052312870377074 -0.3523987244733201 -0.25160282155229646 -0.1638716346932212 0.022435231773268418 0.06998531478732407 0.08785082667917282 0.22921212389950316 0.36746802409119433 0.46054463539539886 0.5280623591444166 0.6379403073922894 0.8212903867171683 0.7760059590171248 0.9587777419067927 0.9108658668492814 0.9547585519170664 
0.9022502056695112 -0.9515631317219069 -0.9768553726200314 -0.9208744925149058 -0.9715734343941156 -0.902693858956872 -0.8760414645248279 -0.8638516937630099 -0.7590998670774525 -0.7127329021051642 -0.6853221369775073 -0.5657217484460333 -0.465325105164323 -0.3610279138754738 -0.2913721888370497 -0.13004613781172125 -0.05685161905143078 0.05500563706005446 0.15495281685924778 0.2873472243215651 0.3522925373174737 0.47095303661371896 0.5486092803013994 0.6524481501531241 0.6377968487062071 0.8271447224060051 0.8190843806427245 0.8798960199925137 0.9102786876392287 0.9559908534229887 
0.2319660787394922 -0.9842135488939958 -0.9916973552734448 -0.9693259313128132 -0.9814750268658569 -0.9223214381707381 -0.9301808582823708 -0.8697662689752781 -0.7739861498385202 -0.7120879407909773 -0.6726746645291467 -0.6119952721522119 -0.5232344413060476 -0.40395971932492514 -0.27656278177811083 -0.2360170797706739 -0.14652500346724218 0.023487956896463894 0.1562624183686244 0.17701715630259734 0.3372839395931679 0.4704876584257963 0.46993883901598316 0.5424120634521792 0.6635625380712862 0.7287978005152985 0.778623080988304 0.8553413440123132 0.9106774322747878 0.9560760926075508 
0.5712391206878286 -0.9710371736451745 -0.9945459094632668 -0.9901443220581567 -0.998381077047718 -0.9568535761339282 -0.8766835663682377 -0.7798724961141903 -0.7800437934218557 -0.6604279750736457 -0.6736884224822532 -0.5228667901353624 -0.3725671812540706 -0.33476400496939973 -0.2503992953537912 -0.13281761982378124 0.012312824573868487 0.054860125588923676 0.15435817258546577 0.2992350525579646 0.41217497255113844 0.5148954193417195 0.5698909723499954 0.6893722014651963 0.7393744639201174 0.8144822786062348 0.7645876597530189 0.8807731908966173 0.9335123947671203 0.9535753492317631 
0.5746276935697805 -0.9829082401379635 -0.9458713201264679 -0.9737446980991616 -0.7979202559066773 -0.9049422441469277 -0.8776067859342778 -0.7795746271426086 -0.758786369541649 -0.6289928510616514 -0.5850103625898931 -0.4538740748649774 -0.374118085935656 -0.2463430627090695 -0.19951446787650215 -0.06867516947907032 -0.058052115721710866 0.14253611726302795 0.18287427374349977 0.33047304896983165 0.4323520104666486 0.5320121710050063 0.5727504185571517 0.6907520395267871 0.7434357168969765 0.8287314077431884 0.8936533539597641 0.9466333803211353 0.9644568301464399 0.9869338806916383 
0.9004957299719897 -0.9705674582820601 -0.9882329189897766 -0.9678497849681317 -0.9870220412382295 -0.9632916589091189 -0.940064553759085 -0.8692154088920119 -0.8236859676338233 -0.7116657121441057 -0.6641755174911593 -0.5748340982593023 -0.5303466959053982 -0.3696533955230902 -0.34212732109566474 -0.1267918552731145 -0.054997871685241805 0.02548083733840881 0.08800853081341886 0.23727889512315803 0.3012402766302053 0.46482760879513346 0.5139912742254418 0.542681035475523 0.6378872505038647 0.7357369365818432 0.7728034620016629 0.8784610802151704 0.9108745621714003 0.9807422368655546 
0.23645399981572982 -0.9840849148127622 -0.9984836272515921 -0.9397951716160102 -0.9767772105861741 -0.9063076905463692 -0.8824203971964005 -0.7565475416493788 -0.7735930551651947 -0.6880952959285718 -0.6727858245895222 -0.5728994937415973 -0.47703845754269275 -0.3627864416738431 -0.2822022025081321 -0.06810073441973909 -0.058869967194736306 0.13904110475697873 0.15051009699616605 0.2607699226162452 0.3019549851684452 0.46961788841109237 0.5606584374149781 0.6578275880630337 0.665914122119982 0.8116115329675964 0.8295541602789482 0.8797826672494631 0.911833563228979 0.9883783726216125 
0.5720448782022463 -0.9837127670536483 -0.9944259977575158 -0.9382824737052902 -0.9791304143164307 -0.9584645050594532 -0.8786555816659462 -0.7809399673961618 -0.7744443564168414 -0.6868490060437321 -0.5941723918861073 -0.4924311469754571 -0.3742506635747965 -0.3331312996946818 -0.2770690501222355 -0.06599688854043043 -0.055744301935292985 0.1387404496712776 0.2035809841422826 0.29377657931901824 0.4147595011516215 0.47203028618533627 0.5696685410726025 0.6886903612070081 0.7393747347694859 0.8138682068579643 0.7646367263627055 0.8993303842096425 0.9333945122122337 0.9865199220664751 
0.9022502056695112 -0.9515631317219069 -0.9768553726200314 -0.9208744925149058 -0.9715734343941156 -0.902693858956872 -0.8760414645248279 -0.8638516937630099 -0.7590998670774525 -0.7127329021051642 -0.6853221369775073 -0.5657217484460333 -0.465325105164323 -0.3610279138754738 -0.2913721888370497 -0.13004613781172125 -0.05685161905143078 0.05500563706005446 0.15495281685924778 0.2873472243215651 0.3522925373174737 0.47095303661371896 0.5486092803013994 0.6524481501531241 0.6377968487062071 0.8271447224060051 0.8190843806427245 0.8798960199925137 0.9102786876392287 0.9559908534229887 
0.8976569892659798 -0.998833624010877 -0.9996321214559997 -0.9648922815977767 -0.9787893598214528 -0.9423086452513232 -0.9494114870158559 -0.9610365130548439 -0.8305941729555032 -0.6936143315803023 -0.7076354617530443 -0.5785071747676905 -0.537973809825063 -0.4895656620239792 -0.33871087575325526 -0.23938043129846273 -0.16346778026242215 0.022134418819330256 0.07198316753509505 0.15369802954532075 0.22888324238507204 0.373286620263957 0.4610741561172005 0.5353776473720019 0.637868737440413 0.717660385500842 0.7760119303328056 0.8430997590081829 0.9108458476654847 0.9547736249137354 
0.23146892105741992 -0.9681213004684394 -0.9997221937442655 -0.9647732709989241 -0.9788174233477547 -0.9919613826007657 -0.9324612841942894 -0.8700191950662106 -0.8306839112325994 -0.6934467802069197 -0.7072294314995564 -0.6980575954174831 -0.5303606638675217 -0.4079087185872877 -0.33992964300505946 -0.2455332871313895 -0.1479814734096719 0.022138994879669437 0.07198342984378502 0.15363432417417794 0.3012040770222825 0.4688605393672108 0.4605379559863138 0.5355963615012306 0.6378057327967692 0.7176758668425876 0.7729435079846465 0.8410051334019065 0.9108460479635274 0.9546563857875573 
0.24050743523065768 -0.9837307054175555 -0.9949752586545566 -0.9382854953736977 -0.9715851326860245 -0.9049413163587117 -0.8786577507166686 -0.7527251908803846 -0.7743009877210087 -0.6858168236697462 -0.6664436679925144 -0.4533114124017612 -0.35898915519204333 -0.33307203324368123 -0.19271392615714514 -0.06863322030007366 -0.0580929200126795 0.13891937749978595 0.20358090556338856 0.29361931273920716 0.43576942593414697 0.536021165954244 0.5707693956627331 0.689093851469566 0.7393625206042003 0.8213825826844601 0.8934418819040717 0.8986654232054975 0.96540570293632 0.9864920517712413 
0.23098590625271825 -0.9532950042076772 -0.9764075363266804 -0.9657960657754993 -0.9788940103047856 -0.9073105151137525 -0.9318071577642825 -0.8691971183904185 -0.8262980839399882 -0.7106250246070343 -0.6658699967487977 -0.6577070702787898 -0.5300252257897593 -0.41015215865624466 -0.3387902111191336 -0.23969488354099527 -0.1080536824171172 0.025012435958788555 0.07205868817111277 0.153610988137095 0.30077667717277096 0.3655597685580378 0.4613752287644317 0.5426092905069545 0.6362588872775051 0.7292303818048674 0.7729207942919869 0.8796483346205726 0.9102727697785332 0.955740334161213 
0.23147021997138795 -0.9527247419037354 -0.996711942114475 -0.9657960657754993 -0.9788946989344607 -0.9074986240496415 -0.9326513938785068 -0.8654148938450348 -0.8261832801037867 -0.7123831360910863 -0.6647790271993185 -0.5937070185889582 -0.5140118702496906 -0.4090690310808456 -0.3399345069674166 -0.23965380096707445 -0.10808551941323427 0.025118016002128127 0.07205868817111277 0.153610988137095 0.30077667717277096 0.34060024310015097 0.46272288014247526 0.5425883593363868 0.6362588872775051 0.7292303818048674 0.7729207942919869 0.7800843642349582 0.9108460277035533 0.9848745348150236 
0.23146892105741992 -0.9545194827780988 -0.9968730270731452 -0.9388209060976573 -0.9790712210958515 -0.9901990540612797 -0.9324612841942894 -0.8700096204503351 -0.8306676946493344 -0.7115590766003429 -0.6945142340319085 -0.6582422258437043 -0.5303606638675217 -0.40416770232739624 -0.3399296738947592 -0.23884064551779158 -0.1479814734096719 0.025218691308758524 0.07393118030074547 0.15327349003230809 0.3007772762801947 0.46350094059920105 0.4606253546761145 0.5595136343636057 0.63400697126173 0.719163830461422 0.7729346021634779 0.776944054303873 0.9108460239441527 0.9878250458447945 
0.2319660787394922 -0.9574765239633235 -0.9889300796067458 -0.9695153707520794 -0.9814750268658569 -0.9632462708327001 -0.9299683059632486 -0.8697662689752781 -0.8306085330117409 -0.7120879407909773 -0.66832757677688 -0.6165863432153419 -0.5232344413060476 -0.40395971932492514 -0.3413006559161844 -0.2360170797706739 -0.14652500346724218 0.023487956896463894 0.1562624183686244 0.16757599464371978 0.3372839395931679 0.4704876584257963 0.46327995735037414 0.5424120634521792 0.6923006098825889 0.7287978005152985 0.778623080988304 0.8553413440123132 0.9106774322747878 0.9560760926075508 
0.9004957299719897 -0.9705674582820601 -0.9882329189897766 -0.9678497849681317 -0.9870220412382295 -0.9632916589091189 -0.940064553759085 -0.8692154088920119 -0.8236859676338233 -0.7116657121441057 -0.6641755174911593 -0.5748340982593023 -0.5303466959053982 -0.3696533955230902 -0.34212732109566474 -0.1267918552731145 -0.054997871685241805 0.02548083733840881 0.08800853081341886 0.23727889512315803 0.3012402766302053 0.46482760879513346 0.5139912742254418 0.542681035475523 0.6378872505038647 0.7357369365818432 0.7728034620016629 0.8784610802151704 0.9108745621714003 0.9807422368655546 
0.898264327000617 -0.9542811653654152 -0.9983848326743892 -0.96954029978782 -0.9865478029541922 -0.9620535423375778 -0.8948062358630775 -0.8683542135148736 -0.83058376950456 -0.6907570431647503 -0.7046620972435782 -0.5870876955961967 -0.5243052995381539 -0.4664483794678191 -0.33958256667261166 -0.24525145797643377 -0.14482955409780912 0.022209108754900432 0.07190985081937636 0.16514484179369918 0.30132181120050083 0.4543727182467695 0.4627571974414747 0.5864063646210871 0.6377203748256863 0.722994745503195 0.7701295271978276 0.8790261306827258 0.9108286474341633 0.9640546375954873 
0.8977128790742216 -0.9989346848680717 -0.9996028986242518 -0.9690264867293009 -0.985595573754136 -0.9415918244733897 -0.9408765961067527 -0.9609976287102839 -0.8339884607865227 -0.785365763688212 -0.7076203670618207 -0.5773684103607835 -0.5371464470250799 -0.43506602259014354 -0.3524086107710106 -0.25241627865350896 -0.16377970355910562 0.05568835534259862 0.06996850920180353 0.15382275363855147 0.2290173717083274 0.370330012708967 0.4610827238776063 0.5400513733976652 0.6153834784875396 0.7149889702017851 0.7757971129958039 0.8426621521933385 0.9108664191618925 0.9547585519170664 
0.8968830766783953 -0.998833624010877 -0.9890966349116256 -0.9689777619696661 -0.9787790517520573 -0.9076239653941304 -0.9408258318591161 -0.8620571058915857 -0.8306667328311206 -0.6890645850231331 -0.7063722608011538 -0.5701639539979566 -0.5491066822252694 -0.37261669042975043 -0.3532819565834692 -0.23963963008788014 -0.14606593199008747 0.022113948283188373 0.06927000384004434 0.08705800432422983 0.23345522323792398 0.3672213514359535 0.4610741253729202 0.655305108988992 0.636665357889573 0.7176417699768748 0.7760117186291 0.8798116749701107 0.9108458476654847 0.955632180486327 
0.5712085585335083 -0.9635391583666804 -0.9957008396567133 -0.9372604214545162 -0.9768325049705294 -0.9327559900474922 -0.8822399937926577 -0.7818857035824538 -0.7532289609874774 -0.6888500133307316 -0.6735018423076993 -0.49255861876985935 -0.35374804154558964 -0.33770327646832343 -0.24967774862053985 -0.12444726151483781 -0.05765359069900006 0.05597804956317078 0.18224608762120556 0.33058843401286214 0.3580180787531802 0.5121222397310125 0.5180588935867304 0.6580627191272012 0.7437452820253195 0.8213221049199184 0.8998145635552942 0.9592207132829381 0.9331954261157305 0.9868303894593118 
0.24050743523065768 -0.9641709914340005 -0.9899280613366942 -0.9386530019040178 -0.9718240274719241 -0.9049443407545437 -0.8773987541268804 -0.7520420437595127 -0.75877026970836 -0.6513289182280615 -0.6706828920006559 -0.49233724985062843 -0.35674178656286193 -0.25155693743011115 -0.20270768141460185 -0.06908850607764525 -0.05581309885605042 0.14253613241822338 0.20388466516021558 0.32713871047964915 0.43573130767132734 0.5148642873381526 0.5728240410009415 0.6891009889922949 0.7435219764121219 0.8213825826844601 0.8999399362391889 0.9598990349912119 0.9333993951000308 0.9869235596727173 
0.5719663689070765 -0.9831961730394925 -0.9955319457404266 -0.9745498185525004 -0.9552241507892886 -0.9093357757225129 -0.8442517384297166 -0.78098240158815 -0.7585044672612238 -0.6270976018824013 -0.5848581712649605 -0.5140488732156302 -0.3567470877135134 -0.269854345994506 -0.14250419563582128 -0.0708116162699738 -0.055607915824306894 0.13875866097828912 0.1837306201679152 0.33098086722577513 0.3563288000546696 0.5089646543037347 0.5727664459997399 0.6893469454184609 0.7464846310555417 0.810661977992425 0.8988887471095828 0.9466327297182529 0.9312234049902142 0.915285763274465 
0.2298960792873549 -0.9527383841625252 -0.9994079055364488 -0.9686504265756294 -0.9789623434483653 -0.9635562109948467 -0.932325860626247 -0.8519602846126023 -0.8306674602363762 -0.6889372514306437 -0.7075266549408414 -0.5793608696383888 -0.5375912396390744 -0.3774413937800398 -0.3523694889292988 -0.31829755558731015 -0.1639791042586007 0.025106004763465334 0.06994763400115017 0.16196079123929824 0.2307509019056003 0.3673764689961692 0.46278750650552186 0.5426130962420174 0.6349392274841997 0.6137326616982284 0.7760916996792135 0.8422500209409866 0.9107822231245069 0.9545071304552446 
