5.1402059675062126E-5 0.22249343434271315 0.3050672695722689 0.4662046931938917 0.49718850867777503 0.6453827626523096 0.6854651646526129 0.7824481328804646 0.8194232515530987 0.8709628544162469 0.9293640111516248 0.9591748171403438 0.974055286197918 0.9973750332097683 0.9940719312355144 0.9897098245453497 0.973694002684563 0.9601642670671542 0.924708442935168 0.8374929249795758 0.8020469404069852 0.6481118776877478 0.6557980606021899 0.5678129938751122 0.5011195566056666 0.34645099682006997 0.294283644594446 0.20905684519625065 0.0891159984942211 -0.012827332604400735 
0.8109588861074272 0.2806549823032559 0.20735932050890882 0.0439390205572384 0.012190959466455261 -0.15908391977482933 -0.4202198208330114 -0.3916266748689289 -0.4740670920572799 -0.5646858441115289 -0.4891812075282205 -0.7419139575360468 -0.5490417316708036 -0.8394014589024489 -0.44999394840544704 -0.9581661669446188 -0.9961618340507788 -0.9919736326045449 -0.9029965347748851 -0.9930442446437585 -0.9004358812784264 -0.9504650169458942 -0.9799146834240878 -0.8790692839195814 -0.9329628454040335 -0.8239955599904704 -0.6494133446820336 -0.6782723191816125 -0.5868313914148486 -0.3706802837488428 
0.8025659317589352 0.2810882961763383 0.2160898787315573 0.14632479165779008 0.011390704971665108 -0.1583805724188417 -0.17455754190376083 -0.312842666224684 -0.4765953729650467 -0.4325286755462351 -0.48916859182086353 -0.610936218619957 -0.6808925722523208 -0.6410850118351695 -0.5525653398310524 -0.834787413002483 -0.9460262397030682 -0.9596408619508614 -0.9064456989887765 -0.9932368733875029 -0.928066987114202 -0.9959652089360587 -0.9075824285825391 -0.8762480270265514 -0.9350509393917702 -0.8240147075087114 -0.6501754766589326 -0.7028836023530641 -0.5868276909115444 -0.5133546551388378 
0.33677748103356725 0.3036491860391644 0.30499684882949474 0.472174120221639 0.6239388408471574 0.6457679407594594 0.7234952202686182 0.7806996568987847 0.8314254049050724 0.8652038421277823 0.9303237143135323 0.9587893245691023 0.9857716690528402 0.9977727441621889 0.9924467454635738 0.9849447114861645 0.973878815403196 0.9172018616047873 0.9246067193981222 0.8325758220224803 0.6963845839494237 0.6709900568421466 0.6807823719581167 0.5475826239051437 0.4774614838669742 0.3529428650189355 0.28866951675641983 0.2072236539801838 0.0020973188000607892 -0.05167941410109749 
0.009654886437304805 0.2883529367895152 0.3028600761128064 0.5295671826006934 0.5850160049828957 0.6892633872148155 0.7250761199502614 0.7750529100467171 0.8323436083572098 0.8661942000536594 0.9823574152193786 0.9382473222373542 0.974179399661518 0.9979947774922401 0.9993812276576065 0.9900326441253197 0.9903037459458706 0.8685973656877319 0.9237080675420587 0.8190109055525944 0.803382260503689 0.6513369709359703 0.5544385131117703 0.43862037649794655 0.35665085722051537 0.3531580955930789 0.11737406600358391 0.1934326763690475 0.005347919096744013 -0.19402452798040556 
0.325504193142275 0.0640466257805848 0.1659000558867355 0.2707655277098564 0.3691473697853117 0.42999060750387247 0.5176979402345064 0.6705027169524808 0.7168825598643812 0.7897460875730538 0.854751139107628 0.9064179841515283 0.9662687953679269 0.933073976614983 0.9865250297733338 0.9850830592795213 0.9960849399283154 0.9294215895158352 0.9618887307012536 0.8628933856867538 0.8912690846989241 0.7879314891319337 0.7376387324665545 0.6714957237461774 0.5857591961243528 0.4052578005181552 0.4467772772114694 0.33495720019853226 0.21120605946260343 -0.05719576996856541 
0.325504193142275 0.0640466257805848 0.1659000558867355 0.2707655277098564 0.3691473697853117 0.42999060750387247 0.5176979402345064 0.6705027169524808 0.7168825598643812 0.7897460875730538 0.854751139107628 0.9064179841515283 0.9662687953679269 0.933073976614983 0.9865250297733338 0.9850830592795213 0.9960849399283154 0.9294215895158352 0.9618887307012536 0.8628933856867538 0.8912690846989241 0.7879314891319337 0.7376387324665545 0.6714957237461774 0.5857591961243528 0.4052578005181552 0.4467772772114694 0.33495720019853226 0.21120605946260343 -0.05719576996856541 
0.8109588861074272 0.2806549823032559 0.20735932050890882 0.04366933896053059 0.012190474739124591 -0.1417700478551928 -0.3399386577905251 -0.2430259993676125 -0.47619049182239054 -0.5670270562450663 -0.48918120714988866 -0.7420695402943686 -0.8284065996312473 -0.8304553636979999 -0.5445013299708528 -0.961095371441683 -0.9967999338130672 -0.9920374138967302 -0.8956230360779827 -0.992362177018121 -0.8967440418194937 -0.9504679210586239 -0.9802646029017464 -0.8926635750279491 -0.9329628454040335 -0.8239953795572282 -0.6494133446820336 -0.6782705429794744 -0.5868314390457535 -0.38242420925494247 
0.8109588861074272 0.2806549823032559 0.20735932050890882 0.002698812055410206 0.012199357137461508 -0.1590833574730839 -0.33702270426220865 -0.3916266748689289 -0.4740670920572799 -0.5670270562450663 -0.4891812404589531 -0.7418160862290557 -0.6811394602588945 -0.7922051082632544 -0.44999394840544704 -0.961317809608358 -0.9324079615746298 -0.9920374138967302 -0.8336913591774606 -0.9621538854745322 -0.9159519284805603 -0.9504679210586239 -0.9799146834240878 -0.8790692839195814 -0.9329628454040335 -0.8239818831576969 -0.6494133446820336 -0.6782723191816125 -0.5868315211335474 -0.3823317863492884 
0.8109090156815827 0.2810887832189458 0.20735932050890882 0.0439390205572384 0.012191164439548687 -0.15913426596543367 -0.4202198208330114 -0.3097021386767478 -0.40959187737987296 -0.5670270562450663 -0.4891812071509987 -0.7478843873023521 -0.6808957901280026 -0.8395175004696517 -0.5445013299708528 -0.962279225188121 -0.9967965890321862 -0.960808118794413 -0.903777385677257 -0.9923249583703446 -0.8952318554501298 -0.9503833989170416 -0.9318278079239565 -0.8790692839195814 -0.9329628454040335 -0.8239953795572282 -0.6494133446820336 -0.6761782988257946 -0.5868276731096772 -0.4129552788460049 
0.00627890356913883 0.29076375155694134 0.45480624549220194 0.4055984974910508 0.5748893282377253 0.7014242808521556 0.7248833063647855 0.8493989961934102 0.8263629280848618 0.9200937526730235 0.9292087155870178 0.9595964857713144 0.9883921835922065 0.9919428630824445 0.9940501781104282 0.944232332603907 0.9892883811448437 0.9024900135289113 0.9239330283878413 0.8854766263198308 0.7748132863598198 0.6152093601870566 0.6500299868618028 0.48340130129542497 0.38906493038094975 0.34610898835548276 0.280719028725425 0.21640354774374493 -0.07484401208889122 -0.06304786676011875 
0.001278080475573539 0.2623401266665655 0.3343915089127254 0.4405498708806794 0.4917161903102002 0.6617164163966791 0.6851865606128917 0.773023337694829 0.8263151852188968 0.8695261866037106 0.92938254568854 0.9612444250577935 0.9861406489744223 0.9947615523099645 0.992430004671972 0.946384848144806 0.9879417830086031 0.9397715643002531 0.9255944464294918 0.8870240275882457 0.8028170657732686 0.6939160303776022 0.6497681319136965 0.5535684618371802 0.4745789467250754 0.3750680470720317 0.2790907378721289 0.2089353424453803 0.0893693247088025 -0.015550215119963118 
0.007984045438744973 0.29075149080352264 0.4468900224699366 0.5340712199690714 0.5862414147764003 0.7021176069458795 0.7250761199502614 0.7704920472958379 0.8323436083572098 0.9675576862391295 0.9310557987746718 0.9588427669045738 0.9881914336759379 0.9903279804263146 0.9991528250364371 0.9082779416338291 0.9903221618753346 0.8664954814326119 0.8684305623969931 0.8138555282221354 0.678410649218333 0.646695602404984 0.5544385131117703 0.48263009131235773 0.35609361389098154 0.3466479833558962 0.1109002203553849 0.19351548569158447 0.005347600821148678 -0.03552129887811107 
8.363261933133791E-4 0.21658865806730265 0.3129616618104023 0.4157770642803055 0.49611388461404893 0.6428494592126204 0.6854863271906548 0.7744560506101283 0.8262879590726816 0.8697033641308676 0.9301937375624069 0.9587634293361146 0.976730355356579 0.9976750143417286 0.9924743018453973 0.9989093715139089 0.9751481090018471 0.9486191992028905 0.9256008101965211 0.8853633073434599 0.8019347979502058 0.651942652585292 0.6471029882463689 0.552058626737663 0.4954000195714815 0.35296259727621976 0.2984122304632545 0.20905790457431508 0.0894242772171846 -0.014583831616042054 
0.32635060563067364 0.06401848533079695 0.16352436861813036 0.2686179011223403 0.3685433184696651 0.4331471749087914 0.5176979402345064 0.670466222843145 0.716886102508947 0.7683871642295756 0.8602599023330173 0.9064093804078718 0.9780850221608905 0.9353865365939935 0.9866174160746903 0.9439455306277329 0.9967865459835601 0.9294270542268095 0.9620422405342482 0.8628933856867538 0.891266078777319 0.8128619225347379 0.7376387324665545 0.6752567407900979 0.5857550927757444 0.5034975713793539 0.44648130651481116 0.3348985415864914 0.2112694053564949 0.18942779125357187 
0.3331289711116984 0.3026022792294662 0.3049780333067258 0.49572471198885115 0.49643377304045366 0.6453413429079184 0.6868368094417601 0.7160166434955808 0.8265494846699531 0.8705353751805369 0.9306274515733423 0.9598027405049347 0.9750925778547477 0.9981636994698788 0.9940484178451042 0.945024952135628 0.9873805681861328 0.9428195189633951 0.9256514948831908 0.8115320279223032 0.8016146366150547 0.6684713584231219 0.6559658419524566 0.5779243507465136 0.4964252269960858 0.3412537873212594 0.29835971542695183 0.2175036876269064 0.08959003050695785 -0.012530259870755064 
2.5476563948313377E-4 0.21699919080986588 0.31326782581469464 0.4148888929287105 0.4962941899872596 0.6441804174989997 0.6873221210654319 0.7155865660370613 0.8263887386322295 0.867398907065649 0.9302206664497918 0.9219945633941294 0.9750999257564787 0.9982744583642768 0.9924700296925453 0.9882583393126568 0.989278542045537 0.9637324769129806 0.9255992230909275 0.8843491031005568 0.8012467794785156 0.667333597814222 0.6560884117859479 0.5569473079634472 0.4960973988010915 0.3464406306910281 0.298437841883028 0.20929487775598593 0.08909344312369434 -0.010287509601497123 
0.00289901417605152 0.22389392793557933 0.32275694560274903 0.46606261725153164 0.5783733778910723 0.6450308758372434 0.6863421476164765 0.7821384559447476 0.8323062160787463 0.8716370966136996 0.9294496448297425 0.9608295403375869 0.9732138323784819 0.9996712074857874 0.9940713312846308 0.9887165489580664 0.9766004445972626 0.9499792573316426 0.9247096852240517 0.8409683296231512 0.7763582669356753 0.6899902069844662 0.6461754172018505 0.4815837144646912 0.47724653141062634 0.34645536293162976 0.260067848247103 0.19270589158563 0.08940701962815871 -0.012835929342112803 
0.8109588861074272 0.2806549823032559 0.20735932050890882 0.04366933896053059 0.012191164439548687 -0.1417700478551928 -0.4202198208330114 -0.31107661058201186 -0.47619049182239054 -0.5670270562450663 -0.48918120714988866 -0.7420695402943686 -0.8268802449029204 -0.8304553636979999 -0.5445013299708528 -0.8307583248840122 -0.9967965890321862 -0.9920374138967302 -0.8956230360779827 -0.992362177018121 -0.8967440418194937 -0.9504679210586239 -0.8682915935669953 -0.8926635750279491 -0.9329628454040335 -0.8239953795572282 -0.6494133446820336 -0.6783090325796607 -0.5868314390457535 -0.36988443194113285 
5.459768803051748E-4 0.21318295324836842 0.3129616618104023 0.41577668904113535 0.49611388461404893 0.6431359510433092 0.6854863271906548 0.7744560506101283 0.8262863557457101 0.8696870922641042 0.9301937375624069 0.9587633158409975 0.9760755218291678 0.9976750143417286 0.9924743195723084 0.988444209174638 0.9751481090018471 0.9486191992028905 0.9256008101965211 0.8853633073434599 0.8019480816035439 0.6512881042509809 0.6471029882463689 0.5535872653271577 0.4954000195714815 0.35296259727621976 0.2984133597061653 0.20905790457431508 0.0894242772171846 -0.013612283333329953 
0.00627890356913883 0.29076375155694134 0.45480624549220194 0.40539056659870887 0.5748893282377253 0.7014242808521556 0.7248833063647855 0.8938749116816433 0.8263629280848618 0.9497491951967727 0.9292087155870178 0.9857473919797823 0.9881042680793288 0.9919428630824445 0.9940501781104282 0.9442358991353927 0.974848696673496 0.9024902346425647 0.9244576152551144 0.8854766263198308 0.7747814910552825 0.6152093601870566 0.6500299868618028 0.48340130129542497 0.38906493038094975 0.3464548410445834 0.19340427163948362 0.2170736976143494 -0.07484401208889122 -0.06459603962888058 
0.32635060563067364 0.06398424656580466 0.16352398144948144 0.2968281882095932 0.4837473500345174 0.42985598796615576 0.5176552750559713 0.6841303159907731 0.7181811749386386 0.7881731164170961 0.8891806583212594 0.9064106112986341 0.981908802127565 0.9895178583338591 0.9584477347903375 0.9710214670952306 0.9967849052657535 0.9302034316428862 0.961367662041335 0.9852386203810526 0.8913152985162893 0.7889959965530142 0.7302620079347244 0.6769617636586128 0.5857893028419625 0.508211646834591 0.44646428434863805 0.35662365298008325 0.09449240028991662 0.18914067620104869 
7.929734940313889E-5 0.21683758651387905 0.3124829435113174 0.41916719212746084 0.4962786890845274 0.64318516242055 0.6855195676863628 0.7157634395276266 0.82637779251333 0.8737106031848912 0.9301981530460186 0.9587628264965082 0.975197803114999 0.9977001019922792 0.9924729397787772 0.9896705535974905 0.9745866329389027 0.9380276240532447 0.9256009138282119 0.8874822436351071 0.8120814363891369 0.6513041498120027 0.647598821706054 0.5534882331991693 0.4953961177112024 0.3530079106128783 0.2943937681499942 0.20912087963401652 0.0891159755864563 -0.02643145637216042 
0.0025201812835054594 0.2623636697606426 0.333551224661835 0.3509911723861353 0.508386753341949 0.647529052896439 0.6824585075620216 0.8524312458954755 0.8321265781228538 0.8740929253311226 0.929363699888861 0.9392106269910498 0.9869193076032112 0.9947907776464856 0.9933407417411804 0.9681266548825377 0.9744962391840476 0.9601250557200458 0.9244708105200828 0.8409105455454408 0.7755846541453824 0.6540618776502687 0.6498684157962418 0.4792948244439552 0.4649608885729964 0.34164865825357366 0.2809513977670024 0.21304093546467762 0.0891177894126647 -0.056129289420496734 
0.8109090156815827 0.2806343151807962 0.20735932050890882 0.0439390205572384 0.012191163675716652 -0.15913426596543367 -0.4202198208330114 -0.3097021386767478 -0.4752469013146564 -0.5670270562450663 -0.48918120752680255 -0.7478843873023521 -0.6804971558706544 -0.8395175004696517 -0.5445013299708528 -0.962279225188121 -0.9961173718482809 -0.960808118794413 -0.902988173419123 -0.9923249583703446 -0.8952318554501298 -0.9648838825857275 -0.9374278590307995 -0.8790692839195814 -0.9329628454040335 -0.8239953795572282 -0.6494133446820336 -0.6761782988257946 -0.5868276731096772 -0.4129552788460049 
0.8109588861074272 0.2806549823032559 0.20735932050890882 0.0439390205572384 0.012199357137461508 -0.1590833574730839 -0.4202198208330114 -0.3916266748689289 -0.4740670920572799 -0.5670270562450663 -0.4891812404589531 -0.7418160862290557 -0.6811394602588945 -0.8304553636979999 -0.44999394840544704 -0.961317809608358 -0.9967518566649519 -0.9920374138967302 -0.8336913591774606 -0.9621538854745322 -0.8967391748330779 -0.9504679210586239 -0.9799146834240878 -0.8790692839195814 -0.9329628454040335 -0.8239818831576969 -0.6494133446820336 -0.6782723191816125 -0.5868315211335474 -0.3706802837488428 
2.569674081080315E-4 0.21584373342667584 0.30522356953758517 0.412211596863707 0.49726752210120123 0.5687277945631197 0.6854857582585262 0.7744560506101283 0.8190646068530721 0.8680579748453935 0.93009320906212 0.9209245646595283 0.9858704125280624 0.9961225446445829 0.9919920684999831 0.9933243392262735 0.9752116786464861 0.9596007617426657 0.9256519294009714 0.7982353606191621 0.8019270775385421 0.6713057764685743 0.6562362903510046 0.47824521321127583 0.4964096555597341 0.3532039667392721 0.29838297748482984 0.2685965148365615 0.08942433816559359 0.08497398734892304 
0.0033856139655067813 0.29890061313437166 0.33943030878833713 0.46409699532444215 0.5804469099524284 0.7015462226198305 0.6822086834632382 0.7631421451376652 0.8314597626903321 0.9671485530432721 0.9290996418278676 0.9396132663988394 0.987983888317497 0.9976950176388839 0.9918479745412437 0.9683493890637183 0.9873700284389287 0.9487973478742792 0.9238381319093227 0.8381099700981866 0.7729613953044859 0.6530633075333616 0.6064592851320874 0.5512113478913929 0.47708680880006704 0.3475086226859527 0.19616289512165183 0.15045037273320747 0.05050458529310417 -0.03156554547625256 
0.002025434968213391 0.2166323720011643 0.33979070766750874 0.4311853302268022 0.4961187977805732 0.6428307865763947 0.6868565164013669 0.7765241874352654 0.8263644847118156 0.8703890760578524 0.9306439372415883 0.9587704660769865 0.9874120925323528 0.9977011668093997 0.9924743022703486 0.9908930039233734 0.9894192713338374 0.9491581961639671 0.9256006516675797 0.8819997991640542 0.801513347151242 0.795206522126052 0.6470489557678726 0.482523411829637 0.4940466788582567 0.34651984089629173 0.29831761493501047 0.2073560267965034 0.08912837472826894 -0.03985836756403127 
0.005064784759679329 0.2917828205777666 0.4548570269086351 0.4051859240202203 0.5744985430967121 0.6462477032670078 0.6873709341054005 0.8867205887684927 0.8263007927173555 0.9209902719373458 0.9292072964183646 0.9583263764137574 0.9889344258395393 0.9981560930278264 0.9924760111945152 0.9876091950280784 0.9896765527330795 0.8594485582149047 0.9237068344078702 0.8864622587595129 0.7748093911040788 0.6148714893300391 0.5523764531115739 0.483119460317273 0.4761209994054961 0.36062235904124923 0.2587338735796184 0.20956333697104046 0.004574832482246792 -0.03607741301221482 
0.002025434968213391 0.3085441450062982 0.33979070766750874 0.4311853302268022 0.5461315030238338 0.6428307865763947 0.6868565164013669 0.7765332609573095 0.8263644847118156 0.8650950161378151 0.9303167221606417 0.9587709822552439 0.9874532653145829 0.9977737073039503 0.9924743022703486 0.9910360042232219 0.9738688147668043 0.9484479341639261 0.9256006516675797 0.8819997991640542 0.8080048064748456 0.795206522126052 0.6470604369381535 0.482523411829637 0.47689991359314793 0.3466290455909456 0.29831761493501047 0.2073560267965034 0.08912837472826894 -0.03985836756403127 
0.3263361010865295 0.13186074575854284 0.1659000558867355 0.22630526325763833 0.3691473697853117 0.4299047906713534 0.5176979402345064 0.6705040157120019 0.7168825142120082 0.7897460875730538 0.8548369134981525 0.9064179841515283 0.9662687953679269 0.9329749573666839 0.9797849720179093 0.9828558273914664 0.9960849399283154 0.9294216156635138 0.9619033648443919 0.8628933856867538 0.8912689896726608 0.7881001727684949 0.7376387324665545 0.6714957237461774 0.5858683041802626 0.40743048270405846 0.4467704335732546 0.3285647989791646 0.21006482443729535 -0.059372994870368345 
3.8284885154703534E-4 0.21375171061219278 0.3124823664210443 0.4159747750854776 0.49613042442606087 0.6431435306246844 0.6825983651505926 0.774584923934586 0.8262863557457101 0.8696858898813288 0.9301937375624069 0.9591063848170005 0.9742193419986647 0.9980823296155276 0.9928085034818558 0.9884426728588254 0.9751481090018471 0.9380723067067912 0.9256009050010944 0.8853633073434599 0.8019552428335258 0.6669715471741268 0.6470984371949009 0.5534197744095303 0.49569498273122314 0.35301663652322285 0.2984133597061653 0.22696771728615112 0.0894242772171846 -0.013464264671326873 
0.0016064488778879116 0.21318295324836842 0.312481529160187 0.4159747750854776 0.49611388461404893 0.6431435306246844 0.6826086151392394 0.7744560506101283 0.8262863557457101 0.8696870922641042 0.9301937375624069 0.9587618825573105 0.9739958919630776 0.9947374012265879 0.9928085034818558 0.988444209174638 0.9751481090018471 0.9405448777974339 0.9256008101965211 0.8661116217610783 0.8019480816035439 0.6512881042509809 0.6471029882463689 0.5534197744095303 0.4957450639507627 0.35296259727621976 0.2984133597061653 0.2070334072388483 0.0894242772171846 -0.03413892860986252 
0.009042783138128735 0.290326671269958 0.53548726068515 0.5325585221957786 0.5836011133600452 0.7014295221912874 0.7250777466195951 0.7733537515591365 0.8323436416042076 0.9198525751765139 0.9315422395901923 0.9369263722103235 0.9965615356327574 0.9921050865657906 0.9991987020518568 0.9447932267989992 0.9903384977334372 0.9019766158869322 0.9240022061137171 0.8138555282221354 0.7748031612880513 0.6456387620236338 0.6500736762204268 0.45348284592164306 0.35609361389098154 0.34528715513609176 0.311417417394574 0.19351548569158447 0.005347600821148678 -0.05226834212549896 
0.009114421192580886 0.2903284031021342 0.5366320358959857 0.5340064558709512 0.586187368223234 0.7091069868486749 0.6850083612641596 0.7733989403154855 0.8323436409601895 0.9675576862391295 0.9915882138921629 0.9380846411127449 0.9962534266508832 0.9980191976252667 0.9991535921313811 0.9932851659752422 0.9903328755116778 0.9365774150938588 0.924001707056973 0.8138555282221354 0.6781820695148278 0.646630034402266 0.5545811359880236 0.4552384379156872 0.35609361389098154 0.34669563730726305 0.08124975998304534 0.19351548569158447 0.005347600821148678 -0.036011942116026006 
0.005259862214453737 0.29076375155694134 0.4581827805805454 0.5340724236493828 0.5744990135564958 0.7014242808521556 0.7248833063647855 0.7742309366879188 0.8263057928844794 0.9674529447392016 0.9672538100221595 0.9595964857713144 0.988163746992373 0.9914140286514295 0.9939049167150702 0.9618291141061572 0.9892883811448437 0.9009409055258812 0.9237097000707845 0.8783621500940522 0.679999706695513 0.6753018031969054 0.6078391797347241 0.4826300276828281 0.3924410450240711 0.34664794591209425 0.11118659749882703 0.19320715160682234 -0.031204883918000755 -0.03409187030061105 
0.32635060563067364 0.0640466257805848 0.1659000558867355 0.22630526325763833 0.3691473697853117 0.4299047906713534 0.5176979402345064 0.6705040157120019 0.7168825142120082 0.7897460875730538 0.8602599023330173 0.9064179841515283 0.9662687953679269 0.9329749573666839 0.9797849720179093 0.8964169246051268 0.9960849399283154 0.9294216156635138 0.9620422412088986 0.8628933856867538 0.8912689896726608 0.7881001727684949 0.7376387324665545 0.6714957237461774 0.5857550927757444 0.40743048270405846 0.44648086751002963 0.3285647989791646 0.21006482443729535 0.09525544353131865 
3.997014083672512E-4 0.21375171061219278 0.3124823664210443 0.4159747750854776 0.49613042442606087 0.6443171756615889 0.6824019756972516 0.7752406224723976 0.8263788236636362 0.8695655523961615 0.9301937375624069 0.9591063848170005 0.9741857520117656 0.9980830730728919 0.9928085034818558 0.9896855134236789 0.9751481090018471 0.962502356642487 0.9256009050010944 0.8853633073434599 0.80248908941158 0.6669715471741268 0.6470984371949009 0.5554013638388149 0.4956974248841169 0.35301663652322285 0.2984133597061653 0.20929917618913962 0.0894242772171846 -0.013464264671326873 
0.0015286798216514106 0.1556780118134426 0.334314279157846 0.4158818679547953 0.50339897003968 0.6433156051460427 0.6855983927708064 0.776092407592055 0.8265045159910116 0.8696646661962937 0.9303485273018404 0.9592776313109699 0.9745772078505088 0.9976750194788228 0.9924782365512737 0.9885112322027835 0.9761612165490111 0.9027328793971867 0.9255047759137198 0.8869650545294061 0.8027359340411631 0.6929469373006051 0.650079790648313 0.5535789681853946 0.49402699867517663 0.35480750103698605 0.29430802983562 0.20873604888740285 0.0894242772171846 -0.013976495712692532 
0.008321221190968078 0.28845211589691633 0.44662588657341423 0.5295671826006934 0.5862414147764003 0.6713383443750058 0.7251066133360505 0.8516811147879566 0.8323436083572098 0.8661365571751534 0.9890127931690169 0.9382473222373542 0.974179399661518 0.9916320913094114 0.9998388940026973 0.9900326441253197 0.9970567608104968 0.945686861550475 0.923787657894996 0.8191225744192767 0.7809273220444753 0.650819755780725 0.5544608796103568 0.4839002399223259 0.35609361389098154 0.3465868805927295 0.06700549294326318 0.1934326763690475 0.005351101252978934 -0.19402452798040556 
0.0025201812835054594 0.2740347070420371 0.3417682772828317 0.43483441002541956 0.5770347580085613 0.7033352355074085 0.7272774716288233 0.7729744896952316 0.8323415519891127 0.9479714435833587 0.9314682094203377 0.9392681126070965 0.9962818983848275 0.9979966072689443 0.9932541882325603 0.9901174746787185 0.9873485828075824 0.9623272480421915 0.9244355793743917 0.8633796549260794 0.7750800612029416 0.6538897382979814 0.6500675322932559 0.5456367549335537 0.47723050684638524 0.3516239734330608 0.26059796868974855 0.1938351535759887 0.00649099467698095 -0.04594793274236759 
0.3347498450334564 0.2759358890997262 0.33751244402628006 0.41568081170420934 0.4955110271758656 0.6241221521204159 0.6850772286152296 0.7760605668892165 0.8264228464758472 0.8691701463799498 0.9333056953569542 0.9598047180761115 0.9739077151840434 0.9947375384333457 0.9918204937029157 0.9879346967684027 0.9739349500933788 0.9458250400356729 0.925697258851013 0.8848572557356176 0.8020824931044772 0.6885366849895422 0.647329438800111 0.5778381361459564 0.5466334245726878 0.3530134606966164 0.19454544681922215 0.20913307047430105 0.08926573020990497 -0.036171784633014584 
0.32635060563067364 0.0640466257805848 0.1659000558867355 0.22630526325763833 0.3691473697853117 0.4299047906713534 0.5176979402345064 0.6705040157120019 0.7168825142120082 0.7897460875730538 0.8602599023330173 0.9064179841515283 0.9662687953679269 0.9329749573666839 0.9797849720179093 0.8964169246051268 0.9960849399283154 0.9294216156635138 0.9620422412088986 0.8628933856867538 0.8912689896726608 0.7881001727684949 0.7376387324665545 0.6714957237461774 0.5857550927757444 0.40743048270405846 0.44648086751002963 0.3285647989791646 0.21006482443729535 0.09525544353131865 
0.0042369898160242924 0.292541907887359 0.3397715506218516 0.4334782930039809 0.5783739251315041 0.6441171885919955 0.6823644525698486 0.8510744975923016 0.8279633593687921 0.9485159417964764 0.9061095894618039 0.9920871912085871 0.9964195935904128 0.9941700004305882 0.992843076059414 0.9671677383200507 0.9885420230791208 0.9445590978153073 0.9237972028753978 0.8464883569636453 0.6728123586334556 0.6513051973678243 0.6481959645740136 0.48183125007693683 0.4652732102327681 0.35156102133771694 0.30077695775131336 0.19147942789717093 -3.6258340332064737E-4 -0.05163767368971981 
0.002752939693227424 0.2917270384781767 0.33428926339677106 0.452666014251779 0.49369204301132497 0.6476628988860766 0.6867639526221283 0.845790480218737 0.8262660653213468 0.8668835830207843 0.9303618179126723 0.9388935499045095 0.9818507081368326 0.9974526569301168 0.9924288535155386 0.944053475580748 0.9874506661237898 0.9431154434778735 0.9244698468702046 0.8409047258581586 0.7750770602608382 0.7030964196832549 0.6499868159651228 0.5525862436995544 0.47737252746346426 0.3750859424951868 0.26125440307745534 0.20829469176314974 0.04541245773659767 -0.06064101931965466 
0.009115579480212728 0.29032683214802685 0.4548742807976035 0.5325585221957786 0.5780649508987143 0.714016172828836 0.6861271512853163 0.7733537515591365 0.8323436416042076 0.9675576862391295 0.9818129120068696 0.9948068304259964 0.9879862467331599 0.9918139326077258 0.9989967361448102 0.9922080747164623 0.9993632823219996 0.9002467395478466 0.9239918882527155 0.8138555282221354 0.7757033878786731 0.6502041449260187 0.6494077776552146 0.45402318677752007 0.35609361389098154 0.34610283287451277 0.2545053837454298 0.2089119860809461 0.006612774376577802 -0.05065910707078932 
2.569674081080315E-4 0.21584373342667584 0.30522356953758517 0.41387597952146066 0.4923143132609376 0.6453982919949299 0.6854863271906548 0.7744560506101283 0.8265575042769355 0.8681113454515932 0.9301206797293609 0.9590945546523254 0.9855415028936809 0.8957472809605385 0.9919920684999831 0.989246630082599 0.9751481090018471 0.9434873867356353 0.9256533940334167 0.78308217432976 0.8019270775385421 0.6713057764685743 0.6562362903510046 0.5774987206553956 0.4964096555597341 0.3925974091319291 0.2984864915957185 0.2078985848433695 0.08942320330825429 0.09174934679688859 
0.003899814063856529 0.2902933709876493 0.3415112977824209 0.43324851734205483 0.5783739251315041 0.7014283606127854 0.7250761182253723 0.774446292851062 0.8279633593687921 0.9485159417964764 0.9225527684278566 0.98998593648069 0.9964236753678574 0.9979541789763506 0.9908556743137373 0.9716338086664585 0.9885420230791208 0.8680336618398864 0.9237136226096105 0.8464883569636453 0.8020716463658545 0.6164461569168229 0.5713790298114331 0.4824037951314849 0.4652732102327681 0.3515185251856853 0.30081709887158437 0.19298410541654376 0.005580624298331722 -0.05163767368971981 
0.33305224152427226 0.21595709981893835 0.3049780333067258 0.4308005893836635 0.4963005522313202 0.6454030542783916 0.6868368094417601 0.7160166434955808 0.8265582871473418 0.8705233562940415 0.9306274515733423 0.9598027405049347 0.9750402522853645 0.9977110783642106 0.9961790842746071 0.945024952135628 0.9509828124846655 0.9428195189633951 0.9256548982660706 0.8861469263654352 0.8015505198508737 0.6681085089226714 0.6559658419524566 0.5779243507465136 0.4964252269960858 0.3412537873212594 0.29835971542695183 0.2072993649575589 0.08959003050695785 -0.012680323638865683 
0.008321221190968078 0.28845211589691633 0.44662588657341423 0.5295671826006934 0.5862414147764003 0.7289460566916599 0.7251369138699802 0.8516811147879566 0.9320410925609196 0.8661365571751534 0.9878449280184808 0.9382473222373542 0.974179399661518 0.9975565798313089 0.9998401476372385 0.9900117078268462 0.9754789805260559 0.9635942344484284 0.923787657894996 0.8187241465756145 0.7809273220444753 0.6512734008998667 0.5544608796103568 0.4839002399223259 0.35609361389098154 0.3465868805927295 0.06700549294326318 0.1934326763690475 0.005351101252978934 -0.19402452798040556 
6.932061867887598E-4 0.21698951463085753 0.31228729883309 0.4181786870457112 0.5036053640600191 0.6621203851623798 0.6852211329443 0.7746065306675142 0.8262847135045341 0.8704273810310607 0.9303419525186625 0.9613744142096625 0.9877544948984122 0.9977323999564223 0.9925462877475855 0.9995534328083574 0.9758306529216659 0.9021345791221688 0.9246765273308558 0.870593882005523 0.801672085826539 0.6459825169400558 0.6556901713222208 0.5587299127322672 0.4940438048141587 0.34658469912167345 0.29427021733469283 0.22600381598187785 0.08940982401118876 -0.015431805024783073 
0.009040816969508505 0.2903284031021342 0.5366320358959857 0.5325585221957786 0.5861861861995433 0.7091069868486749 0.6850083612641596 0.7733537515591365 0.8323436416042076 0.9675576862391295 0.9315422395901923 0.9382623570404881 0.9962534266508832 0.9980191976252667 0.9991987020518568 0.9932851659752422 0.9903328755116778 0.9365774150938588 0.9240022061137171 0.8138555282221354 0.7757034998901878 0.6466308623058815 0.5545811359880236 0.45348284592164306 0.35609361389098154 0.34528715513609176 0.08124975998304534 0.19351548569158447 0.005347600821148678 -0.05065910707078932 
0.32635060563067364 0.06398424656580466 0.16354364212120387 0.29669225631652696 0.4837473500345174 0.42985598796615576 0.5176552750559713 0.6841303159907731 0.7181775866416997 0.7881731164170961 0.8891806583212594 0.9064106112986341 0.981908802127565 0.9871054601266209 0.9584477347903375 0.9708865650025253 0.9975196803113899 0.9302034316428862 0.961367662041335 0.9852386203810526 0.8933445894824112 0.7890932596363919 0.7302620079347244 0.6769617636586128 0.5857893028419625 0.508211646834591 0.44646428434863805 0.35662365298008325 0.09449240028991662 0.11717328770532306 
0.007910441215672592 0.29075149080352264 0.4468900224699366 0.5326232862938987 0.5862402327527095 0.7021176069458795 0.7250761199502614 0.7704468585394888 0.8323436090012278 0.9675576862391295 0.9315423007835363 0.9590204828323171 0.9881914336759379 0.9903279804263146 0.9411959522825494 0.9082779416338291 0.9903221618753346 0.8664954814326119 0.9049827511470847 0.8138555282221354 0.7759320795936929 0.6466964303085996 0.5544385131117703 0.4808744993183136 0.35609361389098154 0.3452395011847249 0.1109002203553849 0.19351548569158447 0.005347600821148678 -0.050168463832874384 
0.33435139827432636 0.21052573685615983 0.3050704592508746 0.4278839427344314 0.4953438472704433 0.6405092759011526 0.6871934062623279 0.7762329372179422 0.8259706598616597 0.870502000072413 0.9303439336373318 0.9447368060809697 0.9870804157444565 0.9981920013929461 0.9940228408817067 0.9438813684946078 0.9892780106529457 0.8930985783313551 0.9255477927576704 0.9060135931068043 0.8023872497573933 0.7716856886683318 0.6473221765031402 0.5580951653895891 0.47737125834184385 0.34747992919461856 0.30139928238158314 0.21641680372538405 0.089425589068362 -0.03437453546453552 
0.00525658628240528 0.29077209980952573 0.45493494607866525 0.5316662220222059 0.6093772422152615 0.6782617571596063 0.6874478789964539 0.8865317415336746 0.8267283855995707 0.9674501843376123 0.9284280674670337 0.9582914827805186 0.9967597848006283 0.9981587459480777 0.9923202282360126 0.9875730471068498 0.9879480070791569 0.8674091228549504 0.9237296116806228 0.8443914390986027 0.7734800810120953 0.6158048494970146 0.6065846926449665 0.5772422563534179 0.4833124980950827 0.3474882994049039 0.21478650280686667 0.2072998074319719 0.005020546267154509 -0.03405156297857859 
0.33673666118227397 0.26431670265934887 0.30511050034447496 0.4312539714949284 0.5094161377072625 0.6457679407594594 0.7258415321501027 0.776112763071984 0.832740139588629 0.9189245614645145 0.92934675353661 0.9616272906591199 0.9863063573641223 0.9947290969172905 0.9919197126108972 0.9884415472099197 0.9897259141491949 0.9402452953963993 0.9256013952957536 0.8003342000622206 0.8042139181489336 0.6713444673901954 0.6473434978265924 0.565872449666765 0.4931585639148532 0.35294851417091283 0.2746494680332165 0.20894366068178136 0.09010364305295131 -0.03442093954791204 
0.0035776795815168514 0.30568953119992015 0.3055422873326308 0.4937861092907326 0.5720495330610184 0.6621633390815196 0.7260700568985079 0.7813971708256404 0.8265496342920536 0.8700110156346968 0.9304487897236267 0.9613751759316792 0.9719663898230154 0.9981302812168209 0.9939799580947946 0.9998564995335631 0.9897476827763978 0.9021803759790691 0.924615166631428 0.8182285938386433 0.7761913943953406 0.6444911373152874 0.6464915031183426 0.47923641754830654 0.4772450194987786 0.3623896948282797 0.29555998830152913 0.21613567257728813 0.08910726198758467 -0.01455439447307317 
0.0042369898160242924 0.2902933709876493 0.34124716188589854 0.43324851734205483 0.5783739251315041 0.7014283606127854 0.7251066116111613 0.8510744975923016 0.8279633593687921 0.9485159417964764 0.9291532534268274 0.98998593648069 0.9964236753678574 0.9915914955560736 0.9933473286774611 0.9716338086664585 0.9885420230791208 0.9452099499970206 0.9237939132059505 0.8464883569636453 0.7796167079066408 0.6164461569168229 0.5714013963100195 0.4824258392296067 0.4652732102327681 0.351455702516494 0.30081709887158437 0.19298410541654376 0.005584124730161978 -0.05163767368971981 
0.0038943947678998433 0.29254706883614473 0.3397715506218516 0.4334782930039809 0.5783739251315041 0.6441171885919955 0.6823644525698486 0.8510744975923016 0.8279633593687921 0.9485159417964764 0.9059345344110035 0.9920048478283426 0.9964196969878147 0.9941081298564814 0.990856406599769 0.9671677383200507 0.9885420230791208 0.9445590978153073 0.9237980854465894 0.8464883569636453 0.7990069245475845 0.6511585278048251 0.6481959645740136 0.48183125007693683 0.4652732102327681 0.35156102133771694 0.30077695775131336 0.19147942789717093 -3.6258340332064737E-4 -0.05163767368971981 
0.007984045438744973 0.28845211589691633 0.4468900224699366 0.5295671826006934 0.5862414147764003 0.6627566962109999 0.7250761199502614 0.7750529100467171 0.8323436083572098 0.8661365571751534 0.9824162197605794 0.9382473222373542 0.974179399661518 0.9979947774922401 0.9991723835432128 0.9900326441253197 0.9903221618753346 0.8685105734052305 0.9237073672986561 0.8191225744192767 0.803382260503689 0.650819755780725 0.5544385131117703 0.4838781958242041 0.35609361389098154 0.3466497032619208 0.11611031177105856 0.1934326763690475 0.005347600821148678 -0.19402452798040556 
0.33625935658608497 0.21947114837085693 0.30492194018791646 0.4193831433758407 0.4961500552807262 0.6618143889509418 0.6855074455994056 0.7868316636774955 0.8324968034177762 0.8651867948692569 0.9174001712537971 0.9597352025759234 0.9858407005226278 0.9976700534513226 0.9924525947310731 0.9413149825180921 0.9888108960069348 0.9148756310938402 0.9236791690860428 0.8324483981248566 0.8019546852604852 0.6697276843503304 0.6475873561557773 0.5754452423892286 0.4772577965779504 0.3528592951277192 0.29437994384256755 0.2091763481667671 0.08910347134455704 -0.03390383726908878 
0.3347498450334564 0.2759358890997262 0.33751244402628006 0.41568081170420934 0.4955110271758656 0.6262219624904971 0.6850772286152296 0.7760605668892165 0.8324076085842826 0.8691701463799498 0.9333056953569542 0.9598047180761115 0.9738985094538918 0.9947375384333457 0.9920994655614589 0.9879346967684027 0.9739349500933788 0.9497085083373007 0.9255976380585162 0.8848572557356176 0.8020824931044772 0.6714430383657034 0.647329438800111 0.5778381361459564 0.5466334245726878 0.35302462111957095 0.2984133597061653 0.20913307047430105 0.08926573020990497 -0.036171784633014584 
0.8109588861074272 0.2806549823032559 0.20735932050890882 0.0439390205572384 0.012199357137461508 -0.1590833574730839 -0.4202198208330114 -0.3916266748689289 -0.4740670920572799 -0.5645023335098038 -0.4891812404589531 -0.7419139575360468 -0.6811394602588945 -0.8304553636979999 -0.44999394840544704 -0.961317809608358 -0.9961618340507788 -0.9920374138967302 -0.8336913591774606 -0.9620016694221635 -0.900046945717111 -0.9504679210586239 -0.9799146834240878 -0.8790692839195814 -0.9329628454040335 -0.8239818831576969 -0.6494133446820336 -0.6782723191816125 -0.5868315281575557 -0.3706802837488428 
0.3330522733125013 0.21595709981893835 0.34029746532047184 0.43130694818015036 0.4955160684696535 0.5413582687028259 0.6868368094417601 0.7760657721916164 0.8265582871473418 0.8682089332235728 0.9306382395918241 0.9598027405049347 0.9726531670142092 0.998393995679638 0.9920520169489363 0.990437077396765 0.9508383760677218 0.9402316754689771 0.9256548982660706 0.8043715572061949 0.8015029385038919 0.6714985192963916 0.6559658419524566 0.5779243507465136 0.49609261392808046 0.3530226924392699 0.29830510954721506 0.20735053983814603 0.08959003050695785 -0.039260332565247955 
0.32635060563067364 0.06398424656580466 0.16354364212120387 0.29669225631652696 0.4837473500345174 0.42985598796615576 0.5176552750559713 0.6841303159907731 0.7181775866416997 0.7881731164170961 0.8891806583212594 0.9064106112986341 0.981908802127565 0.9871054601266209 0.9584477347903375 0.9708865650025253 0.9975196803113899 0.9302034316428862 0.961367662041335 0.9852386203810526 0.8933445894824112 0.7890932596363919 0.7302620079347244 0.6769617636586128 0.5857893028419625 0.508211646834591 0.44646428434863805 0.35662365298008325 0.09449240028991662 0.11717328770532306 
0.009040816969508505 0.2903284031021342 0.5375103584027364 0.5325585221957786 0.5780649508987143 0.714016172828836 0.6850083612641596 0.7733537515591365 0.8323436416042076 0.9675576862391295 0.9818129120068696 0.9948068304259964 0.9962534266508832 0.9980178366007353 0.9991987020518568 0.9922080747164623 0.990315150197343 0.9002467395478466 0.9239918882527155 0.8138555282221354 0.7757033878786731 0.6501148130367388 0.5545811359880236 0.45348284592164306 0.35609361389098154 0.34471860403591176 0.2545053837454298 0.2088934452480162 0.006612774376577802 -0.05065910707078932 
0.002750604507293547 0.2905319209925737 0.3343058994442587 0.452666014251779 0.49369204301132497 0.6590108185013623 0.6867639526221283 0.8457286802732198 0.8262660653213468 0.8668835830207843 0.9303691739447305 0.9590589245998868 0.9818507081368326 0.9999902497409973 0.9924288535155386 0.944053475580748 0.9874506661237898 0.9431154434778735 0.9246352875302222 0.840254244045702 0.7760636934076114 0.7030964196832549 0.6499868159651228 0.5525862436995544 0.47737252746346426 0.3750859424951868 0.2822292457767354 0.20807209549209832 0.04541245773659767 -0.06069201469154374 
0.3338622555926134 0.2759358890997262 0.33751244402628006 0.41568081170420934 0.4955110271758656 0.6431296209117666 0.6850772286152296 0.774457591063759 0.8322646896177994 0.8696825525547096 0.9332149081726329 0.9598047180761115 0.9738985094538918 0.9947375384333457 0.9924669236023834 0.9879346967684027 0.9739394374659093 0.9497085083373007 0.9255976380585162 0.8848572557356176 0.8020824931044772 0.6701154868863816 0.6471065719880484 0.5778381361459564 0.4774578951888368 0.3529632620366029 0.2984133597061653 0.20913421558359607 0.08943037377816422 -0.036171784633014584 
7.662117484067716E-4 0.2765512038626748 0.3129616618104023 0.4303618302587858 0.49190384382882985 0.6429996600279682 0.6854863271906548 0.7744560506101283 0.8262863557457101 0.8696870922641042 0.9301937375624069 0.9602997802584557 0.9853835378018713 0.9976750143417286 0.9924743195723084 0.9895343933630394 0.9751481090018471 0.9434429305264037 0.9238300377262444 0.8403674936503753 0.8019480816035439 0.6510830038130928 0.6473265151189401 0.5535872653271577 0.4954000195714815 0.35296259727621976 0.30181540107000426 0.20905790457431508 0.0894242772171846 -0.013612283333329953 
0.0025201812835054594 0.27405749632770177 0.3124614972441588 0.4230006176592181 0.508386753341949 0.6476178541929921 0.6824585075620216 0.8524195874062722 0.8321265781228538 0.8741879460640167 0.929363699888861 0.9392679639546462 0.9869153417901996 0.9974296981181014 0.9933407417411804 0.9678712115982304 0.9744962391840476 0.9601250557200458 0.9244708105200828 0.8409112974172399 0.7750800128971295 0.6540618776502687 0.650026342455629 0.4792948244439552 0.46518215962165194 0.3462912138448651 0.26141314341150546 0.21335075072343357 0.0891177894126647 -0.056129289420496734 
6.932061867887598E-4 0.21698596325797403 0.305103055977247 0.4181577684366424 0.5036053640600191 0.6621203851623798 0.6852211329443 0.7771551239516694 0.8264020503988047 0.8704273810310607 0.930349839154231 0.9613243045946379 0.9751617672751223 0.9977323999564223 0.9924748122440065 0.9902593969061251 0.9894118502620121 0.9606284413182873 0.9246092750738485 0.8855174982756866 0.8016866182571549 0.64558429940097 0.6468092816554318 0.5585347470182339 0.4958852476522422 0.3468889043337945 0.29427021733469283 0.2161165415441309 0.08910913580176548 -0.014591868494306092 
0.009040816969508505 0.3303679282417167 0.5366320358959857 0.5325585221957786 0.5861861861995433 0.7091069868486749 0.6850083612641596 0.7706979322271322 0.8323436416042076 0.9675576862391295 0.9315422395901923 0.9383301542209299 0.9962686283884953 0.99410973398811 0.999240077081694 0.9885807005146703 0.9903328755116778 0.9365774150938588 0.9240163105379763 0.8462875922627473 0.7736417874005194 0.6462308531708479 0.5545811359880236 0.45348284592164306 0.4649585941282608 0.34528715513609176 0.08164669387466844 0.19490729857453265 0.005347600821148678 -0.05065910707078932 
7.662117484067716E-4 0.2765512038626748 0.3129616618104023 0.4303618302587858 0.51420405593399 0.6430727484057888 0.6854863271906548 0.7744936199071853 0.8262863557457101 0.8696870922641042 0.9301937375624069 0.9602882880670067 0.9740405615615695 0.9973828337731383 0.9940617701649651 0.9895343933630394 0.9751481090018471 0.9431914118689548 0.9238300377262444 0.8403674936503753 0.8019480816035439 0.6510830038130928 0.6474463361389016 0.5541832467666343 0.4950255336900097 0.34635839267305485 0.30181540107000426 0.20905790457431508 0.0894242772171846 -0.013612283333329953 
0.0042369898160242924 0.29026780863152923 0.34124716188589854 0.4334838235094669 0.5783739251315041 0.6368998940778915 0.7251066116111613 0.8510744975923016 0.8279633593687921 0.9485159417964764 0.9291532534268274 0.9900781351095449 0.9964237130092788 0.9915914955560736 0.9933473286774611 0.9716338086664585 0.9885420230791208 0.9452099499970206 0.9237938085712571 0.8464883569636453 0.7796167079066408 0.6164461569168229 0.6461263584699083 0.48183074580592494 0.4652732102327681 0.351455702516494 0.30081709887158437 0.19300276093746735 0.005584124730161978 -0.05163767368971981 
0.3367829340236855 0.30359542816661866 0.30488620146859985 0.4218396858649011 0.6239388408471574 0.6457679407594594 0.7231923182003103 0.7806996568987847 0.8314254049050724 0.8673348943514243 0.930332826871473 0.9597004846522312 0.9740279289407904 0.9984202818917745 0.9932820083051199 0.9846406634536217 0.9733175200287476 0.9170994774933263 0.9246158750070816 0.8324576764377176 0.6963845839494237 0.6709966167081369 0.6480909153170795 0.5480315468143488 0.4774738407892868 0.35294344301208036 0.28866951675641983 0.20719792575018833 0.09156491858190005 -0.05197436027246305 
5.1402059675062126E-5 0.21699683515198906 0.30510027541441237 0.415819987094897 0.4962791133370462 0.6442591098860372 0.6854865869809885 0.7156065702617086 0.8263791555575277 0.8704071581089233 0.9301981530460186 0.9587633158409975 0.9750169282899123 0.9977001019922792 0.9924743195723084 0.9896705535974905 0.9894118502620121 0.9621544537511383 0.9256011356049321 0.8853633073434599 0.8024862496246341 0.64723714556171 0.6557980606021899 0.5554800099158036 0.4956376535264082 0.3464406306910281 0.2943937681499942 0.20905790457431508 0.0891159755864563 -0.013368135157204322 
0.00525658628240528 0.29076375155694134 0.4582274497506962 0.5316662220222059 0.5831038661743079 0.7014179905571608 0.7252048275032685 0.7751056164804517 0.8267283855995707 0.9674501843376123 0.9284797820190953 0.9888294774139511 0.9967597848006283 0.9984391460998914 0.9995087097523809 0.9419923623032979 0.9879480070791569 0.867897778193902 0.9256985738430636 0.838479853045029 0.6795690897328379 0.6890948183328868 0.6065846926449665 0.5772422563534179 0.4834079011792626 0.34757485822283685 0.1944023862385385 0.2072998074319719 -0.03122120123549808 -0.03405156297857859 
0.33665965412581905 0.2691500266424879 0.3124263323084322 0.4333845817912313 0.5781685003933794 0.6154631718811222 0.721727386751503 0.7763069542574956 0.8323428761918247 0.8713854001144749 0.9294496448297425 0.9608937612287366 0.9972321319899384 0.9996357160115138 0.9940261052116035 0.9989946014804956 0.9750457008462622 0.9487505107701271 0.9244540805957006 0.841721937791979 0.7763582669356753 0.6899902069844662 0.6466256073916221 0.4815837144646912 0.47724653141062634 0.3486946710299731 0.2990977458791875 0.20896672534359767 0.08709572124518346 -0.012065563757738762 
0.3347498450334564 0.2759358890997262 0.33751244402628006 0.41568081170420934 0.49611045697746753 0.6431296209117666 0.6850907310011672 0.7760605668892165 0.8323200321586532 0.8691701463799498 0.9333198858675544 0.9598047180761115 0.9742208000885477 0.9947375384333457 0.9920994655614589 0.9879346967684027 0.9739349500933788 0.9485910732211936 0.9255976380585162 0.8194228520905373 0.8021067587157146 0.6714430383657034 0.647329438800111 0.5746303500225096 0.4774578951888368 0.35302492125664103 0.2984133597061653 0.20913307047430105 0.08926658821241375 -0.014278786195837376 
0.007984045438744973 0.3448025216706339 0.4468900224699366 0.5324266478719963 0.5862414147764003 0.7021176069458795 0.7250761531058418 0.7704920472958379 0.832343608423482 0.9677413354436757 0.9310557987746718 0.9586158790082826 0.9881914336759379 0.9903279804263146 0.9991528250364371 0.9082779416338291 0.99032243728702 0.9000260050621909 0.8662662744718447 0.8138555282221354 0.678410649218333 0.6456469696137788 0.6505884263750384 0.50210374280939 0.35609361389098154 0.3466479833558962 0.1109002203553849 0.19351548569158447 0.005347600821148678 -0.052555893875687196 
0.00525658628240528 0.29077209980952573 0.4582274497506962 0.5316662220222059 0.6093772422152615 0.6776578566741219 0.7252048046117061 0.7761016032643671 0.8267283855995707 0.9674501843376123 0.9284280674670337 0.9888294774139511 0.9967597848006283 0.9984391460998914 0.9995087097523809 0.9707347709323753 0.9879480070791569 0.867897778193902 0.9257691981074572 0.846620662120177 0.6728116319371327 0.6890948183328868 0.6065846926449665 0.5772422563534179 0.4834079011792626 0.3474882994049039 0.1944023862385385 0.2072998074319719 -0.03122120123549808 -0.03405156297857859 
0.3263361010865295 0.13186074575854284 0.1659000558867355 0.22630526325763833 0.3691473697853117 0.4299047906713534 0.5176979402345064 0.6705040157120019 0.7168825142120082 0.7897460875730538 0.8548369134981525 0.9064179841515283 0.9662687953679269 0.9329749573666839 0.9797849720179093 0.9828558273914664 0.9960849399283154 0.9294216156635138 0.9619033648443919 0.8628933856867538 0.8912689896726608 0.7881001727684949 0.7376387324665545 0.6714957237461774 0.5858683041802626 0.40743048270405846 0.4467704335732546 0.3285647989791646 0.21006482443729535 -0.059372994870368345 
0.0051100344293844874 0.2917828205777666 0.4518051734290978 0.5322805227687332 0.5783759663487597 0.7018625692434657 0.6845448071291215 0.8867205887684927 0.8323362696974296 0.9678238328973907 0.9291013691309038 0.9380340958727298 0.9962719519863029 0.9981553158506752 0.9924760111945152 0.9083012258462387 0.9748667275324164 0.8601880403911775 0.9444926293124254 0.8167564076451872 0.7767661518200892 0.6501481334027454 0.5523764531115739 0.4835888836362578 0.4771526958583187 0.3606409149416624 0.25471932491481386 0.15057320460865514 0.006112498657424317 -0.050924051316934255 
0.0015256726910632492 0.21325964258700608 0.3352747437708638 0.4158818679547953 0.4913980098815422 0.6431359510433092 0.6854861647139567 0.776092407592055 0.8262863557457101 0.8696870922641042 0.9303440853184042 0.9587633158409975 0.9740170510231411 0.9976750143417286 0.9924743195723084 0.988444209174638 0.9989174943257065 0.9486191992028905 0.9256008101965211 0.8853633073434599 0.8019480816035439 0.64723714556171 0.6471029882463689 0.5535872653271577 0.494029446748898 0.354506943070604 0.2984133597061653 0.20905790457431508 0.0894242772171846 -0.013612283333329953 
0.003900038647395278 0.29029763585766616 0.3417682772828317 0.4348040322890748 0.5770347580085613 0.7946812454806997 0.7271639890478605 0.7729744896952316 0.827881546103281 0.9479714435833587 0.9226786870597762 0.9421837153295984 0.9964271812073431 0.9979966072689443 0.9932893125351949 0.9901149979766893 0.9873485828075824 0.8638045378091942 0.9244355793743917 0.8633796549260794 0.7737220003525375 0.6538897382979814 0.5772815609326591 0.474918503173011 0.47723050684638524 0.3516239734330608 0.26059796868974855 0.1938351535759887 0.006535178594509612 -0.04594793274236759 
0.005259862214453737 0.292545191628669 0.4581827805805454 0.5848239789031835 0.5784697623842358 0.6428088634828785 0.7259620436192054 0.7745484222451863 0.8279918753256822 0.9485462436626901 0.9672538100221595 0.9598140979538614 0.9964049909055164 0.9915221184826327 0.9939049167150702 0.9618291141061572 0.988544436415676 0.9009409055258812 0.9237097000707845 0.8783621500940522 0.679999706695513 0.6753018031969054 0.6079266299112276 0.48262095649093467 0.38920552478625986 0.34664794591209425 0.11118659749882703 0.19320715160682234 -0.031204883918000755 -0.05158264787343369 
0.003899814063856529 0.2902933709876493 0.3412483420170095 0.4332399629279523 0.5783739251315041 0.6381968292843843 0.7250761182253723 0.7757583593412365 0.8279633593687921 0.9485159417964764 0.9225510385547683 0.98998593648069 0.9964236753678574 0.9918741498028347 0.9908289128039686 0.9716338086664585 0.9885420230791208 0.9446418836998192 0.923713003176288 0.8464883569636453 0.8020716463658545 0.6164461569168229 0.5713790298114331 0.4824037951314849 0.4652732102327681 0.3515185251856853 0.30081709887158437 0.19298410541654376 0.005584086194097078 -0.05163767368971981 
7.929734940313889E-5 0.2149678741799586 0.30185387502932004 0.47174147579406855 0.4962756733256479 0.6432625247121411 0.6824747831246194 0.7157634395276266 0.8263791555575277 0.8296203562414761 0.9302002586727875 0.9587894976286633 0.975197803114999 0.9976994508001453 0.9928113138830945 0.9896705535974905 0.9745243634645913 0.9621544537511383 0.9256009062301572 0.8867248774740891 0.8120814363891369 0.6513041498120027 0.6471141840307107 0.5479016660319226 0.4957473323172163 0.3530078791511527 0.2943937681499942 0.20905790457431508 0.09601097448761402 -0.034539043909952015 
0.0015942266155355342 0.27412010132627035 0.3123943725261902 0.4202748001562784 0.50339897003968 0.6457256609591261 0.6803854103600715 0.7760870851032763 0.8320699311341802 0.8723537482831236 0.9303482517960875 0.9751814179147941 0.9867899775998012 0.9976750110389349 0.993297304571431 0.9885446882805603 0.9897306647888044 0.9015833327500263 0.9244633906388119 0.838055444891762 0.7749487255704891 0.6511698938320594 0.646745233915175 0.5510304924154156 0.494029758741215 0.3530167748887687 0.2942370357621631 0.20905790457431508 0.0894242772171846 -0.013612283333329953 
0.0042369898160242924 0.292541907887359 0.3397715506218516 0.4333556533287552 0.5804375867232154 0.6443078908363356 0.6824579595330921 0.851081137593723 0.8323667168725329 0.9485159417964764 0.9061095894618039 0.9389826901466715 0.9964195935904128 0.9974372911910474 0.9933338215861653 0.9671677383200507 0.988516222777872 0.9602860630325183 0.9237972028753978 0.8464883569636453 0.6728123586334556 0.6513051973678243 0.6481959645740136 0.47930754233359274 0.4652732102327681 0.35144727125061886 0.26229289331596195 0.19193010871668265 -3.6258340332064737E-4 -0.05163767368971981 
0.0033856139655067813 0.30345213460369513 0.308171029348291 0.46409699532444215 0.5782885526888065 0.7015462226198305 0.6857329259670624 0.763520340832168 0.8314871013636157 0.9676812492222379 0.9290996418278676 0.9901160184863186 0.987983888317497 0.9976934963086641 0.9918479745412437 0.94171753844271 0.9751282831789111 0.9487973478742792 0.925687366636298 0.8381099700981866 0.7729613953044859 0.6886173648982372 0.6064592851320874 0.5517899572938664 0.47708680880006704 0.34745079958270064 0.19248352155853315 0.15045037273320747 0.05050458529310417 -0.03156554547625256 
0.0034041884195106097 0.30345213460369513 0.308171029348291 0.46409699532444215 0.5782885526888065 0.640927802692923 0.6857329259670624 0.7695716451524137 0.8314871013636157 0.9792662720331816 0.9301739739932665 0.9584579202609929 0.9741750250910742 0.9947543099212323 0.9918479745412437 0.9386997342375125 0.9751285180642912 0.9404392483356558 0.9256862795346731 0.8381099700981866 0.7729613953044859 0.6886173648982372 0.6064592851320874 0.5518151196307588 0.47708680880006704 0.3475767889926759 0.30805033295337775 0.15045037273320747 0.05164532003165909 -0.02032837475863091 
0.003544103470816246 0.30568953119992015 0.31336167518636826 0.4903460153456298 0.5711145700715387 0.6621633390815196 0.7260700568985079 0.7813971708256404 0.8264968050378532 0.8696612186642709 0.9306531461165836 0.9612374403678855 0.9719663898230154 0.9981326436150935 0.9939799580947946 0.9998564995335631 0.9891724375351474 0.965811556762691 0.9255288022139366 0.8822933356168925 0.8033159983695456 0.6511529596040839 0.6461101774281024 0.552593721864663 0.4774668983371786 0.3623896948282797 0.29555998830152913 0.20869932171193042 0.08940977888239958 -0.01455439447307317 
0.3338622555926134 0.2759358890997262 0.3379354011418222 0.41568081170420934 0.49562137750620366 0.6431296209117666 0.6850772286152296 0.774457591063759 0.8323523503353073 0.8696556566399234 0.9332149081726329 0.9598099848710702 0.9738985094538918 0.9946840792273539 0.9924669236023834 0.9879346967684027 0.9739394374659093 0.9498264162200802 0.9255976380585162 0.8840670762501276 0.8020824931044772 0.6701154868863816 0.646993082738763 0.5778381361459564 0.4774578951888368 0.35294415033881094 0.2984133597061653 0.20695476187832493 0.08963929382735185 -0.036171784633014584 
0.3347498450334564 0.2759358890997262 0.33751244402628006 0.41568081170420934 0.4955110271758656 0.6431296209117666 0.6850772286152296 0.7760605668892165 0.8324076085842826 0.8691701463799498 0.9333056953569542 0.9598047180761115 0.9738985094538918 0.9947375384333457 0.9920994655614589 0.9879346967684027 0.9739349500933788 0.9497085083373007 0.9255976380585162 0.8848572557356176 0.8020824931044772 0.6714430383657034 0.647329438800111 0.5778381361459564 0.4774578951888368 0.35302462111957095 0.2984133597061653 0.20913307047430105 0.08926573020990497 -0.036171784633014584 
0.0042369898160242924 0.292541907887359 0.30851227118180546 0.4333556533287552 0.5782792294595936 0.6443078908363356 0.6859822020369162 0.8514593332882257 0.8323940555458166 0.949048637975442 0.9061095894618039 0.989484821743341 0.9964195935904128 0.9974357698608276 0.9933338215861653 0.9405358876990332 0.976274477517752 0.9602860630325183 0.9256464376023732 0.8464883569636453 0.6728123586334556 0.6868592547326999 0.6481959645740136 0.47988615173606625 0.4652732102327681 0.3513894481473668 0.25861351975284325 0.19193010871668265 -3.6258340332064737E-4 -0.05163767368971981 
7.929734940313889E-5 0.2149678741799586 0.3019477056868379 0.47174147579406855 0.4962791133370462 0.6457672052112885 0.6855195676863628 0.7157634395276266 0.8263791555575277 0.8296203562414761 0.9302002586727875 0.9587894976286633 0.975197803114999 0.9976999934263765 0.9924743195723084 0.9896705535974905 0.9745282874713971 0.9621544537511383 0.9256011356049321 0.8867248774740891 0.8120814363891369 0.6513041498120027 0.6476365365367067 0.5479016660319226 0.49521873058171884 0.3530079106128783 0.2943937681499942 0.20905790457431508 0.09601097448761402 -0.02643145637216042 
0.0025048154457489027 0.2740347070420371 0.3417682772828317 0.4350397536775107 0.5766490169842491 0.7033352355074085 0.7272774716288233 0.7728687421908293 0.8323415519891127 0.9479714435833587 0.9314682094203377 0.9389103165612286 0.9753479170966319 0.9976753736314046 0.9924820245261644 0.9899398893091799 0.9752875499093787 0.9623272480421915 0.9244355793743917 0.8633796549260794 0.8011835379279859 0.6538897382979814 0.6500675322932559 0.5456367549335537 0.4949944437462886 0.3516239734330608 0.2603711580415005 0.1938351535759887 0.09203405414674456 -0.0463284361325767 
