0.9995600869763823 0.20941489528807405 0.2829284092488397 0.38635649492470014 0.39155964063382487 0.5875007135770309 0.7576844976732684 0.736658194442634 0.7642062041438774 0.8633025576682994 0.9041734550236262 0.9507833300990537 0.9689587304764179 0.9771999220402352 0.9960974885480754 0.9978571016646207 0.9817399014839004 0.935456978614713 0.9344773966462274 0.8611923943274474 0.7758562825556659 0.709051398290092 0.6733695367785925 0.5969785261632569 0.5089713690813963 0.4297558780457979 0.3105641766611902 0.1951841983306355 0.14488499050148096 0.012542002565555349 
0.9995600869763823 0.20941489528807405 0.2829284092488397 0.38635649492470014 0.39155964063382487 0.5875007135770309 0.7576844976732684 0.736658194442634 0.7642062041438774 0.8633025576682994 0.9041734550236262 0.9507833300990537 0.9689587304764179 0.9771999220402352 0.9960974885480754 0.9978571016646207 0.9817399014839004 0.935456978614713 0.9344773966462274 0.8611923943274474 0.7758562825556659 0.709051398290092 0.6733695367785925 0.5969785261632569 0.5089713690813963 0.4297558780457979 0.3105641766611902 0.1951841983306355 0.14488499050148096 0.012542002565555349 
3.993960765046967E-5 0.2242161673137046 0.3066802294661592 0.41095617211397734 0.5014955921955381 0.48436339106247556 0.6722538724863925 0.7535062836534249 0.8084265694177339 0.8755547940180272 0.9078074307598931 0.9142788113902696 0.9720178234416859 0.9962862626883672 0.9952681457896008 0.9981092501102714 0.9721396223833239 0.9751209033425606 0.9036465139461762 0.8812229551788585 0.8091902595586461 0.7109444615087901 0.6720976998619053 0.5972174743981126 0.49641783019003877 0.39703321963453364 0.3106476833355961 0.1810669681534948 0.09445934686942539 0.014050056567456462 
0.016214773436314014 0.41511277835048116 0.49615167104093355 0.5869306825350822 0.6721750339456747 0.7980952491198078 0.779566726601587 0.8568159527280663 0.9002959734576068 0.9909253128989739 0.991515892135846 0.9536004848823781 0.9826469639165435 0.9824614982954373 0.9924993065275493 0.9849356941091718 0.8730809803613114 0.9006225633014151 0.7439062514605091 0.739698620067326 0.7384563417339315 0.494293628795099 0.4546480881925151 0.34829134666298645 0.3782441954610954 0.1310343131630437 0.12374046079355791 -0.031538960881721145 -0.2730662872561994 -0.35725941642198794 
0.6637531568709383 0.2024999600166128 0.278465808959112 0.4166383863381761 0.47381697645992416 0.5891228423656945 0.6305946029746194 0.9588370122024051 0.7734014838057841 0.8690290489147364 0.9043851800518601 0.9871061305948896 0.9714366347421163 0.9713439173642096 0.9953675217395986 0.9992164482425807 0.9906258958457839 0.9356136578976912 0.9345540418485898 0.8995440687030131 0.8304069946092514 0.7130406863582365 0.7074954461072801 0.593269577433418 0.5644463721188329 0.34767243476590765 0.33678672679608024 0.1548194141081983 0.14092741228863237 -0.07899674288379094 
0.338793194314537 0.30971036906568017 0.2705332519214855 0.4946488802526157 0.4967898688064607 0.6399258689309303 0.7110305453746458 0.7592388395016677 0.812745791384232 0.9346140748131955 0.9718255021038719 0.9918223873819083 0.995058005489477 0.9930085076884984 0.9850266406433368 0.9994475227322345 0.8596531821041781 0.9306633215879118 0.8690681613985995 0.804951815078838 0.7753531202430726 0.7107857931306376 0.6722312627259882 0.5331960845046005 0.48922893308742543 0.2958291146089351 0.19845931296620004 0.11462654195235364 -0.10732033390251408 -0.1036900047726208 
0.9968227917369382 0.210529161756307 0.24038850450071358 0.41657571725141823 0.4741323700310608 0.5865749408149393 0.6250314304123458 0.7643875885062621 0.7680345500145991 0.9313685357235824 0.9041758568490218 0.992256260495015 0.9674385381021924 0.9713544101988701 0.9966190193458672 0.997783345275697 0.987303363494952 0.9336015428997935 0.9345015538570262 0.8674173711337797 0.8317399983912599 0.7094600601517328 0.6721578222526342 0.6013940247390994 0.5089660865623074 0.42261710507650985 0.33687415459742415 0.15496670766576212 0.1681969386447131 0.09789772984348112 
0.3305584168921988 0.2105910838724404 0.24038850450071358 0.4166422336887526 0.468379043694571 0.586388956056821 0.6254441580408686 0.7633954871741725 0.7683565364452685 0.9313685357235824 0.9043065237102507 0.9922552693384791 0.9674385381021924 0.9713544101988701 0.9966190193458672 0.9963833165275452 0.987303363494952 0.9763845920841819 0.9345015538570262 0.8609022253146809 0.8322885245441696 0.7098717236864794 0.6721578222526342 0.6006139346433617 0.5080046411026126 0.4285742072546421 0.33687415459742415 0.15482767037787115 0.1681969386447131 0.011646916233325538 
0.6718914523037041 0.26893221117552124 0.2717612489725529 0.4873083908374546 0.5179180697209 0.6953508061533957 0.6878509505739631 0.7586800486494019 0.8545319357187765 0.9252759807400874 0.944576175742106 0.9996037676983079 0.9956195844068322 0.9953177308528011 0.9990687675290458 0.9647916130922808 0.9720706785499943 0.930125346704072 0.9052698105994297 0.818226680816014 0.7748469003535586 0.6748541045889219 0.634210739159599 0.5301926577194344 0.25204137634230134 0.3613597300550673 0.2149713704532108 0.11450372869275718 -0.004908211821400096 -0.09759786968658976 
0.3305584168921988 0.2105910838724404 0.24038850450071358 0.4166422336887526 0.468379043694571 0.586388956056821 0.6254441580408686 0.7633954871741725 0.7683565364452685 0.9313685357235824 0.9043065237102507 0.9922552693384791 0.9674385381021924 0.9713544101988701 0.9966190193458672 0.9963833165275452 0.987303363494952 0.9763845920841819 0.9345015538570262 0.8609022253146809 0.8322885245441696 0.7098717236864794 0.6721578222526342 0.6006139346433617 0.5080046411026126 0.4285742072546421 0.33687415459742415 0.15482767037787115 0.1681969386447131 0.011646916233325538 
0.6718914523037041 0.26893221117552124 0.2717612489725529 0.4873083908374546 0.5179180697209 0.6953508061533957 0.6878509505739631 0.7586800486494019 0.8545319357187765 0.9252759807400874 0.944576175742106 0.9996037676983079 0.9956195844068322 0.9953177308528011 0.9990687675290458 0.9647916130922808 0.9720706785499943 0.930125346704072 0.9052698105994297 0.818226680816014 0.7748469003535586 0.6748541045889219 0.634210739159599 0.5301926577194344 0.25204137634230134 0.3613597300550673 0.2149713704532108 0.11450372869275718 -0.004908211821400096 -0.09759786968658976 
0.009049848649344069 0.34050792525719775 0.44869988455832777 0.5831415021520596 0.6699553077448749 0.7971317356011186 0.7749324445377267 0.7772651661768938 0.9014636169282452 0.9372805620480906 0.9446818977886897 0.9924439111789898 0.9960506786444633 0.9664457702718018 0.9948337563152551 0.9816007146287854 0.9426021383103398 0.9297528784634406 0.8253045449954902 0.7379292110421658 0.74127565063113 0.6751401181036607 0.5629476736135693 0.30898245423344967 0.3729754669002256 0.3056234442601852 0.18288920220533897 0.011943628752304876 -0.04007438727575829 -0.17957110417404287 
0.004592785939824308 0.34050761268169083 0.44123285430666204 0.5513411414005756 0.5196637283715217 0.6007838130236364 0.7771557710734975 0.7772709600258223 0.8570661471165479 0.9367010111741778 0.9447325068701546 0.9924121550931851 0.995964728218105 0.9662926712517544 0.9950689088533006 0.9980524709239271 0.9426026177298095 0.9305082427992083 0.8906602080304382 0.8753758947599309 0.7777731662719856 0.6732439727102931 0.562962506119998 0.5301449169447641 0.3773950794056664 0.3046239561763823 0.1856225402065511 0.112008432128817 -0.00581839019493496 -0.09545897567482337 
0.013452570151878977 0.41505697251149953 0.49631283581119023 0.6899327861768605 0.673047814949393 0.7044100401403307 0.7791794185610479 0.815697003000552 0.8998761444612959 0.9912250042768447 0.9661083214391165 0.982595538788404 0.9712853054069818 0.981110034610515 0.9925905102869336 0.9930459417783087 0.942213228987509 0.9322945901110744 0.7753372483168522 0.7493092311709016 0.7407916183975023 0.5911633829502128 0.47529685679861916 0.36661767803387874 0.34824945967624754 0.1436952197964751 0.1230587603060781 -0.031256279606205105 -0.10811073705096387 -0.17822925511889498 
0.006282685675997301 0.34050761268169083 0.44752366046164316 0.4906635165259641 0.5196637283715217 0.6007838130236364 0.7771557710734975 0.7772709600258223 0.9020348931975526 0.9365325955861077 0.9447384139713729 0.9924121550931851 0.995964728218105 0.9662926712517544 0.9949236287853901 0.9981947461669052 0.9426026177298095 0.9305082427992083 0.8907243169948248 0.7570966961869622 0.7412860636035568 0.6732439727102931 0.562962506119998 0.5301449169447641 0.3773950794056664 0.3049267930501215 0.1856225402065511 0.112008432128817 -0.04067639249541281 -0.09545897567482337 
0.006282685675997301 0.21574217548017807 0.44357314344128035 0.4906635165259641 0.5451032819488384 0.697687527406037 0.7764620557754965 0.7772709600258223 0.9020348931975526 0.9365325955861077 0.9449290509399886 0.9924389767620114 0.9959673165671254 0.966654243856498 0.9949236287853901 0.9981947461669052 0.9426026177298095 0.9305082427992083 0.8907007900480727 0.7570966961869622 0.7406340432578142 0.7189488437874131 0.562962506119998 0.5288164488612946 0.3773950794056664 0.3049267930501215 0.18708659258543764 0.112008432128817 -0.04067639249541281 -0.09497524524505921 
8.50055323749227E-4 0.22064389929394537 0.3100064916927982 0.3912982236126845 0.5246431024845066 0.6022206164104803 0.6814232702719314 0.738399130295843 0.8067166822496714 0.925422598825951 0.9060591709565381 0.9939866149107512 0.9779274672700001 0.9771250749923489 0.9973745629898133 0.9981423406257148 0.9817607177976762 0.8889332538743112 0.905084079268953 0.8312412692876652 0.7979091838622794 0.7108177520460857 0.6741774739107611 0.5694232792599538 0.4871547430540581 0.39796587903571456 0.3101960604340587 0.18467760036516617 0.09480678054360692 -0.09955404981878843 
0.010614051342257983 0.4147461714619839 0.49614966503112995 0.580079696870922 0.6721465545985149 0.7036630856209443 0.8793265816119793 0.8009706644909657 0.9044314592481458 0.9540766388554315 0.9519202730265637 0.9839019890136974 0.9961101477818132 0.9973901864699313 0.9853380553018691 0.9971272994766495 0.9417633374410765 0.9096028185761821 0.7746972999652898 0.7374177048125744 0.682953411152217 0.601259673064563 0.45324075236520855 0.368388176221693 0.2974320845081164 0.15100738142414166 0.10876301462972648 0.01301225623144804 -0.09927317691496967 -0.17788049356434982 
0.016214773436314014 0.41470883300434946 0.4961515579669875 0.5869306825350822 0.6721750339456747 0.7980952491198078 0.8496476931053044 0.8568159527280663 0.9031166586600968 0.990927063867677 0.991515892135846 0.9828885464023175 0.9826469639165435 0.9824614982954373 0.996086919546579 0.997065737203893 0.8730809803613114 0.9006225633014151 0.742241896146326 0.8437230119101039 0.6869097109247774 0.4888319374371462 0.45648776069655633 0.3667200379098293 0.2975946351538795 0.1310343131630437 0.12374046079355791 0.0135578435538838 -0.10918180319181764 -0.35725941642198794 
0.016214773436314014 0.41470883300434946 0.4961515579669875 0.5869306825350822 0.6721750339456747 0.7980952491198078 0.8496476931053044 0.8568159527280663 0.9031166586600968 0.990927063867677 0.991515892135846 0.9828885464023175 0.9826469639165435 0.9824614982954373 0.996086919546579 0.997065737203893 0.8730809803613114 0.9006225633014151 0.742241896146326 0.8437230119101039 0.6869097109247774 0.4888319374371462 0.45648776069655633 0.3667200379098293 0.2975946351538795 0.1310343131630437 0.12374046079355791 0.0135578435538838 -0.10918180319181764 -0.35725941642198794 
1.3179446897014518E-4 0.2242161673137046 0.30774931548508755 0.41624351075388977 0.5014955921955381 0.6428084094317587 0.6732902104826404 0.7537881191401176 0.8108995256671592 0.9234479869885793 0.9072476046826713 0.9142788113902696 0.9720178234416859 0.9985368612358413 0.9952841890150554 0.9981144950995655 0.9818985337132868 0.9755584043452847 0.9036465139461762 0.8806743479959419 0.8091940960431304 0.7084018887890388 0.6734844622053938 0.5410659488336611 0.5028802769100026 0.3981932748594208 0.3106723175016583 0.18152124824316276 0.09444246213037145 0.017143548989047415 
0.00892394920775721 0.34369274673118516 0.4870997352661825 0.5809080786131521 0.6699553077448749 0.791624461237597 0.7412091386846602 0.7716997409276728 0.9044386941689113 0.9987595633708182 0.9506439319689307 0.99335524621164 0.9960506786444633 0.9662586741609699 0.994828699935315 0.9934546785783416 0.9423137746236168 0.908092208078385 0.8252192233389469 0.738640621803453 0.7461184625336663 0.6065000674919824 0.5608722300881345 0.3647995330658171 0.37306470747323994 0.26629157073677845 0.18533509235830192 0.013501280861780263 -0.11208025273441778 -0.16507568654084961 
0.3343317280371404 0.21047265424730124 0.3485318095977733 0.40928609805780053 0.49106923181117046 0.5875980477923033 0.6730670922328034 0.7669962816603553 0.8123436341230745 0.8698499122204151 0.9076439084897069 0.9918330357942097 0.9779602472162834 0.9767865075474309 0.9971174902917447 0.9978572514121851 0.9820340321949004 0.9343609380803151 0.896710435789336 0.8332003194539046 0.8086835886644685 0.7107210952522675 0.6532329087338604 0.5953403182692965 0.5090051097404561 0.42974860422569194 0.2737692966935988 0.18113069525131384 0.09448945486669824 -0.01684064570419768 
0.010472897041372591 0.41149504482248495 0.4963687469907165 0.6899327861768605 0.673047814949393 0.7881465947725119 0.779181641846525 0.8156324697137 0.9020052020374694 0.9912250042768447 0.952800410079636 0.982595538788404 0.9960507111776051 0.981152124988232 0.994816432532231 0.9930459417783087 0.9422983554670081 0.9053728377220022 0.8163841542058569 0.8420834329683144 0.7407916183975023 0.5892557787953796 0.47353557894444703 0.3665782777262968 0.3782600763521773 0.14403694267265996 0.12174311208471536 0.010773560948843934 -0.10819803150688782 -0.17822925511889498 
0.6637531568709383 0.20276663561623545 0.2830848913636828 0.4130641561265823 0.4914315139179385 0.5891227582126959 0.6304770678504054 0.7584494769179059 0.7704833534692134 0.9215812043202969 0.9043893964935363 0.9900923913818219 0.9712448750319284 0.976825316312225 0.9953881821830015 0.9993672866781754 0.9906258958457839 0.9327880291891817 0.9066560496820839 0.8990011373220759 0.8410661705656297 0.7094458735409949 0.7074954461072801 0.5932814196201269 0.5656094435696526 0.3479771908719898 0.3132848223705682 0.1503875510286786 0.14100480769954982 -0.07883509698944674 
0.6716656985636354 0.26893221117552124 0.351263474306499 0.48873553606151426 0.5472748824182927 0.689028665858134 0.6878808786982192 0.7376496417863132 0.7640436167263792 0.9214723104573415 0.944576175742106 0.9916279190875361 0.9724883061900967 0.9673669434922278 0.9961636453380653 0.9972669226013549 0.9719234763336143 0.9300374832319653 0.9343588705276755 0.81892803041063 0.7758454054469553 0.6748541045889219 0.6324029791536773 0.5301926577194344 0.4912608161672491 0.30425174824840395 0.16930290174167473 0.11450372869275718 -0.003878464328665246 -0.09759786968658976 
0.002166806694470752 0.22018091084701533 0.3469440554606793 0.4194136447562046 0.49498959658742314 0.6022143948405279 0.6805502523342032 0.7590527192913179 0.8139194444091898 0.9251076463495908 0.9536585307122264 0.9999112255687589 0.9953127628107116 0.9959376735054968 0.9968102376742716 0.9879813146487197 0.9838748410021867 0.9337917537018569 0.9155913104438783 0.851905321673924 0.8069630445771665 0.7115481651317032 0.6526248933666927 0.5721944810011567 0.4962923810112054 0.36301107828817647 0.2740994950299001 0.2259488675734431 0.07026495498603937 -0.03143179762301129 
0.0028094349563436614 0.22009959908850843 0.3512966693753207 0.4227249116280328 0.5450273631878231 0.6991468652844759 0.719665798577262 0.7522142138890394 0.8651049124402037 0.9145032810207152 0.9545337688877775 0.9915989484567852 0.9956670621935348 0.9666833315937439 0.9988212649625344 0.9972270124486206 0.9722572623502886 0.9345963838764273 0.8898409118617286 0.8120767971268286 0.7745584714229303 0.7156136497709845 0.6226376078360142 0.6368923901009695 0.4632294380361064 0.41731354079215077 0.25350363255502334 0.1838308424918917 0.08033374341822228 -0.07123399943370493 
0.01241553198693725 0.41474691703664646 0.5004439426769353 0.5872892991164805 0.6720244680021786 0.7913085234089672 0.8807146974814447 0.7732270056019416 0.9040036251994437 0.9954978400955666 0.9509901755190727 0.9547825167799945 0.9728817488433733 0.9757214259914788 0.9928638798907388 0.9585803324278602 0.9379154929767008 0.9106504107038499 0.7766363544978022 0.7393670765906655 0.6828947450154208 0.6032926167335859 0.43806681225683564 0.3038379514192044 0.29985406672822196 0.12847984028618634 0.11884086960226964 -0.03208054220349099 -0.10197040295609455 -0.17596689429226858 
0.001362003336435666 0.22009749715145968 0.34608716602825085 0.4194136447562046 0.5180148203285208 0.6022143948405279 0.6804102176565545 0.7590527192913179 0.8130595276628341 0.9251080358261543 0.9536585307122264 0.9889678762315895 0.9953127628107116 0.9962317210382788 0.9947696694922068 0.9966976284133814 0.9839353100714705 0.9326549175327263 0.9056374703679105 0.8629381654199162 0.7752777532616307 0.7082382567095006 0.6588704267444674 0.5716518392090033 0.4962923810112054 0.3629200306409933 0.29503734277956645 0.180973298593815 0.07080527744743335 -0.031440212198907094 
0.003885506537716266 0.26394589166520505 0.3521170698802688 0.4229322756097086 0.5178433842558668 0.6034997372153427 0.6860940215547836 0.7379254624252835 0.8533849048607828 0.936850364005295 0.971695619146656 0.9915129178182565 0.9891274782116208 0.9673424889981224 0.9946443112242599 0.9966390997153468 0.972086042227688 0.9230112053417565 0.8917771515693746 0.8047724062819757 0.7724334639805118 0.7721046220059606 0.6228253699881301 0.5012905424329488 0.490431603956006 0.3470413210518435 0.2535953500756564 0.16053574306261365 0.006639480232871378 -0.06912120105173501 
3.627573642550153E-5 0.22054177754372645 0.3088852280685459 0.41624351075388977 0.5040594823794663 0.5604195141092595 0.6732976086229725 0.7642287283573589 0.8069501450994894 0.8756105679424794 0.9046600362790124 0.9512638387155832 0.9720178234416859 0.9962862626883672 0.9960952967978496 0.9981144950995655 0.9817418964429052 0.9749033615492493 0.8973666973646992 0.8806852059538045 0.8093145535171903 0.7109444615087901 0.673347326671937 0.5941708641451642 0.5100223851513017 0.3981978338885537 0.3181539511724195 0.181173427235733 0.12097799539183945 0.014050056567456462 
3.2794873479522466E-4 0.22099915012226526 0.30985075914448335 0.3718662060278577 0.4909045072641903 0.6026261713061872 0.6730605690177485 0.7376758972832289 0.8067166822496714 0.8767943627938566 0.9046601826938929 0.988380325234962 0.9776612051627318 0.9949102007396772 0.9971410950751748 0.9979686101264862 0.9826814268965651 0.9654035901311265 0.9046454005908905 0.8626624764264829 0.8084664538390377 0.7108177520460857 0.6730674135162957 0.6441248036898699 0.49300314503761244 0.4236700622860559 0.318081592121088 0.19514380936965925 0.07866638547757174 -0.01914183436287506 
5.01935363007222E-4 0.22112582887343854 0.291511462677324 0.4325610473041032 0.4909682645450576 0.6022054988232877 0.6730670970695518 0.7613365539931154 0.8137738357397074 0.8736890858019459 0.9172649487638469 0.9901939162171207 0.9778751225003837 0.9937261847686739 0.9972966150396239 0.9983739670863204 0.9820487907039042 0.9340111579189868 0.9046358788978491 0.8613185330585424 0.8084664538390377 0.7114459613919176 0.6525951744225698 0.6414619196339405 0.49608778355009525 0.3981037404660092 0.275216034319178 0.19514380936965925 0.0811651922142499 -0.02221404098661284 
0.004542462173003445 0.23133351220525844 0.441234585454679 0.5500379723813086 0.5809309250714578 0.7543560547896213 0.6496702209657627 0.7655656255320403 0.8557735405384248 0.9237146682933806 0.9445769579994172 0.995451041792312 0.9952184059552885 0.9950529075950869 0.9815388626875606 0.9647510329357143 0.9733984477479686 0.9953231052141914 0.8906600585070792 0.8790428589184626 0.7761306751550899 0.6755349405617754 0.5638564145577256 0.5306593349534853 0.4420266006114269 0.30968005493227835 0.25263642344335985 0.1536167185483288 -0.004468222555305754 -0.09655228818625788 
0.0010165547645295547 0.17709141475239806 0.32287930562190886 0.42864642234626377 0.49509837120532546 0.5852385228122254 0.6801522108365616 0.7648755318228951 0.8141589546221001 0.876349296586801 0.9072436048439154 0.9881922572804712 0.9932595440992078 0.975981955901678 0.9953246528305777 0.9973043354243376 0.9823977295275932 0.9764206951242107 0.9041087199891616 0.8285570326299876 0.8096412790333383 0.7123911392011666 0.6724465841630441 0.5954137320134069 0.4664771685756833 0.34702872649485067 0.31134686653324667 0.19692373809538305 0.07094513543243282 -0.07464626028553317 
0.6697211165309642 0.2680835671434418 0.35232529206524943 0.4953384012314135 0.4935819770931501 0.6427237495965977 0.6808036140885708 0.7378656465156177 0.8989531875454039 0.913727396356956 0.9670845587473215 0.9443797877975006 0.9931639002413687 0.9872604483543682 0.9998031005050836 0.9985172717785707 0.988971483018103 0.9365168822879271 0.9055236975096113 0.818739669459575 0.7764097680412595 0.7119041283200792 0.5702524493714005 0.5398235696937221 0.4449672425982267 0.3552338962547634 0.2442630644214935 0.1133885649409018 0.08064555275262936 -0.06589426775082001 
0.013425694006366047 0.414747133469365 0.49615155854969467 0.49899875630279056 0.6700241282491549 0.788103232401546 0.8822657421276304 0.8145049180296161 0.9022109376244701 0.9908924497016147 0.9528949761002804 0.9839211120913322 0.9709239711040644 0.999799658644191 0.996089601804127 0.9839442853486384 0.9421051056431737 0.9053548570321518 0.7965239929916964 0.844409969692517 0.6837950925511079 0.6054720590319305 0.4564451761058958 0.3651272589037675 0.2989593233624512 0.13696411051388052 0.09301566411524662 0.013143488837500945 -0.10822016656471987 -0.1780900820410107 
0.6650751024143032 0.18010117252444563 0.2916904417106307 0.4158102742688852 0.4923801012396056 0.5230871045430251 0.6821253391043396 0.7643347596023765 0.8130058423876501 0.9217418211573023 0.9077836104237269 0.9917394941145893 0.9779474880887735 0.9798258619720925 0.9953064566326065 0.9946484037747075 0.9910840399541465 0.9358324982380918 0.9063996454685131 0.8334933517961222 0.8368221665884329 0.71572820449075 0.6723255408884434 0.6369724346272794 0.5137083823921188 0.41808841341679226 0.31601453204595176 0.1950031808329831 0.12192524495814502 0.0023361879268834276 
0.6637531568709383 0.20276663561623545 0.28308306627160446 0.41324929511499353 0.47381697645992416 0.5891886610208993 0.6304770678504054 0.9657455609466932 0.7679893511903678 0.9205163193642484 0.9043893480414886 0.9868146003534147 0.9711912599165268 0.976825316312225 0.9798136939268217 0.9954968483400604 0.9906257570244136 0.9361817332812177 0.9066560496820839 0.9001535040022127 0.8410439839146945 0.709446950213039 0.7074954461072801 0.59326411939238 0.5669983033001696 0.43544291946656194 0.3132875257406799 0.1512608635859838 0.14100480769954982 0.02360709968365854 
0.012029753004568933 0.414747133469365 0.49615155854969467 0.49899875630279056 0.6700241282491549 0.788103232401546 0.8822657421276304 0.8145049180296161 0.90288911514644 0.9908924497016147 0.9528949761002804 0.9839211120913322 0.9961191170288353 0.999799658644191 0.996089601804127 0.9850176795920778 0.9421051056431737 0.9053548570321518 0.7965239929916964 0.844409969692517 0.6837950925511079 0.5897785598703336 0.4564451761058958 0.36922738269771854 0.2989593233624512 0.13019303835619847 0.1190097705098165 0.013102772741980807 -0.10822016656471987 -0.1780900820410107 
4.8435430904223114E-4 0.22054177754372645 0.3092866598894609 0.4624464422242209 0.5179183727745568 0.5872867081950337 0.6735655328778737 0.7669822285438519 0.8140175119611787 0.8756105679424794 0.9076468029719637 0.9897680436826861 0.9883568152109057 0.9763464988606612 0.9971440473851986 0.9981219382187339 0.9736156916292525 0.9745806422446628 0.9036184532433008 0.8799868121661237 0.8093680782702327 0.7083208751084217 0.6531520323249798 0.6497742959225851 0.4925320839351399 0.39656750508926625 0.31389035660407344 0.18106001506162928 0.0947880740692406 0.011517483185173275 
0.003421730363212444 0.22009749715145968 0.34608716602825085 0.4194136447562046 0.5180148203285208 0.6022143948405279 0.6804102176565545 0.7590527192913179 0.8128063506136753 0.9251080358261543 0.9536585307122264 0.9999112255687589 0.9953127628107116 0.9962317210382788 0.9994091769190668 0.9879813146487197 0.9839353100714705 0.9337917537018569 0.9056374703679105 0.8630068412255755 0.7752777532616307 0.7115731679413033 0.6340830711109675 0.5718919854115604 0.4962923810112054 0.3629200306409933 0.29503734277956645 0.2259488675734431 0.07054978464146174 -0.031440212198907094 
0.00127387950213196 0.2200975983195934 0.3451469941631943 0.4237477671707807 0.5190739938905045 0.5866937843454535 0.6803735282223371 0.7585773906242397 0.8136490171757035 0.8914447981623943 0.9551095212651215 0.9135983283214062 0.9891587810870701 0.9915482700446854 0.999892728766751 0.9829871857528445 0.9839736402836886 0.9336855304825428 0.9046512183311755 0.8630079987170761 0.8066277852145588 0.6631822354369004 0.6610545265199002 0.5728828726871633 0.496597099898415 0.3628740227390507 0.29503734277956645 0.18210687174670545 0.07999999625596217 -0.14864597214078884 
0.016214773436314014 0.41470883300434946 0.49641010561557686 0.5869306825350822 0.6721750339456747 0.7918963446505896 0.7885654331360294 0.8568159527280663 0.9031559648125645 0.990927063867677 0.9969920290679471 0.9828885464023175 0.9829778672094823 0.9664744916664413 0.996086919546579 0.997065737203893 0.8730809803613114 0.9080516779780704 0.742241896146326 0.7400965705004854 0.6863685891529104 0.4888319374371462 0.4549082861881558 0.3667200379098293 0.3708949200308829 0.1310343131630437 0.12374046079355791 0.0135578435538838 -0.11210516956029078 -0.3625669052091169 
0.0039241821109243236 0.30329415403087084 0.3521170698802688 0.42314179806225166 0.5450273631878231 0.6721343807252261 0.6811106872204578 0.7380604845522497 0.8134531381550553 0.936850364005295 0.9547338272274398 0.9444365252236399 0.9950414009493308 0.9673424889981224 0.9946888411323983 0.9828472625388894 0.9722566918554659 0.9311504854568905 0.891155428844249 0.8283071506323179 0.7724334639805118 0.7113240985408857 0.6229852036075183 0.5008382686608573 0.49273617561736593 0.3470290802420407 0.198661077240355 0.10271600169741814 0.08052865290812125 -0.0691512023412243 
0.9993242539344083 0.20974983073656628 0.28294294978528794 0.41483221410168897 0.49111451247806476 0.5908513876537484 0.6746706539539405 0.7517840190023392 0.8138231454529702 0.8834126346990074 0.9042721202799959 0.9915985342610939 0.998420684914855 0.9762337184839409 0.9972074069965515 0.9963589561381445 0.9821390767646888 0.9763579460889253 0.8961505618074648 0.9024447720572749 0.8381781733399 0.7082615828410801 0.6733365301318265 0.6464894631410326 0.509169779241075 0.4296325846007785 0.317893485037053 0.19328060631897576 0.12673436130305582 0.019271891091150337 
0.3333498888204693 0.21048619262458687 0.349342710817684 0.4094334607913646 0.4945508973080548 0.5875980477923033 0.6730636944792162 0.7635461876295437 0.8123937354394382 0.8698499122204151 0.9046593536531862 0.9918330357942097 0.9779602472162834 0.9767865075474309 0.9960974885480754 0.9978572514121851 0.9820251724515796 0.9764009725343799 0.8966657855214873 0.8612236274290678 0.8086835886644685 0.7081804466992043 0.6733602913160761 0.6421651921865443 0.5090051097404561 0.42976179306325635 0.31799972771246243 0.1951853645736046 0.09437344387113894 -0.01684064570419768 
0.0028094349563436614 0.21931961455718185 0.3512966693753207 0.47154036420291934 0.5467049552827945 0.7000017302874434 0.6814453211988662 0.7522142138890394 0.8651049124402037 0.9149953804834541 0.9542045837145124 0.9915987164843751 0.9933386538994325 0.9666833315937439 0.9988335440882208 0.9969097986482585 0.97224367597821 0.934900157212963 0.9064084394918288 0.9103756074391233 0.7744920959317386 0.7109633666935524 0.6601994138271214 0.5015069478736088 0.49126380400491954 0.3976922541071687 0.23633823636999712 0.18404824192604805 0.08255116797631049 -0.06880025466912061 
0.9995600869763823 0.2093983291448735 0.2829437876972366 0.4109018229887633 0.4939380807653053 0.5872064469541064 0.6722491024342802 0.7552540192943569 0.7642062041438774 0.8629724308480072 0.9046593536531862 0.9371138502938202 0.968849034878616 0.9861840828147926 0.9960974885480754 0.9981090273444682 0.972308728637627 0.9349593317054519 0.8961100030912295 0.8812631057795144 0.80960535026751 0.7090747128980456 0.672041778060148 0.5965995728660465 0.4333928773054114 0.3970650727697852 0.3181866556019385 0.19465676028680218 0.12200531664019511 0.012542002565555349 
0.3361418818455576 0.23370753894368088 0.34914370469421685 0.4257106944890057 0.5447221465830914 0.6006480508687285 0.6798287006455821 0.7709313936767628 0.8136371435960777 0.8735741131395695 0.9041798162195072 0.99167927011555 0.988000371754561 0.9673160277617144 0.9581425214427057 0.9989616161920392 0.9734791030812616 0.9318597043594515 0.9045721878852399 0.8307600107586748 0.8093190727772829 0.71109608893062 0.6262388908755772 0.5361764248831808 0.49634976740067255 0.34643563210742395 0.26773627164475666 0.18099522310018867 0.08075136843349817 -0.05277370104747209 
0.338793194314537 0.3033389662748082 0.3503909778847819 0.4944261192226977 0.4965811278636696 0.6718931226866974 0.7110305453746458 0.759141116210019 0.812745791384232 0.9356261014828378 0.9714842223275775 0.9446084160109103 0.9950364871074204 0.9930085076884984 0.9849718179053074 0.9993588506379601 0.8620137805479492 0.9306633215879118 0.8690681613985995 0.8273705388570735 0.7753531202430726 0.7114198722791796 0.6337300828645321 0.5331960845046005 0.4927372213696575 0.36889151289922884 0.19845931296620004 0.10110328698633202 -0.028406650679649613 -0.09920077979880423 
0.331918957419453 0.2017844595570741 0.28241488119598074 0.4158102742688852 0.49394088681975357 0.587922705436289 0.6819954675041309 0.765048823287432 0.8130058423876501 0.9217418211573023 0.907699518937948 0.9921975489514577 0.9677673860801198 0.9798258619720925 0.996347430155991 0.9656054803820001 0.9910432728139431 0.9349861803397568 0.9063996454685131 0.872815235465594 0.8104401674419891 0.8198714591810432 0.6629081051234186 0.5888970241241743 0.5137083823921188 0.41942929789825417 0.31586174187098087 0.1950031808329831 0.12193725596040261 0.013049052046510475 
0.010499466594293284 0.4117086379035004 0.4963620681436233 0.4971508326145657 0.673047814949393 0.7912816447836438 0.779181641846525 0.7733116673989807 0.9020052020374694 0.9985384967553048 0.9506352278057678 0.982595538788404 0.9960507111776051 0.9826535033014907 0.994816432532231 0.9930459417783087 0.9423081229898499 0.908031949273867 0.8163841542058569 0.7263006190110223 0.7407916183975023 0.6064676112088623 0.47353557894444703 0.36665461785125153 0.3782600763521773 0.26634277108395693 0.12174311208471536 0.01084476251707932 -0.10766176617037676 -0.16506881369196125 
0.01597865643793735 0.41527380865694785 0.5004271484921576 0.5871686071956488 0.6699674971252151 0.798029924978268 0.7788927576709324 0.8575575667049461 0.9885512729107646 0.9971082622305194 0.991516531843183 0.9262088576442035 0.9962736064672412 0.9757254657668368 0.9928651522868174 0.9934168940537131 0.8746886705611608 0.9106424403808473 0.7766363544978022 0.7390340410057129 0.6862925208929398 0.49571416629519766 0.4382875172268183 0.30394597893431985 0.3787420838677244 0.1283309080029539 0.09539378858998016 0.038663634132270794 -0.17378252631568758 -0.35679314011795493 
0.6689815801655112 0.2103889488593705 0.3490645698815461 0.4194069659129516 0.490880936072287 0.6022143948405279 0.6805502523342032 0.7371061747490842 0.8139194444091898 0.9251076463495908 0.9175085132329911 0.9999112255687589 0.9953048970737208 0.9998536281433856 0.9953604728037655 0.9879611084023892 0.982126901295853 0.9360742231515614 0.9067841275969574 0.8518826139459937 0.8084630664246825 0.7062226838746146 0.6525740007043542 0.5721944810011567 0.4963003223489979 0.36301107828817647 0.3152451020585945 0.2259488675734431 0.07026495498603937 -0.03143179762301129 
0.6638188388735442 0.1793190532296756 0.28555774945134765 0.41833042040592 0.49079584888970895 0.5894160168661337 0.6304770678504054 0.7544118452385671 0.7703575163568835 0.8748395441774078 0.9046483410827355 0.9900613525010695 0.9921662070419965 0.9768152450051587 0.9966510130912621 0.9955001977960858 0.9817194609578789 0.9355632917864939 0.9066625385868146 0.8290229769319477 0.8109673083695869 0.708911703017657 0.6714503679278124 0.6361012378218304 0.4958861251132136 0.4338095414281954 0.31338030529346206 0.19633483754088812 0.14104241621892827 0.013917994608544794 
0.9974873236248567 0.2034616679567229 0.283091050437505 0.4182913999447135 0.47395407698414876 0.5891228423656945 0.6254123043764942 0.7648376366740975 0.770556194965577 0.9215499309118675 0.9043062007263343 0.9870175558969836 0.9908194030665398 0.9960067322850594 0.995324075658994 0.9954960132397805 0.987304151863729 0.9753884900890248 0.908765912738017 0.8995589245641568 0.8096395476875333 0.7098895331018146 0.7067910705971552 0.593029075886381 0.5078511432618411 0.34703329758732465 0.3371817607270004 0.19671780345507286 0.14135236662033848 0.013796271507982703 
0.6664648566461205 0.20236234018894295 0.2845101851436039 0.3768414457971981 0.4914075560114514 0.5591862057996632 0.6761330995578656 0.7641567051381711 0.7703575163568835 0.8748047426027252 0.9060609861664753 0.996380594346069 0.9715733361484916 0.9768134822220386 0.9964850018737783 0.9990141634325284 0.9735367841357505 0.97486335349427 0.9066625385868146 0.8300423173434294 0.8109673083695869 0.7109149984745903 0.6714503679278124 0.639352360775883 0.49589470476320946 0.3997723803707499 0.31819845565373356 0.19633483754088812 0.09458279235256721 0.056463721268868616 
0.0017110915247114393 0.305626598886125 0.317890338998084 0.49814478802734036 0.5188481627732465 0.591999597731795 0.6841904232218577 0.7587926479603538 0.8141106836688846 0.9364523125559727 0.9449088385216304 0.9897816881734456 0.9954566407534341 0.9881160512851149 0.9946226875079724 0.9991853560227846 0.9734322567803567 0.9306385533699532 0.905659784776474 0.813612662866202 0.773779893808449 0.7081864515162863 0.6609612430014259 0.6401603393914849 0.4911023868654571 0.4286990642796775 0.30534572145439515 0.1144613588641484 0.08070634040045911 -0.01427147019048335 
0.015679324003267305 0.41826055575130033 0.4963175719531729 0.5798564840553485 0.6775486131652276 0.7959942430642307 0.7223048967228954 0.8189705436695413 0.9057176781272389 0.933371958883649 0.9996304008477903 0.9545580286599586 0.9962164863793771 0.9934147804397434 0.9927349905869444 0.9934168940537131 0.8782047824092285 0.908341279175445 0.7681190590258555 0.737474395540059 0.6856755696763659 0.501596401578141 0.4380556567827015 0.36176542234474424 0.3829557149564521 0.1524387849498028 0.09244696051217532 -0.03170542624243985 -0.10128995844587377 -0.35725941642198794 
0.0017121951014158578 0.2681084055106585 0.350803851104965 0.49268549865161454 0.5016146568671879 0.5920977695565626 0.6799753946190953 0.7384585075633989 0.8131970614474796 0.8788450707486433 0.9062449749442791 0.9141246192539695 0.99539716943897 0.9799134348229438 0.996941010106209 0.9979022553613893 0.9731369714186417 0.9749893723149538 0.9056537275385835 0.8334315994552223 0.7764059160647686 0.7085768618684541 0.6338707270342419 0.5971681207303781 0.49628928278597323 0.39829298773243615 0.24225769241722322 0.187465663892392 0.08064473728750828 0.010086211715498332 
0.6637531568709383 0.17809981743049022 0.28291719988884806 0.4132465488429565 0.4913269810288688 0.589071299065576 0.6304770678504054 0.7548882948578447 0.7717554556956518 0.9217064434177353 0.9043893964935363 0.9902102232010971 0.9708864425121566 0.9776832475033748 0.9966150795198484 0.9994298769737314 0.9905882108592714 0.9303216616691262 0.9066539179886631 0.8966157321978153 0.8284421301324334 0.7095156228148815 0.7074954461072801 0.5932814196201269 0.5652410834786035 0.34907799742752965 0.31141214605264883 0.18317518874795935 0.14100480769954982 -0.0738894905434447 
0.3325000333602579 0.2099777117877386 0.28295484693203266 0.4096526440592822 0.4911268122333813 0.5864384371427656 0.6269787439823336 0.7363744265694816 0.8136918304984065 0.9638723703397661 0.9418319541671327 0.9506682701686265 0.967364049473862 0.9771614896585674 0.9977574556475686 0.9988291729281962 0.9821089167104182 0.9383135325137604 0.9314445220048775 0.8698050438446043 0.828737087466183 0.7062127883238578 0.6624142914294096 0.6416167697852178 0.4983843470188762 0.4295156498663487 0.31713888042563165 0.2119573896184146 0.07483001829473165 0.03236506320408287 
0.9981662806837628 0.20954363295902198 0.2768410951788025 0.3870057242256981 0.4736838728094995 0.4777216088644677 0.6305010623661289 0.736315217787515 0.8136811518756378 0.8694517725317042 0.9052558855239565 0.9518089969245591 0.9670697477482126 0.9956466475037958 0.9962696104449872 0.9993326178025785 0.9874692002239469 0.940412805264931 0.935289839242337 0.8982309772250415 0.8286511499734258 0.7549861881687314 0.6714760127288333 0.5964093858346454 0.5079901177241709 0.4294385930052689 0.3196705419972418 0.14695607383414283 0.09281098801313022 0.02847871289721528 
0.01344928501485975 0.41527968781309943 0.5004439426769353 0.5800733977364052 0.6720258802298864 0.8008109077335819 0.7226966206559955 0.7732270056019416 0.904312074258947 0.9954515710339876 0.9508803190177924 0.9279082306913332 0.9711986906215261 0.975735844171093 0.9928638798907388 0.9934168940537131 0.8989693192261394 0.9106424403808473 0.7766363544978022 0.7393670765906655 0.6866718868764407 0.6032926167335859 0.43806681225683564 0.30394597893431985 0.2976512767880222 0.12847984028618634 0.09519013580997218 -0.08127811517926169 -0.14204997668173514 -0.17142746803691783 
2.5685622840717037E-4 0.22111109266177958 0.30961995840007317 0.4324845596130592 0.4909682645450576 0.6020029628517656 0.6730615780330174 0.7515345806941908 0.8066063864023088 0.8767943627938566 0.9046676425079687 0.9918558559407746 0.9993720771456501 0.9911206079293081 0.9969931955359334 0.9979686101264862 0.984029289689047 0.9636267973903795 0.9072304241357081 0.8626624764264829 0.8084664538390377 0.7088661170190026 0.6730674135162957 0.5690226418718214 0.5094932051458958 0.35902521597748854 0.32112141414766315 0.15568620597151522 0.09494376211440683 -0.019207463162887822 
2.56610800488761E-4 0.1750538865551848 0.3068172115234329 0.4609834309225353 0.49488310128282964 0.4830898593863022 0.6735727913355016 0.7532996332009365 0.8136727344822023 0.8756078754267805 0.9078053816042099 0.9142796214384332 0.9884953135037455 0.9673746779198678 0.9953566534933689 0.9981120109703134 0.9721524549543644 0.9291523425107102 0.9035171062169364 0.8805384254570028 0.8091911044076533 0.7083208726825712 0.6734674577530472 0.5949716326814708 0.4925362032139592 0.39656521294221925 0.3106625856468535 0.18105989659516572 0.09442066955604107 -0.1007061936634588 
0.0030428490827964665 0.30329415403087084 0.3521170698802688 0.4229322756097086 0.5450273631878231 0.6034997372153427 0.6811106872204578 0.7380604845522497 0.8134534439733193 0.936850364005295 0.9547338272274398 0.9914824015619926 0.9955752701924754 0.9673424889981224 0.9946888411323983 0.9828472625388894 0.9722566918554659 0.922979115190559 0.891155428844249 0.8133589800340268 0.7724334639805118 0.7156146778229618 0.6229878270902707 0.5012905424329488 0.4924338609167365 0.3470290802420407 0.2529911378521557 0.16053574306261365 0.08052865290812125 -0.0691512023412243 
0.9981662806837628 0.20954363295902198 0.2768410951788025 0.3870057242256981 0.4736838728094995 0.5876194429515793 0.6305087538056859 0.7611550569195968 0.8098829449744297 0.8694517725317042 0.9046571840634159 0.9517734973853805 0.9670617549359894 0.9956466475037958 0.9962881919712032 0.9993486079824262 0.9874692002239469 0.940437526277945 0.935289839242337 0.8979523230987342 0.8315772030805497 0.754982670542205 0.6714760127288333 0.5964093858346454 0.5079901177241709 0.4294385930052689 0.31976210828301427 0.14695607383414283 0.09281098801313022 -0.08181016426904056 
0.0019004443387688904 0.26753135337892264 0.3490254084973184 0.49164178705660133 0.5181350904726829 0.5875350258407838 0.680823664527798 0.7389490759676886 0.8131511796687307 0.8788450707486433 0.9046775255228519 0.9456649695791625 0.9952669985315561 0.9799134348229438 0.996941010106209 0.9979085933756048 0.9731369714186417 0.9703942017505625 0.9061839718872149 0.8261798485920409 0.7753939008050771 0.7114186760348423 0.6334932087913612 0.5730857930095912 0.49615762460671464 0.4325317545722742 0.2450793083532927 0.11615222278360349 0.0806592007342501 0.016090527504717303 
0.016214773436314014 0.41155085066146657 0.49615167104093355 0.5869306825350822 0.6721750339456747 0.7980952491198078 0.7795689498870642 0.8567514194412141 0.9002959734576068 0.9909253128989739 0.9915382929421336 0.9536004848823781 0.9826396481391448 0.9825035886731541 0.9947252287728466 0.9849356941091718 0.8731661068398825 0.9006225633014151 0.7444317168426039 0.7385828942630767 0.7384563417339315 0.4923860246402659 0.45461583728503646 0.34829134666298645 0.37712524042135376 0.1313760360392286 0.10380994507128216 -0.0315390878493761 -0.2730662872561994 -0.35725941642198794 
0.012056322557489625 0.41496072655038035 0.4961448797026015 0.49899875630279056 0.6700241282491549 0.791238282412678 0.8822657421276304 0.7721841157148969 0.90288911514644 0.9982058494612152 0.9507297938264122 0.9839211120913322 0.9961191170288353 0.9999844559099944 0.996089601804127 0.9850176795920778 0.9421148731660154 0.9080139685840166 0.7965239929916964 0.7286271557352225 0.6837950925511079 0.6069903922838162 0.4564451761058958 0.3693037228226733 0.2989593233624512 0.25249886676749544 0.1190097705098165 0.013173974310216193 -0.10768390122820883 -0.164929640614077 
0.006282685675997301 0.34050761268169083 0.44752366046164316 0.4906635165259641 0.5196637283715217 0.6007838130236364 0.7771557710734975 0.7772709600258223 0.9020348931975526 0.9365325955861077 0.9447384139713729 0.9924121550931851 0.995964728218105 0.9662926712517544 0.9949236287853901 0.9981947461669052 0.9426026177298095 0.9305082427992083 0.8907243169948248 0.7570966961869622 0.7412860636035568 0.6732439727102931 0.562962506119998 0.5301449169447641 0.3773950794056664 0.3049267930501215 0.1856225402065511 0.112008432128817 -0.04067639249541281 -0.09545897567482337 
0.0033364146146512286 0.2200639441515744 0.3512956610750352 0.48873553606151426 0.5473807651656133 0.6197105166067476 0.6878808786982192 0.7376496417863132 0.8545319357187765 0.9214723104573415 0.944576175742106 0.9916279190875361 0.9968649476805357 0.9666858570093184 0.9990646814127718 0.9649237659199918 0.9720707492729813 0.9351445951224574 0.9061331051632633 0.81892803041063 0.774482107933662 0.6748541045889219 0.660226653371366 0.5301926577194344 0.4628759458629216 0.30425174824840395 0.3038372020372173 0.1860140188686516 0.054208019805502355 -0.09759786968658976 
0.338793194314537 0.3071422622272759 0.28502915678139085 0.4944261192226977 0.4967898688064607 0.6399258689309303 0.7110305453746458 0.7592388395016677 0.812745791384232 0.9345532636084202 0.9714842223275775 0.9918223873819083 0.9950354658226059 0.9930085076884984 0.9846856790799736 0.9994475227322345 0.8620137805479492 0.9306633215879118 0.8690681613985995 0.804951815078838 0.7753531202430726 0.7107857931306376 0.6722312627259882 0.5331960845046005 0.4927372213696575 0.2958291146089351 0.19845931296620004 0.11462654195235364 -0.03534118587960425 -0.09920077979880423 
0.002115455080750977 0.22038920706292642 0.3488894086714723 0.4998280809896467 0.5179598746537264 0.5920522335657112 0.6825571586177097 0.7579413597242088 0.8142789288842301 0.9280608923898107 0.9075638812132513 0.9957650921951277 0.9708258525594209 0.8950449985123621 0.9960689921042437 0.9880603438551795 0.972997169101404 0.9314275611811903 0.9071373057551897 0.8626473829183988 0.7577149962869775 0.7217902303114115 0.6354077041323194 0.5336780359088493 0.46665942772381713 0.3629605100125235 0.2966671425594175 0.15433316670529243 0.07059585704247757 -0.09901594177462165 
0.3361418818455576 0.23370753894368088 0.34914370469421685 0.4257106944890057 0.5447221465830914 0.6006480508687285 0.6798287006455821 0.7711323384067393 0.813872505866583 0.8735741131395695 0.9552178818556851 0.99167927011555 0.988000371754561 0.9673160277617144 0.9581425214427057 0.9829102760532168 0.9850644806825418 0.9318597043594515 0.9045721878852399 0.8307600107586748 0.8157672073114839 0.71109608893062 0.6262388908755772 0.5361764248831808 0.49267117220965806 0.34643563210742395 0.26773627164475666 0.167055056571265 0.08075136843349817 -0.05234470866725789 
0.3305584168921988 0.20303571670058668 0.2826440940933863 0.41312310883589753 0.49058810098710437 0.5891027039556135 0.6268633905942621 0.7326068169674431 0.7683565364452685 0.8781720029590732 0.9168423626780817 0.9901984257612697 0.9673623072126712 0.9762867063799796 0.9965815561304735 0.9963765133650662 0.9821242081595781 0.9769176809858668 0.9336132138833286 0.8679268685102519 0.8141158232798589 0.7094687883724777 0.6731135108928127 0.6390538368641906 0.5080872957437882 0.4336872803255617 0.33643027124236674 0.1968557295367157 0.14478283538130968 0.009852820675957857 
0.6637531568709383 0.2208491226180497 0.2761958602100237 0.41325496509214404 0.4747680124274223 0.6019652727646213 0.6728956149148398 0.7369042878526719 0.7734014838057841 0.8690290489147364 0.9046558001259943 0.9883906463125212 0.9711450179963002 0.9942755205669623 0.9973142616184573 0.997864258302076 0.9906258958457839 0.9360829949601364 0.9350150120304933 0.8995440687030131 0.8089661047129416 0.709469500192886 0.7074954461072801 0.593269577433418 0.5684281144150237 0.4232031558614987 0.3132848223705682 0.15031946081041453 0.1406739559457115 -0.019319604923213402 
2.0671889168804767E-4 0.22111439149584908 0.3099061202016936 0.4324845596130592 0.4909682645450576 0.6024926175857538 0.6732672694322478 0.7515345806941908 0.8136567316767975 0.8767943627938566 0.9038394400241637 0.9918558559407746 0.9888822828781901 0.9911206079293081 0.9970425840526737 0.9979686101264862 0.9840307780211754 0.9632854483188545 0.9072304241357081 0.8626480953436942 0.8084600233461566 0.7088661170190026 0.6610529552274639 0.5728227721975165 0.5094932051458958 0.35902521597748854 0.32127151236051954 0.15607195809384725 0.07833252782716409 -0.018426138395307795 
0.3305584168921988 0.1831619534638197 0.2826440940933863 0.416375538892657 0.49057602281381635 0.5865772384527248 0.6268633905942621 0.7326068169674431 0.7683565364452685 0.8781720029590732 0.9168423626780817 0.9901984257612697 0.9673861933325759 0.9762867063799796 0.9965815561304735 0.9963765133650662 0.9821242081595781 0.976935779515823 0.9336132138833286 0.8679268685102519 0.813918264794715 0.7094078353254819 0.6731135108928127 0.6390538368641906 0.5080872957437882 0.4336872803255617 0.33643027124236674 0.1968557295367157 0.14478283538130968 0.009852820675957857 
0.010472897041372591 0.41149504482248495 0.4963687469907165 0.6899327861768605 0.673047814949393 0.7881465947725119 0.779181641846525 0.8156324697137 0.9020052020374694 0.9912250042768447 0.952800410079636 0.982595538788404 0.9960507111776051 0.981152124988232 0.994816432532231 0.9930459417783087 0.9422983554670081 0.9053728377220022 0.8163841542058569 0.8420834329683144 0.7407916183975023 0.5892557787953796 0.47353557894444703 0.3665782777262968 0.3782600763521773 0.14403694267265996 0.12174311208471536 0.010773560948843934 -0.10819803150688782 -0.17822925511889498 
0.338793194314537 0.3071422622272759 0.2847649533352194 0.4944261192226977 0.4964825922829807 0.6388947524001825 0.7105387163566466 0.7592378010520525 0.812745791384232 0.9367217511985844 0.9714842223275775 0.9900979792950366 0.9950354658226059 0.9930085076884984 0.9846856790799736 0.9994475227322345 0.9561869468028605 0.9306633215879118 0.8690681613985995 0.804951815078838 0.7753531202430726 0.7111165772934531 0.6729025113545427 0.5331960845046005 0.49319567072212883 0.3505080915533083 0.19907400009107812 0.11462654195235364 -0.037831602301511634 -0.0992631819761431 
0.6637531568709383 0.20276663561623545 0.28308306027807323 0.41324929511499353 0.47381697645992416 0.5891886610208993 0.6304770678504054 0.9657455609466932 0.7679893511903678 0.9205162858012736 0.9043893480414886 0.9868146003534147 0.9711912599165268 0.976825316312225 0.9798136939268217 0.9954968483400604 0.9934504606704181 0.9361815863219617 0.9066560496820839 0.8995581935745619 0.8410439839146945 0.709446950213039 0.7074954461072801 0.5932638899291356 0.5656397421927999 0.43544291946656194 0.3132875257406799 0.1500604466434836 0.14100480769954982 0.01113502982488307 
0.6716656985636354 0.26893221117552124 0.3527799177710364 0.48873553606151426 0.5472748824182927 0.6154019550048064 0.6878808786982192 0.7376496417863132 0.8545319357187765 0.9214723104573415 0.944576175742106 0.9916279190875361 0.9968649476805357 0.9665132398601142 0.9990646814127718 0.9647916130922808 0.9720706785499943 0.930125346704072 0.890647446037275 0.81892803041063 0.7748469003535586 0.6748541045889219 0.634210739159599 0.5301926577194344 0.4912608161672491 0.30425174824840395 0.21651769872104887 0.11450372869275718 -0.006509486283383874 -0.09759786968658976 
0.002115455080750977 0.22038920706292642 0.3488894086714723 0.4998280809896467 0.5179598746537264 0.5920522335657112 0.681315952632449 0.7579425054694879 0.8072116031110897 0.9286073242422244 0.9075638812132513 0.9959110519696767 0.9708258525594209 0.9966842032610909 0.9960689921042437 0.9879943096791242 0.9728637377650157 0.899519376432043 0.9071373057551897 0.8626473829183988 0.7579512665044831 0.7217902303114115 0.6354077041323194 0.5336834280411837 0.46594626327738103 0.3629091489443396 0.295110430076265 0.15451744598210432 0.07059585704247757 -0.09058193650024084 
0.0030428490827964665 0.30329415403087084 0.3521170698802688 0.4229322756097086 0.5450273631878231 0.6236310455722122 0.6811106872204578 0.7380604845522497 0.8157406637604364 0.9290518996458864 0.9547156118075345 0.9910552572638752 0.9955752701924754 0.9673424889981224 0.9961449272229125 0.9829913069456422 0.9878906926785834 0.922979115190559 0.8416967636936155 0.8133589800340268 0.7724302937272876 0.662868892988182 0.6229878270902707 0.5012905424329488 0.4924338609167365 0.3470290802420407 0.2529911378521557 0.16047668859736006 0.08098336972904902 -0.05061935999089212 
0.00892394920775721 0.34369274673118516 0.4870997352661825 0.5809080786131521 0.6699553077448749 0.791624461237597 0.7412091386846602 0.7716997409276728 0.9044386941689113 0.9987595633708182 0.9506439319689307 0.99335524621164 0.9960506786444633 0.9662586741609699 0.994828699935315 0.9934546785783416 0.9423137746236168 0.908092208078385 0.8252192233389469 0.738640621803453 0.7461184625336663 0.6065000674919824 0.5608722300881345 0.3647995330658171 0.37306470747323994 0.26629157073677845 0.18533509235830192 0.013501280861780263 -0.11208025273441778 -0.16507568654084961 
0.3378960375555194 0.26638040168277155 0.35278470048847305 0.48013450603270447 0.5453191731133133 0.58635557609846 0.7077055739233777 0.7735022925662575 0.8549133704325578 0.9342376393501804 0.9448035646411493 0.9478513359153248 0.9955858447070854 0.9913686868663449 0.9935076289231354 0.9979709161933515 0.9849446342523468 0.9275696959862704 0.8690624823761146 0.8174433199515941 0.772375258603732 0.7120376244750106 0.6219666340929509 0.4995898349766115 0.4947147649237685 0.34707651316440585 0.25081300813555113 0.11453964576423786 0.05554869634166737 -0.0692989626047101 
0.6677209384767551 0.21041600388189113 0.29139574944114605 0.43234745290891236 0.49097942577136955 0.579669498513982 0.673235016048503 0.7605679319134355 0.812879888751715 0.8742079029481815 0.9177022263685349 0.9901928230529607 0.9778158515599046 0.9936529117805777 0.9965546116480655 0.9979699572971984 0.9820336586294058 0.9360704042867459 0.9067805387021505 0.8278463249611426 0.8084664538390377 0.7062372809525765 0.6733881598302832 0.6360671060123372 0.49299424256848423 0.42946267894262263 0.2743719585313946 0.19544592121545137 0.07217058594338677 -0.021906257103668884 
0.666521249695769 0.20248478247926796 0.28536706245923 0.4163438780383972 0.49096129775497027 0.589018774990529 0.6730670970695518 0.7572590640940278 0.8138230381044731 0.883175872317205 0.9046601826938929 0.9509307026559516 0.9980188284925382 0.9762264055589945 0.9787816437748169 0.9979630903599747 0.9821394914653436 0.9329848437207824 0.904741534014901 0.8697386911826938 0.8381885783758213 0.7108177520460857 0.6735733968744214 0.646597132514149 0.5139642589983491 0.42601679206163334 0.31691631061947895 0.19531199261452725 0.0811651922142499 -0.029993768042899573 
0.33792622357869384 0.30554023369871885 0.3184514159838517 0.4944261192226977 0.5188877367112831 0.6029024126899333 0.6841137604327688 0.7587423654662588 0.814274840413688 0.936733619744876 0.9712196800885092 0.9901128472054941 0.9953186432883296 0.9931989664463845 0.9862802012142908 0.9992376114282456 0.954495787747467 0.9306426245663948 0.8688619807835791 0.805082293942101 0.7753424649381219 0.7027466743388812 0.660954697534339 0.5305294882451466 0.4835113956594419 0.35145277445855855 0.25294811091082614 0.11463511426600867 0.0707998503900566 -0.09175781831779777 
0.00127387950213196 0.22009959908850843 0.3451469941631943 0.4237477671707807 0.5190402357136175 0.5866021754699462 0.6803735282223371 0.7856528644226458 0.8136490171757035 0.8914447981623943 0.9062891649741416 0.9135983283214062 0.9891587810870701 0.9915482700446854 0.999892728766751 0.9829819213086706 0.9826870163847442 0.9358751001699375 0.9046512183311755 0.8626990365500629 0.8069163342296216 0.6624775134413275 0.6610545265199002 0.6313697274913512 0.48819062715367295 0.352717828840492 0.29503734277956645 0.18210687174670545 0.08014486551920855 -0.15172326962383448 
0.6679041153299861 0.2034333355710577 0.3064349171754527 0.43008736063949593 0.49097739128972456 0.6087161628491082 0.6803301692087765 0.7431243294917931 0.812900107433519 0.8783037808858541 0.9043811039884202 0.9916654611492605 0.9930614935916775 0.9938464850708059 0.960412049935862 0.9963993924901327 0.9845295424409589 0.9288972229773187 0.9068100479976555 0.8297756492935628 0.8414360510623663 0.7095802476151584 0.6723196482080886 0.536093740307573 0.5128216204231004 0.42600034860304126 0.3012117165202078 0.20873803458369386 0.08105692828523195 -0.07016990034951982 
0.9974873236248567 0.2034616679567229 0.283091050437505 0.4182913999447135 0.4739889415385545 0.5891228423656945 0.6254123043764942 0.762098856668353 0.7705983635462429 0.9222871396647224 0.9043062007263343 0.9233220196112255 0.9908194030665398 0.9953849039778312 0.9953523898546521 0.9954960132397805 0.9874888559672155 0.9753969373291329 0.9086319383904128 0.8992363822403909 0.8104148378023432 0.7099226197580555 0.7078497240607674 0.593029075886381 0.5078511432618411 0.29836172396633537 0.3371950210815999 0.1810038142055393 0.14135236662033848 0.013796271507982703 
0.3378960375555194 0.26638040168277155 0.35278470048847305 0.48013450603270447 0.5453191731133133 0.58635557609846 0.7077055739233777 0.7735022925662575 0.8549133704325578 0.9342376393501804 0.9448035646411493 0.9478513359153248 0.9955858447070854 0.9913686868663449 0.9935076289231354 0.9979709161933515 0.9849446342523468 0.9275696959862704 0.8690624823761146 0.8174433199515941 0.772375258603732 0.7120376244750106 0.6219666340929509 0.4995898349766115 0.4947147649237685 0.34707651316440585 0.25081300813555113 0.11453964576423786 0.05554869634166737 -0.0692989626047101 
0.6637479299480044 0.1781922590498198 0.2832907004783772 0.41833042040592 0.4909772511672178 0.6087038415222357 0.6304770678504054 0.7633938763305769 0.7704344880644379 0.9205309968612971 0.904390739922206 0.9900584593614448 0.9901942232159511 0.9768152450051587 0.9790775608139789 0.9955406281656457 0.9906230888265182 0.9327862753471516 0.9066566958927575 0.8290229769319477 0.8412954281462586 0.7094469143835234 0.6711996686054731 0.5932471820835803 0.5669790189680392 0.4349339924465664 0.31316332016962856 0.19627813844844502 0.14104241621892827 0.01360841704558493 
0.6716656985636354 0.26893221117552124 0.3527799177710364 0.48873553606151426 0.5472748824182927 0.6953508061533957 0.6878808786982192 0.7376496417863132 0.8545319357187765 0.9214723104573415 0.944576175742106 0.9916279190875361 0.9956195844068322 0.9665132398601142 0.9990646814127718 0.9647916130922808 0.9720706785499943 0.930125346704072 0.890647446037275 0.81892803041063 0.7748469003535586 0.6748541045889219 0.634210739159599 0.5301926577194344 0.4912608161672491 0.30425174824840395 0.2149713704532108 0.11450372869275718 -0.006509486283383874 -0.09759786968658976 
0.33792622357869384 0.30554023369871885 0.3184514159838517 0.4944261192226977 0.5188877367112831 0.6029024126899333 0.6841137604327688 0.7587423654662588 0.814274840413688 0.936733619744876 0.9712196800885092 0.9901128472054941 0.9953186432883296 0.9931989664463845 0.9862802012142908 0.9992376114282456 0.954495787747467 0.9306426245663948 0.8688619807835791 0.805082293942101 0.7753424649381219 0.7027466743388812 0.660954697534339 0.5305294882451466 0.4835113956594419 0.35145277445855855 0.25294811091082614 0.11463511426600867 0.0707998503900566 -0.09175781831779777 
