0.8515363772122682 -0.77271566475585 
3.7093954498518614E-8 1.0013374071637553 
3.7093954498518614E-8 1.0013374071637553 
0.8515363772122682 -0.77271566475585 
0.8235273654669409 -0.4611252802246381 
0.6526442101380986 -0.45731400565735947 
0.6184458093365154 -0.12431500381750939 
0.45301105676917885 -0.12311485503221284 
0.4094665777972874 0.24195070039697497 
0.2572163201273891 0.2434233328123052 
0.08303718039789112 0.6708740415700744 
0.18337738578445617 0.6650121614541413 
0.6435332810834997 -0.4310832079047487 
0.04549565284164869 0.7433926847458923 
0.03293657183139484 0.7923412265276917 
0.8287447482773205 -0.5598386000379592 
0.6371708482264815 -0.38315099857132895 
0.0029302097622289636 0.9472757897444664 
0.03629386589040845 0.7782711199555749 
0.21777831831934896 0.4191656433851079 
0.024020776364068186 0.8300173409300994 
0.2349725676024717 0.30993555903611025 
0.0063662909705775594 0.9207475374836659 
0.6344125150523328 -0.3493081222483105 
0.4352091483463404 -0.04369867435530141 
0.6321400825658067 -0.32735336579605984 
0.43199569455740194 -0.017924004976825468 
0.2215377257879719 0.3926250114173104 
0.42419663182899753 0.05786747681552831 
0.06555683269573695 0.687352555949319 
0.4261391657174438 0.03973038687081289 
0.2107410525492794 0.47778611908828683 
0.6266833153951765 -0.25648029406289924 
0.41857563334814346 0.12382753860428079 
0.8439912943927736 -0.7469436938667162 
0.4166127098459335 0.14806906147706247 
0.017371113111774687 0.861366755684802 
0.4215517459967103 0.08820102107513526 
0.6288177947697037 -0.2860981660938345 
0.049729506516039246 0.7296676057915275 
0.41288017087471607 0.1961396952647401 
9.61422829284575E-4 0.9748658636596544 
0.20295226114394177 0.5332358164249575 
0.6221085619370184 -0.18556944943189582 
0.6302120866055623 -0.298939551377054 
0.24169049277204618 0.2896458534795846 
0.8274415711267885 -0.530833358666759 
0.6482368718509505 -0.4504743622009892 
0.0229340758109986 0.8344046601382881 
0.8388127978122506 -0.6874720292917129 
0.8409773154422557 -0.7233235706928468 
0.21347146337708536 0.4521070725306604 
0.23135562790581582 0.33062156678313875 
0.20765963368542317 0.496076970998926 
0.6254526373387885 -0.23743786777756382 
0.07345382774767106 0.6758326754237871 
0.1904955664451609 0.6216223969284029 
0.22490950827595793 0.3691926014230696 
0.21479309756867992 0.44208404665654283 
0.42045472123187894 0.10122434730180657 
0.05894520659449198 0.7024245366685092 
0.19914809313485357 0.5607643534865658 
0.4445658338834983 -0.09319156338806833 
0.19245777943323789 0.6082309700879696 
0.8252652904260951 -0.48624335836446486 
0.6367987902950012 -0.37963186684477807 
0.8305760671116651 -0.5901623091859135 
0.19590403791783195 0.5843306965776685 
0.4477203300708187 -0.11169875930139538 
0.826501945870007 -0.5192775347080208 
0.623738331423088 -0.211576980266365 
0.8344021752169504 -0.6463402764544963 
0.24978507158183658 0.253220322507628 
0.6212044550357807 -0.1682443548672322 
0.4287745755317913 0.010960364052674962 
0.8253383035139629 -0.49710318201299797 
0.43781774533618434 -0.06636578073553438 
0.1875477881871197 0.6404403371035415 
0.8356510842827696 -0.6629017793298041 
0.014206043849853633 0.8798620848107565 
0.8308030647026678 -0.5947158922220293 
0.05472297937552312 0.7133187439059996 
0.20252398996061838 0.5566097246738477 
0.44085959402831254 -0.0852222122057881 
0.41497518804792827 0.16919020206792565 
0.8324931141574772 -0.6202696928449299 
0.22910490427383856 0.341762456975124 
0.414373376537693 0.17677040978008102 
0.8373616276992655 -0.6857446714914881 
0.19530139664500337 0.5916665970392703 
0.22421103357876826 0.37384186945973996 
0.8326923462876105 -0.6240161202623482 
0.62465276144463 -0.21737129999756202 
0.010403894483507412 0.9006174831757209 
0.620161719444302 -0.15317767760146433 
1.1734446944189347E-4 0.99066214271531 
0.24424761221725733 0.2678022678227357 
0.20765963368542317 0.496076970998926 
0.4111728941385734 0.21940030193012952 
0.010403894483507412 0.9006174831757209 
