1.5236463255571125E-8 1.0016906803614238 
0.8526263330385128 -0.7720039857789848 
0.8526263330385128 -0.7720039857789848 
0.6196042878241765 -0.14351949272354908 
0.4546103723029278 -0.12252859306233747 
0.6524236700976724 -0.4572749232579454 
0.8233696384470455 -0.45808315196601523 
0.2585426403559328 0.2440508931545989 
0.4094253797271416 0.24229902959289099 
0.08223885323680188 0.671233906506772 
0.18256149075266842 0.6703353647294734 
0.6236190448797455 -0.209851434868898 
0.20900613937636958 0.48751747166223897 
0.053052697090459795 0.7193648116692987 
0.6325713231201938 -0.333482956774281 
0.19161960718089527 0.6223378504861624 
0.20332281978959998 0.5324892868916331 
0.8256786359925015 -0.503512193399312 
0.1849162993045764 0.6561004880444731 
0.4386165546394918 -0.07134314946081925 
0.43610819622069946 -0.0533161067897502 
0.8332215709010614 -0.6317176581441097 
0.6295363080277652 -0.2949106084485878 
0.4281162507200872 0.016205828409513963 
0.04613443732157557 0.7421699377779878 
0.029934472549128815 0.80593915367684 
0.627254147081062 -0.2644330068719216 
0.061545919797909465 0.6959943224753445 
0.8359199733426839 -0.6688816749208903 
0.06925863067541069 0.6813954379684243 
0.634793347861427 -0.35875568484236203 
0.017801858672094467 0.8602147380611134 
0.022408178039123094 0.8404534730376114 
0.8306485871368101 -0.5900368879811363 
0.244435731946142 0.26888605216343503 
0.035411185563511555 0.7834861782782961 
0.4187067860224541 0.12308850806747158 
0.8293890027381865 -0.5704796555357964 
0.6220561187442046 -0.18392296464027497 
0.41385485628174995 0.18470334855389087 
0.41275074858677435 0.205712030169039 
0.6437451582097555 -0.4319057278702619 
0.44390674680356695 -0.10055107839860396 
0.0025921661849904742 0.9509550989264768 
0.8321868816004253 -0.6160199488696879 
0.04504070854535597 0.7614760641996964 
0.8279778928177493 -0.5452219820478726 
0.4155852852478989 0.1620826719721807 
0.19838881364664027 0.567604037637774 
0.6209314920831958 -0.16564732798559376 
0.41690423190992304 0.1446114367246828 
0.838487666631373 -0.6983895877317643 
0.4107179974241657 0.22732360759673317 
0.6478349182660383 -0.448958068228749 
0.006516839807194974 0.9201654609995089 
0.43228795476827964 -0.022290987685691505 
0.4223115559529277 0.08042499199292154 
0.43122083559035806 -0.012536942698112397 
0.22620581862571607 0.3601937391928985 
0.2209645903405748 0.3968040631955421 
0.0404997457996199 0.777408532195664 
0.6424985828968934 -0.41180317422336954 
0.19353297828855276 0.6012518007184948 
0.23993898035726502 0.2843886429809964 
0.21767710331015927 0.42228113883958046 
0.42625424801019723 0.03690405013532947 
0.8467807474382782 -0.7585834357704598 
0.8245723719932749 -0.47995612669197607 
0.8447011379859787 -0.7450943470608877 
0.6375350725052253 -0.37547347143343796 
0.2247575570521406 0.3702582060327001 
0.2310438374305094 0.34059781991045973 
0.4236049004506363 0.06545819389790364 
0.23198953575646417 0.3350999149341423 
0.4487076798906434 -0.1160237795933375 
0.0019448671788383776 0.9583601829100976 
0.23737210059415587 0.2950640784342494 
0.8367907023899532 -0.6777615800751203 
0.22203297682980228 0.38888440450456413 
0.4252949436940624 0.04986663634680703 
0.8419954948772495 -0.7304289071836771 
0.2345291394676811 0.3113995997049771 
0.6392625152294183 -0.4001028064657268 
0.06734526009504979 0.6934337093480333 
0.20095349710755228 0.549633322107207 
0.24950229560786447 0.2537029696605676 
0.011775987939268054 0.8904608447362318 
0.6380119868420994 -0.39001772969731824 
0.827978407282732 -0.5456056107963606 
0.1966060891209873 0.5867747984665841 
0.02637554414709592 0.8233881554900597 
4.4597130710929966E-4 0.9825752319984147 
0.2152622031129302 0.4393815653796494 
0.00862584024903916 0.9089520994461046 
0.8401316605742157 -0.7144675813744885 
0.8506769781814849 -0.7714250144004561 
0.44528015590569325 -0.10572954968742088 
0.21172480209054165 0.4663027292545464 
0.025471986240410027 0.824554027525026 
0.42048663249882495 0.10189583698954217 
