3.000322512181422E-8 1.0014285546548887 
3.000322512181422E-8 1.0014285546548887 
0.8540653604119597 -0.7704102794493983 
0.8263421783377337 -0.5164637051791123 
0.6524111178684897 -0.4574285619557854 
0.455323133285554 -0.12288835350424612 
0.6184445801109469 -0.1237260276842742 
0.4096527690510108 0.23889749444744693 
0.2584532035821391 0.24338752967179633 
0.18240343933020003 0.6703937143305416 
0.08116174175397836 0.6714233260167245 
0.8347726727776087 -0.6527673163694574 
0.8307004143219762 -0.5811773804507341 
0.836495741759104 -0.6759327341559854 
0.2108480822587209 0.4717699030474472 
0.6524111178684897 -0.4574285619557854 
0.20611800605391595 0.5081555253225982 
0.039841648899942704 0.7648495763416411 
0.4441238883550334 -0.10085184865420768 
0.23833638580441724 0.2915760756714818 
0.44029747203853564 -0.08267951784647891 
0.06643680533040572 0.6864982687833739 
0.21530789484285973 0.4452959194441005 
0.016440938300806035 0.8650490365692398 
0.049474303051710355 0.7307830628558557 
0.24441458191125745 0.2676076503670792 
0.43653084351879573 -0.05724201174902175 
0.8449337838164059 -0.7525485557780927 
0.19388264010712486 0.5990318150185998 
0.4128526944280447 0.19649109976285 
0.4318990803363604 -0.019900334296092146 
0.22682937030186823 0.35713981350865404 
0.8411789900647832 -0.7252234932419925 
0.41090133414435104 0.2230795106845237 
0.22952357296053344 0.3383081581538695 
0.6442711542283015 -0.435278712361319 
0.43425655435177274 -0.03997488022187819 
0.634903253293111 -0.3487829747581785 
0.07308042351394894 0.6766947091040771 
0.6233969422898803 -0.20661570504219048 
0.4550248525118439 -0.11789175984214594 
0.4277403288330574 0.02023879577984953 
0.6304880707512553 -0.3080351737786878 
0.22213149877613497 0.38847222508634077 
0.21826669049281477 0.43036365418001116 
0.2344874474411746 0.31024226996824217 
0.006807491336326091 0.9177243344129504 
0.22506805473066427 0.3788583421235428 
0.6288226614937458 -0.2868762600543824 
0.044261645058240234 0.7484499035280243 
0.23320068246769785 0.32239348204444357 
0.8277409954931085 -0.5255141480746932 
0.025780160002738 0.8226197704369466 
7.863320166184296E-4 0.9738942518466136 
0.848212837981636 -0.7668821563365282 
0.18987222246086216 0.6252500454044041 
0.05803870332240588 0.7047374454541365 
0.42627523917748517 0.03863941384662718 
0.8413644856146035 -0.7269807189148784 
0.029862872496323065 0.8057873449161579 
0.4183742496228298 0.12611114525993197 
0.03254743307421881 0.7938032694747791 
0.4144582210126484 0.17994291633300735 
0.00560774819293805 0.9336511339392503 
0.6328454309839704 -0.33750639984591 
0.41966978667872645 0.11038527667428927 
0.1959528084024103 0.5838936919782914 
0.6201941903710937 -0.15394936257948044 
0.021299159240037335 0.842281900473248 
0.8290802990417729 -0.5601183465987444 
0.20362135103214807 0.5289874637919946 
0.2565086813066285 0.25280635841982974 
0.6379459893238492 -0.38984867511266585 
0.6365504865586774 -0.3764801284910033 
0.42331678327676253 0.06804949631677135 
0.6264862802534945 -0.24075278508464654 
0.42493027982578907 0.04956532150100733 
0.021299159240037335 0.842281900473248 
0.6217562000133602 -0.18021826486727954 
0.6189889187892341 -0.13322602221055702 
0.6217562000133602 -0.18021826486727954 
0.24796647890387002 0.2560389784948017 
0.6432260661865694 -0.4293274493400617 
0.20031302895471803 0.5549940005616026 
0.6276901453564272 -0.26460257651103203 
0.21922476472174846 0.40937830006656706 
0.20362135103214807 0.5289874637919946 
0.6392325545613121 -0.4015632620590272 
0.013275082484632399 0.8819968772927254 
0.03254743307421881 0.7938032694747791 
0.18625719889459133 0.6481495390808326 
0.002452839738771473 0.952165499967112 
0.41574768904504245 0.16339761891494523 
0.4170066186120645 0.14391072566382215 
0.6270824191402915 -0.2615410054653003 
0.012748358522787773 0.8845394638425579 
0.1974145659013302 0.5734186183611445 
0.057996116825471594 0.705019989290755 
0.8282330663493834 -0.5504626459203056 
0.02694609421441463 0.8169473928951992 
