0.8516721917893763 -0.7724801925667357 
3.704153939679072E-10 1.0011791783817736 
0.8233847983422633 -0.4585525534918495 
0.6539115660769536 -0.45683720541115214 
0.6184979814718593 -0.12435044423301406 
0.45393373364767453 -0.1228302785160762 
0.2575072959786429 0.243853192167466 
0.4095294415953853 0.24059121816262724 
0.08303217142097352 0.6711271398203356 
0.1824149690297972 0.6706007370726466 
0.035486918358419384 0.7814578074938483 
0.04165610806431169 0.7598097836433665 
0.029149285035618415 0.8087209013708954 
0.8348823595261641 -0.654890266361245 
0.1977368331579478 0.5718758302728265 
0.41223951795712804 0.20644752758949578 
0.2019514499050254 0.5398382502927948 
0.8252777729876555 -0.4959920388633772 
0.4363320634290076 -0.05556687693396678 
0.6296578446479648 -0.29766772758943455 
0.6433489967239043 -0.4298641804794872 
0.4243524309585312 0.06917459857869344 
0.8281684861455253 -0.5496920381921102 
0.4308184457056587 -0.005409769177852509 
0.23044491408802942 0.33360712484380584 
0.010324971894991208 0.898696183973132 
0.4147089175393705 0.17314993283385488 
0.22344078419744845 0.3791825904092825 
0.8409743227715222 -0.7230743827882544 
0.01488492486724824 0.8731449217717381 
0.640052579517222 -0.4077902096268122 
0.024883753816672516 0.8265905169085507 
0.2107206493182519 0.4741579652111782 
0.42585714559841426 0.03948311580377937 
0.439302489672885 -0.07605764648423502 
0.6324968929744178 -0.3329497348284617 
0.24105905893369897 0.27889068880270146 
0.6229820070151486 -0.2000695626585829 
0.00460434629104641 0.9338923229201638 
0.8326930651920684 -0.6230378363356848 
0.25397053618097243 0.24551394852894928 
0.8455823539661589 -0.7559325919767484 
0.8299289312202074 -0.5730917447255994 
0.6390994792908209 -0.3878702503202984 
0.18861432807033976 0.6337948643573932 
0.23676029966800483 0.29889467582530066 
0.6252024009436197 -0.23415580210615622 
0.8268326584359658 -0.5253129904992091 
0.2068599151518949 0.5031907874395894 
0.6472961974498618 -0.4482135145291689 
0.02137317570928371 0.843032374119309 
0.04827666968417821 0.7342580381899614 
0.21743211503404145 0.42253964729242127 
0.05596471736566194 0.7099841811223319 
0.6200804115402947 -0.15156498942332372 
0.24481713542763447 0.26524282964194457 
0.4109067642918078 0.2269394512655393 
0.4353629229599072 -0.028324355354732187 
0.04798290015680685 0.734484596782534 
0.21462464370106177 0.44460964708632394 
0.6247722780597184 -0.22725264322739952 
0.4155848635704003 0.16123771678676643 
0.0012061506363821237 0.971826714365688 
0.21207243223935104 0.4642626121866562 
0.8369345358677188 -0.6807771073320332 
0.45132970288752955 -0.12118457720145567 
0.004183704001089389 0.93965713063086 
0.6213924013079872 -0.17390012458231596 
0.06407988115479867 0.6981258185631015 
0.6287282088511889 -0.28510053275651265 
0.42173307056755915 0.08558403124678951 
0.6344252942781153 -0.3546358812927625 
0.6273845160360122 -0.2666796961772188 
0.18530405190224325 0.6534592944328299 
0.4449009898128511 -0.10468775422676165 
0.010898009663849795 0.8944674026350765 
0.4422118841561641 -0.09257819963135747 
0.8375641582031852 -0.6867134550995649 
0.8401423327831469 -0.7085666955457048 
0.1955996692155977 0.5917862094541108 
0.42078483038669473 0.09713432160766326 
0.0694792402851287 0.6835757754156008 
0.4271836202715888 0.025497330558135925 
0.8260177514387587 -0.5100135658208212 
0.0013481772867799113 0.9655772426049943 
0.23366389343521882 0.3149943880347377 
0.2260600022898521 0.36070994835241277 
0.6192627487128256 -0.13803246429707722 
0.41876730730309814 0.12143578318289337 
0.6220094965624892 -0.1841618469770213 
0.19121835885703148 0.6197176987596555 
0.0562584868930333 0.7099538875743712 
0.2273323012195034 0.354349029470085 
0.2203890115608926 0.40051722270768186 
0.4193294374063541 0.11453624063980476 
0.8319431144396391 -0.61237689789463 
0.22024801614859077 0.40121167400968766 
0.21621012429255565 0.4339084082999576 
0.19211206275161918 0.6122327841353551 
0.07347535517124826 0.6761212059264248 
