1.1460402939145187E-11 1.0012388674980777 
0.8522571576151802 -0.772753233902434 
0.652737141655898 -0.45743211219614544 
0.8235665159634837 -0.46254309559218293 
0.4536612291666852 -0.1236979302056988 
0.6184634945554437 -0.12453156915423752 
0.4094212424365308 0.24178855923937934 
0.25791173871024176 0.24287616442401114 
0.08158017845865273 0.6705578206106728 
0.18239969052316304 0.6695271227351156 
0.640164604284619 -0.4082514078927861 
0.042352620054915635 0.7543926962676721 
0.41798905254037144 0.13051935352921068 
0.8373377952644845 -0.6863890238645656 
0.8397139272351453 -0.7120679375537514 
0.19288243709856928 0.6059870842741543 
0.43681930125583235 -0.041539833516779825 
0.03512370109012085 0.7826770057002403 
0.414871812393153 0.17027610772433308 
0.4389221192936896 -0.07432408167017855 
0.21269470138183671 0.45752303066155253 
0.23163748780628635 0.32546854046642426 
0.4201988094846082 0.10378106976658663 
0.027888729325037664 0.8128556050412982 
0.20233312108839283 0.5405541555394657 
8.133664596293999E-4 0.9733182838404437 
0.22739520138039593 0.35191048666209296 
0.057307036727249856 0.7062594587605507 
0.25142116496272876 0.24915996178300612 
0.21708244343872787 0.42416070573877185 
0.011707940680268147 0.888771865453651 
0.6323507763415183 -0.327639102426314 
0.8248917256291712 -0.4888249379228336 
0.20909501476529457 0.48561793569980377 
0.1894135659313974 0.637557440584728 
0.20649782421131846 0.5104821011132076 
0.8346737381746319 -0.6507535562841392 
0.6338990632946677 -0.3498287013165023 
0.19755359642691944 0.5775714229605561 
0.031737135100018965 0.7968676057392052 
0.847506444051691 -0.7575814634736654 
0.017001784937721365 0.8628568622993034 
0.049690616048906955 0.7292870925744765 
0.4137535799260963 0.18455546710667867 
0.0628345421741657 0.6929412848368252 
0.22486070072573439 0.36865112757363844 
0.6244408859923352 -0.22214502601320676 
0.4290624768164741 0.006263233865068497 
0.42224787669339187 0.0796904634724019 
0.8257692598082967 -0.5059348942333877 
0.8298457585236696 -0.5791210298665669 
0.07821817734136202 0.6740269868625696 
0.19853464509415802 0.565032429160892 
0.18946345146145555 0.6273532142140876 
0.23571162417112612 0.30913959661941537 
0.2042029569782605 0.5226331671339223 
0.023093007468329846 0.8339411988479758 
0.22064379144847146 0.3980835443952074 
0.8306986150200496 -0.5931719698781461 
0.4429710257304975 -0.09040378324467462 
0.41036777644198685 0.22915951256098852 
0.432234570624959 -0.02278352774947605 
0.6261348856056186 -0.2478220351998817 
0.6236545844083471 -0.21097683569374287 
0.21157646891493917 0.47340915281623436 
0.051948722129031955 0.7212195435300698 
0.8280404845677587 -0.5479173982010035 
0.6287049171785077 -0.27950672391962134 
0.4248119247050129 0.05071179314652379 
0.4232761487345065 0.06905628913130991 
0.00308595181290567 0.9452776906057158 
0.620917859111299 -0.16638738142638682 
0.2177906204174858 0.4187494663235717 
0.00282974739895836 0.954037231454208 
0.6192180888620872 -0.13744059947573053 
0.6300613519490796 -0.30301569172550064 
0.8436343424644477 -0.7444109261936717 
0.42830788250983065 0.02512386661274158 
0.005569329057426853 0.9255241668312756 
0.24126375236156866 0.2780701520905495 
0.06804556453682364 0.6829951366103881 
0.6201611732546339 -0.1537401016658756 
0.636440178009345 -0.3651920346005925 
0.6223900183105766 -0.19060496685668724 
0.8332948996470475 -0.6327782904782346 
0.01030057359064697 0.8981826807882475 
0.627803038995705 -0.2727638944549033 
0.6376270342259746 -0.38792408765608466 
0.8322514086640905 -0.6174087330526857 
0.41197306492078867 0.2077992121638645 
0.005569329057426853 0.9255241668312756 
0.6304554805057002 -0.30855023450797847 
0.4439675461105762 -0.10072106887255691 
0.23953847287413083 0.28539042410591003 
0.24126375236156866 0.2780701520905495 
0.6264991641588131 -0.2539289964231138 
0.1836619195937711 0.662563127223457 
0.4308998611385713 -0.010744152103670503 
0.6219904195089456 -0.18341527660198667 
0.22064300270976184 0.3981188460206459 
