0.5151392888054646
0.5150187046480141
0.5154041144911101
0.5153936118053584
0.5153579591135328
0.5154477712735119
0.5153664500815619
0.5153443980114181
0.5154896229122172
0.5148711340068306
0.5153023425961831
0.5153779918604044
0.5151609011278268
0.5148812020257681
0.5147317009758755
0.5151092125931722
0.5149681740852677
0.5151377797818513
0.5152123188293918
0.515040031477051
0.5152859672218895
0.5152712609424789
0.5154043260243123
0.5150752741415119
0.5151558014392869
0.5151421575747333
0.5152274329445204
0.5150848978861139
0.5152503566742759
0.5152215554182662
