0.05499964246371511
0.24667376562183838
0.061464761287244846
0.2581117855505076
0.07442105813902108
0.0637758572079487
0.05789966775315646
0.0561259892232181
0.062808463141869
0.16566145691444442
0.0748861396415666
0.08912005762598618
0.1601699719943708
0.10685500077305923
0.07844097866712754
0.058762931079996444
0.062468391319368044
0.13795977210931143
0.04981087498815684
0.06599375871419663
0.26574790923566316
0.05984926942034832
0.08342189323922614
0.04987042119111883
0.07741760105088613
0.19888101360303784
0.13608643898237716
0.0650945839632674
0.07633789660534929
0.056649468709518244
