0.0 0.0 0.5013453349467341 
0.0 0.5094084066087241 0.0 
0.0 0.0 0.5013453349467341 
0.5056885290359073 2.8071352411224585E-16 0.0 
0.14608241775742636 0.22034268405229207 0.14457674057859562 
0.1389644531357194 0.14706755659411827 0.22144091811833563 
0.13066346658484582 0.27674668271253944 0.09720452595116351 
0.4212225687386142 0.023318120015087138 0.06364925508101192 
0.16850806148698755 0.32799016357579375 0.01030717528291831 
0.009453369526415036 0.04041744760683298 0.45459514056702455 
0.0450018961572281 0.37297990114811946 0.09312363384426857 
0.32081006390104205 0.017781248510735922 0.17505791778244575 
0.021262459901135525 0.24936355223522608 0.23864298310746582 
0.12166141212776263 0.19187389805453417 0.19518328493019227 
0.288527069598649 0.209730709959094 0.005089412515945302 
0.024824114414162164 0.12764397386584553 0.3602037704111967 
0.31380541077270013 0.05873091334398172 0.1348494079854901 
0.0783842617884893 0.38721083257363387 0.03965440673142845 
0.006622805174564401 0.010614044162222296 0.4839039339696103 
0.0034429519035735377 0.49358125458148605 0.028295987959751592 
0.09555468165313138 0.18352761731283973 0.22892003831671537 
0.3015750049872335 0.19612787847081428 0.004405548786171068 
0.10532644867698257 0.11683021484915909 0.28652285757791857 
0.2290833872887971 0.03073285017059043 0.24601667748370606 
0.0535360093593364 0.11338986621974519 0.3378515929308273 
0.28068343020343917 0.13296241714628357 0.09182677339795906 
0.08436804642248112 0.39702456268070235 0.020495207125490456 
0.49035795676499827 2.722033469543242E-16 0.01604879178819079 
0.1580203521436015 0.3075765081535088 0.0392621131674951 
0.09614963544620984 0.10588338633823025 0.3000695835553976 
0.18113193349091633 0.29822855746420235 0.023061717023650785 
0.03502887260287689 0.4595761956135952 0.014584270040970525 
0.20990220291036704 0.22741189925340816 0.0768215588323977 
0.4723705133275921 0.009125968960470838 0.02560036421289057 
0.09309556259394504 0.1404717558072128 0.2686271142013624 
0.3633270576903138 0.08413272327401693 0.05759976331623045 
0.01219299909193441 0.06808885148934539 0.43365485640469326 
0.11068522326906949 0.06923563778583403 0.32218619252781927 
0.21656328011182988 0.12106311861367933 0.1689846125611632 
0.16501374877265965 0.03354621665320304 0.3152481437216879 
0.25346733869185795 0.16468048714342967 0.08793544830442444 
0.15190356556929144 0.023099570282915566 0.3303091166645578 
0.19120389391626547 0.03887050199124877 0.2746153575049426 
0.1186521356829817 0.1790340308953472 0.20442074058489512 
0.060973631432007715 0.09642917869097899 0.34515604019482643 
0.34422171759098474 0.0447562203080046 0.1134029121456805 
0.05698669783393074 0.09887231920575285 0.3495966755973517 
0.2479494621639172 0.15906038288393445 0.10126020254439981 
0.3813402904712886 0.05115898690763193 0.07585610769561162 
0.05094242122435232 0.057667989978085456 0.40005251954142573 
0.44174635323087835 0.05090104815513609 0.020018847853398084 
0.24013225655153594 0.15583702750504766 0.11872828336737662 
0.3292756681082006 0.04329823368272071 0.13486301022182687 
0.09659895072798902 0.011566254949628273 0.3984126620917911 
0.2690191092511363 0.17470705121210414 0.07313256304276759 
0.1862539644501711 0.20179096365738142 0.12172009177545985 
0.018396218364893555 0.02046779590294776 0.46995812774459106 
0.4556754764830722 0.0028238696221282627 0.05352786063627125 
0.019777778684954787 0.118256452683133 0.3760529017942449 
0.3630910136418233 0.0897672107451581 0.057461954900256226 
0.4054620828847722 0.04674472748223168 0.05811374558164687 
0.22084366109253184 0.02962744364751824 0.2543566594432183 
0.2650247217833982 0.2314565422607978 0.00507126644646006 
0.27237733535529146 0.16957717898064623 0.07422094713498652 
0.029598625544598696 0.4480295953792973 0.030618490214253006 
0.04072964694651289 0.34610338672628904 0.11497548004864439 
0.023972359194922757 0.28114492265241037 0.20359932372000508 
0.1738953282649219 0.14145896514210712 0.1901280736532098 
0.3361070192542753 0.018629098984271487 0.15634727786741295 
0.43206369186536064 0.06434297141673165 0.028425905333270465 
0.03159053296040743 0.05316024266123683 0.4208385600199206 
0.4790490727158873 0.0032281973441800065 0.024006969859484445 
0.07219905801854613 0.407955870687004 0.048510781384530986 
0.3533008800628658 0.019273021728055523 0.13486301022182687 
0.1101168838876685 0.3628579900746586 0.03244075413346805 
0.05558147365760769 0.07990247471794222 0.3691050504516098 
0.29362144139732615 0.02080044407593209 0.19150926966421478 
0.00976694414095526 0.08082831244107617 0.4139800002069542 
0.13235529633122917 0.1997107095976769 0.16990746546144248 
0.016031504460021887 0.48170654672802915 0.004405860082640062 
0.06458007190291443 0.4305095025626548 0.0175760275017407 
0.21547827879628334 0.17235283047725614 0.12289780041246914 
0.1088289261591326 0.3586139020095222 0.04115630878957687 
0.19314975639843537 0.30627548828579615 0.012516939849699175 
0.07078294924835209 0.3518169180277318 0.08232576334293991 
0.15957259462893753 0.2430445675477137 0.09957576345141274 
0.11814905755786344 0.2892610917395218 0.09720452595116351 
0.010228231349421116 0.016392283387880686 0.47450457932829976 
0.05634650433742802 0.33557809889194556 0.11538482489535073 
0.2579261948691439 0.158389864221466 0.08562270611145978 
0.20109323810640517 0.13653316061910403 0.1689846125611632 
0.017246824765932915 0.103540273827397 0.3862277005580425 
0.08071554025754683 0.40729203196629005 0.01946764927289641 
0.4010014030494778 0.0477440177883805 0.0576689174502605 
0.33568955021354985 0.018605960306299813 0.1567292068196421 
0.43553817293567143 0.027503453629534515 0.043528444384346054 
0.1619984057620146 0.29299214792295036 0.052329025358087485 
0.156199154924264 0.23792915000494294 0.1085173959582312 
0.08783357288809579 0.4225780464080806 4.747828192411877E-4 
0.4595990726268951 0.05295816107305946 1.0801997573760514E-4 
