0.32497492291935454 0.03573769970891854 0.20731003953560712 
0.16541309774449373 4.989646183558141E-4 0.43799059907031446 
0.7647926131756403 0.004877534409471938 3.245003073847232E-5 
2.1477165664607296E-4 3.350093653670324E-5 0.6837989544209896 
0.504940817225617 0.016830747836994484 0.07234998467605677 
0.11020060883383602 0.3215999461677208 0.17503845273975377 
0.023406141146692504 0.531823880318764 0.023259014078848145 
0.1655800644765903 0.0 0.9232755726673354 
0.15832413229557338 0.4620394838297293 4.9887049052099986E-5 
0.33105170831717856 0.03640596767800386 0.18050958213027624 
0.3956544769173058 6.500761339307056E-4 0.13251307375978086 
0.024362802823932304 0.5535607194736377 0.004576036644824836 
0.009491871663114554 0.027700259083789095 0.658996798979889 
1.0627976894184958 4.6786457703197214E-4 4.3496426849314957E-4 
0.14347368472094008 0.4145717261679785 0.040157969623888304 
0.37466439110948613 0.05624711511715964 0.09739763797759582 
1.0102700293791564 0.0480751710693948 0.0 
0.30280874373161404 0.054902445363424535 0.17842028371605761 
0.00744077216921873 0.030647801552908246 0.674880617391916 
0.15591131603559993 0.45499812909011916 7.40770604533234E-4 
0.14449757094198695 0.4344992677943893 0.0019196351122483526 
0.0 0.3789700184604232 0.15230420223895005 
0.37466439110948613 0.05624711511715964 0.09739763797759582 
0.16541309774449373 4.989646183558141E-4 0.43799059907031446 
0.0 0.3789700184604232 0.15230420223895005 
0.007538378477835335 0.02965375226906831 0.658996798979889 
1.0477282226209625 0.010616977827588598 0.0 
0.011085465281514424 0.38516000669957 0.13249331871496345 
1.4606829521589855 0.0 2.212797500900277E-5 
0.02385005215844829 0.5540733964421664 0.004576036061287472 
1.2264067560644147 4.3836288118048993E-4 6.028974354255684E-5 
0.504940817225617 0.016830747836994484 0.07234998467605677 
0.16699810646955995 0.0 0.44031678804578245 
0.011091693138100584 0.01913951538211887 0.49740681615500554 
0.03263017644179813 0.0035152526403698413 0.5444106314088536 
0.8778351042592735 7.502376342715249E-4 3.704199966734973E-5 
0.0574141511639421 0.00301018309713319 0.6348695418318415 
0.050692455621177426 0.092789627303103 0.4334267200133004 
1.1170297446542656 0.0013312777874166105 2.8030405774514715E-5 
1.477147574381343 0.0 0.0 
0.14142611428164117 0.41829792080723766 0.0040930142799629156 
0.0 0.05304457746352787 0.5517819206562532 
0.504940817225617 0.016830747836994484 0.07234998467605677 
0.598540320977999 0.004895434634357017 0.001693825012917805 
1.0629077092614114 3.5784473411645595E-4 4.3496426849314957E-4 
0.3950114788181499 0.0012930742330866266 0.13251307375978086 
1.0278120433115314 0.03270906081648583 2.9773813109942077E-6 
0.15695116670084563 0.45336236877484287 7.400480222336435E-4 
0.0 0.5709544753883407 0.0 
0.011091693138100584 0.01913951538211887 0.49740681615500554 
0.161535720588612 0.35516409016365513 0.07453864341665105 
0.5981843955993984 0.0 0.009105897383532737 
0.005471024628963015 0.4116755833725975 0.11185865099457924 
0.06111345089227797 0.00909068240150676 0.5409005707009064 
0.15831514181734296 0.4620132467939677 8.511456304409614E-5 
0.14450366326303316 0.4345175871959992 0.0018952233895922841 
0.0219678873053463 0.49914451920604197 0.032118006675533856 
0.31202444467582896 0.04868817795244413 0.20731003953560712 
0.17564263051768242 0.34751937912047565 0.0016620090644269266 
0.558223494619731 0.00890875664384642 6.874491508070175E-4 
0.0 0.0 1.015927349258849 
0.0 0.5709544753883407 0.0 
0.1278528669717219 7.419119733104687E-4 0.39363795005993496 
0.34943757804023484 0.08147392818641092 0.09739763797759582 
0.6013883031837293 0.07447567918617641 2.0850289010918127E-4 
0.09141545125186559 0.3344068131998129 0.18101674328963208 
1.0683185965365298 0.0 6.0922154112719836E-5 
0.034844741906416205 0.002346020822209775 0.6589725594526604 
0.15386069204472347 0.3615043029041067 0.003757830245665099 
1.0278120433115314 0.03270906081648583 2.9773813109942077E-6 
0.29571672224483886 0.1886366872445079 0.20893966876696018 
0.47920661818582105 0.0917889568284444 0.0 
0.5202746248310721 0.001703124459852936 0.0017116483342122604 
0.16908145602495456 0.3345377055979743 0.17103483454525478 
7.847123301420029E-5 0.037394094805061076 0.5673539320817058 
1.4606820408875985 0.0 2.219706660355484E-5 
0.7647926131756403 0.004877534409471938 3.245003073847232E-5 
0.0574141511639421 0.00301018309713319 0.6348695418318415 
0.1285711801790895 0.37521103614465573 0.05697188168175471 
0.011091693138100584 0.01913951538211887 0.49740681615500554 
0.11864718895132295 0.31337858379956424 0.17512974897806494 
0.15236623674906216 0.0 0.9359702848896594 
