0.5087417669710099 0.0 0.0 
0.0 1.19423411092564 0.0 
3.603987894817629E-17 0.0 0.9424533673976772 
0.5087417669710099 0.0 0.0 
0.0 1.19423411092564 0.0 
3.603987894817629E-17 0.0 0.9424533673976772 
1.2363735863934753E-18 2.2021418667014762E-17 0.6081980646766123 
0.0 0.6363109251694256 0.022953178661488403 
0.13581299377286138 1.0570432671219083 0.0 
1.0795819167577591E-6 0.0 0.533905288213472 
0.0013414069472982174 0.5589048892204282 0.004102591460724996 
0.24468600558455436 6.822511689859238E-4 0.2608896107533133 
0.17340271083692052 0.0 0.3360065582173408 
0.057725911957497135 1.1001048848519361 0.0 
0.0361944340885184 1.1579245396560436 0.0 
0.00758621447412135 0.5098954467440678 0.003769236222904897 
0.2028223648587978 0.06514964025730326 0.24654142579475533 
0.2629579638550876 0.18607016699851928 0.05471564165337426 
0.044667229421516616 5.847781917749397E-7 0.46289918403030467 
0.22239709675703206 0.015164055558960374 0.26733949668860973 
0.4822191154352158 0.004351356606522526 0.01843964762681983 
0.23876958542734408 0.12699507943494423 0.14021547484882643 
0.01292259116787827 0.3407837974251428 0.1761953825282779 
0.0714950097222783 0.2408892707019173 0.2138366527265046 
0.0 1.1034711700805198 0.010385737414372053 
0.39756658199138417 0.10753647461150295 0.0015248343706335049 
0.07038642415402441 0.3558628173374288 0.08169296101629595 
0.0904296671383986 0.2670899873366983 0.14965330627524873 
0.4545420915930306 4.8904153002655153E-5 0.05166764816229679 
0.0962709762934652 0.28434267926432344 0.12912661169430104 
0.1214704646171135 0.08469465755584929 0.3095241766303714 
0.20842874668060665 2.6227701973351446E-4 0.2965363168230325 
0.32112982711321847 0.146650628418326 0.05026919330321701 
0.19977544003267067 0.14136194600885643 0.162606386465454 
0.4022270309599434 0.008783337814380949 0.09813300573235721 
0.287752286571519 0.039733806925164185 0.1756917982732733 
0.5047151503402307 0.0 0.004023069056722402 
0.2679122998035775 6.049708482441188E-5 0.24654215424648998 
0.10633970926201242 0.2941138222227802 0.10947012631857528 
0.07513075863486676 0.2433812350004858 0.2043318042461363 
0.1143198426762756 2.886946248269674E-4 0.39264037826270415 
0.03350489804969206 0.007285284287214364 0.476680939517489 
0.29329618158563286 0.1592967735735799 0.06317187242375191 
0.0652101087699322 0.32097471000850253 0.13547360363842456 
0.38107127664289797 0.07752387482007757 0.050593720044361856 
0.1945468356092509 0.048586076525644645 0.27203891180681095 
0.29855664545227645 0.20001967693382636 0.016389266820580787 
0.042569480153346044 0.030355473434781562 0.4330251729521941 
0.12898575630389908 0.3004886701071551 0.08706545427463011 
0.0031332516345870536 0.49093870236681825 0.03679573567738757 
0.0768793961286641 0.4381687194295109 0.0037515107475127344 
0.18241515254549018 0.057819941040155046 0.2629246872468505 
0.18657085699719014 0.0 0.32011939984644316 
0.13313097468813823 0.3724494062614658 0.0019627990915656564 
0.10759059473936362 2.7170109454355306E-4 0.41236187876648456 
0.3330934989479183 0.1771634158615498 0.005173916748570642 
0.0115954188249637 0.09071655886309989 0.41758717830683223 
0.04220277132347542 0.4080775574454564 0.05596355883180022 
0.02347318934806908 0.003231523118435093 0.48960852279919276 
1.6931554102204093E-4 0.3911504780492748 0.1268162931948619 
0.13581299377286138 1.0570432671219083 0.0 
0.01511382430081674 0.22378031654012 0.2696127756062895 
0.4265177725978808 0.025756026614579843 0.05140428153968464 
0.09065434426913076 0.26775358606376487 0.14876503041745007 
0.3641294740081942 0.05087097739506893 0.09464139121664876 
0.1558756938247393 0.3113543247850758 0.05969385025909596 
0.13587017273998422 3.068074654050862E-5 0.379935465929649 
0.005899457644931799 1.1598458888939611 0.0 
0.0014713888728721642 0.2547363153710599 0.30323405856478863 
0.06217883239432186 0.010525121205407653 0.4317128847231332 
0.2785212201067906 0.19841716214650906 0.02642159042096646 
0.46624312407044366 0.02045373492390058 0.027542034690004255 
0.020368351005925545 0.4661191219423122 0.027530185594126826 
0.0026582299358266065 0.0 0.5042065274507999 
0.14042468497390423 0.09629977646821888 0.28386102988103207 
0.3739858299979311 0.008184302677483294 0.12531964112916658 
0.32611633401746565 0.17345245069407386 0.015628082348990116 
0.005673336286178817 0.23121401339581774 0.2774312354957562 
0.4410761161761785 0.011720763615477501 0.055473273310374174 
0.021824398991856214 0.45573915672870696 0.029453219489503718 
0.16034027958555402 3.620632386780642E-5 0.3521832305341169 
0.41721070423295553 0.09746392221635461 8.60262840639577E-6 
0.35393215585368715 0.07595684755798236 0.08632242826220418 
0.31113042851208234 0.19758911148370004 0.0017947769023757797 
0.34139224777778926 0.05638495926317734 0.10641207243239896 
0.3030542839468444 0.1383960549077291 0.06975493128083242 
0.23410942711144048 0.16487698124154734 0.10673555405809931 
0.14732975881317958 3.326842747651278E-5 0.3687745708796355 
0.028697793171123833 0.1987472934736017 0.28444291096643415 
0.41405040712389213 0.0967256502868637 0.003902461784876417 
0.35502121398619035 0.013783961482813087 0.13753102511640716 
0.0998062698472427 0.049677619372666675 0.3578899902539615 
0.20838414424506943 0.19125677634236657 0.10607029753743485 
0.07121714616114791 0.03668524815923111 0.39651444400248365 
0.07308091806452559 0.24623269684379798 0.2071011574940487 
0.13524726573008597 0.3332972084414394 0.04614254913045928 
0.1002227511588186 0.07143747686057914 0.3320038688088176 
0.46692387016320863 0.008430129328790921 0.033204009629673466 
0.13158492472077868 0.06970209584779291 0.31328358738538487 
0.37980994218121217 0.0887267902912635 0.046141786723156566 
