0.5039616711571663 4.755833732201735E-15 0.0 
0.0 0.5036325389591418 0.0 
2.1789582336147415E-17 5.443041601475341E-31 0.5023940910634845 
1.8396858764970185E-18 2.0025546706643724E-17 0.5041383299612452 
0.0 0.5036325389591418 0.0 
0.05558804350904536 0.2760720161591671 0.17266787041823267 
0.27444998396164794 0.1691446786456165 0.06055505070410996 
0.083963945091807 0.025772658853814367 0.39408236514285466 
0.011007234758467556 2.749609229918695E-16 0.492663825638669 
0.005038230619762897 0.40217568734222947 0.09795458213702522 
0.013780049657591584 0.12148865545192507 0.36891576236660373 
0.13019650173810945 0.023481803903061226 0.3515867714717885 
0.39554270397874514 0.10425778309823595 0.006868455951139732 
0.03075219907148595 0.2593118686352094 0.21282602124119804 
0.008680023625678945 0.032737152423421845 0.464033400895265 
0.22422668718712924 0.04037372805035583 0.2424832275148851 
0.13977749955596805 0.2606241830412867 0.11985740574077133 
0.3547952495599505 0.009527809440890165 0.1408151311467837 
0.0555383323923625 0.2153425731751559 0.23566215954584405 
0.03405897150296598 0.2962443405105222 0.17366422524617553 
0.013266705782461113 0.4203522315685524 0.07187600971026625 
0.06543348561182571 0.019713604255372857 0.4186503608090254 
0.13594449507791345 0.08322982084140375 0.2850479586609617 
0.05019880521863774 0.016703010752615464 0.43693924429939524 
0.03667016924812246 0.12616933941384967 0.3417497974003138 
0.01886924506119335 0.47588562643662896 0.009905964265115115 
0.23746219433007607 0.0685515536433517 0.20094383563990398 
0.4489765390270016 0.05725937025039948 1.074164733117772E-4 
0.035709195154997056 0.3184213006664049 0.1525418794799845 
0.001251759528142069 0.3039052821827074 0.1970148724767603 
0.16110859544714332 0.020784670160880925 0.32721687497726465 
0.01750321770438444 0.446361265853764 0.04088533387082442 
0.21826134903970962 0.20859321924903046 0.07700027581336238 
0.24407417008923488 0.04451374301891385 0.2181148152389146 
0.46942911993095726 0.033994622615457715 5.428148628701087E-4 
0.042841371993125675 0.01533757641617149 0.4461988807381645 
0.14559752365442943 0.24433224744434054 0.12699139602706852 
0.21075160745529342 0.20017844088525238 0.0932389450330864 
0.10981693908692167 0.23267651920522311 0.1633962575377428 
0.36876891520139854 0.12994748660195632 0.00630045864247297 
0.41065129711864146 0.0882525331777074 0.007796204256993006 
0.04455832034606874 0.20658830042301388 0.2526848825172508 
0.2840866110990339 0.0741861193079307 0.14691336875794653 
0.1952615942063335 0.06496991884825398 0.24506363326340874 
0.28129123974702913 0.18486160498848134 0.03965395451188822 
0.09245839534672834 0.35849525738277926 0.05397287596290963 
0.38091471385232806 0.00546251437591006 0.11612548860375989 
0.06894609308065208 0.01619168421203019 0.4195675835865602 
0.25381833417577465 0.07725130277450727 0.1756694382531505 
0.11146600993194256 0.3628934622241333 0.028273076999924977 
0.26629490716185666 0.003818806955215722 0.23511170929538583 
0.010089933979315149 0.31165923953540803 0.18171446698742064 
0.09612123508169217 0.3726974363045898 0.0353068508853433 
0.4749789983792087 0.026439325825151443 0.003226905368992211 
0.04067585240556976 0.13995150645149393 0.32361643348780755 
0.31573174242664914 0.17657386955205312 0.015306238217007816 
0.1844542940404485 0.2503656168317786 0.07101710093291608 
0.10081571472458946 0.3949994728811319 0.01095158652846007 
0.11512792029458983 0.34187714563306326 0.04683254540026394 
0.3764805402146114 0.11342492777579476 0.017049657186448967 
0.15071426867815702 0.09227237611303744 0.26123562978908443 
0.09876031442249174 0.029433046053231167 0.3776281367094759 
0.14791348831605639 0.1531787856582104 0.20401941512386945 
0.07153595649018765 0.045806097548735776 0.38882840292992243 
0.48996513791698293 0.009327414586745684 0.0034540136652143473 
0.04355137342407821 0.19482403247661914 0.2663088262158501 
0.01718126535387417 0.4626815709335566 0.025487604703095055 
0.41528581774592926 0.0845241838211929 0.006868586703025977 
0.041846755216292136 0.14398017708966465 0.3183645732706661 
0.017872251609242266 0.02353733527249105 0.4639483727142197 
0.4393819016468855 0.011799332251093439 0.05392902717556979 
0.17470719147999003 0.10751004226319573 0.22294786553331936 
0.001939899860082422 0.4709736983265306 0.031100327333705654 
0.005437068582786009 0.45824726841711405 0.0408694556295692 
0.1835224430535322 0.24910078616818107 0.07321378998941684 
0.10936174220103564 0.3533724518959904 0.03989379690649716 
0.1548612315554154 0.3409671461018522 0.008720120387519825 
0.4263911191482246 0.05969678922419611 0.01955015925328103 
0.2596685225669057 0.1600348018606514 0.08444638888381728 
0.4276100201086969 0.05569351333960771 0.019775219925093162 
0.03707964274501834 0.33064167422048796 0.1362385764433162 
0.3253697332007897 0.09159684130956805 0.08818443521728643 
0.0020171369539166337 0.4897255114894772 0.01369390214382954 
0.0811960996042749 0.14656224883536723 0.27546636237544414 
0.20481689900964736 0.1885736706635249 0.11072387852594952 
0.2644309039665964 0.1567757095451745 0.08293943434139982 
0.1327504168359817 0.23369208741637348 0.1355560425773183 
0.06077136165051557 0.14286686225899245 0.30018498288733003 
0.36506429741228763 0.002108435126624758 0.13582617187606236 
0.07262590215323766 0.2515384489591994 0.17952050050442156 
0.03587561555714637 0.16326916571136676 0.305282706591424 
0.32175477112246026 0.1759439305717519 0.010899883364338028 
0.17250333427180348 0.33327180348940183 0.013986615681021386 
0.12385494722133211 0.38046163425642476 2.4775675361519576E-4 
0.33969781731507465 0.11303010640474505 0.05238190396440465 
0.3022979046792271 0.0974071801611926 0.10554804130734423 
0.12014645904605224 0.23722265346345808 0.14776942351588493 
0.33969781731507465 0.11303010640474505 0.05238190396440465 
0.10443302125160145 0.027271544210713122 0.3742372042169817 
0.305733945838602 0.108875005462871 0.09010747934678202 
