0.6749723764511657 0.0 0.0 
5.534361336802418E-7 0.0 0.5193703210990291 
7.523043193704865E-20 1.6542404015891834E-16 20.237073984473685 
3.5984628354730925E-15 1.0014558532667952 2.0026871416577066E-4 
1.654263540368895E-29 4.603832194727884E-15 1.0060699849806791 
9.096978319384135E-18 2.5087043883554026E-23 1.1123718570821612 
6.459859790509096E-19 1.648532846118045E-16 20.237073984473685 
3.557083654383897E-15 0.9899399852420769 0.015377584089617506 
1.182574629971462E-16 0.7803700330849955 0.22509338493840406 
0.5568350291657072 0.0655073870841805 0.0 
0.06406979969954228 0.5796643872368539 9.496975793590202E-6 
5.7905163805014185E-11 0.7628960914266051 0.0 
0.5478513813182901 0.1295539253557154 0.0 
0.5025859019282133 0.0 4.634771829019352E-6 
0.4633331582211768 0.0365015694356771 0.010867426446249898 
0.4958367266159291 2.9923500106167435E-12 0.009783058270477625 
0.005910726670519519 0.5096420225266902 0.001167242685719992 
5.546424313905409E-6 0.5457363212139377 0.011865541302022857 
0.10477478415879947 0.19353907714899055 0.2124041401656631 
0.11880098040591958 0.12838733420720472 0.2605674958787586 
0.1903343274496324 0.32271949140906964 9.938249170698677E-4 
0.07907727924444749 0.07406466256908673 0.35812994087236955 
0.4564660561718651 0.02804421663532418 0.02090592057242557 
0.37360114636300173 0.08194156618837346 0.05251006699105826 
0.1850193111844981 0.15454605415675698 0.16845710255713914 
0.28156087394732077 0.22793975753592022 0.001224774316741788 
5.64266223665826E-6 0.5552055804973896 0.0024038891907802716 
0.04628852359188719 0.3837665746382136 0.0863849199179664 
0.1626721790178617 0.19892126721878495 0.14960202408069112 
0.14082220329000517 0.1523473785420461 0.21443370417683244 
0.008216637407436937 0.42640373964142436 0.08730194484520211 
0.07318230817173764 0.40561506055303004 0.04441499858734105 
0.16803731330329003 0.30208124789005725 0.039918879472219504 
0.20242962367122425 0.2773498885641974 0.027360647677322412 
0.0539173771417161 0.33998362887772304 0.11406731804131948 
0.26929752817419217 0.25105859033087174 0.0019965448262847926 
0.21436492065675664 0.29181479019440615 0.001045009397870047 
0.42161198726052834 0.055346054857518555 0.0286317563634177 
0.2870492906645266 0.2121076862805852 0.009839466178686924 
0.44488207565610793 0.03207229226505977 0.02863153580164793 
0.1491269783419534 0.12600613757898196 0.22648602861786496 
0.016536858355461984 0.44744365529274244 0.04774757873993692 
0.3804090654201907 0.09856322446958628 0.04400131625260765 
0.23817264486785808 0.27001170099302674 2.5792386090195223E-4 
0.07514811847987538 0.4179364613073897 0.010177355633530135 
7.286620790930263E-17 0.02027873949309043 0.981415459231632 
0.3432859460431944 0.28089554808370154 0.0 
0.39736659441728844 0.11021016113471946 8.505507803624135E-4 
0.36794718066264936 0.004351000072290898 0.13567864693083856 
0.028582454906739233 0.3945717620045871 0.08255069931507483 
0.17640094216156374 0.21570928209864887 0.11306430205619673 
0.3027085182097462 0.2701048164400843 2.4894865516160783E-4 
0.09638252257337733 0.046043330908181974 0.3805803175314921 
0.35614208753379206 0.12430808829896142 0.0275443654423158 
0.3059179240241357 0.0913810759861108 0.10779774848100471 
0.10147609795721725 0.10204172903459795 0.3077823592022923 
0.05586544819961314 0.49254558519213565 2.630823688896695E-4 
0.06401830626846304 0.35482331484610374 0.10437074619754196 
0.1942476016555978 0.17597761348263363 0.13418547126845473 
0.4375271560665287 0.014612683156427556 0.05054173189540071 
0.04227500396486546 0.3516260020545737 0.11406731804131948 
0.027083577683013723 0.4745936726209644 0.015514785962133392 
0.406773531267285 0.06898119831641941 0.025323727933895965 
0.4110613130133934 0.06589672910465348 0.0286317563634177 
0.22434612321546948 0.262234194614006 0.01693448972544083 
0.3163393746559736 0.135589666792515 0.05098378903437103 
0.15797847348543356 0.21505596603280477 0.15451980167607807 
0.12856859940338236 0.013904999522678414 0.35858966704187695 
0.1736077674174886 0.2909221234028821 0.045804939854569945 
0.037192086426334425 0.3083502886660302 0.170891035963496 
2.081593927092742E-8 5.425624515106705E-7 0.5287005996062216 
0.05939344627309052 0.45744037042413266 0.009727634596049004 
0.026915179051635475 0.46615846795535987 0.017490223351697632 
0.3469286186427986 0.11185242798651276 0.05288334733269621 
0.23049988176574607 0.3334816206790316 2.8624314733941377E-4 
0.2468111681692815 4.5271161667892863E-4 0.26064715105134384 
0.262705557002704 0.24605295756676476 0.004226715578652779 
0.06831556152431167 0.39233577534336905 0.06325202573097326 
0.23216511077137106 0.25441520705810444 0.01693448972544083 
0.19760170752332193 0.16696528167379018 0.13695146321660584 
0.32321721009541443 0.07089090778249725 0.11392513100556498 
0.21642586681527032 0.18499641880383344 0.10447637620881509 
0.3099400222676856 0.14693366234409164 0.044156386421048695 
0.38634009117664764 0.020561635201931328 0.09909206524027342 
0.22201408209890547 0.24018416568537995 0.0471183424579733 
0.09122188256610092 0.16850427428109394 0.2509918446262583 
0.21703678609074287 0.23616090469716466 0.05199464910085238 
0.06638852853870385 0.5723553484088499 8.845789669402917E-6 
0.04480290358975578 0.3714496706803628 0.09122731940143952 
0.33350532568607255 0.1408752048179053 0.028448246995907957 
0.018594385664584556 0.5056952354866397 1.3483055169590379E-4 
0.01381302528287117 0.4500343604378792 0.045465180217151964 
0.33616220774597283 0.022117172159612845 0.19957335645075958 
0.393187613702256 8.132195535195915E-4 0.11409622638362468 
0.037192086426334425 0.3083502886660302 0.170891035963496 
0.3497115121276216 0.1498936623190147 0.0029607092304940034 
0.12856859940338236 0.013904999522678414 0.35858966704187695 
0.25135373718626774 0.0 0.2552756583112694 
0.29160088696771186 0.22708630485402295 7.975046956674081E-4 
0.019233663117948937 0.1361816902610107 0.3634464253041506 
