6.25269860792621E-18 0.5315768915312375 0.0 
0.7058709203186293 0.0 0.0 
0.0 0.0 1.0019687890731817 
0.0058365099519845755 3.6307180224850604E-5 0.5267734801801126 
5.389357736383894E-4 0.029045404525405025 0.9722799359840715 
0.28230198455737004 0.04457213768048102 0.18712686045363555 
0.6020486518913033 0.0 6.528275161897294E-5 
0.6737224337005464 6.294112217471465E-4 0.0 
0.00740156396127368 0.25519056784237665 0.2551879860858151 
0.5506045948901167 1.3121075101445036E-10 2.4076028884997172E-5 
0.0661693888899947 0.10451318073336198 0.36047128561610636 
0.6010275624800926 0.0 9.04584188245027E-4 
0.33847453101451724 0.01097452107387682 0.1671080224327567 
0.11265396934506612 0.09050800036506974 0.37537120823634673 
0.06985169207281425 0.11961482023263684 0.3422096252664167 
0.17879092714312336 0.31642920005580644 0.034777729326269234 
0.5258231654744843 2.0947304707389877E-4 0.009585268917442468 
0.29112644733314225 0.06061846993191678 0.1570320852277401 
0.07900327979081406 0.28114966989127893 0.17362713034580787 
0.004173887471931377 0.22232433597044987 0.28998455019501285 
0.40692887687644747 0.07560604179578345 0.035257730459678206 
0.26362207367708074 0.19571043853202327 0.09209678916425845 
0.49759343191954925 0.042189759799108495 0.0027020346533221415 
0.1695734754502308 0.24886431224138944 0.10728067230799272 
0.44658992631000727 0.02632239723051781 0.04885947187399069 
0.16401823333376392 0.3015390923163015 0.05247662984762177 
0.021819871103577526 0.03621603094355314 0.46415718395167 
0.15938993603259757 0.2645510978523183 0.09839072246899463 
0.3113658513921768 0.04436967228482266 0.1725763010561521 
0.052813242041203017 0.041236260019761155 0.42880199318282775 
0.4687652363514168 0.022734570078367097 0.04512848212034952 
0.3672123920865351 0.021643816582106894 0.13270356030586858 
0.2721191325962575 0.401975099546883 0.0 
0.2713755511392465 0.18264763145677582 0.09769707895706752 
0.41422809050169535 0.07700537816837834 0.024341938897484806 
0.04471991306336746 0.0689447403970102 0.44632054017921136 
0.10327936112510595 0.018660116336769828 0.4112982039482718 
0.18667405909314994 0.33175531476625697 0.0025846088723255243 
0.13624790129541983 0.3524406115652481 0.04024443343253517 
0.1492918497021921 0.026728417955838864 0.330272973308584 
0.010980668592859521 3.115899779330147E-4 0.502578548450673 
0.048338209870148856 0.08555032028608835 0.38808002775572936 
0.002738209835365235 0.4671113644288235 0.04939707902373 
0.03263231985072506 0.12377694086151857 0.38596853181866847 
0.012997097679174355 0.5196939977656846 0.0 
0.08170573270674547 0.1595985381664226 0.2768568345826814 
0.6739307758561546 4.31038084357937E-6 0.0 
0.0025682169143527757 0.48194668898428844 0.03159646911063439 
0.3878799538040639 0.0014291554076002878 0.13560897830437063 
0.2354017327427664 0.20515048537713285 0.08833131483095265 
0.3010845313549382 0.030751005956305418 0.18216819500823503 
0.2007270130356471 0.1774329246809982 0.1290532823736066 
1.0323048815361803E-4 0.4501247312991267 0.08164649803307766 
0.20495758462456415 0.242007693074124 0.09374693440846418 
0.0022430602575195914 0.1703172315133529 0.3447972567431018 
0.24729544819783325 0.21088820455108895 0.053260907019880656 
0.42839484425551355 0.023546998168855277 0.1001805262449473 
0.11923430135046255 0.40330296834437085 0.0 
0.00931667176889377 0.23157848368280465 0.27327926123752927 
0.08286705659226618 0.38376920936466824 0.09356120165660864 
0.35238944636286856 0.011425691007620356 0.15215352916072974 
0.15769630693943015 0.007289104445703944 0.36969463759088717 
0.03771983469690523 0.1430742824887259 0.3566365076810434 
0.0795456726296722 0.4194479846383219 0.023871898046860775 
0.1289591667330688 0.36626096046586104 0.034777729326269234 
5.426335251058892E-4 0.05209667646420255 0.47924137132583555 
0.017575782677966077 0.4122835740992962 0.09432316764300634 
0.2584471320683031 0.17394623919105628 0.11809978105546394 
0.02916240344575243 0.13920436415861592 0.35936987009051785 
0.4363351669150982 0.05085112202016252 0.02330703256423328 
0.0011817643400239021 0.5087784845180421 0.02621792753367743 
0.16543208144515173 0.2927548189675153 0.05326128453993339 
0.5369009725335806 9.731353055281689E-4 0.0 
0.2121192279716488 0.22724530545596988 0.11963618112762757 
0.10384153851949031 0.3481194455949412 0.07212357129622131 
6.949966172487342E-5 0.4861881850142398 0.0640940111772033 
0.13483404277446617 0.38294637954889477 0.012217434201838103 
0.041804965997767556 0.06644481036528604 0.4516757123195126 
0.20230465467213649 0.011924011645005572 0.3156516533939089 
0.23778663066273711 0.20157790276488155 0.11963618112762757 
3.6693493936901116E-7 0.45926155427340054 0.08135524115464818 
0.43262423412145107 0.08486713842714762 0.004643978730352574 
0.039245273695198896 0.028217401681611614 0.4834535585792448 
0.0033014565107338523 0.36299429965573216 0.1604710649448022 
0.3789543832238122 0.0018138411843261202 0.13817389217064127 
0.06072047581026343 0.43679496612826224 0.02390500293941413 
0.19044533537383937 0.2525558554318304 0.09234170626232163 
0.49074146016682924 0.0026712668266306613 0.023445417565035993 
0.09864045739890787 0.34056536818466154 0.11959296598636678 
8.649649984839202E-4 0.14755442603656677 0.37037917782135343 
0.1451260598054806 0.014408387437173526 0.37364015035247733 
1.4046866900684505E-5 0.4386772928012322 0.08624600685251527 
0.22232169202314145 0.22963408777461358 0.07212274079554082 
0.4764709072977705 0.04900697103890911 1.1458747864765086E-4 
0.1332846282857424 0.21074483935235486 0.17748439109116348 
0.08543831202578285 0.13162274670016508 0.3007594046483816 
0.18235341625106521 0.29328107057288155 0.04172245968797926 
0.0783739918233142 0.016157560036357457 0.422234104147873 
0.0011479823241010777 0.4942344994923716 0.04079569457527079 
0.306112235637866 0.047758993196351095 0.169984329281709 
