0.0 0.0 0.573670262850456 
3.070482295901444 0.0 0.0 
0.0 1.5945047162964627 0.0 
0.0 0.0 0.573670262850456 
1.1851671408576994 1.3157998478093842E-16 1.3045346038982175E-7 
0.0 0.6181841502371668 3.867978151099707E-4 
0.40225627148953197 4.4659417440754637E-17 0.1165283255046715 
0.3464921798507738 0.006773873435318005 0.17112351541625143 
1.0574313541279732 0.02413535921084817 0.0 
7.986610322781273E-7 0.41957042462120797 0.18289055483208644 
0.02298058477412566 1.3668594477891531E-8 0.4807642504955606 
0.0010533006640337278 0.29222324483125317 0.21503147729359628 
0.8499865494740094 0.0 2.2604763964098433E-5 
0.7417421530367797 7.349273759344314E-5 2.720092988525826E-7 
0.038221900436468656 0.4788144648099909 0.053325401032754835 
6.354359767712447E-4 1.8414680192235344E-4 0.5110322662216058 
0.1655724144316138 0.05236317501393246 0.34604698508029863 
0.16512156730791547 0.05867505005425677 0.3277108707948599 
8.435040616344484E-8 0.10131032645669896 0.45248433732716753 
0.02569543013167676 0.06557620219000622 0.4399846342447099 
0.003205055844634393 1.0090191977703694E-4 0.5497983978802394 
1.903714351434247E-5 0.15018079009097357 0.42637949891897076 
0.8472179315051328 0.026562505903033776 0.0 
1.0920741549197897 0.0021819384818341763 0.0 
0.03259324739434439 0.2832528799527097 0.22031200227724335 
0.2627487854468262 0.0045626348557354516 0.25938313917429695 
0.20490401432262118 0.11000787555904085 0.23436837256906182 
0.42259452359469274 4.691741701753269E-17 0.09619508297080188 
3.3922021134498117E-4 0.4728742809559384 0.11252173476549893 
0.35671391973340977 0.14601644643235892 0.06897476525008696 
0.15180979428437638 0.3860684286583396 3.365503974012561E-4 
0.11112298433038247 0.010412954087222856 0.41612760410427657 
0.011333928458600626 1.2679207909571182E-6 0.5192222118154729 
0.11640424798431115 2.078049553282973E-4 0.3992686840720026 
0.0012500352568459354 0.4366431245347291 0.08964125845892162 
9.346713066183564E-4 0.2593112217595044 0.24798571638710143 
0.043554575255899744 0.46139101452955844 0.035836077988023594 
0.16233797724716287 0.34881570623570995 0.02538318546328476 
0.014695086231764598 0.2060411912411459 0.287835047433504 
0.0021039346911166843 0.5639231306007904 0.0 
0.49270271327380877 0.015164489597937019 0.04536620901877291 
0.5835966964093111 0.018874982489795827 4.4231319236668245E-8 
0.4598662267125412 0.04251373899924435 0.035653995192863136 
0.6384552976930837 8.082987177380567E-5 5.458628694835467E-6 
0.15779252192587342 0.057572062223175936 0.3766097163977883 
0.22154976460797898 1.7165499442518345E-4 0.3585253850403543 
0.0 0.5247103216257173 0.02200762928979179 
1.0524884172588766E-4 0.20967718752514125 0.32086030069228283 
0.007190114231796086 0.34775456968124446 0.17193665093067975 
0.07553881389616705 0.179897856492623 0.2969829092234939 
0.033124708764562354 0.015597398326342266 0.4685779656852561 
0.12069996161943168 0.29602244457091687 0.08708623999439565 
0.10257473177510033 0.2515694491023176 0.1815365039556658 
3.437309257788948E-4 0.00295101125431318 0.5321745033910704 
0.0664657378363483 0.1596316338924898 0.3065520084666772 
0.016161813734661593 0.49337610351974487 0.07753082419798313 
0.10984650060802272 0.18923300706530347 0.281119864705005 
3.316800097896186E-4 0.002961620145453355 0.5474391096163159 
0.3147281263643289 0.1434656770984877 0.07305253263916998 
0.10798317858183222 0.12356209393769603 0.31393849384040456 
0.422755272520322 0.08842300670681899 0.028116312979743364 
0.13697695617631456 0.3151835223887036 0.08399594042684355 
3.160968889831493E-4 0.1564496798364117 0.3516888497687084 
2.433492451373803E-4 0.28070252662050904 0.2655017701490004 
0.07837403208563092 0.03726348591412523 0.39593196824185767 
0.44882817308275236 0.08058425281559776 0.01676835532314413 
0.09460229333682754 0.02364343080506949 0.38716168049069877 
0.01599654900705364 0.5334985862399999 3.950241226848807E-6 
1.921036830605481E-5 0.5888872719593131 0.011326065334252414 
0.0 0.22504253464062446 0.2790383753045455 
0.07894318333101502 0.32218074158374904 0.1134951388217788 
9.5174019609861E-4 0.264046741673148 0.2431395006780605 
0.016106049657083624 0.49675671647262043 0.001972796786444856 
0.28111320567537484 0.09221773993858942 0.17740344176047607 
0.08252764487878698 0.003916086803251561 0.44549306743941847 
0.3383789705167698 0.10694854159010495 0.07397344507793437 
0.03079907526054688 0.014502329615518669 0.4707198308547687 
4.215760975379155E-4 0.003436688004431864 0.5316109814691927 
3.1590388430198887E-4 0.1103466948942853 0.4179509037748445 
0.23195169601697715 2.5751811351890328E-17 0.2847876360584667 
1.9469183494480193E-5 0.5968211630656809 0.003066800971194437 
0.09874896717841941 0.169946583427035 0.29907055333202887 
0.08288178267980012 0.39902842273899225 0.02741072440282888 
0.37607851462673997 0.13884150922704924 0.04087798336145723 
0.02905432923502688 0.4073734928725586 0.0721434321751888 
0.05131960419584236 0.4757285073249369 0.012093430089419984 
0.13302672632258605 0.058072174979490736 0.3659625849349765 
0.37723664126858375 0.13497225906083093 0.04155188035418355 
0.19002303977849452 0.016619818751555993 0.3160583453607787 
0.4372357128532321 1.2127128835012397E-6 0.0938347124288238 
0.03432877134782056 0.08016443124207402 0.3909000885386025 
0.5298019435099593 0.049586265794311066 0.006498591810383703 
0.5023124454288233 0.013001514165939884 0.08173883684469324 
4.1403386864240455E-5 0.23321972227490376 0.270819784283402 
0.6356382290188018 0.001837889166159648 5.449567034315238E-6 
0.3505878845428021 8.44108938242126E-4 0.2752453327711783 
0.38494499115309083 0.1575724875612296 0.009558261185527928 
0.28111320567537484 0.09221773993858942 0.17740344176047607 
0.17787721146045976 0.017205218944190647 0.3097598104807661 
0.5405688423522318 0.05059398257284219 4.967784032128674E-4 
