0.7568800204855165
0.08120346553378187
0.7409591286474404
0.06308688713372841
0.7271673993987381
0.7450722973783046
0.7289185168594782
0.7383939393810939
0.7308144794163621
0.6007619968134098
0.7296117820572217
0.7077507039311857
0.5576264645012945
0.6685033255861346
0.7195507503515585
0.7391972300461801
0.7475170881541279
0.6069863376237276
0.7558420545558402
0.7264312356604917
0.06370046001854096
0.7574990696302627
0.7264514971277587
0.7535091722696698
0.7357668078912472
0.4723248952913828
0.6142421761151875
0.7330418625175186
0.735334141493116
0.7410599533194503
