1.0 0.0 0.5000637749477584 0.5000587774799352 0.5004137123268473 0.5000723351809101 0.500050761026751 
1.0 1.0 0.5000492076949922 0.5000983878801211 0.5003718301964097 0.4998969790447637 0.500284707554906 
0.0 0.2327301160124883 0.5000612737918242 0.500172581896404 0.5003412369473398 0.4999182757877107 0.5000367227888818 
0.06110138314176866 0.8341671466910558 0.5000648549514811 0.5001635268835791 0.49972844769117847 0.49990026683415156 0.499747297471661 
0.32870063237898794 0.8430595047942437 0.5001918337593179 0.5000098609582833 0.5004171120566725 0.49989526159728803 0.4997185306763471 
0.7400689379957801 0.20016249809075626 0.5000573607338005 0.5001090603472581 0.5003705129282685 0.49989444783059617 0.5000265297414228 
0.4520110428786353 0.5526198662275664 0.5000535952701941 0.5003258796404907 0.5003823991805325 0.49995853380731203 0.5000496548294087 
0.5354420499039091 7.621070167760369E-4 0.5000700355900677 0.5001140170981798 0.5003506617608787 0.5000688807536103 0.4997590611777627 
0.9969690026510738 0.8463696886630162 0.5002198986442141 0.49956847849368413 0.5004112574181284 0.5003175497578236 0.500051270364075 
0.29512600109370973 0.3368826621848034 0.5000600452920235 0.49983201167416563 0.5003796815604018 0.499906727248635 0.5002812607126339 
0.9551177561122953 0.6007224415068699 0.5000488722953119 0.5001202961997803 0.5003804852736199 0.5000654871045916 0.4997354097914025 
0.3721946018206919 0.17714628674353944 0.5000780754003247 0.4998131559512051 0.5003453517799802 0.4999543562644904 0.4997462204935485 
0.7216477934910958 0.7426922623996498 0.5001915944486554 0.5001037307939726 0.5004140685359599 0.4998352790467243 0.5000652159994188 
0.8009860036645255 0.5562467413313699 0.5000645632950815 0.5001165435069346 0.5003474779944058 0.4998930349771142 0.49988440099930675 
0.3376678343393675 0.6889843813251445 0.5000492631246468 0.4998141795349398 0.5003708211666148 0.4998968524989603 0.4997247503159172 
0.9597681476717859 0.7070902968188388 0.5000637565884694 0.5000522592630388 0.5003831559473126 0.49990680210253946 0.500275114763539 
0.6401094170860332 0.6012043248643433 0.5000639658706795 0.5000027891696807 0.500380442532728 0.4998951264609458 0.4997453017192824 
0.8161920892172732 0.2440860728878949 0.5000390387857754 0.5001490943962136 0.5003787514474115 0.5000695992731963 0.5000232088908856 
0.03998171943996892 0.005434466174988606 0.5001946753450912 0.5002658737081366 0.5004137225219644 0.4999180273378353 0.5000330959584056 
0.8713187980742744 0.8546472501597188 0.50026717408706 0.4997990067144963 0.5003832181540782 0.500064896155523 0.5002880914676596 
0.950360969511419 0.5344242636373223 0.5000500768310032 0.5001202961997803 0.5003804852736199 0.5000654871045916 0.4996856369317975 
0.7147019260620674 0.8439633076329445 0.5000531026969187 0.4998249024879108 0.5003718205458282 0.49995925679041675 0.4997121263534414 
0.855505193390357 0.19917716617554387 0.5000576161713506 0.5001259391369307 0.500362196805728 0.49989646124414844 0.5000675717754192 
0.21775191589748383 0.6918050099784205 0.5001329291476446 0.500002616292966 0.5003857975399864 0.4998962248416665 0.49973781981968307 
0.685102456227707 0.8924564776561127 0.5002146504132875 0.4998046952038586 0.5004160949457098 0.49988450991480265 0.49974375112780983 
0.9866567126979227 0.021315103280572456 0.5000495408191257 0.5001202961997803 0.5004138111155813 0.5000654871045916 0.4997354097914025 
0.8471425860757356 0.9517096726651855 0.5000492076949922 0.49981553923342004 0.5004146815128399 0.49989687873979843 0.5002847286867074 
0.144157099629269 0.8487985030618629 0.500062970208696 0.5001643232623187 0.4997407287020473 0.49990135188757207 0.499747297471661 
0.40443255570343867 0.5338872984306895 0.5000829602255923 0.5001333774187805 0.5003808305459495 0.5000177336212069 0.500276029398164 
0.4918616601635608 0.031083245670770084 0.500059853524364 0.5001241385467436 0.5003446760080631 0.49991846259756345 0.5000735834174744 
0.5893584280590373 0.5995940905624602 0.5000507508838105 0.4998357372318145 0.5003835595552807 0.4999573840890134 0.5002796110299569 
0.10287922208927547 0.044188349435144506 0.500062970208696 0.5001643232623187 0.5003674250224323 0.49990503213989285 0.5002754886541646 
0.21844483701367656 0.8133073155861692 0.5002207947782524 0.4998007132884656 0.5003810745799514 0.4998916854656945 0.5002794734556268 
0.956912077557572 0.9704684251571374 0.500049128995132 0.5001202961997803 0.5003630369208139 0.5000652963423012 0.4997354097914025 
0.9947792250163345 0.6662806406517113 0.5000610999942307 0.49981609515988473 0.5003630382192679 0.5000763675879178 0.49975470833382457 
0.7732843099394344 0.8242070321137664 0.5000631097925817 0.49981768094592727 0.5004137252362246 0.4999713513944019 0.5000010365790398 
0.8285324279106806 0.19935330719429453 0.5001971890117334 0.5001490943962136 0.500377797959548 0.499945617681146 0.5000383659103219 
0.9027464576538273 0.3753254649056025 0.5000600934327961 0.5001643232623187 0.5003509194188254 0.49989883711563876 0.4997472137222424 
0.9843992838455418 0.19566852476249066 0.5000494975628609 0.5001203605975906 0.5004141905323074 0.4998970823568824 0.5000407253384693 
0.5693839481159959 0.031083245670770084 0.5000495443841915 0.5001236754462662 0.5003710110470082 0.4998969790447637 0.5002847286867074 
0.8486347387321695 0.09686200279713753 0.5000968290885853 0.500053953917983 0.5003824368325572 0.4999104304096419 0.500266564460174 
0.8955001520517386 0.11109463382401041 0.49929378411466163 0.5001643232623187 0.5003412548004418 0.4999183471901455 0.49974619535969816 
0.18510952372342376 0.6918050099784205 0.5001329291476446 0.5000021639253487 0.5003848535442896 0.4998962248416665 0.49974234153039887 
0.6547635319236581 0.012622417169843247 0.5000562812117223 0.5001116860004793 0.5004137262192194 0.4999705029797889 0.5000018510774629 
0.9928058441003826 0.7805982758054715 0.500054841262295 0.4998365010661848 0.5003823991805325 0.4998969736878263 0.4997609098185252 
0.10308751231036364 0.1497506848827994 0.5000594288005862 0.500172887475729 0.5003484696282986 0.49991798210061456 0.4997370721661821 
0.5516566083939098 0.5505488778143357 0.5002727502332828 0.5001123052712676 0.5004140261048945 0.49990016718950686 0.5000507804646531 
0.8760146881323684 0.8039471341836074 0.5000627704509449 0.5001790579470454 0.5003467803455757 0.5000695253542633 0.5002795450392451 
0.9565968777362307 0.9838442850060964 0.5002802729337259 0.49982225332206165 0.5003476636441451 0.4998996221618998 0.5002794543625586 
0.9760227539667493 0.23019284455979164 0.5000630425810669 0.5001410300275477 0.5003408671738695 0.5000805187015311 0.5000313648976776 
0.5432495159740646 0.12563731918127666 0.5000699532983148 0.5001149121337007 0.5004138224756896 0.49995330311574554 0.5002698582035586 
1.0 0.9941065605359212 0.500057305202056 0.5000983878801211 0.5003718566116802 0.49989446640947 0.5000291888793448 
0.9840436964653418 0.11890486122638105 0.5000492076949922 0.499814999512263 0.5003718301964097 0.49989604364798945 0.5000365225953614 
0.5694658571931795 0.5469629928749784 0.5000536731841925 0.4998346779305998 0.5003823991805325 0.4998969826072529 0.4997609098185252 
0.2592978971651852 0.5526198662275664 0.5000535952701941 0.4998489598012015 0.5003631832417783 0.49995853380731203 0.4997632113750361 
0.918264374753845 0.19906294519805345 0.5000666710901445 0.5001146757822578 0.5004141912465208 0.4998970823568824 0.5000407253384693 
0.9908147423284809 0.41593047610712147 0.5000600934327961 0.4998198683454728 0.5003509194188254 0.4998988435777531 0.4997472137222424 
0.8991235558905292 0.5351497664086916 0.5000611019929816 0.4998242021419843 0.5004156555866647 0.5000761934839918 0.49975470833382457 
0.8523072963492405 0.8537961836718588 0.5000922115798087 0.5000518033097721 0.5003835104545225 0.5000649415704004 0.5002928652131641 
0.997539115138629 0.832783136283799 0.5002177112211526 0.4998488131959548 0.500409609760805 0.5003221373760169 0.4997485465278387 
0.690617466363076 0.47027658079398416 0.500049049244435 0.5001202961997803 0.5004138402023912 0.5000654871045916 0.4997354097914025 
0.2429888172312954 0.0016561354190958583 0.5000700355900677 0.5001149121337007 0.5003823359340158 0.500065128275379 0.5002698582035586 
0.5526553145776453 0.21518082098634067 0.5000492814167257 0.5001333148322281 0.5003808305459495 0.49989901199610953 0.5002741634244627 
0.5988291035534148 0.456740291837578 0.5000648378115763 0.5001652987509014 0.5003831028002022 0.4999575040615152 0.5002757468197301 
0.7787953612476447 0.06294511920977669 0.5000782001806625 0.49981791986977925 0.49973317889206914 0.4999690301841874 0.5000670455601124 
0.6166049639464913 0.5601769752121091 0.5000939731965508 0.5001182810745796 0.5003705267572035 0.49997077607059087 0.49973256595002186 
0.6922448220402821 0.6662806406517113 0.5000611000150523 0.5001020511659322 0.5003630382192679 0.5000763675879178 0.49975470833382457 
0.8486347387321695 0.04540101897288573 0.5000968290885853 0.500053058882462 0.50035076265942 0.49991809896948175 0.4997557674343781 
0.9783347146858319 0.03143787983706303 0.500064677354453 0.49982225332206165 0.5003476636441451 0.4998998510776585 0.5002794543625586 
0.4690936976264103 0.1314117659498097 0.5000611019929816 0.500292317614409 0.5003826693626945 0.5000739841795496 0.5000417387532907 
1.0 0.529977508531069 0.5000637749477584 0.4998254253660505 0.5004137101089922 0.5000723351809101 0.500047800392271 
0.8991235558905292 0.5557082260644717 0.5000611019929816 0.4998242021419843 0.5004156555866647 0.5000761934839918 0.49975470833382457 
0.25244003255873 0.12085234703621578 0.5000665450322902 0.4998470582241186 0.5003619838445963 0.49989698951943184 0.4997391983179069 
0.4078457385703543 0.9425698179479511 0.5000828865038587 0.4998155527791144 0.5004146815128399 0.4998970923717451 0.5002847286867074 
0.9534733116520888 0.47467685645628677 0.5000488722953119 0.5001202961997803 0.5004139158356024 0.5000654871045916 0.4997354097914025 
0.9407529972670271 0.6863651307649158 0.5000600422129121 0.4998141795349398 0.500371158178799 0.4998968524989603 0.4997247503159172 
0.9572839270804606 0.8537961836718588 0.5002661879495357 0.499815093162559 0.5003835104545225 0.5000649415704004 0.5002795450392451 
0.7684325544773092 0.2053797586876287 0.5002013288042317 0.5002852395378208 0.5004133489093816 0.49995859500102946 0.5000378761163349 
0.6168654153205735 0.6888191082429371 0.5000465651983834 0.5000985084180172 0.5004058388706746 0.49996937973920086 0.49973603921941256 
0.8152254893593097 0.8430595047942437 0.500194437477543 0.4998190730923687 0.5004171120566725 0.49989526159728803 0.49971868702982103 
0.3721946018206919 0.997229735456601 0.5000636125602482 0.5001275399849587 0.5003626936015988 0.4999543562644904 0.4997462204935485 
0.9853651236196621 0.8776237756987326 0.5000483317087521 0.5000518033097721 0.5003835104545225 0.5000649415704004 0.5002928652131641 
0.8263014218323713 0.001218393672629034 0.5000937526972037 0.499814999512263 0.5003710354749891 0.49988849536263474 0.5000341370671592 
0.9954226957293639 0.07692656162005562 0.5002807704287525 0.5001255626968522 0.5004134440502169 0.4999644083385438 0.5002904076570978 
0.9722760966357611 0.08529052774669749 0.5000688252097415 0.50007518462382 0.5003378805954874 0.4999655485240114 0.5002872160660561 
0.9336433332065113 0.23019284455979164 0.5001929251296149 0.4998278755371664 0.5003408671738695 0.5000805187015311 0.5000313648976776 
0.47671217599653115 0.11657573338617382 0.5000788358875178 0.5000560141885692 0.5004128078594078 0.4999546193154249 0.5000325142017549 
0.4508085930260724 0.924134064821746 0.5000573464673386 0.5001005627101898 0.5003706123791196 0.49995468584261266 0.5002855834790892 
0.666929729260632 0.5601769752121091 0.5000939731965508 0.5001183038904459 0.5003705267572035 0.4999219167854637 0.5002834376495515 
0.6671370863050305 0.5507608596201657 0.5000939731965508 0.5001183038904459 0.5003412225319305 0.4999219167854637 0.5002834376495515 
0.4598248334628926 0.8670154623995507 0.5000651099918959 0.5000983354202257 0.5003054972885811 0.4998972778656874 0.49973416692032047 
0.7908805354714682 0.7426922623996498 0.5000515798643355 0.5001037307939726 0.5003719246972155 0.4998352790467243 0.5000652159994188 
0.1711256659695361 0.06629376618549054 0.500048841763868 0.5001643232623187 0.5003507040975045 0.49990186456601965 0.5000632841104352 
0.9421405170941349 0.045159869012506425 0.5002801343439003 0.5001255626968522 0.5004134440502169 0.49996408473826787 0.500287260976853 
0.8539255371517538 0.5281807007180557 0.5000645632950815 0.5001165435069346 0.5003474779944058 0.4998930693647448 0.5000628452036378 
0.1298322331464264 0.8248771787864029 0.5000605554161318 0.499792498163783 0.5003631638807488 0.4999013616842986 0.4997459025646569 
0.1711256659695361 0.9727352431174243 0.500048841763868 0.5001643232623187 0.5003507040975045 0.49990135188757207 0.499747297471661 
0.9274039620047096 0.2498697618183935 0.5001929251296149 0.49982263215162726 0.500350437483144 0.5000611498005397 0.4997513298092274 
0.956912077557572 0.9807893643633713 0.500049198080864 0.5001202961997803 0.5003718921965274 0.5000654871045916 0.4997354097914025 
0.9092759571523609 0.23730521598178347 0.5000507508838105 0.4998229133843598 0.5003835595552807 0.5000613685070021 0.49974600905682803 
