4.2515935715422383E-17 1.0 0.49990041399448343 0.4999248578728071 0.5998831256433863 0.5002879611379694 0.5001748267189949 
1.0 3.8057238283686545E-17 0.4999211431457611 0.49992495614274507 0.3999214040663701 0.5000051774074592 0.5001405534542877 
4.2515935715422383E-17 3.8057238283686545E-17 0.49875313671602955 0.4999119139933178 0.5999127366857377 0.5000158202902619 0.49884030412060376 
1.0 1.0 0.4999113616020532 0.49991738978143635 0.5998732107367729 0.5000089312322087 0.5000192321713157 
1.0 0.27308940506815343 0.5001152673395947 0.4999344751882929 0.600004610380521 0.500019293923854 0.5001341756761308 
0.13051858121790533 1.0 0.49990041399448343 0.4999248578728071 0.5998831256433863 0.5002879611379694 0.5001748267189949 
0.9706942007222248 0.3524690112470643 0.5001273209253 0.4999170588123341 0.4999623345243951 0.5000080215391013 0.499744418330414 
0.4818877875739428 1.0 0.5002144144039605 0.4999173302055057 0.5999187145835059 0.5000086491598166 0.5000148771559252 
0.5062737826217717 1.0 0.5002144144039605 0.4999173302055057 0.599949211039638 0.5000086491598166 0.5000148771559252 
0.6968940045654419 1.0 0.500115956383361 0.49991746506388507 0.5998739650146888 0.5000086491598166 0.5000175806882655 
0.4162064752986305 0.18775518612877537 0.5002186469954564 0.4999328090216603 0.5009608165378779 0.5000191553637539 0.4997460650814502 
0.8439209742449002 0.016693556966433938 0.5002722987634796 0.5004634731008717 0.599866463415775 0.5000242959086315 0.5000200727537694 
0.6766766628348939 0.705656737979658 0.5001271488989761 0.49992597105664743 0.5010819925546857 0.49998958467645327 0.5001248083653539 
0.44291857271375257 0.07508001311124134 0.5002297389409615 0.49991804258385714 0.500221162047454 0.49999145619121477 0.49996811283048864 
0.6985910104981741 1.0 0.500115956383361 0.4999173302055057 0.5998739650146888 0.5000086491598166 0.5000175806882655 
1.0 0.5430322900452244 0.5002178605716908 0.49991719935942824 0.599874202573417 0.5000085475494795 0.500021944941732 
0.9968276810504529 0.18368545134854736 0.5001405793572952 0.49993413611664367 0.599875707454381 0.5000192305163528 0.49974854320939827 
0.9705042274052613 0.40875083645416055 0.5001273209253 0.4999351377486061 0.4999623345243951 0.49999561733706904 0.500130279297545 
0.9989783364769526 0.24155462064063377 0.49989460848468137 0.4999173095671867 0.5998732107367729 0.5000084672848482 0.5002045856468684 
0.4392508296776646 0.28052366955919134 0.5001618994766615 0.4999261253602919 0.49913770571969407 0.5001510146526573 0.5001526566093897 
0.44291857271375257 0.021609210788323785 0.5001586692801449 0.4999180982101957 0.499009027316118 0.50001505593842 0.49996811283048864 
0.7191684916808271 0.8760410240404854 0.5001607117392604 0.4999261253602919 0.49913770571969407 0.5002725789567748 0.5001530556598975 
0.9767809333942568 0.05168171043913772 0.5001479223147443 0.4999244206039011 0.49959583496583193 0.5000159471608585 0.5000365620184086 
0.8924845131788551 0.6859886161329501 0.5001582737569598 0.49991737276103254 0.4996227899627939 0.4999953611629905 0.500042397189613 
0.9868892300663294 0.968597514827288 0.5002193307413413 0.49991346365487066 0.5998731819993308 0.5000085475494795 0.5001714829530224 
0.9969815030761382 0.21738481941620258 0.5001193459882799 0.4999348325283389 0.5998770718626285 0.5000076932171486 0.500134920065773 
0.9814892931352769 0.6843091493595774 0.5001479223147443 0.4999141916184337 0.49959583496583193 0.5000159471608585 0.5001325537893275 
0.9987699895892356 0.8714981517384807 0.50024459031579 0.4999344751882929 0.5999345999815007 0.5001269107482496 0.5001315891234613 
0.13051858121790533 1.0 0.49990041399448343 0.4999248578728071 0.5998831256433863 0.5002879611379694 0.5001748267189949 
0.9814892931352769 0.6843091493595774 0.5001479223147443 0.4999141916184337 0.49959583496583193 0.5000159471608585 0.5001325537893275 
0.4392508296776646 0.8443732452497248 0.5001618994766615 0.4999239236007086 0.49913770571969407 0.5001499703008647 0.5001526566093897 
0.9370999838193295 0.9818729667417825 0.5001207181684633 0.49993413611664367 0.5999473934783862 0.5000201194495085 0.5001407942658124 
0.9919709720336412 0.019325878969546795 0.5001112922402671 0.49993520324736335 0.5998551709276402 0.500024304081295 0.5001404770840228 
0.9989184482138798 0.9534011912440105 0.5001457112868825 0.4999134937499952 0.5998730946945433 0.5000071135790678 0.5001735761797607 
0.9074518781864158 0.007145127428126841 0.49990041399448343 0.4999248578728071 0.5998832676772736 0.5002954348799142 0.5001820330041744 
0.9149751474254407 9.16548389210653E-4 0.49993532927455336 0.4999203850176814 0.40047107629288486 0.5000229443765971 0.5000066470189961 
0.6314449379290756 0.18082103188815424 0.5002186469954564 0.4999169684606986 0.4998506180164777 0.5000191553637539 0.4997467651787831 
0.9981066453718782 0.5403830216679567 0.4998911103722312 0.5000122214578004 0.5998849415767753 0.500007162030164 0.50015659062177 
0.9968276810504529 0.07265579595594251 0.5001405793572952 0.49993413611664367 0.599875707454381 0.5000269281022768 0.5000371940307593 
0.4392508296776646 0.24605573271490883 0.5001618994766615 0.4999261253602919 0.49913770571969407 0.5001510146526573 0.5001526566093897 
0.9959151740424355 0.23422461102201508 0.5002244324004943 0.49992698774779243 0.39966647528367916 0.5000051774074592 0.5001868379756624 
0.9679201452937369 0.023899364156213243 0.5001203491777768 0.4999134937499952 0.5998727478470304 0.5000071135790678 0.5001735761797607 
1.0 0.9313594986673674 0.5001143622791173 0.4999344751882929 0.5998731899278613 0.5000201665326515 0.5001408270463203 
0.999510530891257 0.8558064249803209 0.5001106025026427 0.4999344751882929 0.600001390868225 0.5000354268168552 0.5001408268346728 
0.9706942007222248 0.3573693147583999 0.5001273209253 0.4999255983552611 0.4999623345243951 0.49999561733706904 0.499744418330414 
0.9945489681561931 0.006297715621019995 0.5002672903468623 0.49991491641741154 0.5999958787056905 0.5000074582044912 0.5000784565358488 
0.9989184482138798 0.9841614371619501 0.5001162819759262 0.4999134937499952 0.5998732107367729 0.5000071135790678 0.5001735761797607 
0.9999810973266061 0.5403830216679567 0.49988936881303664 0.5000122214578004 0.5998849415767753 0.500007142937603 0.50015659062177 
0.8924845131788551 0.6859886161329501 0.5001582737569598 0.49991737276103254 0.4996227899627939 0.4999953611629905 0.500042397189613 
0.9924992343006003 0.016397169342619422 0.5001112922402671 0.49993447992736434 0.5998551709276402 0.500024304081295 0.5001405076305713 
0.9679201452937369 0.023899364156213243 0.5001203491777768 0.4999134937499952 0.5998727478470304 0.5000071135790678 0.5001735761797607 
0.9240779075971268 0.9946110846089296 0.5001207181684633 0.49993413611664367 0.5998830480883087 0.5000204441151623 0.5001409569505626 
1.0 0.8449957061046829 0.4999189648803128 0.49992469620928237 0.3999214040663701 0.5000051774074592 0.5001405534542877 
0.44291857271375257 0.021609210788323785 0.5001586692801449 0.4999180982101957 0.499009027316118 0.50001505593842 0.49996811283048864 
0.6314449379290756 0.18082103188815424 0.5002186469954564 0.4999169684606986 0.4998506180164777 0.5000191553637539 0.4997467651787831 
1.0 0.9313594986673674 0.5001143622791173 0.4999344751882929 0.5998731899278613 0.5000201665326515 0.5001408270463203 
0.9968276810504529 0.07265579595594251 0.5001405793572952 0.49993413611664367 0.599875707454381 0.5000269281022768 0.5000371940307593 
0.9706942007222248 0.9379252147082328 0.50012705191525 0.4999170588123341 0.5010959126651887 0.5000080215391013 0.5001395115134301 
0.9074518781864158 0.017990764008911364 0.49990041399448343 0.4999248578728071 0.5998628726683334 0.5002877227820968 0.5001823822006976 
0.6358716020911639 3.8057238283686545E-17 0.5001406356034398 0.49991581323499784 0.5002867552595693 0.4992541281741512 0.4999695404605216 
0.6332624372383375 0.9934056122291712 0.5001650872609437 0.4999242294108696 0.499009027316118 0.5000201654877795 0.500033033824091 
4.2515935715422383E-17 0.0035467410756647166 0.5002427519480006 0.49991227665365656 0.5000331949062159 0.5002167486534681 0.5001857573866708 
0.8924845131788551 0.10513867511891556 0.500129443496116 0.4999180275525668 0.5009366614775587 0.4999914260486257 0.5000358380125176 
0.6952812088348272 0.705656737979658 0.5001271488989761 0.49992597105664743 0.5010819925546857 0.49998958467645327 0.5001248083653539 
0.9535973442231399 0.6843091493595774 0.5001479223147443 0.4999141916184337 0.49959583496583193 0.5000159471608585 0.5001325537893275 
0.8924845131788551 0.6859886161329501 0.5001582737569598 0.49991737276103254 0.4996227899627939 0.4999953611629905 0.500042397189613 
0.7191684916808271 0.36161736342576983 0.5001604709673333 0.4999169276958109 0.49913770571969407 0.5002725789567748 0.5001506929075064 
0.9987699895892356 0.8714981517384807 0.50024459031579 0.4999344751882929 0.5999345999815007 0.5001269107482496 0.5001315891234613 
0.596267398689444 0.8443732452497248 0.5001618994766615 0.49993357882639633 0.49913770571969407 0.5001448142603196 0.49975729918578216 
1.0 0.5168912664076972 0.5002171479863841 0.4999122691513429 0.5998738359896475 0.5000085475494795 0.5000216942699565 
0.8924845131788551 0.6869567638011533 0.5001582737569598 0.49991737276103254 0.4996227899627939 0.49999616123453566 0.500042397189613 
0.4156499989140832 0.24789150791377998 0.5001607815571482 0.49993284408797695 0.5009608165378779 0.5000191553637539 0.4997446767094705 
0.985239417807395 0.9453453374068179 0.500266958499628 0.49991857804986717 0.5998583490678873 0.5000310555564608 0.5001411343436682 
0.007841091689204938 1.0 0.5001118926314365 0.4999247078632333 0.5998739650146888 0.5000096512417102 0.5000175806882655 
0.6621736817884122 1.0 0.4999044777464079 0.49991748021507953 0.5998733457738087 0.5002869590560758 0.5001748267189949 
0.6438231273652075 0.0681458591878915 0.5002297389409615 0.49991804258385714 0.5002116062069669 0.49999145619121477 0.4999688129278215 
0.8549848298553766 0.9379252147082328 0.50012705191525 0.4999170588123341 0.5010959126651887 0.5000080215391013 0.5001395115134301 
0.9240779075971268 0.9946110846089296 0.5001207181684633 0.49993413611664367 0.5998830480883087 0.5000204441151623 0.5001409569505626 
0.5104906602516396 1.0 0.5002144144039605 0.49991718970721266 0.5999488415949125 0.5002878630380332 0.5000100488521402 
0.6332624372383375 0.9962848559214512 0.5001650044405248 0.49992403637436833 0.499009027316118 0.5000201654877795 0.4999690549345745 
0.9975033396856409 0.07265579595594251 0.5002177781403896 0.49993413611664367 0.599875707454381 0.5000093325260394 0.5000219173471689 
0.9879585116568712 1.0 0.49991138952548864 0.49992472301442775 0.5998831256433863 0.5000022322748292 0.5001748267189949 
0.9963018801725986 0.8443732452497248 0.49991686966316784 0.49993402048775204 0.49947152585260984 0.5001448142603196 0.49975729918578216 
0.9117421410499672 0.9809980024725583 0.49990071111640066 0.4999203850176814 0.40047107629288486 0.5002925787490436 0.5000066470189961 
0.9169181997736863 0.020096638583557425 0.5002167736286619 0.4999173302055057 0.599949211039638 0.5000131213557442 0.5001821509975489 
0.17921773581970696 1.0 0.5001177067448119 0.4999174099035478 0.5998739091112898 0.5000057660410295 0.5000096911555745 
0.8618569659035885 1.0 0.49990041399448343 0.5004666312324516 0.5998669078838874 0.5002879611379694 0.5001718618412256 
0.6338262474608694 0.0681458591878915 0.5002299180709749 0.49991804258385714 0.5002116062069669 0.4999916567470263 0.500015029557537 
0.5061087683547749 1.0 0.500214235273947 0.4999173302055057 0.5999187145835059 0.5000084486040052 0.4999686605262097 
0.8591651141309068 0.3524690112470643 0.499900675936684 0.4999170588123341 0.4999623345243951 0.5000080215391013 0.49974957593260205 
0.8192140649854242 0.968597514827288 0.5002193307413413 0.499917056799467 0.5998731819993308 0.5000085613230955 0.5001746854583977 
0.9969815030761382 0.9220905355322399 0.5001194132667075 0.4999348321303035 0.5998770718626285 0.5000076932171486 0.500134920065773 
0.6071061356442371 1.0 0.49996811991160756 0.4999248578728071 0.5998849046932041 0.5000402811183795 0.5001878550818382 
0.596267398689444 0.8443732452497248 0.5001618994766615 0.49993357882639633 0.49913770571969407 0.5001448142603196 0.49975729918578216 
