0.0 0.07732781427599317 0.49995707509775905 0.5001325398110812 0.5000111498173082 0.4998617881256316 0.49985233209486585 
1.0 1.0 0.5000924061937803 0.5001420113972525 0.49990919625030106 0.49983728351671103 0.4999678687799587 
1.0 0.0 0.500032976943538 0.5000258084068667 0.5000206991423223 0.4998725874697798 0.5000016654761453 
0.0 0.07732781427599317 0.49995707509775905 0.5001325398110812 0.5000111498173082 0.4998617881256316 0.49985233209486585 
1.0 1.0 0.5000924061937803 0.5001420113972525 0.49990919625030106 0.49983728351671103 0.4999678687799587 
0.985762908695765 0.913177148022446 0.4999613421537346 0.49998037655141264 0.5000260428586738 0.5001458851174111 0.4997487219142711 
0.43079900938389937 0.7090797303539369 0.49994478374475787 0.5000784138539186 0.500002823050194 0.49981724398612937 0.49977155347907987 
0.5274512441132433 0.6894178021954973 0.49994616687227317 0.500024662230333 0.49998001936171704 0.4998721579829726 0.4997607562829799 
0.3778024727349282 0.19591565902544006 0.5001083232084214 0.4999659410733179 0.5000287858660696 0.4998332720074228 0.49999888944799753 
0.9063260608741918 0.9104889735246252 0.500108641563836 0.49996790317295636 0.5000193143525608 0.4996203952372492 0.49990507692129743 
0.2901576531777176 0.20474630947894645 0.4999377774940595 0.5000772927081105 0.5000258855429851 0.4998341376818046 0.49999432401555804 
0.15010035405159078 0.9976779289838617 0.4999377705218582 0.500112099324621 0.5000200866120902 0.5001485174213985 0.49996870826604056 
0.9980591933652445 0.7401358074225678 0.5000348924295422 0.5001274454709999 0.5003024497087689 0.49985291968594664 0.4999698129870603 
0.48174069421160115 0.07107811025745163 0.5000915223194414 0.5000772239660504 0.5000209800375311 0.4998373633747037 0.49989289776511237 
0.8809253587166405 0.6811796049980936 0.49994254888579803 0.5001128921250241 0.4999807185064528 0.5001493258163129 0.4999936808660045 
0.11354566698553112 0.8549774015423401 0.4999589675558183 0.5000312994123116 0.5000196568260256 0.49990828831600154 0.49996137337516844 
0.9401368528486106 0.8210741389783993 0.4999518831379491 0.5000830392181848 0.5000958517126429 0.4998443254593925 0.4999828505445032 
0.7167149689071622 0.17207403780448072 0.5001015536726471 0.5000353968093328 0.5000104891166667 0.5001775459377968 0.499966110623705 
1.0 0.01862589252216562 0.4999416306524097 0.5000258084068667 0.5000206991423223 0.49986575262572364 0.5000016654761453 
0.7430639646972285 0.2507124659955851 0.49996263311266126 0.5001393768607096 0.5001742733678186 0.49985454694919945 0.499958899702389 
0.7430639646972285 0.29069154621833715 0.49996263311266126 0.5001393768607096 0.5001802821070034 0.49985454694919945 0.499958899702389 
0.24168672590861295 0.5856695562246705 0.4999569246238458 0.5001254734908127 0.5000291549756194 0.49984493397749025 0.4997626306562738 
0.3999306142358221 0.7215851851097705 0.5001015027683781 0.4999639909049622 0.5000287858660696 0.49983379971800596 0.49999888944799753 
0.8899546805544362 0.5322448493690405 0.5001141974194094 0.49996502486895855 0.5000220344657191 0.4998484593462049 0.49990655793734873 
0.5708745516571567 0.9326743697689635 0.5001056760697447 0.5000255366079891 0.5000223592953198 0.49964508255982093 0.49988754057375306 
0.9613492809426424 0.02802198766552777 0.5001014893429342 0.4999707270523199 0.500016227018719 0.5001555113115129 0.49999200286465173 
0.19434123089748703 0.006208970459911228 0.4999569388764782 0.5000302555750579 0.49989680252923796 0.49984493397749025 0.49997195309864617 
0.34413568663964517 0.07732781427599317 0.4999573301977748 0.5000307239472684 0.5000110829413448 0.4998605984923054 0.49982685374069313 
0.521947271866879 0.02204039463198393 0.49995697698077224 0.5001398202076619 0.5001802821070034 0.5001394087200366 0.499996052799437 
0.9010905650776808 0.2936139985293275 0.500035607511071 0.5001390192736158 0.5001790692311237 0.49987357340360256 0.49989061718270933 
0.17617163965804455 0.005456816337352163 0.4999569388764782 0.49997697894474996 0.49989680252923796 0.49985950081343355 0.499974400308147 
0.45330355452684046 0.7090797303539369 0.500091313208133 0.5000784138539186 0.5000027709992443 0.5003466632702928 0.4999628176558124 
0.6922192924940419 0.29120529858552335 0.5001098192821433 0.5000223900867055 0.5000196114346408 0.4999002918865381 0.4999703035920237 
0.9878428367348384 0.5650617624962558 0.49994728470974437 0.49998043263730463 0.4998941361872515 0.5001478890128728 0.4999936808660045 
0.6801341969239085 0.5152557611373653 0.500164660936053 0.5000242644227594 0.499904020346331 0.49983190570416747 0.49989033801647464 
0.8610547630046216 0.9355601548852981 0.5000327839758203 0.5000771948341745 0.5000858242347789 0.4998225371470528 0.49998926643015074 
0.7609865873133941 0.9373309582856866 0.49993969797751275 0.4999817162049271 0.4999036405217853 0.49986583846185306 0.4998529266458424 
0.5103662922227389 0.8660879591854493 0.49995431647301564 0.5000251912981573 0.49998499234022376 0.49987159200807535 0.49977342336363967 
0.4680863310711899 0.05726151627828968 0.5000914726259703 0.5000772239660504 0.5000193422824479 0.4996220351396844 0.49989289776511237 
0.5774625202414194 0.7215851851097705 0.5001015027683781 0.4999639909049622 0.5000287858660696 0.49983379971800596 0.49999888944799753 
0.8809253587166405 0.7651639077693019 0.49994254888579803 0.5001128921250241 0.4999807185064528 0.4998615721163726 0.4999977540505746 
0.8905193645541275 0.6788946521985527 0.500098812161458 0.5001207643045611 0.4999807185064528 0.5002704604172404 0.4999936808660045 
0.7812593601852664 0.40800610501234996 0.4999557321097457 0.5001393768607096 0.5001845128638278 0.49985118081441265 0.49995775012962745 
0.3379901618130455 0.07732781427599317 0.4999573301977748 0.5000307239472684 0.5000110829413448 0.4998605984923054 0.49982685374069313 
0.9799903643003298 0.9958954630838305 0.49996016421155237 0.5000834926222306 0.5000950215178113 0.5001417537655558 0.4999227463693557 
0.31150816083584243 0.5297614001671613 0.5001224914364812 0.5001420898137076 0.4998968704394086 0.4998593928551119 0.4999696443925521 
0.26317442076680975 0.9232752886880824 0.5001116945604136 0.49997370558271564 0.49989674525602523 0.49985890156333257 0.49994328619183226 
0.5891613326908931 0.8696197326488543 0.4999544894310567 0.5001138367852346 0.49998498579764084 0.49984264759464786 0.49999362625574356 
0.9694233677059823 0.28035578356914426 0.4999613421537346 0.4999747828269231 0.5000234852687825 0.5001493491244217 0.4997484663492675 
0.9575966833707109 0.28035578356914426 0.4999613421537346 0.4999767094781565 0.5000235629588924 0.5001493491244217 0.4998558250039512 
0.7299838125774439 0.5258296713874827 0.500035607511071 0.5001443449607821 0.4998959800648252 0.4998527255747991 0.4998901108971138 
0.6260635909172834 0.40796010624250634 0.49995447891858413 0.4999834445991968 0.5000241797664317 0.49987372532366064 0.4999539029919404 
0.6505141132918614 0.6572310703245355 0.49995960179685633 0.5001238736971744 0.5000219888386195 0.4998140854427402 0.49975802888167564 
0.725284477368448 0.14750719925058042 0.5001088032465385 0.5000295670869205 0.5000109510642522 0.4999071959918069 0.4998218125912053 
0.8234541058368794 0.694138532580283 0.5001047677496903 0.5000299750635526 0.4998974680464324 0.4998491599208308 0.49998211685209515 
0.5726950072907626 0.010928709325277515 0.4999477865791823 0.5001233825862882 0.4999807185064528 0.5002733450655459 0.499994018048829 
0.9140938305014968 0.731011306270648 0.5000341353678254 0.5001443449607821 0.49989597907180783 0.4996196969898958 0.4999061979468694 
0.9661079457762326 0.14580299014813736 0.5001088032465385 0.5000295670869205 0.5000109510642522 0.5001594034332081 0.4999842878044334 
0.03381188215448855 0.07732781427599317 0.49995936926040213 0.5001325398110812 0.5000234029049654 0.49986386097385904 0.4999695342397671 
0.7567430084050166 0.5258296713874827 0.500037038610496 0.500143818082596 0.4998957193455735 0.4998335101973608 0.5000017081331113 
0.0779307667527642 0.1667961911704528 0.4999359783517504 0.4999657571356626 0.5000284650648538 0.49990203889654783 0.49999367648096843 
0.8523912328997897 0.05601157109797095 0.4999361404988008 0.500079411970981 0.5000897060339738 0.5001518695041793 0.49998555802958383 
0.776647890976238 0.14750719925058042 0.5001088032465385 0.5000295670869205 0.5000109510642522 0.4999106129393447 0.4998204452022625 
0.9445235493924993 0.05601157109797095 0.5001134622308866 0.500079411970981 0.5000897060339738 0.49983737275619944 0.4999112069857953 
0.9575966833707109 0.5786833314726998 0.4999613421537346 0.4999747828269231 0.5000286680899707 0.4998433601779029 0.49976344293005415 
0.5772665619238684 0.8469029021288479 0.4999601596338725 0.5000831253534739 0.5000950215178113 0.49984471605467046 0.49992223396207824 
0.7705649490351689 0.005456816337352163 0.4999577750146879 0.5000265024123486 0.49989680252923796 0.4998608663376022 0.499974400308147 
0.6015948752744266 0.8696197326488543 0.4999544894310567 0.5001191722968261 0.49998498579764084 0.49983337394080024 0.49999367648096843 
0.6584981543490414 0.6870503183967963 0.49995960179685633 0.5000286831441951 0.5000219888386195 0.4998140854427402 0.4997555816721749 
0.11235257500847906 0.07732781427599317 0.49995707509775905 0.5000301622388119 0.5000116139939167 0.49986187858059355 0.499961110433297 
0.8418457013446959 0.5987063730076907 0.4999589257612503 0.5000249747383351 0.5000204125241036 0.4998713099098633 0.49988731787899154 
1.0 0.9651641077235711 0.5000924061937803 0.5001420113972525 0.4998955328709479 0.49983728351671103 0.4999678687799587 
0.9058366205269982 0.05601157109797095 0.5001134622308866 0.500079411970981 0.5000897060339738 0.49983737275619944 0.4999112069857953 
0.701002811325792 0.9303152033818686 0.5000327839758203 0.500025842732517 0.4998938551929394 0.4998225371470528 0.4999894874167579 
0.8064704173631136 0.723440191043365 0.4999652111349277 0.5000245517351797 0.5000178384309031 0.49983058189143253 0.49992581791147 
0.9058366205269982 0.0820936281766963 0.5001134622308866 0.500079411970981 0.5000897060339738 0.49983737275619944 0.4999112069857953 
0.050697512644884424 0.9262206349848455 0.5000331831432521 0.5000757993982697 0.5000169636207498 0.49990272353799103 0.49999367648096843 
0.9989143192877274 0.2040731699327757 0.5000339427654639 0.5000282997622885 0.5000257930765974 0.499874153259379 0.5000039758629765 
0.31150816083584243 0.5198049652363456 0.5001224914364812 0.500140040928086 0.5000147789893153 0.4998734640452142 0.5001310772784331 
0.2308243350914757 0.8958402945198013 0.500100225520538 0.49996805783850584 0.5000193143525608 0.4996203952372492 0.49996783950901114 
0.9494973597069885 0.9895828081622418 0.4999592026911015 0.5001126584138369 0.5000234852687825 0.5001485174213985 0.49996870826604056 
0.8253507918437548 0.5258296713874827 0.49996511175545894 0.5001443449607821 0.4998958561095205 0.49985241823866766 0.49996973514063064 
0.9494973597069885 0.9895828081622418 0.4999592026911015 0.5001126584138369 0.5000234852687825 0.5001485174213985 0.49996870826604056 
0.8163316952573966 0.0949620653305174 0.5000356210975586 0.5001443449607821 0.5000289645056535 0.4998371512179799 0.5000039619244524 
0.21450389985506474 0.6157391351364319 0.5001003921769143 0.49996517953450803 0.5000220344657191 0.4998484593462049 0.4999692551151885 
0.7977055047774434 0.2249092893018958 0.49995052788517697 0.5000781793550307 0.5000207790664941 0.4998341708158471 0.5000037884396128 
0.8393417165877936 0.733367808263207 0.5000348924295422 0.5001274454709999 0.5003024497087689 0.49985291968594664 0.4999698129870603 
0.8172347673656069 0.09664671724286579 0.49995283881371605 0.5000307229381133 0.5000320812152772 0.4998371693838258 0.49988965819355075 
0.7480233648055836 0.5258296713874827 0.5000398386279026 0.5001404848626786 0.4998975717606074 0.4998373456228472 0.49997061306815793 
0.701002811325792 0.9256350847204277 0.5000416625324661 0.5000271120581733 0.49987771771793055 0.4998225371470528 0.4999894874167579 
0.2739906976231047 0.5337804090998503 0.5001060416144603 0.5000269688947563 0.4998968704394086 0.499858856674068 0.49996970592637785 
0.04659208534476564 0.8671595997677555 0.49994018396612994 0.5000271005118171 0.5000259936334502 0.499901951419181 0.4998000965072077 
0.7960093401211747 0.9187948389651366 0.5000880698586496 0.5000307256990825 0.5000320812152772 0.499831941515379 0.49989073106461945 
0.6260635909172834 0.3923670870749945 0.49995447891858413 0.49998886842919116 0.49989747267572954 0.4998596541335583 0.4998905309412616 
0.7179649542440535 0.15340696287963856 0.4999648041615361 0.5000285148528666 0.5000107002687286 0.5001800107302798 0.49982100717228645 
0.6678919833801331 0.6812590009589283 0.5001088032465385 0.5000286962286368 0.5000109510642522 0.4999003529123742 0.4998218125912053 
0.011069627618037509 0.9303003156248228 0.5000719580541154 0.5001311394712217 0.5000166223966723 0.4998221103669552 0.4998541092279263 
0.39973465591827106 0.8469029021288479 0.4999601596338725 0.5000831253534739 0.5000950215178113 0.49984471605467046 0.49992223396207824 
0.6260635909172834 0.3824106521441788 0.49995447891858413 0.4999868195435695 0.5000153812256364 0.49987372532366064 0.4998905309412616 
0.9457487741565603 0.3098835815034306 0.4999613421537346 0.5001310823650073 0.5000234852687825 0.5001446128463078 0.49975834568893485 
