2.1770857771154962E-17 0.09916984081037644 0.5001536004017397 0.49977325219961066 0.4996657982446154 0.5000890457897345 0.4998766132069115 
1.0 0.0 0.5001398539172809 0.5000050970809135 0.5002057108918743 0.5000693631617017 0.499983261588012 
2.1770857771154962E-17 1.0 0.5001498434892554 0.5001803257970807 0.5002311433409352 0.5000881948656901 0.4998720193976784 
1.0 1.0 0.500146236098081 0.5002139395739325 0.5009350982238946 0.5000690763736242 0.49987367426931334 
0.9976644442422848 1.0 0.5001494454856596 0.5000250830493134 0.5009350982238946 0.5000122563758633 0.49987367426931334 
0.9999946130632548 0.9999031295021187 0.5000246596143423 0.49981590921363267 0.4996388806651066 0.5000685668116766 0.49995686330573225 
0.16424817557035082 0.19752602008133824 0.5001583714277873 0.5002223351716144 0.5002091311799053 0.5000717540615527 0.5000075953859336 
0.7547523994227454 0.05984165646279799 0.5001473549429546 0.5000942837419892 0.5001384652908915 0.5000881503314193 0.49998713054870847 
0.5644891365822108 0.17214468830387555 0.5001663874836724 0.5000921309692427 0.500227127771258 0.5000693352859529 0.4998667370592397 
0.38133482480717956 0.16218074434928295 0.5001455272990827 0.49999802622398626 0.5002066397626383 0.5000689986228606 0.49987376717314264 
0.4422845696223236 0.1311521765758606 0.5001544770552264 0.5002213117706328 0.5001769408562182 0.5000807883690462 0.4998484247096193 
0.054756943073054454 0.03791404325571157 0.5001484392626624 0.5000909667380711 0.5001633361447095 0.5000686503046327 0.4998552113811614 
0.7966557193493875 0.026325150069002212 0.5001129392167785 0.5000930988100689 0.5002837141177405 0.5000690051307508 0.4998743882710256 
0.38133482480717956 0.9440837181610355 0.5001452809394789 0.4999979831513568 0.5002282553678907 0.5000669399166157 0.49987376717314264 
0.3412193615492745 0.16335025459382166 0.5002641989480143 0.4999943205906164 0.5001962109865928 0.5000689986228606 0.4998732031120118 
0.9010035629879366 0.10182268551579249 0.5002574646978464 0.5001944337518569 0.5002266269473494 0.5000211410615473 0.4998505995252654 
0.016020513632764466 0.7841404294583089 0.5001480751261395 0.4997666539672061 0.5001754168571829 0.5000638801452646 0.499988279991267 
0.7966557193493875 0.07589217133701848 0.5001129392167785 0.5000930988100689 0.5002837141177405 0.5000690051307508 0.49988741627604033 
0.21587129283658907 0.9295301920467802 0.5001397574000811 0.5001021470432422 0.5001975866577857 0.5000662553594306 0.49987377719177356 
0.9129278187203778 0.9144051242251494 0.5001435049594518 0.49999744711003097 0.5001718234383813 0.5000547629489891 0.4998789173912552 
0.9955230761705457 0.8697013660565218 0.5001333567252985 0.5001120841372748 0.5002305714424956 0.5000691896846929 0.499983261588012 
0.6196334079118287 0.028070323963936175 0.5001459354315779 0.5002060627501113 0.500175414907792 0.5000741393348664 0.49998747784539493 
0.4231275446053028 0.196646039055902 0.500139796530362 0.5000930988100689 0.5002850784940417 0.5000122080390744 0.4998743882710256 
0.7065246480644275 0.8719128752345506 0.5002558198434891 0.5001122623813327 0.5001974314745631 0.5000897328606997 0.49988609621504143 
0.9495029553178254 0.7849407037970928 0.500217657876516 0.5001026167606462 0.5001713533257129 0.5000795233638196 0.49986676080724396 
0.3520146943821199 0.9137556207518589 0.5001400266146867 0.5000300172958819 0.5002137690232359 0.5001643640067108 0.4998629600492747 
0.8570965685746258 0.7757975817037661 0.500170129670352 0.49974910382019394 0.500179209589964 0.49999965993393863 0.4998797066808686 
0.3060803661579044 0.24747507571880545 0.5001396641439607 0.5002137108876566 0.5001974408434188 0.5000576746837659 0.49998285127233205 
0.9943514435819498 0.3351883802111937 0.5001398539172809 0.5000050970809135 0.5002070981374409 0.5000690674802554 0.4999875610054851 
0.4109475182151982 0.3479510346550393 0.5002784571552928 0.4997723959909755 0.5001819827270494 0.500054758506486 0.5002164180620391 
0.6348041093740252 0.8134958760185994 0.5001697631803109 0.5000078080692401 0.5002270432999443 0.5000125315391106 0.4999538600998395 
0.867613867750891 0.3287130475297066 0.5001529090420691 0.500209092063736 0.5001822010059858 0.5000134786231349 0.5001918745645403 
0.8077120362260192 0.9715431479608665 0.5001462095852905 0.5000055458747646 0.5002280466493111 0.49999429613172147 0.4998674963439775 
0.9746327666251201 0.026476239132693754 0.5001723952216645 0.5000889300479483 0.5002808762081574 0.5000801898379613 0.4998661306940344 
0.9238714028030733 0.03791404325571157 0.5001514164659858 0.5002095476741061 0.500175414907792 0.5000741393348664 0.49982646549427534 
0.795229706968623 0.9999391534559221 0.5001400443494664 0.5000973216071425 0.5002148723285965 0.5000560258189976 0.49987439344528156 
0.7762172951060059 0.8207451110105273 0.5001126114163461 0.5000925115130063 0.5002274136207465 0.5000690673355274 0.5001773815229229 
0.7446206347827962 0.9204424652608965 0.5001514257231049 0.5000963998703805 0.500197595423788 0.5000207953690723 0.5002343851684218 
0.4984793513142863 0.17214468830387555 0.500148930976922 0.5000921309692427 0.5001750755957836 0.5000692672429423 0.4998667370592397 
0.9376040406677643 0.9935599826947927 0.5001485322190083 0.5000050775473355 0.5002127328279393 0.5000690673355274 0.5001961427237341 
0.9984423903858183 0.8031445905756934 0.5008112213686049 0.500219411831943 0.5002069551159338 0.5000690673355274 0.5001748242205718 
0.20071024838634588 0.8797629298481013 0.500144798888091 0.5002087990574321 0.5002137690232359 0.5001667058018805 0.49998229114059173 
0.7619104734702027 0.3325207797247189 0.5002564489247165 0.4999968273532526 0.500197348627767 0.5000551809448135 0.49987367452110293 
0.9657582729986415 0.13710166902499474 0.500071395952551 0.5002206790527843 0.5002128700103661 0.5000819625877151 0.49986674794139513 
0.7349122068106932 0.10182268551579249 0.5002574646978464 0.5001944337518569 0.5002266269473494 0.5000211410615473 0.4998505995252654 
0.20311015544852765 0.7968958977512954 0.5001414843591793 0.5001109356370119 0.5002067921229925 0.5000120041619318 0.49994223599925974 
0.8161230659812746 0.8030708262100115 0.5001126114163461 0.5000050775473355 0.5002127328279393 0.5000690673355274 0.5001750585686484 
0.8756231473045691 0.002391514244829987 0.5001400268695907 0.500096634517627 0.500200282023052 0.5000524360011986 0.4998909460221875 
0.5903265614368765 0.9569537023380276 0.5001346525946019 0.5000974215250316 0.5002259291553042 0.5000209643906028 0.49993724181220567 
0.9294389163647154 0.026476239132693754 0.5001723952216645 0.5000889300479483 0.5002808762081574 0.5000801898379613 0.4998661306940344 
0.8741649833285794 0.9454710626940356 0.5001126114163461 0.5000925115130063 0.5002269312165223 0.5000690673355274 0.4996584442956771 
0.7641422208314179 0.35930042457833083 0.5001511081316142 0.5000243298146306 0.5001975297144763 0.5000132594674163 0.49987367452110293 
0.29384695067153443 0.9188653801718933 0.5001400558727475 0.49974802955895065 0.5002143702037428 0.500056349888446 0.49998256333440244 
0.4124579943158663 0.1620793979295965 0.500263034244769 0.4997916198346694 0.5001769203788051 0.5000552186815758 0.5002747573574033 
0.5998516219722732 0.01344625519040199 0.5001396953412379 0.5001061832675199 0.5001975866577857 0.5000551785348042 0.4998750284479429 
0.09478844885957255 0.3287130475297066 0.5001531923561578 0.500209092063736 0.5001822010059858 0.5000134786231349 0.5001950276632622 
0.2505832354944852 0.9793420447858557 0.5001543696070133 0.4998083774020413 0.5001633361447095 0.5000856533640512 0.4998559162760242 
0.6361815241532646 0.16117580503658008 0.500171391555876 0.500097606271578 0.5002259291553042 0.5000211410615473 0.49994424531393566 
0.6542998888506817 0.8134958760185994 0.500074671822405 0.5000078080692401 0.5002127855390524 0.5000144386193318 0.49995164829036254 
0.49156178722796484 0.2604400173919032 0.5002564489247165 0.4999968273532526 0.500257590669922 0.5000815478437511 0.49987367452110293 
0.5311768637109637 0.1960972245075525 0.5001122637561914 0.5000234505296641 0.5001975305956556 0.500014648332596 0.5001739859491832 
0.8796020968321967 0.2423589101370323 0.5001396192136857 0.4997666539672061 0.5001973604845785 0.5000629525802942 0.4999828400251858 
0.6713945773343318 0.34002740392028225 0.5001529090420691 0.5002090913332892 0.5001822511350095 0.500014419259007 0.5001916402164637 
0.2578733784235341 0.9852886440307089 0.5001543570370578 0.499796457809078 0.5001639874666584 0.5000856533640512 0.4999991093723062 
0.49895502500466304 0.9755300536857541 0.5001528055335066 0.500005367804609 0.5002567065000413 0.5000547060971539 0.5000099166453732 
0.6909947650129794 0.17708311009217909 0.5001663874836724 0.5001662297917893 0.500227127771258 0.5000692670794364 0.4998697091395137 
0.3284449124949263 0.9305254694836899 0.5001459663661022 0.5000881424909084 0.5002280466493111 0.49999657034843215 0.49986550437678 
0.7117907737856003 0.7583676896969747 0.5001488095821671 0.5001026105582657 0.500205733024511 0.5000127719945888 0.49985111921019476 
1.0 0.14049977165264838 0.5001398539172809 0.5000893887050784 0.5002064685924417 0.5000815416287877 0.4999875610054851 
0.44996865843659184 0.8356786529228762 0.5001346604159187 0.5000930827438275 0.5002059763235607 0.5000035959793538 0.49998988061645944 
0.10202161935845522 0.2771463907063862 0.5001495814507099 0.500209092063736 0.5001979775154182 0.5000134786231349 0.49986620637198304 
0.7319559811026907 0.7911884776218305 0.5001254078214404 0.5002190844749529 0.500182196470626 0.5000134979834596 0.49995164829036254 
0.46828528344896353 0.9335410041044564 0.5001393212705872 0.5002083462588391 0.5002278316435191 0.5000813059971966 0.499987140105169 
0.5514215154180678 0.07250002512818293 0.5001446966446162 0.5002234192267552 0.5002070556791114 0.5000241142738696 0.5001659168686172 
0.915941737102174 0.8030708262100115 0.5001126114163461 0.4999975259399395 0.5002127328279393 0.500069139589776 0.5001750585686484 
0.9984423903858183 0.8097345301509316 0.5008112213686049 0.500219411831943 0.5002069551159338 0.5000690673355274 0.5001739775456956 
0.5514215154180678 0.011123120980336743 0.5001446966446162 0.5002249015749678 0.5002294125578698 0.5000241142738696 0.5001634396569248 
0.4590084951737033 0.9295301920467802 0.5001397574000811 0.5001021470432422 0.5001693889432698 0.5000662553594306 0.4998736752448154 
0.3434383470743719 0.254872655697045 0.5001401614432496 0.500087849313164 0.5002122924944338 0.5001659247848576 0.4999807688234172 
0.5211559035854187 0.7860811588719212 0.5001357992799307 0.5000063306968902 0.5002122969001871 0.5000663913888129 0.49986475684330595 
1.0 0.026261434602807332 0.5001496852909514 0.5000050970809135 0.5002057108918743 0.5000693631617017 0.499983261588012 
0.41859906916841494 0.9673762030548049 0.5001519001952991 0.5002151524257472 0.5001754254629244 0.5000741393348664 0.49982646549427534 
0.8474749469762414 0.7949058930965207 0.5001703455791053 0.5002177199855345 0.5001975305956556 0.500014692473541 0.5001708846671331 
0.1229287025308497 0.8076708620638284 0.5001422429380232 0.5000930988100689 0.5001950171816265 0.5000584640466449 0.49985778504866857 
0.4984804324851935 0.7860811588719212 0.5001482998933516 0.5000070826118636 0.5002122969001871 0.5000663913888129 0.49986475684330595 
0.885807101763689 0.8156050104891458 0.500170129670352 0.49974910382019394 0.500179209589964 0.49999965993393863 0.499879564784931 
0.6475370985526931 0.25243806246431 0.5001396658339422 0.5000243298146306 0.500200223420735 0.5000132594674163 0.4998752601697804 
0.7689365072274787 0.14626655290504698 0.5001704363145253 0.5000234505296641 0.500197430091603 0.5000540289073395 0.5001739859491832 
0.6719972135687855 0.8135038316278146 0.5001126114163461 0.5000050775473355 0.5002127328279393 0.5000690673355274 0.5001748242205718 
0.7375177345929338 0.1367332096185373 0.5001395678479011 0.5001044754810103 0.5002266269473494 0.5000209105922857 0.49999192492563505 
0.5913494582009731 0.9961644802394674 0.5002537547950332 0.5001901483026386 0.50022713365523 0.5000890457897345 0.49986635361840026 
0.49858782099150284 0.14626655290504698 0.5001704363145253 0.5000234505296641 0.500257672133758 0.5000803958062771 0.5001739859491832 
0.1229287025308497 0.19527609091676654 0.5001422429380232 0.5000930988100689 0.5001961090049427 0.5000584640466449 0.49985778504866857 
0.8474749469762414 0.14983093458363578 0.5001717014365081 0.5000224799947433 0.5001975305956556 0.500014692473541 0.5001739859491832 
0.7349378527303921 0.8031366349664781 0.5001254078214404 0.500219083744506 0.5001822465996498 0.5000144386193318 0.49995164829036254 
0.6805976239078456 0.1622859452624152 0.5001521076874376 0.4999943205906164 0.5001962109865928 0.500066161320607 0.4998732031120118 
0.6743355980213539 0.10182268551579249 0.5002544596882047 0.5001938986671987 0.500228316853281 0.5000767015239583 0.4998505995252654 
0.6476992907000475 0.9204424652608965 0.5001399834254329 0.5000963998703805 0.500200282023052 0.5000207953690723 0.5002343851684218 
0.8298271715858065 0.8746704359521863 0.5001542932581265 0.5000050775473355 0.5001745301632581 0.5000692059217895 0.49982561141577037 
1.0 0.9987892639392164 0.5001339269379602 0.5000036147327007 0.5002083251693697 0.5000693631617017 0.4999857387997044 
