1.0 0.0 0.4981767632474479 0.5016160875018912 0.5010611416715601 0.4992444413109374 0.4006845620187442 
1.0 0.0 0.4981767632474479 0.5016160875018912 0.5010611416715601 0.4992444413109374 0.4006845620187442 
2.6207042766568944E-17 1.0 0.5002282385088858 0.5002926262031268 0.5000765854019538 0.49978862739234997 0.39904621444871397 
1.0 1.0 0.4997918078332901 0.5922459203686424 0.46565572464235083 0.4999471265950452 0.39724223973256123 
2.6207042766568944E-17 0.9003383827162904 0.5002282385088858 0.5003798471001947 0.5000709537778315 0.4997853979963661 0.39904621444871397 
0.9916644079335712 1.0 0.4997751156695042 0.5007371907879958 0.5002288434260548 0.4999343210386734 0.4001231327922461 
1.0 2.6113368475601427E-10 0.4981767632474479 0.5016160875018912 0.5004155850975353 0.4992444413109374 0.4006845620187442 
2.6207042766568944E-17 0.42284642859267146 0.5001433178752206 0.5007527880885037 0.5001345652490589 0.5002588229336349 0.5017971007597136 
0.9994923574556662 3.8523142231515524E-9 0.4997226511800678 0.5002838306315074 0.5004151302141776 0.498777397037604 0.5003827483205785 
0.9993330987371277 0.0 0.4997647870458981 0.500292201040363 0.5000728940840151 0.49993051260720217 0.40007515575954994 
0.8700086268171139 0.0014825952466732684 0.49976473985082587 0.500292201040363 0.5000764160487278 0.4999608524546771 0.49998030723366893 
0.999996426649784 0.0 0.4997615458114352 0.5002903685260359 0.5000728940840151 0.49993051260720217 0.4020243033011995 
0.9995484285136829 1.10405098670609E-15 0.4991132782502534 0.5002843847337567 0.4986282957539497 0.49992604752251335 0.4006628103890744 
0.9993330987371277 0.0 0.4997647870458981 0.500292201040363 0.5000728940840151 0.49993051260720217 0.40007515575954994 
0.5962395766279702 0.4388307109542673 0.5001460290203833 0.5004372855110534 0.5000729535407541 0.49993437594798457 0.4998668005720684 
2.6207042766568944E-17 0.0 0.49975701045209064 0.5002922002155503 0.5000714438251811 0.49993051260720217 0.400521872077482 
0.06607156338876177 0.0 0.5002267547310331 0.5002926074416394 0.50007385619155 0.49993051260720217 0.49896086552511354 
0.05445913016024981 0.0 0.500228310923529 0.500440271566978 0.5000704011649139 0.4999353110064058 0.49852938575709815 
0.019790203202291544 3.8523142231515524E-9 0.5002095118888006 0.5002796897635494 0.5004030231581528 0.498777397037604 0.5003824126086972 
0.014712234383197964 0.9999983953730854 0.5002071059829732 0.5004422996451983 0.5016673544440069 0.4998852915120051 0.5003531898195395 
1.0 3.9722080275750825E-4 0.5002074467627701 0.5007556181490668 0.4994225428269678 0.4999422228547467 0.49911155624302955 
0.999977180017608 0.008493754330217831 0.4997611290537488 0.5004368454995608 0.5000822155739731 0.49994180532304555 0.5005043006213024 
2.6207042766568944E-17 0.9999983393335393 0.500228226785024 0.5003778838826856 0.5003856354513339 0.49978862739234997 0.4002091272283292 
5.995145899855836E-4 0.9999983953730854 0.5002071059829732 0.5004422996451983 0.5016902318524229 0.4997886034837285 0.5003531898195395 
0.2193013190108389 0.005440232882251261 0.49970012103811773 0.5002883519392991 0.5000694790125086 0.49998957466856686 0.5003280921342022 
0.3654199871366761 0.9419178464027296 0.49969855281441783 0.5004405473798238 0.5002672390843381 0.49993618539205 0.5003335625677588 
0.9995484285136829 1.10405098670609E-15 0.4991132782502534 0.5002843847337567 0.4986282957539497 0.49992604752251335 0.4006628103890744 
0.999996426649784 0.0 0.4997615458114352 0.5002903685260359 0.5000728940840151 0.49993051260720217 0.4020243033011995 
0.40635675831573126 0.0 0.500228310923529 0.5002964566987894 0.5000704011649139 0.49993194952498066 0.49852938575709815 
0.9954815483953372 0.2806597173873432 0.5001460290203833 0.5004388132615527 0.5000819096499963 0.49993437594798457 0.4998881589514527 
0.13127877203108684 0.7890689543829965 0.5001362562282754 0.5004404423925087 0.5000759816928434 0.49993437323260476 0.499843070000554 
0.019790203202291544 1.46071091264978E-5 0.4997274739802722 0.5002796897635494 0.500098266273306 0.49994581971852076 0.5003991023642125 
0.12488860654342415 0.03862831479237272 0.4997649859390887 0.5004405473798238 0.5002258974222402 0.4999305128730191 0.5003335625677588 
0.3654199871366761 0.8775142121053452 0.4997233395747052 0.5004405473798238 0.5002672390843381 0.49993069669630263 0.5003334722510571 
0.5505466721616877 0.9512387167462482 0.5002999095628103 0.5004401662038249 0.5000864577321594 0.4997542658424674 0.500355670334914 
0.3907855680239628 0.9604993591476892 0.5001381942202523 0.5002926387975786 0.5003142076026853 0.49993194201280117 0.4998935353751108 
0.513335097547436 0.5508011207383597 0.49972317147922385 0.5004405473798238 0.49978395331979864 0.499947891062997 0.5003370256281988 
0.8714130181321468 0.0 0.49976473985082587 0.500292201040363 0.5000728940840151 0.4999608524546771 0.49998030723366893 
0.0023204379059674207 0.9913958168453633 0.5001506368225401 0.5004324405804673 0.5000765889616247 0.49993437323260476 0.5005484878216139 
0.0023204379059674207 0.7985304317613339 0.5001506368225401 0.5004324071166654 0.5000765889616247 0.49993437323260476 0.500542945752506 
0.9397327776009913 0.03302893437684179 0.49976473985082587 0.500292201040363 0.5000728940840151 0.4999608524546771 0.49998030723366893 
0.5839028852865439 0.2699923207547915 0.49972182865274 0.5004405531119236 0.50008603456285 0.49993380148007904 0.5004509070392212 
0.5853668856191552 0.00453808738460193 0.49972182865274 0.5004406232815461 0.5000865143843796 0.4999303935553136 0.5004502317498659 
0.9350802920594561 0.0072444549046906115 0.4997708397578505 0.5002926387975786 0.500075827413384 0.49993194201280117 0.4998935353751108 
0.9731078998011111 0.014714785482986742 0.4997823798234462 0.5004476932762374 0.5000708288063734 0.4999356305501488 0.5005043006213024 
0.48012645916732616 0.02350324568551576 0.5001489526543232 0.5004324071166654 0.5000738604992107 0.49993437323260476 0.499843070000554 
0.010879630802637319 0.0012629814429319652 0.5002067988773764 0.500292201040363 0.5017118648073701 0.49995970869789497 0.5003544905169623 
0.21667528648714085 0.03862831479237272 0.4997649859390887 0.5004405473798238 0.5002258974222402 0.4999305128730191 0.5003335625677588 
0.5924629090244621 0.3084830845817659 0.49970791833599276 0.5002942350369098 0.500232174011117 0.49993397411397483 0.5003549335076632 
0.9090064072924892 0.9780183542646654 0.4996966595839363 0.5002943871809148 0.5000806360019981 0.49993438261296097 0.4998735346414017 
0.9317198601365331 0.2900657515841564 0.5001460290203833 0.5004372855110534 0.5002238543283044 0.49993437594798457 0.49986679773741854 
0.1254802770596251 0.9913629602056445 0.4996643343010661 0.5004426034192079 0.5002678457919024 0.4999378069641156 0.5003565926603074 
0.4917656922666389 0.9419178464027296 0.49969855281441783 0.5004405473798238 0.5002469196208099 0.4997947709714915 0.5003335625677588 
0.9939650690885165 0.037952243238421 0.49976473985082587 0.500439117802358 0.5000728801507855 0.49993369071289334 0.49998030723366893 
0.9245424850343152 0.005825295980569384 0.4997224954199587 0.5004405647891604 0.5002334133856876 0.49993380148007904 0.5004509042045715 
0.9917400124342182 0.4048368429319902 0.4997207884220126 0.500437111654912 0.5000729535407541 0.49993437594798457 0.4998668005720684 
0.453892271889411 0.7890689543829965 0.5001489526543232 0.5004324071166654 0.5000738605187028 0.49993437323260476 0.499843070000554 
0.5256204943972467 0.9913629602056445 0.4996578605848588 0.5004426034192079 0.5002678457919024 0.4999378069641156 0.5003565926603074 
0.05050408704726811 0.9780183542646654 0.4997084128259519 0.5002994211459937 0.5000817245277623 0.49993438261296097 0.49982374233602256 
0.453892271889411 0.8423090457302239 0.5001489526543232 0.5004324071166654 0.5000738605187028 0.49993437323260476 0.499843070000554 
0.9999997693061334 0.84091326075374 0.49904490224375886 0.5002922104049132 0.5000998395177628 0.4999343124094189 0.5006255204629158 
0.4152404864119799 0.08796341445041561 0.5001515014190695 0.5004369674500869 0.5000979370601388 0.49993059555363 0.5003137433142617 
0.013586413357291383 0.7871577128142055 0.5002235610652108 0.5002913022962244 0.5000765451065136 0.49993760262858855 0.499843070000554 
0.4407547808253377 0.9913629602056445 0.49965618049912647 0.5004426034192079 0.500225722631082 0.500008827148154 0.5003592081186687 
0.48372677354883753 0.28388186781702784 0.5001459544797406 0.5004372179597771 0.5000764755054667 0.49993437593492956 0.4998668005720684 
0.9999556557429893 0.5474274308578898 0.5002441487108704 0.5002957893776857 0.49921903787065053 0.4998919169570111 0.500336451673089 
0.07348637077760095 0.9999999999999972 0.5001381942202523 0.5004364536657672 0.5003142076026853 0.49993525633050223 0.4998935353751108 
0.5785739105774013 0.030735652770067873 0.5001460290203833 0.500289802649825 0.5000765521657122 0.4999305837394839 0.4998668005720684 
0.5948351886025407 0.39304224238559404 0.5001460290203833 0.5004372855110534 0.5000764755054667 0.49993437594798457 0.4998668005720684 
0.5951262023706481 0.3234957375627311 0.5001204775715884 0.5004342876438 0.5001672041636845 0.49993499166523203 0.5003464557502061 
0.9999331639361295 0.84091326075374 0.5001489526543232 0.5002922104049132 0.5000998395177628 0.49993437323260476 0.49984506021310016 
0.013586413357291383 0.9844972726750656 0.5002213044473649 0.5002958646349195 0.5000728362105887 0.4999342299352915 0.499843070000554 
0.998065346072702 0.0037680109787497362 0.49972760068619626 0.500432759295276 0.5000742476855308 0.49993437323260476 0.5002996419807719 
0.9999885460291325 0.5414189030604917 0.49974420208085313 0.5004509172079454 0.49922132598893243 0.4998919169570111 0.500336451673089 
0.5505466721616877 0.9999999999999999 0.4997277296960393 0.5004401662038249 0.5000876348980865 0.5011024339857527 0.5003536181542345 
0.9954815483953372 0.3173641888104487 0.5001589100779806 0.5004487430041064 0.5000819096499963 0.5002368435752721 0.4998881589514527 
1.0 0.879138112411694 0.4990493434402702 0.5004524049841951 0.5002262218065102 0.49993046724583 0.5006254392985575 
0.9558846457067212 0.7841319919483343 0.4997004149309585 0.5003783799324403 0.5000738605187028 0.49993437323260476 0.5003735809911434 
1.0 0.9041666511043791 0.49902455667998286 0.5004524049841951 0.5002262218065102 0.49993595594157736 0.5006255296152593 
0.9884179264247777 0.6628772227154001 0.49972392252764447 0.5003108503203815 0.4992175148307545 0.49993380148007904 0.5004509070392212 
0.9773944971553161 0.9999999999999999 0.4996844492291 0.5002913893136615 0.501626284760901 0.5010286613783914 0.5003852454613027 
0.513335097547436 0.5591243592272117 0.49972317147922385 0.5004405473798238 0.49978395331979864 0.49998957466856686 0.5003335625677588 
0.998065346072702 0.548222448705962 0.49972760068619626 0.500432759295276 0.5000742476855308 0.49993437323260476 0.5003016760303253 
0.9994124359318323 0.2900657515841564 0.5001636853059708 0.5003112420735786 0.5000710239154352 0.49989025712480933 0.4998648130008537 
0.9997581416515174 0.9522693734686841 0.5001569309927238 0.5004322609842135 0.5000719756884968 0.49999249433410015 0.5003557013075489 
0.9254870255244037 0.2699923207547915 0.4997196285615172 0.5004405647891604 0.5002334133856876 0.49993380148007904 0.5004509042045715 
0.9317198601365331 0.2900657515841564 0.5001460290203833 0.5004372855110534 0.5002238543283044 0.49993437594798457 0.49986679773741854 
0.9944291377613456 0.7890689543829965 0.5001505814691188 0.5002995094659699 0.5000751978127265 0.49993437323260476 0.499843070000554 
0.5045245907326672 0.9920370662385343 0.49970015024781045 0.5002883519392991 0.5000694790125086 0.49998957466856686 0.5003983458307767 
0.558914447465355 0.9999999999999999 0.4997279042941168 0.5004364730492611 0.5000876348980865 0.5011023820388816 0.5003536181542345 
0.998756238274285 0.5414189030604917 0.4997239097654202 0.5002957700848737 0.49921903787065053 0.4998919169570111 0.500336451673089 
0.9157177250667767 0.9999999999999998 0.4996711081351414 0.5002913893136615 0.5001713646602161 0.49993499833020844 0.5003531898195395 
0.4508392929171252 0.9882252379008167 0.5001514987756649 0.5004369674500869 0.5000979370601388 0.49993059555363 0.5003137433142617 
2.6207042766568944E-17 0.9999999999999997 0.5002282385088858 0.5002926262031268 0.5000765854019538 0.49978862739234997 0.39904621444871397 
0.5962395766279702 0.4048368429319902 0.5001460290203833 0.5004372855110534 0.5000729535407541 0.49993437594798457 0.4998668005720684 
0.928442284133497 0.2699923207547915 0.49972402583977055 0.5004405647891604 0.5002334133856876 0.499932852310709 0.5004509042045715 
0.5951262023706481 0.9676457587472211 0.5001201986534937 0.5004339629583305 0.500074988656453 0.49993436494013865 0.5003584632460927 
0.9999958691129587 0.6027759309383491 0.4997239097654202 0.5003113078089572 0.49921903787065053 0.4998919169570111 0.500336451673089 
0.5853668856191552 0.006050959256796912 0.49972182865274 0.5004405531119236 0.5000865143843796 0.4999303161300651 0.5004509070392212 
0.9999529220820547 0.7841319919483343 0.5001489526543232 0.5004324071166654 0.5000738605187028 0.49993437323260476 0.5003735809911434 
