0.0 0.8484198087912965 0.49989456207484206 0.5000007854890516 0.4998347013958681 0.5008311127687194 0.4998695190121938 
1.0 1.0 0.49547028922616676 0.4995362999775256 0.5002630050894984 0.4005987753942401 0.49992580280050664 
1.0 0.0 0.3998271773193588 0.5002012173761977 0.49934673302701044 0.3993977139204123 0.5001370936908969 
0.0 0.8484198087912965 0.49989456207484206 0.5000007854890516 0.4998347013958681 0.5008311127687194 0.4998695190121938 
0.9999998899282291 0.9999999999999999 0.5010365248406875 0.5000200827912747 0.499327486826315 0.4006286570082901 0.499869316050458 
0.999374691268111 0.0 0.4995795656850605 0.5002698436149439 0.5002829849536621 0.500896174586059 0.5002611595872256 
0.7753820638087034 0.9999999999999999 0.5000709973054704 0.5001968667628337 0.4997865075634989 0.49988792676273075 0.49970284916611085 
0.6736710155396217 0.9808250088784155 0.49998354756417324 0.49953077351942937 0.49986189039804985 0.5000449048707006 0.49992601312944607 
1.0 0.9776848169297465 0.4999616150962356 0.5006493635475939 0.5002343380072274 0.4006248097833107 0.5001447800489569 
0.6964279536462477 1.9035171812554889E-6 0.49996713238018575 0.5000197542346251 0.500527631809606 0.5008596859466948 0.5001375086183812 
0.04561952045992185 0.9999994052115522 0.5000232236560136 0.5000113016539871 0.4998654860263005 0.49994834450047765 0.5001284323728026 
0.5769661944074689 0.00359149301303624 0.5000532213630192 0.49997384552782487 0.4998687185808659 0.4999725570651118 0.49974973585593324 
0.9999734064464466 1.0 0.5000607229780917 0.4995591150914452 0.5002632472470799 0.4981931347547349 0.49987379399099496 
0.999999633319679 0.9999009285689617 0.499500500538721 0.499558153092782 0.49892591407282705 0.500886283543001 0.4997437691564548 
0.9065060034079319 0.07392497511901149 0.49973054453374544 0.5000223335424716 0.49984018888708803 0.49927802551007794 0.4996954428127471 
0.0016012109369035778 0.7753164088978535 0.5000310367311227 0.49998809028592556 0.499842440497711 0.4999402788641438 0.49969911845607984 
0.3864225585848472 0.7597309592841145 0.4999427834297339 0.4999916979606356 0.4998475459384077 0.5007755720608723 0.5001413262747959 
0.4057907139394091 0.7378197635610266 0.4995376651291492 0.5000225231594166 0.4998685866794813 0.49952900873148587 0.5002613149198926 
0.1829385546692499 8.325936642784707E-7 0.499953963653069 0.4995150572575183 0.49986968355307754 0.4994822259326466 0.5001498655282596 
0.17180339897275632 0.28152701423279375 0.49952933462675025 0.5000035641777707 0.4998268796207937 0.4999539309691701 0.49974916548918225 
0.005977095878332561 0.9694787632004123 0.49972050812647195 0.4999977493105498 0.49984054732483274 0.5005864783808273 0.49969945357635037 
0.2605015830805416 1.2674544215435213E-4 0.4999671305038616 0.4999786663283997 0.4998707361565352 0.5008594894094424 0.5001368606230276 
1.0 0.9696004799766126 0.4985582935415493 0.4994801041206208 0.49986256792810707 0.4988369038067196 0.5002585108830271 
1.0 0.9980060074648053 0.499500500538721 0.499558153092782 0.49892591407282705 0.5020882294514829 0.4997437691564548 
0.5890913704290509 0.10319343684252517 0.49973762216885714 0.4999982116523171 0.49946729182938077 0.49999878518754265 0.4998834828494878 
0.507526450563814 0.9829313882266192 0.49997195407154515 0.5000179904377453 0.5003250299506083 0.5003944184333502 0.4999104090840614 
0.5733173234308832 0.6506709365582235 0.49954728754995253 0.5000237011798163 0.4998685866794813 0.49954390237834834 0.5002613149198926 
0.8145778524600074 0.9999999999999999 0.500073704333603 0.5001968667628337 0.49978783097910046 0.49988691994463746 0.49970285649367535 
0.8078965924146457 7.16843899229885E-4 0.4999672826450138 0.5000136134666927 0.5004951279172479 0.4992514880649322 0.4997516325249164 
0.8793525517616615 0.7095531595873166 0.4997369640099318 0.4999919486518043 0.4998470400865289 0.49925998119880066 0.499706772314279 
0.999374691268111 0.28223822383778513 0.4995795656850605 0.5002701326764802 0.50029196315038 0.4999850612061026 0.4997723741619657 
0.22604459630561438 0.9143220168223553 0.5000178349752786 0.5000131504585787 0.4994677734962287 0.49996076918571924 0.49968991527419043 
0.021364693441860982 0.9998881430238595 0.5000250766318459 0.5000139273763271 0.4994638828333852 0.4999603294571786 0.5001402270265208 
0.22604459630561438 0.9982179804738035 0.5000178349752786 0.5001867054004157 0.4998694776801917 0.4998883666144413 0.49968991527419043 
0.8300750522473853 0.0028546581029968987 0.5000392972202251 0.49952411404952773 0.49987198578903236 0.499890460671608 0.5001498655282596 
0.5120616038544035 0.00359149301303624 0.500040856482298 0.49997384552782487 0.4998687185808659 0.4999725570651118 0.4997489590061791 
0.9337328165439323 0.0862559771527171 0.4997236827140983 0.5000017752203617 0.49943865699164836 0.4999603294571786 0.5001414073444429 
0.9526906967024628 0.3175913281912255 0.49953722641573733 0.5002655912266362 0.4998685866794813 0.4999819634290157 0.5002602573479038 
0.43403209473819543 0.06657304544590786 0.49996564356513346 0.5000008830206726 0.4998700681720711 0.4999460644789212 0.4997434249398354 
1.0 0.0037170213583897433 0.4999427834297339 0.5000135430967875 0.49983238004475655 0.49924414501877196 0.4997433018246128 
0.9179980672827646 0.970140836990085 0.49972445362359663 0.5000503399626821 0.5003362152822269 0.49947107611398234 0.5002605117264403 
0.9999999265835764 0.9686707555709739 0.4997386154155993 0.5002316326015304 0.4994643041977434 0.5007787110556725 0.5001501468317747 
0.9337328165439323 0.9153753296292185 0.49972369271948625 0.5000139273763271 0.4994638828333852 0.4999603294571786 0.5001402270265208 
0.9999914514123859 0.9998734137846169 0.49972205798149244 0.4994871139401066 0.49946729182938077 0.5008747324846293 0.49988161952099786 
0.3638073206051442 0.732676277993175 0.4995808881832185 0.5000225231594166 0.4998728736815 0.5008191299212063 0.5002613149198926 
0.38211570977786213 0.9992258077964096 0.4999651061056769 0.4995499502883821 0.4998034692558828 0.5007517318954207 0.49992726823609746 
0.9597459178851933 0.0 0.499779634928591 0.500267890142651 0.5002922117255366 0.4995536664292337 0.5002611595872256 
0.39533648859398784 5.017047353851334E-4 0.4999403515615301 0.5000173158825952 0.49982869897738175 0.5005213938054313 0.49992726823609746 
0.6736710155396217 0.02025699935136266 0.499989269216048 0.4995091638844559 0.49986189039804985 0.5000814186288234 0.4999257862120338 
0.4623961202969461 0.29572423482185395 0.49953065361937554 0.5000029303236049 0.499868945117226 0.49952831138042875 0.5002663198979037 
0.09418538611338453 0.6798702014828507 0.4998850616275168 0.5002033567175571 0.49985943363256163 0.49988774968755795 0.4997028852556742 
0.8271442130779519 0.289641161181765 0.4999730946465293 0.5000022502891468 0.49987062391181386 0.4999518298323954 0.5001370504472368 
0.6611106035823712 0.289641161181765 0.5005005278180996 0.5000265885332776 0.4998683005556942 0.500080276401903 0.4997061684559436 
0.006152999835831303 0.10432710876615206 0.49994427194097724 0.49994910375907053 0.4998284851303162 0.5005085175239226 0.4997440374145306 
0.4244769263522777 0.2939695288278788 0.49995446913478264 0.5000225231594166 0.49986820335600235 0.49950763362886624 0.5002613149198926 
0.8679356969233717 0.0317185692906779 0.5005828092986409 0.5000212043952378 0.4998406416681674 0.4992955236499385 0.5001416511562635 
0.5154771306410603 0.3672819360395768 0.5005072684698071 0.5000179698272016 0.4998683005556942 0.5007298072336458 0.49993154801357376 
0.00597985536498391 0.10071356820045085 0.4997235330239718 0.5000020221426295 0.49984054732483274 0.5005676360292148 0.49970044779075823 
0.8624884019432641 0.6868886571266557 0.5000367304843464 0.49952418010755184 0.49987187745057465 0.49992308665243557 0.49974238609495764 
0.4244769263522777 0.466358813578131 0.4995376651291492 0.5000225231594166 0.4998685866794813 0.49952900873148587 0.49991466645816307 
0.9478646487726 0.8270211973002702 0.4997218397436539 0.4995438604653473 0.4998033158707494 0.49994834450047765 0.499733232527147 
0.8433368743681524 0.3029388075026509 0.5005005278180996 0.500014643204189 0.4998683005556942 0.500080276401903 0.49969726650712826 
0.308318124286382 0.002016364129888204 0.5000312340614946 0.4999726675074252 0.4998687185808659 0.4999576634182493 0.4997453010504605 
0.5141313681459542 8.661783853832206E-4 0.4999672826450138 0.5000136134666927 0.5005026770522615 0.5003934189906767 0.4997516325249164 
0.22604459630561438 0.6777560902491542 0.5000178349752786 0.49998809028592556 0.4998694776801917 0.4999402788641438 0.4996899926340005 
0.9692988916862968 0.8477854903408135 0.4997115179047193 0.4995731189113304 0.49983592706784424 0.5003910650302268 0.5001496406948651 
0.23396120250326635 0.8000483232975347 0.5000246106920273 0.5000017884226694 0.49982506533860843 0.49994097790359227 0.5001416564078605 
0.9999928111959944 0.029111356918312986 0.49997055487432657 0.5002543979640616 0.5003732093263197 0.49952235261960815 0.5002613149198926 
0.9811305378584156 3.262040558651508E-5 0.4999672826450138 0.5000136134666927 0.49937390374618845 0.4992514880649322 0.4997516325249164 
0.4464412958330496 0.0 0.4999537213564045 0.5000018123871137 0.4998705857450178 0.4999513382178783 0.5001416564078605 
0.7794579586739092 0.196804973295447 0.4999853007558352 0.5000194840799552 0.49978673475697777 0.4998889869686203 0.49970058590326144 
0.5215089030361464 0.00359149301303624 0.49996737604207564 0.5000173706993137 0.4998685698019076 0.4999725570651118 0.4997489590061791 
0.9961681031215667 0.03140420931436924 0.49996564356513346 0.5002521194751783 0.4998700681720711 0.4999472289691196 0.4997434249398354 
0.6778784005004199 0.7529866167752796 0.4997235330239718 0.5000049108270037 0.49984054732483274 0.5005676360292148 0.49970044779075823 
0.16250752312080757 0.9546978511101777 0.4995247990993772 0.5000035641777707 0.4998268796207937 0.4999539309691701 0.49974403040149135 
0.8575518799754327 0.7598429500029672 0.49972387765715703 0.5000027341251534 0.49984054732483274 0.4999426322737397 0.49969917090149113 
0.0877898073553228 0.6798702014828507 0.5000199973522297 0.5002033567175571 0.49985943363256163 0.4998883745452325 0.4997028852556742 
0.007205388794746432 0.10926574397089253 0.49994427194097724 0.49994910375907053 0.4998284851303162 0.5005085175239226 0.4997440374145306 
0.20934500962241614 0.0028546581029968987 0.499953963653069 0.4995150572575183 0.4998673180116979 0.49988849167869354 0.5001498655282596 
0.4488756353911768 0.9999999999999999 0.4999726133104669 0.5001969971627577 0.4998300496357374 0.49988691994463746 0.49970285649367535 
0.9948878763599719 3.262040558651508E-5 0.4998948365554205 0.5000136134666927 0.4993846043242977 0.4992514880649322 0.4997516325249164 
0.47325042608573986 0.36751247631718265 0.4999744970047029 0.5002552893796923 0.49945274262278255 0.4995215943168715 0.4996964679279609 
0.946181822112771 0.17198594623613275 0.499992975107965 0.5000194840799552 0.4998329938531003 0.4999680884981956 0.49974493879851634 
0.9264517273707564 0.7303629635765085 0.4999647465999588 0.5000223682999396 0.49984049475800096 0.4992699797040684 0.49992897426533367 
0.8581448881200906 0.06657304544590786 0.49996564356513346 0.5000002540094728 0.4998700681720711 0.4999460644789212 0.4997434249398354 
0.977569099844724 0.09737176374232971 0.4999427834297339 0.4999916979606356 0.4998475459384077 0.5005504465136573 0.4997414627840962 
0.34304813027543624 0.6961145533343805 0.4999651061056769 0.5000308448366102 0.4998034692558828 0.4992699797040684 0.49993494685747364 
0.9249642051159903 0.7364898209030987 0.500007263400661 0.5000026911564321 0.49981758063649506 0.4992886851223322 0.4999277944075759 
0.39533648859398784 0.919572256840712 0.4999576865157824 0.5000168763876809 0.5004668395583638 0.49992093727122866 0.4999396251459758 
0.8233106313432653 0.9999972264170462 0.5000367304843464 0.49952418010755184 0.49987187745057465 0.4999356067429649 0.49974238609495764 
0.2265427828181924 0.2998323967823963 0.49988547815602935 0.5000036108169305 0.49985448909803853 0.4999599542345101 0.5001367945089603 
0.9889081102390085 0.9144161634668847 0.49975215553085384 0.49998180631805705 0.5002876955750973 0.5008384639459242 0.5001496406948651 
0.8630961326500011 0.9747697225664833 0.49972485917792636 0.49954271452843835 0.49984054732483274 0.5007593014629793 0.49968983074107887 
0.46274540665930064 1.7749801535415707E-4 0.4999537213564045 0.5000018123871137 0.4998705857450178 0.4999513382178783 0.5001416564078605 
0.9999914514123859 0.9971169285974312 0.49972205798149244 0.4994871139401066 0.49946729182938077 0.500874538433969 0.49993984719491014 
0.5607861953180053 0.9975980873856106 0.49997438511882397 0.4999732857298721 0.4997955315356291 0.5010708318206403 0.4996943243834042 
0.9826866850058257 0.7095531595873166 0.49995636743526944 0.4999919486518043 0.49985488178478993 0.4993030689100183 0.5001367748426089 
0.6778784005004199 0.7529866167752796 0.4997235330239718 0.5000049108270037 0.49984054732483274 0.5005676360292148 0.49970044779075823 
0.3864225585848472 0.9118053896063184 0.4999427834297339 0.4999916979606356 0.4998475459384077 0.49995020428792314 0.5001413262747959 
0.9991603645061817 0.9144161634668847 0.49975163628196617 0.5002419412948558 0.5002876955750973 0.5008384639459242 0.5001496406948651 
