0.0 0.3886069666793571 0.5000587110544483 0.5000641199100827 0.49997816962430225 0.4999764385843994 0.49992904823887435 
1.0 0.0 0.500176251447172 0.5000494837764932 0.49995933542086834 0.49987708517945423 0.4997878561715843 
0.0 0.3886069666793571 0.5000587110544483 0.5000641199100827 0.49997816962430225 0.4999764385843994 0.49992904823887435 
1.0 0.9999999999999994 0.5000608443920916 0.4997843017709987 0.49997304410596405 0.4999686826912154 0.4999246791371267 
0.7170719778565285 0.39866924246168534 0.5000617763057004 0.5001704983240167 0.5002500397210953 0.49993193375755307 0.4998933309925106 
0.5636399382774824 0.48583532055371637 0.4998415796628835 0.5000974901059648 0.4998110119988633 0.49996585170528485 0.49993523103856 
0.8073688088772185 0.32071725952381525 0.49990710362365964 0.49981573626931886 0.4999769775151726 0.4999535304778991 0.49996177885210247 
0.8747530212803393 0.947545588952811 0.5000869641796799 0.5000492438173084 0.500261290796263 0.4999833270830266 0.4999336491592993 
0.9796624596425223 0.33939307933211643 0.5000844712346045 0.5002240110003812 0.4999698462614085 0.4999291572828847 0.4999246686316993 
0.09885863728168287 0.18955714122664008 0.5000856583364467 0.5001653094939151 0.500031940646367 0.49992766295623015 0.4999343528641033 
0.8177995611691936 0.10766472714206005 0.5000774685284191 0.5001846176103122 0.5002578682219007 0.4999817183719719 0.49992549394055275 
0.6591878124371919 0.9474846286395227 0.5002075026746909 0.5001658782496275 0.5002332739347041 0.4999573549340951 0.4998931394260807 
0.5314009190895108 0.07856768731611027 0.5000939552557273 0.49980599113853386 0.49981764601526646 0.49995137596836003 0.49989144768403193 
0.6163236673370808 0.38803097506633566 0.500156693063215 0.500093985713099 0.5001995008764878 0.4999444580094902 0.49989035347475874 
0.9898888628046618 0.5790718809342978 0.5000971664707328 0.500094975009344 0.4999680372029912 0.5000164822221226 0.4998810788639693 
0.29739898083979516 0.16281514836450675 0.5000856583364467 0.5001778117783348 0.49997440977207325 0.49993142500550575 0.49971014026362 
0.7342270397971389 0.8423484918330094 0.49992589574049434 0.5000890717469615 0.500219310130139 0.4999645505010248 0.4998903768185989 
0.921515198638294 0.16835285151764257 0.5001127718946242 0.5000958625316496 0.4998306106065962 0.49996370909677534 0.499964714511096 
0.03439522367958647 0.3842236504574001 0.5000587110544483 0.5000444595128056 0.49997816962430225 0.4999764385843994 0.49992860412524043 
0.9461357315805146 0.0069271312315389855 0.5000939552557273 0.5001753046742211 0.5004407463555688 0.49994081988785466 0.4998617566695536 
0.5493720766301732 0.34238890107746495 0.5000602478433843 0.5001691693359449 0.5001344939279955 0.49984082237126976 0.4999267471898745 
0.9912259016115701 0.6059338111362454 0.5000659596248348 0.5000968686560932 0.49996445775608206 0.4999647513790525 0.4999285004352682 
0.436732076502634 0.4741088878686215 0.49985796107671526 0.5001668372774722 0.49981320700394744 0.4999744275618036 0.49993409935336197 
0.513640433004675 0.8817131274353307 0.4999480554800227 0.5000479947313932 0.4998042950791462 0.49996500383154246 0.4998794033965883 
0.33069200983126845 0.32071725952381525 0.49989993738214733 0.49981573626931886 0.49997276691824843 0.499952950729673 0.49996177885210247 
0.8183348224437333 0.6785597679798085 0.5000768570518241 0.5000476511405715 0.4997975175164678 0.49998152810291474 0.4999231642196306 
0.9591637683506701 0.17525829193691952 0.5000902367174824 0.5000488002899862 0.4999592612503796 0.4999647793018416 0.4999245437133467 
0.968308495425777 0.9999999999999994 0.5000620868838397 0.5001686459818345 0.49997304410596405 0.49983817534819813 0.4999246907298609 
0.9222315235915131 0.33939307933211643 0.5001695509767513 0.5000940936218052 0.49996979348586285 0.4999291572828847 0.4999246686316993 
0.40237397622682775 0.475910495210021 0.5000740820651395 0.500044663484235 0.49997043606081343 0.4999308815092905 0.49990967432045263 
0.9540989298295005 0.3778616237855015 0.5000939552557273 0.5000571406042837 0.5000107515022852 0.4999765008587494 0.4998915135830145 
0.9713578644618108 0.07082190388624551 0.5000968302548199 0.500093460585 0.4998225468276254 0.49982835727901515 0.49988168171463854 
0.8505811507345149 0.4799804119551538 0.5000939552557273 0.4997843984496822 0.5002696690503003 0.4999422282709546 0.49989144768403193 
0.9495158284072618 0.9810466549680604 0.5000946096109138 0.5002220852466142 0.499963598754397 0.49996466600338085 0.4998950039562107 
0.4650934045420273 0.3985812879610624 0.499908717690162 0.5000980071683752 0.4999793488221903 0.49994979289083985 0.49996342188660003 
0.8859545097830411 0.8119770159170494 0.4999223019529164 0.499825724771982 0.49995744844232887 0.4999668714517732 0.49989081515584677 
0.15620960614411014 0.15187740446503342 0.5000899762333721 0.4997478708856935 0.5002361987710633 0.4999559992040891 0.4998916093082732 
0.3583316740346515 0.6151883812699934 0.5000659596248348 0.5000968686560932 0.49996445775608206 0.49996503008948984 0.4999284612223378 
0.6664410982067244 0.6414287535848053 0.5000974300891501 0.5001140998021971 0.5001513729545896 0.49990259185476477 0.4998902891903353 
0.3864477066259032 0.8310524652779094 0.5001683825418097 0.5001653733165901 0.5002546743151731 0.49989915935605916 0.49990456597292254 
0.8262431248021279 0.6061668219499511 0.5000616253432724 0.5000476511405715 0.4997933181071281 0.49996466600338085 0.49989242823439495 
0.34632672170639855 0.8680048207683345 0.5001837732031854 0.5000950001588457 0.49996902631015294 0.4998999592144243 0.49999430756821106 
0.45587292857021083 0.8310524652779094 0.5000614282788092 0.5001704823546794 0.4999692424592021 0.4999321616123117 0.49990456597292254 
0.5928740718987114 0.3985812879610624 0.49990989515662443 0.500094512475447 0.4999793488221903 0.49994979289083985 0.49996342188660003 
0.31320274237225504 0.3873732075327369 0.5000595912028456 0.500094405234426 0.4999726777020891 0.5000150983566252 0.4998883057747491 
0.7742690388465302 0.884938923400774 0.49990984618015977 0.5000939535683184 0.49997881110227765 0.49997207074739275 0.499923013623561 
0.30835347056147416 0.3656297782207958 0.5000626519501249 0.49980599113853386 0.4999702428063732 0.5000154119244107 0.49988791729112364 
0.8007747987037914 0.6091977016790984 0.5000987212254216 0.5001658684628008 0.49979716986975503 0.4999659675452922 0.49993523103856 
0.8507813432831246 0.8817131274353307 0.5000796120108464 0.5000507829047168 0.5002664667928771 0.4999821541104785 0.49993384442201405 
0.21352138054095474 0.4690381028886935 0.49984644120462735 0.5001670763667921 0.49983391673254685 0.4999439392724374 0.49992577854060477 
0.9609515003511585 0.8966785412610905 0.5001131242547817 0.5001672439125937 0.5002860244194065 0.49996370909677534 0.49993382711332385 
0.7693241800974372 0.6064416262076058 0.5001120657534959 0.5001660947631789 0.49979712891175676 0.4999635957983146 0.4997426748319439 
0.7342270397971389 0.8837861871843655 0.49992589574049434 0.5000865658623572 0.5002214845084584 0.4999645505010248 0.4998903768185989 
0.21352138054095474 0.8930686177946991 0.5000496459535126 0.5001670763501421 0.49983391673254685 0.4999439392724374 0.49992577854060477 
0.8585057004616514 0.6062728169335029 0.5000895305763542 0.5001682456873422 0.4997961069981759 0.49983684460147426 0.4997426748319439 
0.7612231380580139 0.4799804119551538 0.5000939552557273 0.5000481481137474 0.5002696690503003 0.49994306827426377 0.49989144768403193 
0.07638035191261729 0.47334838439774396 0.49984644120462735 0.5001654326595874 0.49983391673254685 0.49992718736841424 0.49992577854060477 
0.8954589523144264 0.9938410607427991 0.5000620083017491 0.5000971811129981 0.49983036011371035 0.49997378459607666 0.4997188459449781 
0.2685035716007716 0.14328169533696714 0.49984473514644195 0.49977021194835847 0.5002301596996732 0.5000154692606757 0.49988801874435135 
0.8874001906400936 0.8017763487310562 0.4999223019529164 0.499825724771982 0.5002016902984293 0.4998762877019731 0.499889905651911 
0.8861230555888202 0.8966297578661091 0.4999223019529164 0.499825724771982 0.5002016902984293 0.49987627228617915 0.499889905651911 
0.49615160359746213 0.8817131274353307 0.4999480554800227 0.5000479947313932 0.4998042950791462 0.49996500383154246 0.4999339369406358 
0.9898888628046618 0.5338060889238433 0.5000971664707328 0.5000672307031225 0.49997770771714956 0.5000164822221226 0.49996849453912373 
0.8562098497989771 0.6163017381201643 0.5000895305763542 0.49978390147650636 0.4997961069981759 0.49996382600007166 0.4997426748319439 
0.9397566387676428 0.061970009827612055 0.50006206340665 0.49980355488306727 0.4997989642904942 0.4999806513647881 0.5000168255652785 
0.7708777812556858 0.10528999180810286 0.4999538723803335 0.5000926456013401 0.49996451804777475 0.49996455816783086 0.4999286643509327 
0.5997784984963404 0.07856768731611027 0.5000933844269957 0.5001058780105553 0.49981764601526646 0.49983949160706914 0.4999034240597266 
0.6238680396332162 0.5514284469895405 0.5000626519501249 0.49980599113853386 0.4999702428063732 0.4999774687096842 0.49988791729112364 
0.6940865638393808 0.9474846286395227 0.5002075026746909 0.5000444355618507 0.5002332739347041 0.4999573549340951 0.49989523438103917 
0.9458381452807607 0.8703825388013223 0.5000615644507348 0.5001755874069711 0.5004407463555688 0.49994081988785466 0.4998617566695536 
0.16762769632808855 0.37274624012219204 0.4999273248648293 0.49982729599281944 0.49997580902032224 0.4998755974433232 0.499926284492015 
0.9525820320551571 0.9933063456551084 0.5000608443920916 0.5001686459818345 0.4999723289060019 0.499841701292618 0.4999246791371267 
0.9082392134412026 0.15036617079655434 0.5000899762333721 0.4997478708856935 0.5004509198063478 0.49994024827678996 0.4998916093082732 
0.7342270397971389 0.9482706071589764 0.49992589574049434 0.5000865658623572 0.5002214845084584 0.4999645505010248 0.4998903768185989 
0.9358137098852841 0.23281761875671947 0.5000647011897138 0.49980599113853386 0.49997153509556863 0.49997698122210665 0.4998919318726192 
0.2685035716007716 0.41024397593979617 0.49984473514644195 0.500094405234426 0.4999728138358289 0.500015452960959 0.4998883057747491 
0.6214716810389402 0.9338454317687718 0.5000848112855186 0.500047940872672 0.4997900754131742 0.4999508100521825 0.4999360771016743 
0.17954756077133316 0.10780855984564235 0.5000759117518027 0.4998348379971834 0.4999667946488861 0.4999772756347777 0.4998919546483394 
0.6615210262190974 0.3985812879610624 0.500081252816278 0.500094512475447 0.4999798600210928 0.4999497829871539 0.49996096963729125 
0.9912259016115701 0.0322087178622496 0.5000686292128268 0.5000968686560932 0.49996445775608206 0.4999647513790525 0.4999285004352682 
0.9657163901102508 0.13044118727934478 0.5000856749877416 0.5001776254837113 0.49997440977207325 0.49993142500550575 0.49971014026362 
0.7593678405868476 0.5555982324365457 0.5000964030599101 0.5000944997175656 0.5000269522211624 0.4999187066831839 0.499711737781265 
0.9190790825251502 0.23281761875671947 0.5000939552557273 0.49980599113853386 0.4998314516519432 0.49997698122210665 0.4998919318726192 
0.9755500909519802 0.3867440792276269 0.499837282717528 0.500158723102782 0.5002484125314887 0.49994458250568063 0.49993299075917025 
0.8369546754003931 0.16749401675062453 0.500079259650689 0.5000507829047168 0.4998110529800668 0.4999821541104785 0.4999292766177001 
0.8017181079823475 0.39633828266596316 0.500077593185791 0.5000926456013401 0.49996451804777475 0.49996455816783086 0.4999286643509327 
0.8073688088772185 0.2900002804584567 0.49990710362365964 0.49981573626931886 0.4999769775151726 0.4999535304778991 0.49996177885210247 
0.05312149611453493 0.3842236504574001 0.5000598885209108 0.5000409648198776 0.49997816962430225 0.4999764385843994 0.49992860412524043 
0.7725553311282383 0.14376873478507107 0.5000774996894386 0.5000652617613561 0.5002394382550862 0.49997655013302705 0.49992333366363884 
0.8294160322983025 0.6195441882125596 0.5000611718014984 0.5000476511405715 0.499964767302985 0.4999631769232716 0.49989500477706506 
0.6664410982067244 0.5956087523532018 0.5000974300891501 0.5001140998021971 0.5001513729545896 0.49990259185476477 0.4998902891903353 
0.23823189933607475 0.14278697780464208 0.5000774996894386 0.5000652617613561 0.5002331241393749 0.49997655013302705 0.49992333366363884 
0.9616382269552411 0.16539813079073418 0.5001127718946242 0.5001672439125937 0.4998306106065962 0.49996370909677534 0.4999292593090099 
0.8861230555888202 0.8936055599202839 0.499920243986999 0.499825724771982 0.4999717833465151 0.49987627228617915 0.499889905651911 
0.6933040584893639 0.9474846286395227 0.500207151375241 0.5000389896015793 0.5002332764850166 0.49995743292717093 0.49989518089295126 
0.9140722145255183 0.9406026325677191 0.5000616028883039 0.5000492438173084 0.49976412529340425 0.49998336029659907 0.4999336491592993 
0.8968519498955771 0.3560478441804797 0.5000620083017491 0.500097783100774 0.49983036011371035 0.49983912831951977 0.49992214195227536 
0.784107581609392 0.3963154966815195 0.5000600068217875 0.500094405234426 0.49997263830551747 0.49996576417353816 0.4998888283254462 
0.9990706685140273 0.17208380367439996 0.5000981360493207 0.5001612422670875 0.4997932010972376 0.4998642777854217 0.49988410595470306 
0.9997892972559324 0.8966785412610905 0.5001131242547817 0.5001672137675318 0.5002860244194065 0.49996370909677534 0.49993382711332385 
