1.3492626044830165E-16 1.0 0.49991635732711825 0.5000813496720636 0.5000662075880715 0.400470940238241 0.5002270268612538 
0.9943166970283008 0.0 0.49996331552694834 0.5000818706501479 0.5000439013378837 0.4004921309648271 0.5001475010463895 
1.0 1.0 0.5000963843970468 0.4998927142218969 0.5000573294163468 0.40003924440934596 0.4999125375584432 
1.0 1.0 0.5000963843970468 0.4998927142218969 0.5000573294163468 0.40003924440934596 0.4999125375584432 
1.3492626044830165E-16 0.9536738968253822 0.49991635732711825 0.5000649898248625 0.4999107382194456 0.400470940238241 0.5002256926700853 
1.0 0.0 0.49993168692497886 0.5000784380536815 0.4999829677360931 0.4004632606297633 0.5004550804580884 
0.9804561651188891 0.7842191610997299 0.4999672984116857 0.4995233922733935 0.4999856024053551 0.4004336284295647 0.4999401048873116 
0.9672503358497769 0.8645411584042983 0.4999093983610916 0.5000355751520493 0.5000537059340278 0.4000100505100374 0.4999131973908082 
0.7808047720908033 0.36914904363235657 0.5001142724945374 0.499990211768031 0.5000672374901977 0.4000158457757959 0.5002361510561805 
0.21892689088154782 0.054391850765409755 0.500087911090355 0.5000746951721486 0.5000175858043672 0.4004101132202758 0.49922779423070773 
0.4490667549921219 0.6881729451547843 0.4997520750494146 0.49951832873615487 0.49985456079948776 0.4000362352963247 0.5002404236902743 
0.2651039835875671 0.7830037923215737 0.5000847745380038 0.5000758235929955 0.5000541143469704 0.40040975737778395 0.5000865609221264 
0.0426186609854694 1.0 0.4999224281387823 0.5000920614863142 0.5000573294163468 0.4004568897082937 0.4999125375584432 
0.9468340014949984 0.9914277423423584 0.4999060114104157 0.49989062150706026 0.5000573294163468 0.40003924440934596 0.5002234129172474 
0.9245570201582848 0.9665657076319971 0.5000815577748843 0.5005073386510849 0.49989149098625035 0.39999210881178643 0.5001482001921618 
1.0 0.12011710436988271 0.5000961575350655 0.49989278349940375 0.49999894790253935 0.40052847159534827 0.500233919608996 
0.32335161706976234 0.08382216106474882 0.49993184266874735 0.49997055806877777 0.5000620337401743 0.40003967038101507 0.5004340613358819 
0.9622809968818786 1.0 0.5000903135853828 0.49988200240764624 0.5000662075880715 0.40005329493929326 0.5002270268612538 
0.8237443280417985 0.09201061895894558 0.49991464439414535 0.499977700131977 0.4999843811421871 0.4000429883834106 0.5002272566520527 
0.9150449664694131 0.5230481203059779 0.4999099665772937 0.49976902325885636 0.4999856729058458 0.4004567326292699 0.49993862707838926 
0.7280044142884393 0.22410376541694887 0.4999846769197637 0.5001152601799274 0.4999268091073016 0.40050245513826954 0.5004597899138171 
0.32333447947708727 0.18715293494200907 0.5000723465077722 0.5000810252160832 0.4995544334536867 0.4004687690736465 0.49994760858464343 
0.09645304883200279 0.11741092392413266 0.5000815577748843 0.4995807836672447 0.5000693992817682 0.39999210881178643 0.5001482001921618 
0.9517779096886274 0.9044365457829805 0.49978357694591086 0.5000830229943173 0.4999844250342908 0.39993276119237614 0.5002367449146146 
0.34666849270998595 0.08382216106474882 0.4999154666254067 0.49976372737663666 0.4999243806818854 0.4004711662647967 0.4999447460086167 
0.766711515692613 0.3085917304575303 0.5001005768045115 0.4999678451368993 0.49988663210199474 0.39999827109465586 0.5000389218761541 
0.9864809887244077 6.857892401756598E-4 0.49996301591714043 0.5000228175580561 0.5000536098036006 0.400029945924937 0.5002262483477922 
0.38514542950346053 0.8455027784442299 0.4999164083760908 0.4998902829332154 0.4999219352751982 0.40003832313011245 0.500236549877158 
0.2414108965747616 0.7830037923215737 0.5000847745380038 0.5000758235929955 0.5000541143469704 0.40040975737778395 0.5000865609221264 
0.9929688769648152 0.06308610126251069 0.4999940180633022 0.4999669584757997 0.4995718101352452 0.4004214098392429 0.49996634938880885 
0.7290006377770717 0.47334149971120604 0.5001138828199179 0.5000666662578529 0.4999821464035413 0.4000289366107957 0.5000405325395724 
0.7188662309266428 0.5214280680504841 0.4999158905456521 0.4999683646895213 0.4999159463921241 0.4004162400546092 0.5002201748696644 
0.38419375309692055 0.9690580043296187 0.49991036627708807 0.4995039296283686 0.49993233561778927 0.39988168742052616 0.5002351045078745 
0.22158277071885332 0.9032388028348358 0.5000784487792284 0.5000354460215642 0.4999856518203641 0.40040958909627694 0.5000865609221264 
0.5671242102068863 0.8411471311862482 0.4999110373688066 0.4998903315998234 0.499932253186296 0.4000485549578155 0.500236549877158 
0.5320220708045694 0.9147918510218787 0.49993239793831307 0.49993544624628744 0.49990743275567523 0.40046340133519404 0.5004920332232883 
0.8876402370904913 0.7057457481848897 0.5001007831070559 0.49996525766982985 0.49988663210199474 0.3999989396363754 0.5000389218761541 
0.15120371615747766 0.7292668793253628 0.5000779875291933 0.5000758235929955 0.5000375380308544 0.40040975737778395 0.5000865609221264 
0.01914811589367571 0.11741092392413266 0.5000815577748843 0.4995807836672447 0.5000693992817682 0.39999210881178643 0.5001482001921618 
0.45234520751972196 0.4899758692810037 0.49993239793831307 0.4999795946963903 0.49990536863811313 0.4004709792785696 0.5004920332232883 
0.5531610884724278 0.4940758235384918 0.49993239793831307 0.4999840914002432 0.49990536863811313 0.40046340133519404 0.5004920332232883 
0.06310570982965669 0.0016670207661059755 0.4999158905456521 0.5000649542965881 0.4999114347007005 0.4001190807933654 0.4999449566631613 
0.2533166904811896 6.072543940124145E-4 0.500087911090355 0.5000745959348858 0.5000175858043672 0.4004101132202758 0.49922779423070773 
0.9956003608411148 0.6396277454740547 0.4999669032991348 0.4997637874345789 0.5000589923784644 0.40003967342130753 0.49994231836160946 
0.5045386549921621 0.7148670490418276 0.5000815577748843 0.5005085147393876 0.4999855965880444 0.39999167061050267 0.5001482001921618 
0.7624530472337581 0.1186070205823169 0.5000963843970468 0.5000911480731887 0.5000573294163468 0.4005302761946416 0.500224123600403 
0.6602921799961972 0.8225001886948329 0.5000741099975915 0.5000683394829597 0.4996000128155294 0.40050245513826954 0.5001406214012207 
0.9134433706833156 0.7293345873869737 0.5000946748000857 0.49976684606919874 0.49998375608078377 0.4000304969069243 0.49993210756168605 
0.8509001499779374 0.3487193543155077 0.4998489591351765 0.5000362173182098 0.49983679465185926 0.40040998912129516 0.4999528310556887 
0.844451473763726 0.010107201837089713 0.49996331552694834 0.5000365390268512 0.4998359590552795 0.40049354139328575 0.4999472811116316 
0.6648362825958203 0.07917453242740846 0.5001157562649929 0.4997461730535801 0.5000147758962731 0.4004720706210808 0.49994795049012924 
0.8752556373013132 0.8134183641476298 0.4998599643626432 0.4999776074423681 0.4999829297516052 0.4004640695284333 0.5002323318960995 
0.09890219581402981 0.0016670207661059755 0.4999158905456521 0.5000813141437893 0.5000669040693264 0.4001190807933654 0.4999462908543298 
0.8020832438657947 0.5274357596544018 0.4999670867464461 0.5000619724488967 0.49998013911754263 0.39985939204910065 0.49993759031972906 
0.9258598535598432 0.8122973024639961 0.4999088879839562 0.5000803431561832 0.4999853756221145 0.39993276119237614 0.5002272566520527 
0.7290006377770717 0.5010389609376349 0.5001086842970157 0.5000820381112172 0.49998435736725894 0.4000289366107957 0.5002350608866314 
0.8394138578226233 0.721885888190581 0.4999162520043861 0.49996520406362427 0.4999324946407296 0.39995937083923216 0.4999208095207306 
0.6203633425752256 0.7584687683607034 0.500120657653689 0.49997382265921725 0.5000386863171747 0.40041016870603785 0.49996045370720926 
0.682281926106647 0.007408373150867953 0.49993456811924625 0.49996528322406475 0.5000489947283966 0.3999746921538648 0.49992745641962066 
0.9425893635041154 0.808041180880528 0.4999088879839562 0.49997932523683775 0.4999843811421871 0.39993276119237614 0.5002272566520527 
0.7767657934160145 0.0021699739720750233 0.500087911090355 0.49999518616623856 0.5000245602568082 0.4000132507171028 0.5004073167174283 
0.48026915861693426 0.670361891241432 0.4999672984116857 0.5003429813200944 0.49998558068360965 0.40050382516676447 0.500045657719475 
0.6124093078657933 0.7599927787331618 0.5001155056703884 0.4997415667993787 0.5000386863171747 0.4004098518912052 0.49996045370720926 
0.15587239163345912 0.0027963271748231294 0.500087911090355 0.5000746951721486 0.5000175858043672 0.400464118968436 0.5004073167174283 
0.6612438564027517 0.8225001886948329 0.5000794810048758 0.5000683394829597 0.4995896124729383 0.40050245513826954 0.5001406214012207 
0.9979666399423699 0.7057457481848897 0.500101315774435 0.49996525766982985 0.49988663210199474 0.3999989396363754 0.49990606653079817 
0.8180238741713258 0.7022492138167838 0.5000994193004102 0.5000329129160893 0.499559014923991 0.4004567326292699 0.49992578228849266 
0.7662358812387954 0.22476929806655274 0.5000804619104039 0.4998883143366665 0.49946891273899435 0.39998909505706753 0.499960409370675 
0.7926320661431852 0.13437983253928557 0.5000869926849169 0.49997069145142065 0.5000610510430212 0.40010753637990354 0.49990184447276304 
0.6646158295536191 0.03246618711805997 0.5001126012131939 0.4997443254399722 0.4999860815826814 0.4000289349871612 0.4999478747737226 
0.9911568801579207 0.0904955539568114 0.5000808272922233 0.49996582833998365 0.4995602813764084 0.4000326938687321 0.5004216856855089 
0.8812391152992042 0.46153660310800626 0.4999093983610916 0.5000356144024063 0.499983037161892 0.39999246305145536 0.4999537095691409 
0.9636420731415907 0.15672651583275787 0.5001074968112617 0.49997069145142065 0.5000640035093027 0.40047199387180094 0.49990184447276304 
0.5951742960909472 0.8225001886948329 0.4998918991607216 0.49997760655815754 0.4996000128155294 0.40050245513826954 0.5001406214012207 
0.9039683041802067 0.26662561121480705 0.5000839953315162 0.4999687755085783 0.49988663210199474 0.40001490475472246 0.5000389218761541 
0.5848924971755214 0.9355459621394057 0.5000597965671608 0.49989278349940375 0.500037728471933 0.39998117925188653 0.5000424261676264 
0.8800785822907052 0.19064714030434365 0.5000836872638162 0.49975139688014447 0.4995506829999805 0.4004573932859993 0.4999507899306018 
0.9972488801391697 0.8458734698533424 0.4999669032991348 0.5000859032267693 0.5000374209556192 0.40003667793584063 0.5002342209223706 
0.34666849270998595 0.18074734425118089 0.4999154666254067 0.49976372737663666 0.4999243806818854 0.4004711662647967 0.4999447460086167 
0.866444027718806 0.5217076575637585 0.5001074968112617 0.49997069145142065 0.5000607381948914 0.40004770346417884 0.5004324239378881 
0.5347734326289543 0.48440498369201057 0.4999721784788303 0.49998346126356896 0.4999860588859429 0.3999759429915491 0.5004418491151592 
0.9999292068151576 0.6658317844237602 0.4999717214043996 0.4997637874345789 0.5000540860496652 0.39993323393383967 0.5004650851797987 
0.8926797764074283 0.0010576457486877744 0.49996331552694834 0.49996624584590266 0.4998811481202266 0.40048101332136654 0.5000395957830431 
0.8380322640214743 0.5032956582782288 0.5001020737932226 0.500036284625932 0.4999152226695006 0.4004567326292699 0.5004184029944437 
0.7676212613487227 0.07936875429481144 0.4999158905456521 0.5000616911686849 0.4999159463921241 0.40042058841300404 0.5002201748696644 
0.9957179832301576 0.8864192393535468 0.4999669032991348 0.5000859032267693 0.5000374209556192 0.4004208961662439 0.5000534759858027 
0.8380322640214743 0.5314647766293503 0.5001035029689579 0.5000363399020386 0.4999152226695006 0.3998863080601384 0.5004184029944437 
0.9633609171410382 0.13560847155242745 0.5001074968112617 0.49997069145142065 0.5000610510430212 0.40047199387180094 0.49990184447276304 
0.9425893635041154 0.8028624099246027 0.4999088879839562 0.49997932523683775 0.4999843811421871 0.39993276119237614 0.5002272566520527 
0.9139763086899018 0.7842191610997299 0.4999672984116857 0.4995233922733935 0.4999856024053551 0.4004336284295647 0.4999401048873116 
0.8144664165494003 0.04860844879933085 0.4999964307144602 0.499973677564562 0.4995718101352452 0.400477675088112 0.49996634938880885 
0.8703524405310515 6.211667347413828E-4 0.5000892616252905 0.5000745959348858 0.5000175858043672 0.4004101132202758 0.49922779423070773 
0.9814988500928589 0.9044365457829805 0.49978357694591086 0.5000830229943173 0.4999844250342908 0.39993276119237614 0.5002367449146146 
0.845963081936832 0.46153660310800626 0.4999093983610916 0.5000362173182098 0.49998565320455435 0.40046374420697883 0.49995334942633174 
0.8266593113921982 0.15346503864921562 0.4999672984116857 0.49992877278066616 0.4999856024053551 0.4004336284295647 0.4999401048873116 
0.7662155839371191 0.2901024783499627 0.4999160457018416 0.49996779153069376 0.4999324946407296 0.3999587022975127 0.4999208095207306 
0.6878293916408367 0.22391061565149212 0.4999846769197637 0.4999701381773993 0.4999268091073016 0.40050245513826954 0.5004698491794537 
0.8199890512541899 0.5108725802583726 0.5000837873704365 0.5000362173182098 0.4995736452994081 0.40046374420697883 0.49995360180491955 
0.48026915861693426 0.795034130423754 0.4999672984116857 0.5003429813200944 0.49985340040899834 0.40003700658648095 0.5000466985711562 
0.5531610884724278 0.9147918510218787 0.49993239793831307 0.49993544624628744 0.49990743275567523 0.40046340133519404 0.5004920332232883 
