1.0 1.0 0.49986637041934345 0.5998386693224061 0.5001938211739559 0.49994182509198437 0.500205720119134 
1.0 1.0 0.49986637041934345 0.5998386693224061 0.5001938211739559 0.49994182509198437 0.500205720119134 
2.792797189430748E-17 1.0 0.49975512767504887 0.600061243169541 0.4998148601521832 0.4998000698474038 0.500177038188044 
2.792797189430748E-17 3.562453209021274E-17 0.499768078788345 0.5992369193806448 0.49981504377935976 0.49995790351651764 0.5001787304960343 
1.0 3.562453209021274E-17 0.5011992447745557 0.5998615835053208 0.49982234707047046 0.4999631329973472 0.5001808539898748 
1.0 0.7933609253890616 0.49986637041934345 0.5998368725654448 0.5001813064314717 0.49994182509198437 0.5002056616055701 
0.3496218882658698 0.9972451581979851 0.4998669346981153 0.5006975407809543 0.4999173270361794 0.4999423563845864 0.5002361119632821 
1.0 0.5755806731945381 0.4997680952421121 0.5997383118519051 0.4998298344146856 0.49991515697815797 0.5002024335887287 
0.7189393828231855 0.4213968009819561 0.4998669346981153 0.5006975407809543 0.4997881812856633 0.4999429680646742 0.5002371126043389 
0.8584798461383107 0.3182084834726217 0.4999011135947296 0.5006813598075311 0.49982907370312213 0.4998433693725757 0.5002042028401129 
0.32793508212304195 1.0 0.4996742557442691 0.59985234672965 0.49991451026928874 0.4998068023930294 0.500218611001034 
1.0 0.25044904698650244 0.4997735309259431 0.5996330632085503 0.4997900350409971 0.49991990239282524 0.5002025739264444 
0.3619561567618427 1.0 0.4996742557442691 0.59985234672965 0.49991451026928874 0.4998068023930294 0.500218611001034 
0.1948495174286548 1.0 0.5003859358645989 0.5998574003088518 0.5001771172478904 0.49994064270851807 0.5002043555739841 
0.15892469726806788 1.0 0.49986183478200813 0.5991099727410412 0.49982537451792597 0.499940772893456 0.5002523094493453 
2.559708046359771E-4 0.04015771586176037 0.4997512037659194 0.5006975407809543 0.4998307635210013 0.4999415629105846 0.5002616287782293 
1.0 0.2836599080433563 0.49986648940768785 0.5998386693224061 0.5001918365677137 0.49993948540036304 0.5002360008504421 
0.08211446801867639 0.005686766107031338 0.5003711342876511 0.5002211097025857 0.4999162363918092 0.499914935875282 0.5001814487142068 
0.23994672558805036 1.0 0.4997512037659194 0.5998666480253508 0.4998307635210013 0.499941821089794 0.500205720119134 
0.9999998892139321 0.4173521468384445 0.49987188080397754 0.599900558465517 0.4998158661185038 0.4999119086982165 0.5002366188700988 
0.9373963428869445 0.4662805449934462 0.4998875973570063 0.50006462921552 0.49982907370312213 0.4998433693725757 0.5002042028401129 
0.9999999882637265 0.07552322038154402 0.4997518326287054 0.5997356623013885 0.4998298344146856 0.4999418145622294 0.5002024335887287 
0.7176806018006028 0.0051426674610245415 0.5003711342876511 0.5002211097025857 0.4997846089287312 0.4999151617064127 0.5001824493552637 
0.9999131885520859 3.562453209021274E-17 0.500727410075517 0.5998609608041442 0.4997874017119194 0.49995790647636984 0.5001800084977359 
0.7547752916432551 0.8630123318157514 0.4998598465872131 0.500682555775111 0.49991977757133016 0.499942343959745 0.5002382659744629 
1.0 3.562453209021274E-17 0.5011992447745557 0.5998615835053208 0.49982234707047046 0.4999631329973472 0.5001808539898748 
0.999999999193324 0.18965037594058626 0.49972560799049837 0.5998568540369758 0.4999139806874248 0.499978391735463 0.5002382412062316 
1.0 0.1254391033797208 0.4997735964547317 0.5996330477682401 0.4997900282720131 0.49991990239282524 0.5002025739264444 
0.09106011194382331 0.9989124864011584 0.5003602831567072 0.5009094727285273 0.49981551705995947 0.49977284082266715 0.5002139040186119 
0.9363269945613156 0.982655164235989 0.4998981304795528 0.5006813598075311 0.4998293595292644 0.4998407839151626 0.5002051426987216 
1.0 0.4349927345103761 0.4997665326731086 0.5999018418403882 0.499789147538278 0.499941821089794 0.5002359160727242 
0.9992763314191904 0.4662805449934462 0.4998875973570063 0.50006462921552 0.4998308188346209 0.4998433693725757 0.5002057080641428 
1.0 0.5755806731945381 0.4997680952421121 0.5997383118519051 0.4998298344146856 0.49991515697815797 0.5002024335887287 
1.0 0.3817004516678734 0.5003497313885185 0.5998618009659656 0.4998089309248844 0.4994972743485004 0.5001813647934531 
1.0 0.0933460156473635 0.49975200550040416 0.5992472101563244 0.49983077922828806 0.49991874501650124 0.5002056979379225 
1.0 0.31471136413928025 0.49971367888376766 0.599831164843956 0.49954132830647197 0.4999408257090392 0.500204528068891 
0.9955574426738805 0.4213968009819561 0.4998669346981153 0.5006975407809543 0.4997873143199568 0.4999423435725703 0.5002361119632821 
0.9373963428869445 0.56968758169299 0.4998875973570063 0.5007036404036438 0.49982907370312213 0.49984311996155534 0.5002042028401129 
0.9999998733748509 0.5610882335068759 0.4997680952421121 0.5997477362972512 0.4998298344146856 0.49991447617868223 0.5002006324415929 
0.2647783130397179 0.9615048220985558 0.5003517943534647 0.5003694385491855 0.4997039266076255 0.49994277726383174 0.5001901891414727 
0.231314334112088 1.0 0.5003873066250735 0.5998518868593782 0.49983381467633053 0.499940772893456 0.5002521957409455 
0.9999998755369487 0.36811071521000566 0.4997741560534699 0.599852017079064 0.49991768357458316 0.49997771093598725 0.5002253624196015 
0.998616292202771 0.6854540687977811 0.49974833765273147 0.49934098984941 0.4998300707193517 0.49993988783841886 0.500202651535703 
1.0 0.34832531159785163 0.5003677654527131 0.599857623785697 0.5001798004071261 0.49983712456756907 0.5002241633432496 
1.0 0.7992452572374649 0.4997680952421121 0.5996322896959841 0.4997901018597716 0.49991515697815797 0.5002024335887287 
0.9363269945613156 0.3182084834726217 0.4999011135947296 0.5006813598075311 0.49982907370312213 0.4998433693725757 0.5002042028401129 
0.23994672558805036 0.06517788497682442 0.4997512037659194 0.5006975407809543 0.4998307635210013 0.4999414926556428 0.5002616287782293 
0.06802460317991904 1.0 0.49986637041934345 0.5998386693224061 0.5001938211739559 0.4998458778984162 0.500205720119134 
0.9999998755369487 0.9400523952849471 0.49972560799049837 0.599852017079064 0.4999106646811534 0.4997943833723958 0.5002364400590957 
1.0 8.9135460460249E-4 0.49976790948693944 0.5995950493467701 0.499790183009466 0.49984243187771377 0.500250576631391 
1.0 0.4896972585826369 0.4998670400779466 0.5998385551492499 0.5001851954686305 0.4999419114903351 0.5002024335887287 
0.09036252814930851 3.562453209021274E-17 0.4997779787047075 0.5998627792512359 0.4998130441468646 0.4998433894902372 0.5006112064798863 
0.9812819117696903 1.0 0.4996742557442691 0.59985234672965 0.49991451026928874 0.4999136024363615 0.5002025029059194 
0.9999844703353553 0.909265919563037 0.4997464065089455 0.5998161700130326 0.4998201834022756 0.49984275745338086 0.5002052041744337 
0.09326622884608893 1.0 0.4996696202260893 0.59985234672965 0.49991451026928874 0.4998068023930294 0.5002183364282047 
0.271454116309927 3.562453209021274E-17 0.49973029612525954 0.5001422506829837 0.5003502162567034 0.4998447823490157 0.4995139227449902 
0.998616292202771 0.6037991761357896 0.49974766639457624 0.5004512200298424 0.49982197671320977 0.4999397712538215 0.5001822906589964 
1.0 0.46249157598570967 0.4997813499159796 0.5995950493467701 0.4998311164595031 0.4998424508368096 0.500250576631391 
0.999953982685204 0.03515627322521547 0.4997701095231671 0.5998171670934644 0.4996965221580301 0.49993133407037565 0.5002052041744337 
0.9999999565149947 0.9607574888128605 0.49972560799049837 0.599852017079064 0.4999140152114081 0.4999777891816241 0.5002360168691449 
0.15976924850239607 0.992438160304169 0.4997512037659194 0.5006975407809543 0.49982536063475735 0.4999414926556428 0.5002619503506796 
0.1948495174286548 1.0 0.5003859358645989 0.5998574003088518 0.5001771172478904 0.49994064270851807 0.5002043555739841 
1.0 0.9698938458023483 0.49974084196808805 0.5997383118519051 0.4998298344146856 0.49994041074011913 0.5002024335887287 
0.7179889444166688 0.9415334651772985 0.49986637041934345 0.500258560603512 0.5001996580968883 0.49994182509198437 0.500205720119134 
0.21139054003919883 0.1670696194540235 0.49972448786335427 0.5006975407809543 0.4999131335550531 0.4999414926556428 0.5002616287782293 
1.0 0.5114168144591179 0.4997464065089455 0.5997383118519051 0.4998298344146856 0.49991515697815797 0.5002024335887287 
0.0319567639210806 0.9981936806197336 0.49974957922847824 0.6000548842496906 0.49980897724107226 0.4998068023930294 0.5001753003545008 
0.1934252344213373 0.4713136299021182 0.49974722262558013 0.5000533204165193 0.4999173270361794 0.4999423435725703 0.5002076100422276 
0.9999540346197128 0.8967915283706006 0.4997464065089455 0.5998326985864089 0.4998320225571678 0.49993133407037565 0.5002052041744337 
2.792797189430748E-17 0.009391239578315058 0.49986861257057913 0.5992369193806448 0.4998301387423093 0.49995803015683693 0.49977980129086674 
0.11965045009808081 0.8889300370712043 0.49974898017214714 0.5000585295928304 0.499832006849881 0.49994174206666314 0.5002615504703566 
0.9915304062062422 0.15956898758418242 0.4997512037659194 0.5006975407809543 0.49979126680185315 0.4999414926556428 0.5002616287782293 
1.0 0.9281304226311422 0.49978097495867435 0.6000569521135707 0.49982983434767686 0.4999120279228266 0.5002033779827961 
0.9999540346197128 0.8625463160082347 0.4997464065089455 0.5998322319861407 0.49983668260585656 0.49993133407037565 0.5002056980033699 
2.792797189430748E-17 0.028516517472859437 0.49966763537633 0.5998468842333864 0.4998301387423093 0.49980258451981074 0.4997771780362521 
1.0 0.8269579253480537 0.4997735309259431 0.5996322896959841 0.4997900350409971 0.4999440243488226 0.5002024335887287 
1.0 0.8800026271532344 0.4997464065089455 0.5999014145761434 0.4998329367154105 0.4999159105202873 0.5002056751639598 
1.0 0.42727616573189986 0.49975780562962857 0.5997383118519051 0.4998161252972079 0.49991515697815797 0.5002462746170588 
1.0 0.015340644079028742 0.49980602005434505 0.5998615835053208 0.49982243806680315 0.4999631329973472 0.5001808539898748 
1.0 0.8908629527380385 0.49986637041934345 0.5998386693224061 0.4999115736451034 0.49994182509198437 0.500205720119134 
0.9999997435270388 0.5469245549647384 0.49985892413765626 0.5997389966033616 0.4998298344146856 0.49991515697815797 0.5002024335887287 
0.9408672572844008 3.562453209021274E-17 0.4999011135947296 0.5006813598075311 0.49982234681438126 0.4998433693725757 0.5002600674749124 
0.0319567639210806 1.0 0.49974957922847824 0.6000548842496906 0.49981272485422745 0.4998068023930294 0.5001753003545008 
0.999998978285685 0.5107528132649775 0.49985330918677423 0.5998418547933605 0.5001825071949666 0.4999451039058879 0.5002024209576319 
0.9998994532215216 0.9999999999999998 0.4997460546685609 0.4995086138434429 0.499825773440747 0.499914147288796 0.5002046290921794 
0.19175233660241425 0.248356461923964 0.4997607388633034 0.5006690460764266 0.4999173270361794 0.49994234281810945 0.5002065422612023 
1.0 0.0019411226308092555 0.49977914145737196 0.5999033621676604 0.49983280851385997 0.4999159105202873 0.5001808799764095 
0.9999794402026531 0.6704285157258653 0.49974874681313464 0.49934098984941 0.4998300707193517 0.4999392385168575 0.500202651535703 
0.9999998755369487 0.16236717829839142 0.49972560799049837 0.599852017079064 0.4999139992653915 0.49997771093598725 0.5002364400590957 
0.2314020177167822 0.9615048220985558 0.5003870734261673 0.5003633924349119 0.4997870409448039 0.4999427743123844 0.5001901891414727 
1.0 0.8269579253480537 0.4997735309259431 0.5996322896959841 0.4997900350409971 0.4999440243488226 0.5002024335887287 
0.25263575831167234 0.9133528336548629 0.49975390160785804 0.4994557690010193 0.4998162799449723 0.4999271421559756 0.500234203922455 
0.23994672558805036 1.0 0.4997512037659194 0.5998666480253508 0.4998307635210013 0.499941821089794 0.500205720119134 
0.998616292202771 0.6196825090807005 0.49974766639457624 0.5004512200298424 0.49982197671320977 0.4999397712538215 0.5001822906589964 
1.0 0.15568660167368678 0.4997677370501021 0.5995950493467701 0.499790183009466 0.4998401795719532 0.5002056669069394 
0.9937421185523151 0.9014329836071273 0.49971787814840657 0.5003694385491855 0.4997039266076255 0.49993155828319336 0.5001901891414727 
0.7189393828231855 0.8634386841139842 0.4998621715173115 0.5006975407809543 0.4998316011674382 0.4999429680646742 0.5002371126043389 
0.9999131885520859 3.562453209021274E-17 0.500727410075517 0.5998609608041442 0.4997874017119194 0.49995790647636984 0.5001800084977359 
0.9999998733748509 0.5442496499577978 0.4997680952421121 0.5997475739843723 0.4999185352524627 0.4999175353470647 0.5001992513305679 
0.9999999874972878 0.17515792806399583 0.49972560799049837 0.5998664494736978 0.4999139806874248 0.4997934137467066 0.5002364400590957 
