0.013709334244314308
0.010510638363157243
0.014179030169751972
0.011215206577859793
0.013784734266517384
0.011413594511928582
0.013510721371914558
0.014149016363806055
0.014374536637062896
0.016032885685191067
0.013963641969709895
0.012063329163452208
0.014325226628837395
0.012897950475565523
0.011635386528363045
0.015386142459737018
0.014607661982434447
0.013839902526177283
0.011567349299131502
0.013676203837319378
0.011602739315593302
0.012759565694480557
0.012047304458924823
0.015111780900440741
0.012233269912713007
0.01213841934624249
0.015025854541001582
0.014196117931243646
0.011526938587375413
0.015920296988349847
