0.999813826950615 0.0031043970658498564 
0.0 1.0013240367929426 
0.9148702617082957 0.16551123656524777 
0.24717845558131682 0.9399685448304755 
0.42245020257549704 0.8228118794072268 
0.8945278176854622 0.20270902590906767 
0.31978302147599785 0.9006351221220937 
0.39683955146187366 0.8445565719541208 
0.5178791927744265 0.7338374151065364 
0.9258076367061967 0.14498050302194807 
0.21416631564825017 0.9558624714409095 
0.08618316951458788 0.9936930822741018 
0.8459930337071075 0.28713873517181515 
0.4021814233918315 0.8402461100789828 
0.2850739256451277 0.9209503978944228 
0.6217420773436847 0.6151634846561792 
0.027167476721673217 1.0005864988533395 
0.06314123228733332 0.9973435820701241 
0.3504914552294425 0.8788815596277585 
0.18787451905818064 0.9662907993397454 
0.8304386457996202 0.31293270665796213 
0.5031212106553639 0.7485356227211734 
0.7746318053935883 0.4022440345003921 
0.5337465231983671 0.7167786633064758 
0.5506792348768945 0.7006918481193786 
0.2850739256451277 0.9209503978944228 
0.9519476103006627 0.0965125797587611 
0.37181602138778835 0.8636902077394628 
0.7567440503596052 0.4302703695535781 
0.37181602138778835 0.8636902077394628 
0.7142692838772136 0.4924052415439793 
0.7273294201040621 0.47332902459697945 
0.1380554526904908 0.9823821764650965 
0.9390053679242565 0.12078197581711196 
0.18142542657149396 0.9688180096781149 
0.5722908007965585 0.674821045222325 
0.5776057837814369 0.6686133132609975 
0.6903223959092045 0.5259494480955342 
0.7805710969383335 0.39264557785898385 
0.8117919584810549 0.3433138672572332 
0.9332611381031414 0.13206254326157285 
0.8648592436711987 0.2546920233926899 
0.7889155108495 0.3800078970764896 
0.7946499782913999 0.371254284851652 
0.5890217539260231 0.6548891767686892 
0.26446102901980645 0.9325713368209683 
0.9611965444764711 0.07830703023782869 
0.1283367551662713 0.9850221353934961 
0.7018532522683413 0.5096096325210105 
0.5286646350409723 0.7217609198185532 
0.7221092117774484 0.4846495665900872 
0.966973799640124 0.06871587141247404 
0.805317111619369 0.3613375880896229 
0.1591453648912769 0.9761798325550014 
0.47799358094929334 0.773535313269744 
0.10476983479411417 0.9903658593621705 
0.6732902980857307 0.5484397683862015 
0.5602962119081492 0.6882746376066188 
0.7041591010863536 0.5065502085248641 
0.6309050492132964 0.6043959876357208 
0.6351150567168946 0.5992070535082487 
0.4960959016743639 0.755795240918561 
0.11139145007554918 0.9890079210176014 
0.6673340006268738 0.5567735843267676 
0.4366799554698595 0.8114186052839216 
0.4534231270268304 0.796269746514461 
0.6462342753851691 0.5907792232785073 
0.4671385472486165 0.7837027613137504 
0.680035974970702 0.539678110566881 
0.1587713101954732 0.9762375890243618 
0.8794846131395161 0.22857988280670385 
0.8216139381045989 0.3275137598517139 
0.7388834314447461 0.45655654526206146 
0.8860943605821634 0.2190077203184752 
0.8563690143006313 0.269723892812169 
0.6103805278310871 0.6293658864285743 
0.8204901884626853 0.3296376600295419 
0.9860759315711882 0.03944803513800374 
0.8563690143006313 0.269723892812169 
0.48862321140233866 0.762947062376993 
0.21300222455536966 0.9558672526697369 
0.2626932828419567 0.9328894570374286 
0.9727006495276451 0.05817309903236492 
0.7638050315828658 0.41946636410440225 
0.8894140366728285 0.21194804270134737 
0.9552426033818415 0.09080561552968554 
0.3203662610919668 0.899423874667586 
0.45276049161781573 0.7975860406921221 
0.8763968806299716 0.23603923577955158 
0.44130280615227313 0.8074340730552835 
0.9943194272215388 0.016653133562376226 
0.6472122175504036 0.5831788723134171 
0.7478791500248959 0.4437627667809047 
0.046872765566152164 0.9990877091968345 
0.7476428540464743 0.44376476755603483 
0.7638050315828658 0.41946636410440225 
0.989923968530586 0.02272626672039546 
0.8385702677465398 0.3002357326904277 
0.48312718852153896 0.7681006719564957 
0.04346652795687367 0.9998844597674135 
