1.3930216686903535E-9 1.0013973018322215 
0.9993777078039242 0.0038955281162564963 
0.9993777078039242 0.0038955281162564963 
0.961244987565583 0.07909994328730917 
0.8784458115081671 0.2312829794408367 
0.6402581894816961 0.5919170029852099 
0.8265244780680232 0.32006784307637065 
0.4706591593518342 0.7804493235497882 
0.896827984584513 0.19963886835578443 
0.6116671887098647 0.6276241721148127 
0.41937762188181366 0.825859105788828 
0.8574210519150981 0.2683730357279195 
0.6666353911739373 0.5574005564529404 
0.29517688935393865 0.9151785760120215 
0.4407156516995908 0.8076971604628767 
0.8119031054888275 0.3437851657173258 
0.16212810029222294 0.9752195390084555 
0.9430191262350187 0.1213913526062602 
0.8395642362110138 0.29730466426420554 
0.7783857345002746 0.39674927432303 
0.505614237897451 0.7463028493972409 
0.029208300435990986 1.0006875623770115 
0.2566755730404191 0.935425215475667 
0.649022414406174 0.5805417028323271 
0.38947131629631354 0.8502026434602921 
0.9292476627702768 0.13965204567997438 
0.8498920986742302 0.29049933907509407 
0.14388463432048348 0.9814934752890166 
0.2842225843979995 0.9217682388108451 
0.18398659107080484 0.9680362806184709 
0.2349285566990943 0.9468810185787816 
0.9154845081965056 0.1647286341107698 
0.9811518098996961 0.03947217725365213 
0.5959211096271881 0.6464119103212971 
0.37987064834991 0.8578657330620046 
0.9742037876411295 0.053197096132280526 
0.7462016090665721 0.44547630260300586 
0.492171452614781 0.7609836718835724 
0.45459647512695356 0.7953834828574755 
0.7959302352831047 0.3809679241065017 
0.9666916683157925 0.0691945700969624 
0.3273126735463723 0.8947651154123039 
0.34659054301325076 0.8829215275341783 
0.7416396639561996 0.4524557321825666 
0.3642414339361655 0.8693623741934506 
0.7704783204933097 0.4084110195391646 
0.12583555545178765 0.9854789240070551 
0.7320389959769507 0.46694212127370477 
0.7162207373912441 0.49062973114233904 
0.2503694323454294 0.9391545591306605 
0.8683709963691448 0.24910972926650748 
0.40715212854958205 0.8359125348105658 
0.9323033478575184 0.13413573038062085 
0.05585772268013374 0.998097911104617 
0.5892875518068712 0.655169407264881 
0.9430191262350187 0.1213913526062602 
0.3225777320471821 0.8977807990000217 
0.7233966898659424 0.4809876104367816 
2.0825781916828717E-9 1.0013502325229389 
0.04942838593555088 0.9991436676647208 
0.6838024103056369 0.534259246273947 
0.9131075703764528 0.16904369584367773 
0.5423307959366799 0.71647711021526 
0.8688670544312453 0.24740629528979247 
0.5515675566231479 0.6970963287633289 
0.8017507253168218 0.36008504869866403 
0.7959696503405277 0.3738917584241257 
0.7086463210259802 0.5044484377127196 
0.44906825090004476 0.8002218368916884 
0.21823016747953433 0.954306569529444 
0.9054204840678521 0.1835738030886696 
0.3593151703262813 0.8726968618116144 
0.07718053743355091 0.9952095242120692 
0.20069091361671368 0.9611724156664303 
0.9040127069196972 0.18584362388270348 
0.5212509498224476 0.729934381177677 
0.09712845739366335 0.9926566600833282 
0.21940299021114554 0.9537851500313741 
0.6986975305777401 0.5160865964838145 
0.7587955056730171 0.42706138872386995 
0.5212509498224476 0.729934381177677 
0.6742826290362065 0.5474994305555666 
0.349223227664948 0.8801370354020145 
0.19626964067903685 0.9634359419639121 
0.9912798395923957 0.019906708989922226 
0.7278578917702355 0.4725394845994964 
0.5591734277068104 0.6889577840589954 
0.11632328583513729 0.9879839295668561 
0.529478833151036 0.7218647739088025 
0.40747355353376136 0.8358052511588524 
0.3225777320471821 0.8977807990000217 
0.4952199470639699 0.7567492501699377 
0.708692559093149 0.4998845138816645 
0.7587955056730171 0.42706138872386995 
0.08622829455565156 0.9947077462257332 
0.5775212095681309 0.6794933506036823 
0.6462279729287015 0.5869644167052996 
0.5805442161917902 0.6650380158662595 
0.8058652756599276 0.35358723055512425 
0.997152366629375 0.008494505791108461 
