1.7090937349478026E-13 1.0005855032184918 
0.9999096477852972 0.0017355875416286092 
0.7070689778257641 0.5008637237221876 
0.259185777228845 0.9338441735806742 
0.8207643498095185 0.328202863153937 
0.9391845067262137 0.12012724010100644 
0.6125242730264358 0.6262208354346828 
0.5875561568397413 0.6649648542815633 
0.6331003567392764 0.599957031488213 
0.9128502686071891 0.16861635884115017 
0.7501443387695119 0.43818667287152435 
0.9259636751418637 0.14581603222422573 
0.9535278816059061 0.0924881818409626 
0.1038414078664136 0.9903805397692017 
0.07534258268314381 0.9953056335263161 
0.2312042809993216 0.94755445555014 
0.6490689268471194 0.5800705766057279 
0.35762706115623377 0.8742906756856239 
0.6966426535563857 0.5204976254338126 
0.7356156284170016 0.4607287773317137 
0.495625069842281 0.7557010582457327 
0.6605569523356544 0.5648443728885469 
0.6001104860923884 0.6413043279528636 
0.8129746199440675 0.3408304998921687 
0.4836376887711827 0.7679213910899212 
0.8744019044216832 0.2371915527286622 
0.3678268907858277 0.8664777749647252 
0.7672648258194952 0.4133748113957651 
0.8614338252738156 0.25920957185812854 
0.40299504550612525 0.8384747889287996 
0.5731108915919619 0.6729545260484306 
0.5204968387347979 0.7300995834561079 
0.9391795923033867 0.13986186018900004 
0.8879821487757769 0.21319962573917875 
0.721238496721636 0.48129544157403126 
0.1653515760821333 0.9736935929051985 
0.32880503388286736 0.892808299801512 
0.7922459369127951 0.37408866467204194 
0.06017916158982092 0.9975729392660101 
0.6793436269775861 0.5398361647785825 
0.4531101605332634 0.8129515426355518 
0.14011075260177824 0.9813779921994454 
0.04327482733327015 0.9992220211870199 
0.20091059143751816 0.9601957627732027 
0.2232082683040696 0.9515802755362797 
0.505608483884892 0.7460153926609802 
0.5313070592579265 0.7190539023088846 
0.17689223211564958 0.9701080582960508 
0.1469506878827946 0.9793428697425917 
0.905393087447951 0.18200582749330346 
0.8427731030879013 0.2914084078569235 
0.3812061614694422 0.856174175674934 
0.41942733053730297 0.8329918288792997 
0.7944267701035541 0.3705047951170836 
0.3812061614694422 0.856174175674934 
0.9767999441107584 0.04756434426202975 
0.7804381403067043 0.3925212175354281 
0.872294036841537 0.24056080323405027 
0.9725848270232637 0.056394669155525066 
0.8379368306776811 0.30334566669007357 
0.5469992640956636 0.7020060709667015 
0.29821611898887135 0.9119292747234338 
0.8486822630038601 0.281635434168927 
0.8379368306776811 0.30334566669007357 
0.29021911740667655 0.916859824368127 
0.5652043075454778 0.6818974146463943 
0.9635103581068374 0.07478599384207268 
0.025987154404515378 1.0002952464280321 
0.9574230083828794 0.08649563480747725 
0.9664341052415618 0.06737649586881221 
0.47180502031388183 0.7811505088735268 
0.12012440549290371 0.9879354335224881 
0.4223355169539703 0.8250139594153031 
0.9829834636460519 0.035750207043306684 
0.3151002635802617 0.9019309015374508 
0.3126300142936042 0.9035730480790335 
0.27607645083998583 0.9247061702984362 
0.433271914904449 0.813742215487126 
0.27292712150550635 0.9264199134899949 
0.4532340242248114 0.7980330886064623 
0.6723087431242091 0.550423886800606 
0.6396981245183756 0.5920745545498202 
0.47378845116171286 0.7766987452392093 
0.5523749877141618 0.6963215221311858 
0.8041492902081073 0.35471661356462897 
0.8545042973116971 0.2738694821470791 
0.4596223940680446 0.7900030003440937 
0.8041492902081073 0.35471661356462897 
0.19893391221101642 0.9614562871047223 
0.43003577383129454 0.8163297844860337 
0.4036554444700661 0.8381539266747605 
0.9025781268679355 0.1909837912559408 
0.8572802531974058 0.26611341708653824 
0.5381460898113976 0.7114877653745527 
0.6883832081860619 0.5305885826210451 
0.6061077428957751 0.6340529137013181 
0.7751696933023553 0.40301120907629107 
0.9902803750268907 0.021224976807608625 
0.8928648773809738 0.20649655673569975 
0.3398530376823072 0.8856128924894574 
