0.9998906641235153 0.0017645985387789052 
5.732667995024875E-12 1.0012020202596208 
0.8212481019667942 0.3279491015424857 
0.691708505596304 0.5276689390246457 
0.18258187882955323 0.9703288657772473 
0.5581404887835759 0.6936216686635469 
0.7247113399594768 0.47727594120523514 
0.7028708616359081 0.5073644806256422 
0.8299697582139929 0.3131163428551251 
0.5731875505047488 0.6735041181557249 
0.7133025457215854 0.49283789353716073 
0.0740089642570369 0.9959209137082956 
0.10015669045184639 0.991260717653185 
0.6769295221114974 0.5435976345944903 
0.8533728181468281 0.27428880978456904 
0.5133337138771481 0.7380128904381471 
0.7538770003774352 0.4332584723182274 
0.7661745525089263 0.42009388905990896 
0.4826205741384523 0.7682578951118554 
0.7946466394632978 0.370459225340678 
0.9316162363075153 0.13498084838549895 
0.5456109215684997 0.7038807380174629 
0.4112420322132648 0.8321810774596989 
0.7874656740058427 0.38155718339047967 
0.5341556905322047 0.7159110101033211 
0.1622944646435341 0.9749805817055751 
0.9643232255085606 0.07284110096350084 
0.23805484446674546 0.9443822187805776 
0.4678680089314333 0.7822298586670098 
0.4609656725189895 0.7889958413079977 
0.4960865697377506 0.7553882862607509 
0.29074516409799983 0.9166706096514533 
0.5983604455336197 0.6433984514208473 
0.22773542722050116 0.9494820885568711 
0.8969157402118573 0.21107594600049168 
0.6683728085599622 0.5556093928978497 
0.9387847236914117 0.12185223759418502 
0.6252943522247288 0.6100227273625984 
0.9582189698617722 0.09192033329252008 
0.42940931170919944 0.8165271874387415 
0.9017793076496249 0.18902467756084426 
0.055168446243260116 0.998153768839752 
0.7774492428411202 0.39832291242237683 
0.9450844170266222 0.10959764723637766 
0.5811865275276552 0.6641615219594873 
0.2054859234153387 0.9591127888263545 
0.6108296200971175 0.6285200278274203 
0.6405436349932662 0.5909777128854542 
0.9870653997282796 0.02740626114605432 
0.36786367066516645 0.8657908202370626 
0.3598646936422603 0.8716656713403338 
0.6510953886407153 0.5776019219800017 
0.8821295757584733 0.2241272555936819 
0.024358848766489694 1.0007981045974117 
0.8488588694315169 0.280977511329937 
0.1402727955359388 0.9812393882882018 
0.7455034395892502 0.44829447918860993 
0.27976129675586525 0.9230480926271933 
0.9151162119481897 0.16513503917638778 
0.9512588887324821 0.09777524338291328 
0.8675911591228894 0.2500633869325768 
0.6602777119123996 0.5659267549680261 
0.44580177957329253 0.8025311435017564 
0.21074105947607535 0.9565800999626096 
0.12296037879462947 0.986199883469918 
0.805575914550184 0.35283686322760155 
0.3836790677068821 0.8610006064461455 
0.44580177957329253 0.8025311435017564 
0.6358642655336341 0.5973966763465687 
0.9809535307705897 0.04032484758466776 
0.5262020092715419 0.7285433452463567 
0.14800846293787667 0.9793271625744409 
0.9222434337604681 0.1516466211194233 
0.11716868731186764 0.9877860837642732 
0.8875328496952829 0.21403067523055289 
0.9773774616316615 0.04644306238497914 
0.609706959706908 0.6297864824559448 
0.9103880401699074 0.17288135382065123 
0.8419906644039709 0.2954312045682359 
0.49247139735230483 0.7584404387019319 
0.8675911591228894 0.2500633869325768 
0.0404465947964045 0.9991962917475653 
0.8060492812597486 0.35237176712906065 
0.3335626289164064 0.8926364948573344 
0.39346956821388224 0.8463354645928751 
0.9054279370204277 0.18255602853329236 
0.8419906644039709 0.2954312045682359 
0.38476990532535116 0.85332363994807 
0.3196397087831327 0.8992072427990934 
0.8757004408178822 0.23514980233104352 
0.30509676887209963 0.9080849344550598 
0.6278401908986301 0.607165717867758 
0.30509676887209963 0.9080849344550598 
0.873400411739554 0.2388779694673554 
0.5898268482509754 0.6538279989039074 
0.993191420836294 0.01592625555621468 
0.39346956821388224 0.8463354645928751 
0.7369711273738184 0.4588469926336049 
0.5206079109799401 0.7306615840491508 
0.3355100072044585 0.8887597494868528 
