3.3425360054665024E-16 1.0007512669392884 
0.9999138809170628 0.0017373702895489669 
0.948799549193831 0.10114449307935292 
0.9351620691881768 0.12667176166100658 
0.5392875622344259 0.7101906196863647 
0.19817613851971927 0.9621162469369873 
0.4135040892787287 0.8300594714888767 
0.7205695052814545 0.4838487008956988 
0.8383174719853587 0.29950674975703745 
0.8565256246028461 0.26820122080191827 
0.06799229774151189 0.9967275734954251 
0.30900113202236423 0.9054979047146733 
0.4217299865691089 0.8235312179929012 
0.4398717421542706 0.8074238269486225 
0.1662304949083409 0.9736135365104189 
0.5608503286423564 0.699015205961789 
0.6289138690882418 0.6056903974563531 
0.8065803750354787 0.350813220273229 
0.6577733644262979 0.5690466531345914 
0.8183262346221909 0.33210860564193234 
0.8709638438203022 0.25636890233311194 
0.7872633227830103 0.3819301609184772 
0.12821427153969778 0.9846698863567273 
0.9918433389481899 0.01778022208838111 
0.5024560550828264 0.7486686700915288 
0.23333694796096738 0.9467578266782402 
0.4852604102888342 0.7664533288815008 
0.7759012987697271 0.4012685631655604 
0.9800261193143869 0.04344543515522516 
0.39137237899784594 0.8476249994042241 
0.10848410705072174 0.9910688101598745 
0.5274990715925644 0.7229995254259596 
0.8952489767718673 0.19994371034462644 
0.9170923717177966 0.16097949872359124 
0.5890530155955556 0.6541947508897399 
0.3860426285677784 0.8566682554755956 
0.2204458409765624 0.9523091030425784 
0.47068420653106796 0.7797830326767784 
0.3597801960959047 0.871469923843176 
0.9682929368748258 0.06522871038867015 
0.5979113243352423 0.644483078563539 
0.6447285040725577 0.5856834762648478 
0.27864739092091034 0.924213241455638 
0.5199359526016164 0.7309607041809599 
0.03314131806776427 0.999640198354682 
0.6097356759881336 0.6304939675062098 
0.6881647327992556 0.5356758729436374 
0.828549142429179 0.31492966526981025 
0.7624178422186109 0.4202737690052356 
0.6219032937175771 0.6144136475679929 
0.3688642959272144 0.8652833817237604 
0.9779599667831036 0.0452553942947257 
0.34148747001562263 0.884370613412606 
0.9288333128896256 0.14147988415449356 
0.4477346067188507 0.8005458367934623 
0.7711127384354839 0.4071790145705634 
0.8767904942415882 0.2328929926575923 
0.6840550413749439 0.5489004108498133 
0.14321715309211633 0.9802766176491686 
0.7324177755521513 0.4650804030627088 
0.6690843100386494 0.5533692372487987 
0.9239728059315552 0.14891001227972064 
0.7106678062187926 0.4975711100184058 
0.2937018479824352 0.9146844752250638 
0.48176597131314325 0.7698008732528494 
0.9564415649666651 0.08710311025522523 
0.5112913510275685 0.744059212754955 
0.7923487283461232 0.37385835404197065 
0.6494280065875072 0.5793374480509615 
0.6922744200306147 0.5222661358569938 
0.8868188286080652 0.2153057400535503 
0.32430055927864043 0.895575012550873 
0.8238496399137089 0.3230112923043672 
0.1808567636969029 0.9681629331401571 
0.757352761011152 0.4277695166591461 
0.45741186753291735 0.7917120731685605 
0.5727747780094193 0.6755029414495995 
0.9011298648042886 0.19005862225800244 
0.024907268932919613 1.0002299093383633 
0.6075980876201488 0.6349803573979996 
0.700234481771224 0.5111381387283084 
0.46154596875713877 0.7879036725276142 
0.8369676771935736 0.3017045784508287 
0.26756562613882634 0.9297846216960859 
0.5611237246117652 0.6861992683153029 
0.9099339509079523 0.1742408253339762 
0.2911983107121595 0.9159363595717845 
0.8852883010923415 0.2176432685996026 
0.7514573483311631 0.4374521436749502 
0.0946753574415925 0.9919707216107082 
0.9936902994984573 0.014327290510291418 
0.25321797499196474 0.936790859238065 
0.8779477800924517 0.23095207390972955 
0.7420150903591299 0.45086058853486227 
0.8604908340126328 0.2613672328568061 
0.33885018519313226 0.887317442959096 
0.7417080811403366 0.45129801748264015 
0.7327247847709445 0.46464888116055775 
0.8009743558892106 0.36044899439357375 
0.5670444556573877 0.6805423113253186 
