4.4134523588213674E-10 1.0006541534876228 
0.9998321862242056 0.001417933507726331 
0.8543469092729794 0.2709846596914638 
0.7880934021307021 0.38032652078023776 
0.1410655574692472 0.9811704974298192 
0.6805221553497685 0.5385658697759876 
0.4638778439205131 0.7860737650726068 
0.9827941935289018 0.03719665933509741 
0.16795794621711624 0.972765096406612 
0.8014397807409226 0.35901679231563605 
0.5669967129062125 0.6794553132528237 
0.34005444129264906 0.8854243236478423 
0.6289584357932928 0.6056982767623452 
0.48465934044672765 0.7659721940140114 
0.9711104682745343 0.05805789636792079 
0.742586791133677 0.44973157244105605 
0.38127408325874523 0.8561582649522792 
0.29542898931940004 0.9138148599479946 
0.6953238967830063 0.517862069723113 
0.28111777865339493 0.9219064486636821 
0.870662084858132 0.2437727965663829 
0.17955155339655748 0.9683153180856142 
0.7084400442049483 0.4994094974679276 
0.5183438051793637 0.732132074321302 
0.7181982584816018 0.487502284915905 
0.07695520641688314 0.99499941352948 
0.4205504071427407 0.824148108417168 
0.48186439977422657 0.7690627539936278 
0.5667288056735783 0.6799656632384861 
0.8397983006504957 0.2961852115037374 
0.3638789970838917 0.8690206794038745 
0.8466042890785065 0.28470894673058855 
0.8074706618084754 0.34914594917874126 
0.26617158167129645 0.9300420757470709 
0.9662969358190865 0.06778881461933861 
0.932923562395094 0.1320678585032039 
0.9070391488781879 0.17939713830103185 
0.6372978451814071 0.595075014584686 
0.5386695369611865 0.71083222494349 
0.7275437517022502 0.471952774024321 
0.9009282345329821 0.19693564375242054 
0.7609018998891854 0.4228042504754269 
0.3099947649906304 0.904972164584781 
0.5897873251853499 0.6534093759254763 
0.6521173580939479 0.575450989682585 
0.41066441255569625 0.8328138597306224 
0.40024920571029254 0.8409578062825815 
0.45388709790263654 0.7951036203514289 
0.5062368115840615 0.745231479348723 
0.6456938866425009 0.5843707765860772 
0.672037097755562 0.5499037517732122 
0.19987728698697504 0.9606987130911842 
0.03494916456476882 1.0002082038700548 
0.24893849533451437 0.9388922480401235 
0.5062368115840615 0.745231479348723 
0.04160354178142933 0.9992578325938628 
0.8822398868237716 0.22363919892914974 
0.8264089266514001 0.31829061793443064 
0.5897873251853499 0.6534093759254763 
0.8709066459205008 0.24298207355087578 
0.44730657542684044 0.8042228199476279 
0.6996417078962448 0.5121271047343122 
0.9121855858468408 0.16987992520738593 
0.6615876259378638 0.5638624081623123 
0.616205254464281 0.6222895344475794 
0.43356974564875106 0.8131014117126426 
0.12486692278795722 0.9851978505388896 
0.37533797309803857 0.8626892305418258 
0.6005609715807372 0.6442389645422641 
0.5476905746537882 0.7007365596528816 
0.23074169839711478 0.9480990545405381 
0.5476905746537882 0.7007365596528816 
0.9491046261502196 0.1016118308211841 
0.10221939863827972 0.9903594793766772 
0.9908366964748497 0.020103983231486513 
0.21471651701690292 0.9548629130161603 
0.11638886121646702 0.9870430000845324 
0.9989025680040098 0.004031154396694441 
0.8165728067962331 0.3349607620191686 
0.8896711279392833 0.2103416461866408 
0.06396388916408968 0.9968462403278064 
0.817959187749734 0.3327387485462664 
0.7778400825640752 0.3962433105461513 
0.9421370900643418 0.1171068466254658 
0.009042644878554496 1.0004028513783885 
0.9581988650689047 0.08401444773906132 
0.6050908810690938 0.6387999254677836 
0.7688798169827914 0.4099753511244699 
0.9896972018322584 0.023169880339274408 
0.753229921205988 0.4343979816063541 
0.7259466237762323 0.47414656488563434 
0.6675128971602575 0.5596272538065298 
0.9399368366644779 0.1187576911047326 
0.5314742710979995 0.7224308277093274 
0.3507691312385581 0.8780200392948848 
0.9262203303407937 0.14451188277597635 
0.528938300215655 0.7250765378736239 
0.7777194373727763 0.3963683304237143 
0.4374276269202885 0.8102909432745968 
0.8316860360924748 0.3098696545647823 
