2.4166739595463306E-13 1.0008664846796806 
0.9999337023757587 0.0014372244602457694 
0.9838798601925922 0.033915843924199655 
0.5668458090691237 0.6851889545557123 
0.23633384730557763 0.9453335059006513 
0.7653605858235608 0.4166481862084295 
0.6435916322359472 0.5872948789291234 
0.2063521426386346 0.9586790784443763 
0.42436602748242314 0.8211784663562319 
0.5906362246480463 0.6524380682943777 
0.5437309137923995 0.7094987658976288 
0.7822797098543043 0.3898373537817116 
0.40654641135963093 0.8360419223826594 
0.376785723722551 0.8588416256442291 
0.7013542240195191 0.509380015529739 
0.8517667245214375 0.2757545244000829 
0.7566402390930734 0.42880503008587983 
0.9132864493468588 0.17372048062806225 
0.3194320363943995 0.8998124989875226 
0.16765524429175221 0.9731365877963205 
0.6275339953630994 0.6077382240851857 
0.45802156538541555 0.7918257110996513 
0.7161314878374693 0.4886237985426705 
0.9574683706717977 0.08615500519906463 
0.2848893838756017 0.9198211072292816 
0.5162057807675613 0.7349715580054862 
0.2724355730455159 0.9274392865684447 
0.9749591250095504 0.05124204737850768 
0.47672790988155306 0.7737136073294677 
0.49222955651955314 0.7616369532347166 
0.8594732650031555 0.2632579206085772 
0.9264274909934698 0.14351641559798073 
0.6592339293657132 0.5666386523969794 
0.6837913009764737 0.5352581284154104 
0.13877275024269187 0.9816255804327961 
0.15032635043127268 0.9788019982430043 
0.8271493591371111 0.3173847953936307 
0.6117501937953105 0.6269471128948363 
0.4699715545213795 0.7803310102615181 
0.6316415369064101 0.6022319697261311 
0.7311936689715776 0.46692925464382284 
0.890187414318266 0.20998180696697186 
0.9019286869822186 0.1881017820628757 
0.18380874481505366 0.9672628777359082 
0.7466811236193346 0.4448900238552937 
0.38904875934779964 0.8496691505762501 
0.4479246453634912 0.8028888204394045 
0.8988623328371105 0.193980283141144 
0.12118595985917496 0.9870525920369697 
0.013021333197417828 1.000641383225441 
0.8170394190032337 0.3335273960874632 
0.9676856332022878 0.06626133272028652 
0.30102872004766446 0.912266923258436 
0.5570489716393208 0.6908971624396416 
0.39611302125123227 0.8439762112517065 
0.1930674643562325 0.963953800330477 
0.9351334841571377 0.12821399746497086 
0.3057261708438566 0.9075686720512458 
0.8423459660586916 0.2931354277344068 
0.03250118652828624 0.9998582873849098 
0.8170394190032337 0.3335273960874632 
0.6893152172128555 0.5266503990169608 
0.3386538783721888 0.8862872837777174 
0.10106371571065376 0.9914762608494279 
0.3518851885946695 0.877000894581495 
0.6960250858865709 0.5173536907656378 
0.4396998116358261 0.8083337786845081 
0.7352126669786438 0.46119287453519986 
0.8029844454613424 0.3568820852921577 
0.7205540422946025 0.48252330022132983 
0.5289413604580061 0.7215947353126568 
0.25857710632295716 0.9351105775528001 
0.9184160798757594 0.1577099060851135 
0.6739184572135597 0.5501732443007862 
0.743571142791655 0.4501280449583459 
0.787505148353116 0.3819407484163146 
0.5299036601967808 0.7204659251238859 
0.878382444860115 0.2312149534718469 
0.05653442936423181 0.9975831724880667 
0.04189456213700998 0.9990326126598592 
0.2517525293294981 0.9378806995274462 
0.8727645283905163 0.23983566655332317 
0.08690057757829167 0.9931968781057565 
0.6081702503284754 0.6324573639238967 
0.33398240712064525 0.8904781195051883 
0.8666707158526313 0.25079635234648695 
0.06595187811093844 0.9966322529029008 
0.8029844454613424 0.3568820852921577 
0.11252763154562201 0.9888873373405256 
0.8314067371725956 0.3108382490371863 
0.07885911529864822 0.9949945197229789 
0.9465553638557611 0.1050890615644856 
0.9214347031110292 0.15379565158295896 
0.882861082969529 0.22328899917056885 
0.8364940035498489 0.3022226566850776 
0.8859106202351078 0.21680214671248238 
0.7972742727749272 0.36747647153325697 
0.5997444736462821 0.642286645994326 
0.7972742727749272 0.36747647153325697 
0.6724720590898364 0.5518528100513248 
