0.999945411134006 0.0013847165073890633 
1.0025482112610291E-10 1.0161309334678619 
0.41660513197726623 0.8329555285071321 
0.5060633318983466 0.7450288878742686 
0.48519219457780316 0.765577432312395 
0.23934430998851736 0.9433899235180977 
0.9470404936053338 0.10448252225986383 
0.9612303128313232 0.07752674365643492 
0.20869284015606915 0.9572386879927911 
0.38558086223955057 0.8523055002161115 
0.677153334385483 0.542968252061285 
2.490932032876006E-9 1.0008266004074622 
0.1536581261711667 0.9771692920428602 
0.840492752876183 0.29492878819373797 
0.7827960097116935 0.38853095109783603 
0.17291493819320253 0.9709566348221969 
0.7589038755741769 0.42601187518570405 
0.9901634958994135 0.02121318400549043 
0.8242885853379245 0.3217904988751242 
0.6988375523588441 0.5127402401039174 
0.09316460138338295 0.9924007991660244 
0.9828650424985381 0.0384955198231427 
0.03315958716115122 0.9998428275303354 
0.7341127624312521 0.46212158020880084 
0.8498859292451452 0.27910062167898575 
0.5351676030222876 0.7148822903883043 
0.8317897228932366 0.310141413723017 
0.5534346792810471 0.6949871047311652 
0.10596653042522243 0.9895459814710907 
0.9690403085813712 0.062357702890764706 
0.8764884594449829 0.23304560262921112 
0.8039865522196128 0.3548640170692758 
0.5931423803258353 0.6492867313930704 
0.6270595746974179 0.608353558470703 
0.06757407126272447 0.99666749223699 
0.6931487092446899 0.5206710343631761 
0.9446629433165603 0.12397674230902228 
0.6626460573652376 0.5626177590617931 
0.35334042711837177 0.8760768173370417 
0.2754322092889104 0.9248550117928809 
0.5443295858917655 0.7045606221077311 
0.47318385869440827 0.7771247329204519 
0.7450057321849797 0.44613662481020844 
0.6496788225785234 0.5794904146929736 
0.1271273708526045 0.9846058207359083 
0.26104931695470607 0.9328214825106209 
0.6371044097979691 0.5955384147108428 
0.1894726937166218 0.964994705950291 
0.3177655069496655 0.9000323505558369 
0.5694380986843384 0.6767525942476316 
0.921020915374541 0.15355759530825103 
0.5187617127795122 0.7320251314396933 
0.4659813959454492 0.7840252377980218 
0.7127670537779182 0.49372500774116135 
0.5662990521150658 0.6840047899977874 
0.6699627049954267 0.552854103566111 
0.13537032067299679 0.9825622223074447 
0.7641201068778731 0.4175064188922342 
0.5232614328341253 0.7273895810046636 
0.7921667860379087 0.3744824407170047 
0.9041569423744434 0.18503627370433257 
0.2518341228205248 0.9375461243289728 
0.3691754082017271 0.8646000497384619 
0.6053926968418539 0.6347245927504505 
0.7218910292868905 0.47986533845450213 
0.8149889919450553 0.33970344756463516 
0.45184013695692327 0.7970219046939222 
0.9248794778787375 0.1461293759543149 
0.7258227337973231 0.474706881394092 
0.6531536186506801 0.5745827087885131 
0.3380569496128625 0.8867783002773623 
0.870239085754035 0.24462322152926058 
0.8569599883251232 0.26683309672684324 
0.9029948793373176 0.19347243912104603 
0.42629016768311373 0.8201884081029732 
0.7641201068778731 0.4175064188922342 
0.45736113106462956 0.7958814429613538 
0.20137621069751555 0.963310278595737 
0.7438122708024563 0.44804762614559795 
0.6159427892443106 0.6218966421220562 
0.8660639771994 0.25127767502103704 
0.5814292225822055 0.6633066208626125 
0.3469850365837912 0.8806014603378788 
0.5816168736037213 0.6628848720934436 
0.9123018088340945 0.1693079028937233 
0.3823130149785092 0.8547003077156897 
0.9314352556088077 0.133917787042547 
0.42917410315474447 0.8182324544522467 
0.28574075953557454 0.919382401960176 
0.8606304741627226 0.2614333133639572 
0.9854728941656865 0.03379199701705648 
0.43935981976601035 0.8078975438368214 
0.9119326963262522 0.16974170237251063 
0.8849393730634517 0.21846372405739026 
0.9336105440894693 0.12999004750286436 
0.3713522946453823 0.863184202942908 
0.6334128305016918 0.5995940256869436 
0.8075489713417134 0.34909330707647745 
0.8885232238726047 0.21213781530090386 
0.7831392625077406 0.3877141486374264 
