0.9997994639680563 0.0018212410237574406 
0.9997994639680563 0.0018212410237574406 
8.292697068208671E-17 1.0010804218289733 
0.6410655261723331 0.589972775144125 
0.9001684865145485 0.1923451768260101 
0.9116051392276212 0.1722977697615554 
0.5610328293338804 0.6871363221466513 
0.6237761788487135 0.6131849001758805 
0.7204183645074191 0.4822176046232569 
0.8184156674815711 0.33132761257075455 
0.6828202752140929 0.534737585126056 
0.965071133420816 0.07104946532760709 
0.48928266690897726 0.7620281941512228 
0.9810506039754153 0.044391391798660876 
0.8690753871222296 0.24697201808149405 
0.5200299659225116 0.7329262728638913 
0.9373593926057213 0.13204030665470232 
0.9414546548221461 0.11506121376486667 
0.47299038716043645 0.7772338769285061 
0.7762239118001951 0.39951581531994823 
0.829037817941424 0.31422009546394275 
0.9550180379169404 0.10400278292411887 
0.46632951355989316 0.7842113708866498 
0.2682373801473752 0.9293778084562656 
0.8776733596141492 0.23121439867935495 
0.9765829941509623 0.04819694217841783 
0.8377379146522376 0.3004913875840786 
0.5886578341848185 0.6551386555202882 
0.39447512856269373 0.8459718805999789 
0.6071907702078997 0.6326475710461538 
0.5085572113299636 0.7424369049399189 
0.6952036415212297 0.5179520226561116 
0.9207188803573602 0.15593910646014467 
0.532101152349465 0.7188866107592247 
0.9253036437946293 0.14528159721626144 
0.24716504545150617 0.940202102930634 
0.7850417646023771 0.38669012856269896 
0.42772678380128043 0.8184680623904692 
0.5014522182236013 0.7561289206874173 
0.07733552319641318 0.9952628932060182 
0.2092200325357334 0.9577457519301541 
0.03555735688584552 0.999957512063236 
0.44010262321345905 0.8078291506205997 
0.23233392398448816 0.9472907318338605 
0.3221574430464703 0.8974940534540016 
0.7261801823494125 0.4748615628156697 
0.019358023865087837 1.0006056776612324 
0.6205694269376498 0.6228253846806098 
0.8103361773094963 0.3460579400335214 
0.7571434065495536 0.44508502511513565 
0.4093348335327658 0.8349940759596398 
0.28992567346381093 0.9176509470829547 
0.5768461229699656 0.6690377570112013 
0.8892847829555662 0.2110403530448921 
0.7973180054814679 0.36607069975598655 
0.3068620736015776 0.9072444508101385 
0.18980920756817288 0.9657257941896494 
0.35170826596880667 0.8775404216487461 
0.8604398097195475 0.2611739838752447 
0.3346893599633003 0.8891578068255397 
0.8052616786000656 0.354188573040645 
0.7916030898214376 0.37483540762147505 
0.26162299440920733 0.9329320661892699 
0.7442789243579042 0.45161959236687105 
0.10656715387585797 0.989702666510146 
0.6515605465726976 0.5764444538246771 
0.674418900192869 0.5476540187734322 
0.8512070449574378 0.27745662147969835 
0.3852123335331048 0.8529722227428961 
0.9926975261604023 0.016684264569176863 
0.7015900073802349 0.5096636751071316 
0.34201479565351095 0.8841057422698069 
0.13516118247018416 0.9829744661791417 
0.9569107635696662 0.08661735000470686 
0.15584237925901562 0.9770116468042368 
0.20585106937352707 0.9593063286319211 
0.29122099217269626 0.9166268634043094 
0.37818929721827815 0.8584797105119651 
0.15097872909698298 0.9794786286519572 
0.8846022809448857 0.21946684143322248 
0.11985623668440337 0.9869857893758314 
0.541612169676633 0.7077727943235288 
0.5773075437045754 0.6682858836195239 
0.8571699827827457 0.2683080637763412 
0.6684759475137232 0.5545854867911032 
0.7616594810889716 0.42585853867540424 
0.31258536070413295 0.903787925706135 
0.4183603831352371 0.8260377991025097 
0.05486355817504766 0.9979447777492234 
0.7572543395758868 0.42871524708137604 
0.7378760028044616 0.4575334272561163 
0.9628258346128213 0.08416256729770939 
0.5989059859560635 0.6431921267992509 
0.6599821218123791 0.5662676495950579 
0.7671673100600784 0.41316621364221334 
0.8512070449574378 0.27745662147969835 
0.1713562021812483 0.9722938267385715 
0.8361694843204756 0.30484801982943277 
0.5968568932012301 0.6454943009161106 
0.9937248353300104 0.014450699052629953 
