0.9999841996499489 0.002673984565008794 
3.765958252898669E-12 1.0014701448884882 
0.9999841996499489 0.002673984565008794 
0.9261902469055994 0.1457442534741957 
0.5204001434877854 0.7312230424775791 
0.9808801829880317 0.04101952615737862 
0.5651834725855521 0.6825393112223445 
0.8662767922960306 0.25267172899297674 
0.5821334542323272 0.6629268604631083 
0.9103503647676934 0.17384776540172212 
0.646909902362676 0.5837442449988941 
0.6303918357232885 0.6051235179386478 
0.7000434553720813 0.5129226697033378 
0.39354778940310675 0.8481354712062074 
0.1342683396615001 0.9835388801545872 
0.880886951662604 0.22612433358344247 
0.8962948546260361 0.2003233147261381 
0.543478859117717 0.7070708518894125 
0.9450315725638925 0.10883320763546998 
0.105486479910393 0.9904094256822776 
0.8006304632527119 0.36425439339575727 
0.990408258281184 0.021640876163314622 
0.1694511049864933 0.9721383493057648 
0.7244710744522469 0.47739178056638243 
0.5526930666648702 0.6963401902687494 
0.32413820016092904 0.8964010747890016 
0.9558651385719868 0.08889387625986175 
0.6229895513842069 0.6141466093432313 
0.2430770765390701 0.9425345008717022 
0.7463226314743105 0.44532792388696524 
0.20119743687132824 0.9609814733526361 
0.48245424114067054 0.7686797699598957 
0.9049694005384037 0.1849066311581438 
0.21950908417671267 0.9535883419670849 
0.7184229349686857 0.49189457901823924 
0.3386480766249055 0.887417941615366 
0.31276320981639155 0.9046049915026335 
0.766284447496993 0.414996397764824 
0.786588470238447 0.3830046679173438 
0.9368902850736491 0.1247052217273237 
0.831764164486624 0.3106856948286588 
0.07509947078491436 0.9961046420612186 
0.6147327745925681 0.6314751665161591 
0.664641468873995 0.559762694447567 
0.4099043835429591 0.8338503280491341 
0.2575934902678293 0.9350990442734733 
0.7338191462741978 0.4630577657676181 
0.7541824375513385 0.4333250545985163 
0.29523767367070625 0.9143727583035294 
0.8865191459628646 0.2165989113811898 
0.834311188835391 0.30621997661658873 
0.8587520799602447 0.26591093716313374 
0.2650800167041059 0.9312961663960378 
0.3652974927493079 0.8687442653097495 
0.7589710661601831 0.4256991191411747 
0.7744313638197864 0.40272685997127533 
0.7376480851082982 0.45799523110725077 
0.1544697454390876 0.9778108143391354 
0.5093615285387623 0.7424786241110213 
0.996009351384576 0.011008925350900473 
0.8534830180038837 0.2735302004572755 
0.606307605017627 0.6350228607789504 
0.4470962439805639 0.8027114143196226 
0.8046924337648549 0.3548555823098459 
0.19025760641515388 0.9691676672952959 
0.7791815645627936 0.397500085281001 
0.8102446717947466 0.34598467736256716 
0.30092637772612757 0.9123042690401997 
0.044722149993187944 0.9995016959116102 
0.8150333004035911 0.33780160334181936 
0.8443029171078571 0.29011073577661967 
0.46150238737987603 0.7906728152321473 
0.49366568059767824 0.7579648026786687 
0.5930631012973855 0.6499852868718029 
0.5059605214626661 0.745546394945596 
0.42393562634130477 0.8237249865525801 
0.8437653760027417 0.29101001314654446 
0.15037726372074958 0.9820342368504255 
0.6845646912128962 0.5332043090218437 
0.4464850112548617 0.8036057654381803 
0.3806506710254184 0.8583677297025845 
0.5949377284120074 0.6482717118022064 
0.9682306181794001 0.06642257157086592 
0.43328478415731453 0.8146540409731774 
0.49591364818420375 0.7555574703014026 
0.005532256925093071 1.001346491951312 
0.8206549559732506 0.3291631218155906 
0.9384942669872416 0.12114854419382373 
0.46150238737987603 0.7906728152321473 
0.9685647605973171 0.06432496365459855 
0.3806506710254184 0.8583677297025845 
0.6845646912128962 0.5332043090218437 
0.27786915514409566 0.9244847307604906 
0.023484922891635618 1.0007159778439567 
0.34877020918906887 0.8813975873814369 
0.785226872391713 0.3859307297086563 
0.6716571094029292 0.5508861846403428 
0.47338060907853835 0.7784720907921402 
0.23206676239231488 0.9513680312638614 
0.47338060907853835 0.7784720907921402 
