0.9999637212952311 0.008154384409857277 
1.4025778700092048E-18 1.0221809230649195 
0.3674963392202649 0.40888319541956564 
0.4001821353521842 0.38466113784234146 
0.06415818502481196 0.7606685395127435 
0.07765052902003222 0.7382367780180625 
0.19007648573035094 0.576579626582948 
0.01823907803595959 0.8835580052590172 
0.04623044483382778 0.8034824954501417 
0.3418461140444412 0.42416614821504584 
0.7404494935012849 0.14902692244959084 
0.46972785990241495 0.3315434146518965 
0.689438739303527 0.17850115608253853 
0.9012391525955297 0.06120327621638522 
0.6756363634013786 0.19068362569528724 
0.0908389668921517 0.7162241802702267 
0.8038491904121259 0.11703411104616657 
0.20026403126782283 0.5628410380406635 
0.5155378575913809 0.2946663433875502 
0.5854824310754436 0.24518355689570356 
0.2450947317837649 0.5227170096350484 
0.1746079088560616 0.6017282872122539 
0.5659145116634317 0.26081235739049896 
7.874951933840579E-4 0.9944259767235506 
0.09608796055554542 0.7079378391398913 
0.5034476860906338 0.3015801537280923 
0.43703125843349955 0.34944624790065393 
0.6122256866381137 0.23023092709705603 
0.2904270264902076 0.4784909329938298 
0.3048233485563388 0.4560611860281503 
0.41293711656695764 0.3747482276989378 
0.7264587477254107 0.1602717704882355 
0.10791460907889827 0.68832550211579 
0.5564844036680205 0.2665651999582695 
0.002151158822307337 0.9785799803812573 
0.013050239122014473 0.9048697891528369 
0.7889997767117526 0.12491276656168755 
0.5291306888976505 0.2801758839149725 
0.2717786610357027 0.4921829034367495 
0.540641921104417 0.2782879685622048 
0.9521378001339165 0.03683763996369067 
0.8580425799001647 0.08257600576899506 
0.12701135727144416 0.6618824049495992 
0.3360070833290758 0.4350879339951597 
0.8821019170281922 0.0721378553312619 
0.6461679948971746 0.20984298761154152 
0.48696445221682116 0.3148945375438089 
0.03436941505926559 0.831826708515759 
0.03436941505926559 0.831826708515759 
0.7079419635534786 0.17104864170803194 
0.29223641164969316 0.4685275042668519 
0.6595159304833672 0.19871265286027934 
0.9735085424479112 0.025734889131526262 
0.009083263776490252 0.9263421236974841 
0.13748303533086853 0.6461167225577243 
0.147921459291814 0.6284782466646316 
0.582928646984239 0.2475378973313059 
0.024996313636673193 0.8576749547447134 
0.8329913819650969 0.09805839984502603 
0.933356496119317 0.040829027433040344 
0.2280953578692389 0.5367561819188198 
0.005029124508507938 0.9482324286978243 
0.9239873003618696 0.05169523813906858 
0.3244884098706049 0.44488783477231897 
0.2717786610357027 0.4921829034367495 
0.003967695441433307 0.9554556075907042 
0.024996313636673193 0.8576749547447134 
0.4572569996448303 0.3406709706429374 
0.3180189096225773 0.4506159407772251 
0.22656042662546122 0.5385561583523636 
0.42480951980811743 0.36581665678754127 
0.8157149795262324 0.10412477193334382 
0.48872147349525286 0.3126504889508661 
0.2521929874821679 0.5147536163362737 
0.840972052440313 0.09438904394547662 
0.6305568219646674 0.21961484671744466 
0.7151282572628377 0.16692924042750348 
0.052596491080258045 0.7894288727401078 
0.7621197627940162 0.1418053324730207 
0.2136981656423438 0.5528538571695583 
0.2521929874821679 0.5147536163362737 
0.6275290334825567 0.22054544449364824 
0.13427316110115345 0.650515637775814 
0.11122563013766273 0.6799844268265611 
0.15299238561144182 0.6261121891415783 
0.1578392382061284 0.6126473342831066 
0.010491186213543113 0.917893374783647 
0.6139795037421242 0.22948200060794766 
0.7752194694607111 0.1356782958680767 
0.7768649163089638 0.13172052754517488 
0.6533866273930813 0.2045098642108889 
0.8509824795887985 0.08659493062931437 
0.973909620492491 0.022533805359862626 
0.2136981656423438 0.5528538571695583 
0.16987132799611304 0.6058123858460113 
0.9878393365540367 0.016283169922160935 
0.4587919308882399 0.3394091215280973 
0.11983321251065693 0.6742055292609093 
0.0519870808331771 0.7908922588165544 
0.7621197627940162 0.1418053324730207 
