0.0 1.0248171602479061 
0.0 1.0248171602479061 
0.9975926254107159 0.004552878365453272 
0.6325790947581854 0.2084679156979749 
0.8103951500716766 0.10420837585517236 
0.46368863958837014 0.3352218369557147 
0.592348231910688 0.23510941748677627 
0.3860456895534665 0.3831718563845107 
0.42975455748482755 0.35021530086218194 
0.06508605132558265 0.7657386885208578 
0.04924495358229891 0.8009844671423714 
0.8364408519947424 0.08878921989011057 
0.7000090470979865 0.17796184576642185 
0.4929881635616534 0.3025150598082836 
0.015980141993966857 0.8800086724769507 
0.886211142811771 0.07169075929349751 
0.40186658213030013 0.3710769538154909 
0.03532926106385886 0.818207341761516 
0.07454860728184301 0.7336205288752433 
0.7129438217463433 0.15988756641938784 
0.02645767176754177 0.8435448587843474 
0.23459771755656195 0.5210240411062066 
0.74216464408939 0.14309174802235441 
0.9692510254206823 0.018688800529075095 
0.009497773398828957 0.9084659627804939 
0.5716720745790816 0.24842289334560944 
0.3327519869217133 0.4412357907151457 
0.950898329855021 0.028553615824980887 
0.25535861696244555 0.5137272042467194 
0.36681226390986144 0.3991983576137419 
0.7242217413963794 0.15249600042088643 
0.9387750545497111 0.03494046143294744 
0.4674124764341908 0.3210467337610305 
0.8931769059057139 0.05823822133974809 
0.9210141781371626 0.04368693474915604 
0.22467924113227788 0.5313840845521736 
0.5001095061410911 0.2974229871547737 
0.9883800472538239 0.01863183332082549 
0.1598465890582495 0.620308342783635 
0.6113107282503264 0.22307175337052879 
0.17232159865897728 0.6059389934935242 
0.5516882358865183 0.26177578951084013 
0.2578303848440627 0.4976453364995533 
0.10077829646108649 0.7032759538625954 
0.34073770874286385 0.4209083656640998 
1.2775497013567394E-4 0.9951216008264094 
0.6628486579666582 0.19388550264892862 
0.2039661646254608 0.5673608926735085 
0.3084025212513578 0.4494910585023915 
0.21302680974238963 0.5436573322161181 
0.6175886043343944 0.21903505011700014 
0.08952630595203859 0.722013619073418 
0.5361160185239965 0.27209658375196993 
0.014132750997693927 0.8875631353830229 
0.8581164899261041 0.07700040462043842 
0.7840779905254314 0.11833852895090302 
0.8472222926640051 0.08291580820190467 
0.5632839310377289 0.253478388116628 
0.3466486985742262 0.4161273268024773 
0.3155329720040195 0.4427525185173343 
0.793065247268267 0.11411948961737305 
0.10680133286969079 0.6785188142454052 
0.41465259904456864 0.36048877892934916 
0.052615143377518964 0.7762546629889985 
0.030112912002886766 0.8331183020151871 
0.5190233341401408 0.28450773024481146 
0.12442795723619926 0.6674300449125962 
0.00218405315299363 0.96049675619419 
0.5190233341401408 0.28450773024481146 
0.09590038978816579 0.7113802548386811 
0.6765402952348125 0.18133906135741923 
0.26875896790240406 0.4866033678397481 
0.006190015234293911 0.9275820029092997 
0.1444936493091018 0.6402100226736288 
0.29681553653307624 0.46010881251393365 
0.9118247812552002 0.0525868695569685 
9.8035400220476E-4 0.9755265763980058 
0.1444936493091018 0.6402100226736288 
0.29681553653307624 0.46010881251393365 
0.07708116194099796 0.727755017249791 
0.13427393307327867 0.6540735027719597 
0.35876689537982687 0.4061602057666563 
0.6667293332298845 0.18734064988712465 
0.5390651124786845 0.26977454255661115 
0.1746500696875351 0.5872849724360516 
0.27961393514263283 0.47573957457119337 
0.1811532806507126 0.5792779260292752 
0.18996746014785434 0.5690609906908434 
0.13573510138052042 0.6521196195451128 
0.7677598806002222 0.1276776873691291 
0.10566940835305477 0.6808102701374968 
0.20711581991102684 0.549826316889377 
0.997219771356433 0.00495010847777345 
0.05403368335102893 0.7740188825754288 
0.27961393514263283 0.47573957457119337 
0.00532881710709171 0.9334399804620378 
0.7677598806002222 0.1276776873691291 
0.27255865010508695 0.4833342033565015 
0.12442795723619926 0.6674300449125962 
0.7550692272894963 0.1351944897824021 
