0.0 1.0061416165784038 
0.8840017176780758 0.06392003807889506 
0.0 1.0061416165784038 
0.6097734160336692 0.22228942942319527 
0.08075131100915507 0.7216569457190757 
0.06912913771785151 0.7436420890535126 
0.37772863880944135 0.3894134783518911 
0.8390825191774531 0.08765334515969826 
0.28104426433438223 0.4779252323981477 
0.7731530775601885 0.12464081543333945 
0.13840338378299982 0.6340908866965597 
0.0010385446203209983 0.9743679278005454 
0.10360920204126717 0.6832443723799404 
0.4367766594302758 0.34400567663735576 
0.0585578102721907 0.7633834289718304 
0.04076973563009113 0.8040141244963955 
0.3587133653567063 0.4058412412783179 
0.29946775090288513 0.4570705828495009 
0.8664132345439587 0.0727150547274866 
0.03212605428908191 0.825898279518615 
0.42589892620728803 0.35150858987825734 
0.15042665619415316 0.6183757253132193 
0.4894980604194299 0.304520462300643 
0.5058630133245913 0.29372915131695565 
0.45561853960062326 0.3284599980884632 
0.758261224627459 0.13326009013032383 
0.8528356604741599 0.0801644091357016 
0.6639334977918141 0.18937634484692048 
0.8161724089262121 0.09969295775362677 
0.11564048733589562 0.6653925567187773 
0.013223182911193135 0.8916952085270421 
0.24636056841587833 0.5090125592529153 
0.5751975680520638 0.24576840155072166 
0.19744239557985382 0.5619033957687947 
0.8119537999889963 0.10198172221800629 
0.09235951434506812 0.7009819174232289 
0.18386037098369062 0.5760018487354261 
0.40246166844040465 0.3706010281180677 
0.0035163882431930027 0.9479433136873995 
0.011051281832275966 0.9005336088976501 
0.27046270142645845 0.4843271698425601 
0.01873918825135501 0.869291253560088 
0.22939641071577854 0.5255278510521435 
0.5682124337578425 0.2512262171049258 
0.32509529324452163 0.4378754871715962 
0.7924768082475373 0.11318512942219255 
0.023304234653475142 0.8536049945994775 
0.7924768082475373 0.11318512942219255 
0.5898951852402433 0.23533275520029742 
0.6941940185542064 0.17017330901098981 
0.0072053982858997535 0.9215289159792116 
0.6327134175211064 0.2076670827449243 
0.05158507693244535 0.7791500812448103 
0.09499585132518057 0.6981402134324552 
0.17278825819136392 0.590013693474294 
0.4676698847328182 0.3204988187048355 
0.047028872458771825 0.787988815725364 
0.17278825819136392 0.590013693474294 
0.0027634166350560263 0.9532725416734232 
0.7193643466570229 0.1547497341253494 
0.5898951852402433 0.23533275520029742 
0.5542273032333727 0.25968176968085976 
0.18974647248433169 0.5698923687366684 
0.3470307555493365 0.41543709685460783 
0.3049398906242374 0.4519445039120359 
0.11946596290826328 0.6602735655721764 
0.20695620922836283 0.5493716460208805 
0.2347973972944315 0.5202965345634397 
0.6327134175211064 0.2076670827449243 
0.6813879124843418 0.1785139117942878 
0.15862302192179575 0.6079092616948649 
0.515604284214906 0.2858103854495924 
0.15862302192179575 0.6079092616948649 
0.20939131170161657 0.5470780308035125 
0.26181580441442037 0.49321561095782057 
0.26181580441442037 0.49321561095782057 
0.0072053982858997535 0.9215289159792116 
0.335172696711065 0.4263490417051567 
0.6813879124843418 0.1785139117942878 
0.31563420688793564 0.44627542563647477 
0.12720612863165445 0.6496991233536611 
0.2423204277004871 0.5118338628822586 
0.5556986617442291 0.25810917725740146 
0.3897273352717399 0.3799238916491168 
0.4106539158972317 0.36411652836601816 
0.7108119975498217 0.16045118290169189 
0.12720612863165445 0.6496991233536611 
0.5400747840496924 0.27005457970479696 
0.33432843181639676 0.42667711314596196 
0.3897273352717399 0.3799238916491168 
0.3499072792621968 0.413510113226281 
0.5400747840496924 0.27005457970479696 
0.21890242281369793 0.5367182152230109 
0.4106539158972317 0.36411652836601816 
0.21890242281369793 0.5367182152230109 
0.46179109661803647 0.3249777689153606 
0.4778136542522995 0.3125091307644122 
0.020256061243070986 0.8635815770780865 
0.47916293050818204 0.31219255360039044 
0.529176907514326 0.2774591104526612 
