3.090715730819997E-17 1.0225157904497006 
0.9997788313195135 0.011240753594156378 
0.023192573872164696 0.8688939023101437 
0.010942550707063167 0.9161689639840053 
0.23497431475230962 0.5324971170899431 
0.04126152344639289 0.81523356599728 
0.526273252398412 0.28844085029717215 
0.2502372550594481 0.5168740721853691 
0.8319048238121738 0.10042107328767019 
0.2665484307888688 0.5002496606370797 
0.3598382837254487 0.4161295635757055 
0.6808780159280602 0.18784910603667546 
0.6203017647325212 0.22489876314500923 
0.10514805877700295 0.6954089552342622 
0.3323152963319811 0.43978414937180876 
0.3825818204234698 0.397949550374174 
0.9778648797700642 0.022683681195479807 
0.11792865328646712 0.6745110457727493 
0.9626052731099276 0.030124768931654528 
0.05174325164272073 0.7917365213204508 
0.20412439341639083 0.5670859252712703 
0.34584514572824715 0.4287627595660115 
0.0036608825334926987 0.9620274384842279 
0.6024559825896625 0.23848359040234804 
0.08297028377933258 0.7303955757571735 
0.4001407384792961 0.38404465340909333 
0.5950864246886268 0.24272618912333016 
0.655972926873914 0.20308623335444395 
0.09058380060199883 0.7184971556085427 
0.4053204474157919 0.37820993392300256 
0.37289935299478205 0.4044199301911896 
0.5032872433731987 0.30467421715838383 
0.4901621041834431 0.31475853810475546 
0.8143805888548172 0.1098267688993148 
0.1349984963240098 0.6517334805468289 
0.47387638213227684 0.3263117093656603 
0.1475020010487923 0.6340696626920708 
0.09910072777261181 0.7044665011226511 
0.2774713046153958 0.49061364382827766 
0.727014793271622 0.1604809758674854 
0.03174403250914068 0.8421969171883161 
0.8066489397014182 0.114330637712998 
0.1475020010487923 0.6340696626920708 
0.8844701604665993 0.07077121245566914 
0.9304833195436331 0.046951228853750346 
0.055184769728796726 0.7831315918785863 
0.03244865571472119 0.840768527468464 
0.45841806892232234 0.3387760712867928 
0.6870582188129215 0.1839337104536904 
0.864426554579659 0.08256248857507045 
0.7455319338165952 0.14967210914908927 
0.7701313062831235 0.13446408877260949 
0.7455319338165952 0.14967210914908927 
0.7701313062831235 0.13446408877260949 
0.42273387318188277 0.365521632764319 
0.576925537778151 0.2553504669812394 
0.9937697603760445 0.01434462604564805 
0.28600911415320585 0.4821767236791245 
0.21536831594815758 0.5538305365756714 
0.21536831594815758 0.5538305365756714 
0.7885960956265186 0.12399045528816095 
0.576925537778151 0.2553504669812394 
0.8498296857796307 0.09043040062156274 
0.7031025162462746 0.17388513652277876 
5.147174462740711E-4 0.9992357575545068 
0.06334313182302041 0.7666570754741707 
0.2944130638501464 0.47432141565506525 
0.17037970269935584 0.6064192389065931 
0.007005734749592624 0.9365343651015576 
0.556094510984442 0.2687387970482896 
0.5419808629535647 0.27834763398858464 
0.07464972201516318 0.7452023046210873 
0.48041011139415535 0.32196720983438654 
0.9234854857117953 0.051352690375950534 
0.1675197094670963 0.6093745329993818 
0.6457553783037808 0.2094655679168404 
0.1810789335141298 0.5934802410773751 
0.4372374592279372 0.35390499175460266 
0.556094510984442 0.2687387970482896 
0.30956668861076414 0.45889532998902577 
0.19377814942542126 0.5773015986873065 
0.42468629128691393 0.36408795108192143 
0.12376593840327234 0.6670134968541186 
0.1810789335141298 0.5934802410773751 
0.7065716164976789 0.17197229690041035 
0.9472896769960946 0.03858477937270917 
0.6312561243054855 0.21849153289647746 
8.154857589559583E-4 0.9922370632339352 
0.33611558203677266 0.4371302292209355 
0.44624013644689287 0.34724898661098025 
0.5427042466991644 0.2769370734420784 
0.9472896769960946 0.03858477937270917 
0.007005734749592624 0.9365343651015576 
0.6358012518558812 0.21534383779158903 
0.502805966619961 0.30505133647374716 
0.1675197094670963 0.6093745329993818 
0.19377814942542126 0.5773015986873065 
0.07338546819276026 0.7487661391205414 
0.8516351979387707 0.08864927605696583 
0.30956668861076414 0.45889532998902577 
