0.0 1.006313609459525 
0.9671933769127677 0.019415657631658905 
0.08425998468883156 0.7150327542521966 
0.06346998978741017 0.7544665959818577 
0.2884928791667845 0.46669250108014243 
0.6081737028025579 0.22460674577724424 
0.697435015739117 0.1681398137714745 
0.8062293071075413 0.11103619381179249 
0.8152693388303331 0.10014972706501488 
0.5399426115786966 0.2688604186122286 
0.8991924094498905 0.05486723694092209 
0.7421541116170229 0.14165934895793544 
0.5860640416544863 0.23817523105815888 
0.7762450623913335 0.1223013071162351 
0.3487036750349427 0.4171544655679999 
0.24924130001873487 0.5054209048955535 
0.05497043217064278 0.7708303308070784 
0.6273986729978235 0.2111834359150749 
0.14273504113453533 0.6271885841293902 
0.726081634333839 0.15172550191299863 
0.9181501808841226 0.04513401827360418 
0.6364764262071343 0.20569210268847077 
0.6553193652309994 0.19409612143292332 
0.3612123658890916 0.4036599077541323 
0.025962527926150947 0.8438064307054697 
0.9414825184974133 0.03266509123680127 
0.4533497227976609 0.33051197214399786 
0.31333164132703484 0.4444034452610123 
0.4411560817176981 0.34014318076051686 
0.2569594933976078 0.49739367576985954 
0.684362088434364 0.17632766079133122 
0.9555703249182055 0.02543859337869428 
0.16130346020012282 0.602550624795089 
0.12177187685016438 0.6553515796951053 
0.2569594933976078 0.49739367576985954 
0.40465760560253655 0.3678708513595746 
0.511667697801525 0.28827964483597746 
0.10255397372731703 0.6840402149880245 
0.04754071901559764 0.7862035501233158 
0.39390541435050797 0.37654507899290635 
0.13681345998329267 0.6370850936814828 
0.9291795846173233 0.03922406075156181 
0.37088617687607184 0.3973645560715467 
0.03794343485518124 0.8103114693392681 
0.46388119317559845 0.3226195726731553 
0.4939859033574688 0.3015243493123151 
0.3178739679860325 0.4407760881809084 
0.020812241895378336 0.8608647209301888 
0.17313938421091246 0.5880427081150817 
4.6413316920053643E-4 0.9843543237930443 
0.04385916788732103 0.7962279790515557 
0.8415963355269459 0.08608023706203227 
0.7599442966429868 0.1318637883061242 
0.12718262223770133 0.6479815246805652 
0.0010141769621145602 0.9732492405104353 
0.6731553438669519 0.1830457674486568 
0.511667697801525 0.28827964483597746 
0.49960734287807895 0.2970130373833697 
0.556902454109568 0.2579609368503404 
0.43341268981703873 0.3504536580685397 
0.008912703110142361 0.9115083898480891 
0.8553524681279356 0.07922542485885854 
0.6639615007563588 0.18877344101153953 
0.3346579148172084 0.42539135028439523 
0.5436982657278016 0.2663324262941289 
0.19486148374163023 0.5640109996974058 
0.8415963355269459 0.08608023706203227 
0.22572339928530455 0.5294040148389698 
0.22572339928530455 0.5294040148389698 
0.8835190356279614 0.06300649648734409 
0.20232750840335284 0.5545865170721469 
0.10255397372731703 0.6840402149880245 
0.7269144488578908 0.1507567220468281 
0.0030024547551450453 0.9512190250097678 
0.031763522348727535 0.830605338327497 
0.010725668007360247 0.9011496129962479 
0.016924487362825757 0.8770996816774095 
0.20726117269341998 0.54961854243454 
0.3842955297515095 0.3871664717127485 
0.23287580837260646 0.5210140851966164 
0.5719518807929331 0.24735217631438894 
0.2963081552346222 0.45936346779234377 
0.18407684729582052 0.5764774764261524 
0.3803135204714842 0.38782683992083 
0.20726117269341998 0.54961854243454 
0.4241995198012112 0.353566400759976 
0.5767105241311297 0.24420352244270863 
0.0027796197630931274 0.9532604812317405 
0.4241995198012112 0.353566400759976 
0.005887899909707728 0.928582678153458 
0.2963081552346222 0.45936346779234377 
0.23287580837260646 0.5210140851966164 
0.10846647315851213 0.6758837216747668 
0.15684996791520242 0.610052705964021 
0.8601631245790531 0.07548462000721538 
0.15684996791520242 0.610052705964021 
0.8686660891296728 0.07097655446933869 
0.7711292363280675 0.12529009571286173 
0.01822808673165499 0.8702164952141982 
0.873732907168741 0.06831179666402387 
