2.243688303609468E-17 1.0145352078246723 
0.9993977547775259 0.005526628099649145 
2.243688303609468E-17 1.0145352078246723 
0.5604227937688979 0.25807073781505396 
0.04699561584436854 0.7923146213414193 
0.867190776452433 0.0744512136233368 
0.7867781762277561 0.11823694009589349 
0.9768951572919764 0.01619504825880024 
0.5863639059422556 0.2417456989381331 
0.12221988378130888 0.6583006845382696 
0.3403964984741279 0.42437820374013535 
0.4985766895923601 0.3019351127062524 
0.0081752841440981 0.9197583507435594 
0.17114596623341177 0.5964248849537319 
0.956950057947553 0.027765793166210327 
0.7554408016986407 0.13660104156031092 
0.8101243983402842 0.10611962428739903 
0.43727779521579185 0.3461031735014923 
0.024406227643820055 0.852937799125622 
0.670283757007246 0.1869852931931672 
0.8484791306465942 0.0852150471758333 
0.6115034685213104 0.22546495436252273 
0.032067300792963535 0.8296957282382554 
0.5343400525085381 0.27532782069628436 
0.09075286979722563 0.707004976244023 
0.10495749240044383 0.69242643165079 
0.06314833749716459 0.7567601691892395 
0.6277029075203245 0.21340068277299312 
0.2685231188300943 0.4909527665258919 
0.4682170167518166 0.3227501020330907 
0.19621189137540074 0.5651463991397585 
0.28134010661772524 0.4791891553782953 
0.28944852853829056 0.4696467373568757 
0.07340586156775 0.7369522805065235 
0.014880308326806826 0.8902647513719631 
0.0030282281669597455 0.9583026887086776 
0.834026393127566 0.092306771342587 
0.13332187222278274 0.6441534728721807 
0.14625901518462486 0.6263535983951324 
0.0010805055174926276 0.9842138078299756 
0.6503242131861722 0.20084326099994332 
0.26116276564083796 0.5033180576698905 
0.6925916561575473 0.1734625283826227 
0.010685747709999971 0.9112188257120497 
0.06314833749716459 0.7567601691892395 
0.36979279265126275 0.39930511011990494 
0.8006244010017904 0.11042943480152825 
0.08494782546914462 0.7196989059705309 
0.22568648254395987 0.5341953941421507 
0.39661268413691436 0.3833740696990991 
0.04044838550806601 0.8076792490105338 
0.4036991785133437 0.3704054220591459 
0.24879995564985646 0.5092813971418851 
0.18091133291251527 0.5826357605968608 
0.7354130213895596 0.14874329546255263 
0.7540737926492285 0.13879912044999848 
0.23388272356286327 0.5242575733786414 
0.5134226054576828 0.2907839961575221 
0.8950002653380789 0.05998175549614505 
0.7259372780742626 0.15340695651186145 
0.9236635428727049 0.044770568631988555 
0.44596808395410936 0.33879384927736556 
0.711528150772968 0.16173266524424798 
6.689937500438253E-4 0.9946934579866263 
0.0030282281669597455 0.9583026887086776 
0.7065014616883852 0.16554321413812392 
0.6393744145935535 0.20774575525231673 
0.036748928858147734 0.8170236088967584 
0.5134226054576828 0.2907839961575221 
0.9097244095577702 0.052440858178016664 
0.021928328974234246 0.8699687832815249 
0.24084690006902804 0.5171656025071736 
0.30206385197036495 0.4578264458191124 
0.361756538915564 0.4070754338747064 
0.32574824217422355 0.437128726356354 
0.07919613248060045 0.730776555904464 
0.15595761635358624 0.6132521492545636 
0.21730953996039606 0.5429005006711803 
0.9331992194001217 0.044195449501250955 
0.31699878834843687 0.44771521309136625 
0.33068689013166774 0.4323260137484603 
0.017819527707856768 0.8763564826235355 
0.11028658472037756 0.6799348663671364 
0.4809246924226763 0.31359008034816904 
0.15595761635358624 0.6132521492545636 
0.361756538915564 0.4070754338747064 
0.4164809684411844 0.3605462640064949 
0.11028658472037756 0.6799348663671364 
0.4809246924226763 0.31359008034816904 
0.9421298191832694 0.0351498290508122 
0.18025442353347165 0.5833666903239639 
0.38454127892808937 0.3861465558339387 
0.2032253896953279 0.5571568319431909 
0.45592290872111696 0.3328209072919569 
0.8950002653380789 0.05998175549614505 
0.41271751525077105 0.36477595205443325 
0.1429032217788279 0.63940131102919 
0.5981314552670867 0.2325955746451508 
0.8353919782346321 0.09149992253306252 
0.6835305943052667 0.17927897762186856 
