0.9981679805461393 0.012673929145978459 
0.0 1.02508114481941 
0.0 1.02508114481941 
0.9981679805461393 0.012673929145978459 
0.8450210700317377 0.09328126250288755 
0.08273696872941513 0.7361971381073921 
0.1822697754219843 0.5988187075305555 
0.1992897915568817 0.5717280909206729 
0.5931536370788126 0.246320980376329 
0.6107300047243467 0.2339455698947345 
0.33814318109357466 0.43869442918596696 
0.8790643671890837 0.07594691191245682 
0.650180726342099 0.2081078661944365 
0.9075011582758072 0.05324388922340988 
0.7349792712811409 0.1593812973377252 
0.16724740716003866 0.6117466090393344 
0.4381077766406942 0.3590159484797725 
0.9320567535273133 0.047895424427536235 
0.1486184719731587 0.6357709501484952 
0.07023237034910138 0.7580600900811412 
0.9657696643745126 0.02928724545807625 
0.7687870935928922 0.13623333956515757 
0.026899888864504673 0.8628231799325845 
0.3057598087395327 0.46566483073019593 
0.06643844444499111 0.7676044040653456 
0.12330606937051804 0.6680248796233781 
0.03540639222047626 0.8346387287591202 
0.054206416245868194 0.7875823507462423 
0.23732470454578836 0.5360569577373291 
0.5119426825249845 0.30262806057991287 
0.630728958908793 0.22344580762215205 
0.011583098965531335 0.9200424740691768 
0.11838979598017413 0.6818841377160682 
0.15721036691307966 0.6259925002261255 
0.8237771799233018 0.10539672029383854 
0.7568483626148823 0.14580429120624797 
0.5723902701460788 0.2581897710872015 
0.3567928475796466 0.4189123070448814 
0.5307442905351535 0.2908442187019617 
0.020749587988935614 0.8846407433334259 
0.46692364135963715 0.33587370210002254 
0.31689404159011775 0.4542558597530908 
7.789165541810111E-4 0.9944613719474189 
0.324870998515481 0.4467136347381193 
0.03271641975686812 0.849839111725952 
0.5566972916283561 0.26885950943116993 
0.7052855495735773 0.1771290133305798 
0.3567928475796466 0.4189123070448814 
0.29340526090102576 0.476277587568903 
0.6363608957619944 0.2166129290936201 
0.4463828778709913 0.34709344048437873 
0.26417034110844784 0.508990826604781 
0.016905538025089872 0.8969382684359173 
0.0978581253129262 0.7094291028726625 
0.8987688005874874 0.06725880538955502 
0.008038396573314482 0.9369144227355755 
0.2610845480263215 0.5101704542289665 
0.10771404589524786 0.6951540910177917 
0.043869018093478956 0.8163808569921597 
0.28769357436629905 0.48250461307119996 
0.41936890932249626 0.37161935083101494 
0.9764687274832957 0.017509931265087854 
4.750955482928608E-5 1.0238891425871248 
0.7910492428120914 0.12702157716824045 
0.5246511970267158 0.2951083650590574 
0.8194962483879056 0.11017214323923473 
0.6848722004892901 0.18590064566237674 
0.1346093303649121 0.6527193590356729 
0.54872915954077 0.28001783293274535 
0.24541135074358633 0.5226469615723475 
0.22401503422263497 0.5446880212913656 
0.6697166275864748 0.1952420322407542 
0.4044572876296723 0.38199160339313015 
0.39178657695779917 0.3935761756359717 
0.3771691167012963 0.4026127996709183 
0.2766707727622975 0.49150466471647797 
0.1346093303649121 0.6527193590356729 
0.4862557332443147 0.32088250245817357 
0.6697166275864748 0.1952420322407542 
0.9469323017391876 0.04233995726085031 
0.45472616901893026 0.3409911416255222 
0.3771691167012963 0.4026127996709183 
0.4862557332443147 0.32088250245817357 
0.9965142023937731 0.01348436985213057 
0.5677200932317401 0.2627064207889762 
0.20936785106146738 0.560368851472584 
0.20936785106146738 0.560368851472584 
0.004613569729834235 0.9603036956471215 
0.4070112707490137 0.3799378894218965 
0.7244375357644308 0.16552803650080442 
0.0978581253129262 0.7094291028726625 
0.9469323017391876 0.04233995726085031 
0.7186786356573183 0.1678300778404267 
0.80424101429362 0.11869147773708223 
0.10432252088788163 0.6999901047444789 
0.6848722004892901 0.18590064566237674 
0.8050468639631071 0.11673468392975685 
0.38943298777242247 0.3958243332980069 
0.044583363589492386 0.8117283463553006 
0.22401503422263497 0.5446880212913656 
