0.9981679805461393 -0.003092478340762459 6.38446852990781E-4 0.0018719136951996919 -4.1804772268374786E-5 2.2424591693321784E-4 3.2811618541075884E-4 2.406391146491566E-4 -0.003963520465427433 3.864678622561797E-4 
0.0 -0.0031010576269161253 6.001302518180142E-4 0.0018406782317708578 -3.717292358158967E-5 2.2005082375639863E-4 0.0016081788602389244 2.1690694977460692E-4 -0.0039600813323078105 -9.084017519545564E-7 
0.0 -0.0031010576269161253 6.001302518180142E-4 0.0018406782317708578 -3.717292358158967E-5 2.2005082375639863E-4 0.0016081788602389244 2.1690694977460692E-4 -0.0039600813323078105 -9.084017519545564E-7 
0.9981679805461393 -0.003092478340762459 6.38446852990781E-4 0.0018719136951996919 -4.1804772268374786E-5 2.2424591693321784E-4 3.2811618541075884E-4 2.406391146491566E-4 -0.003963520465427433 3.864678622561797E-4 
0.8450210700317377 -0.0031002566060972215 -3.3272185160947273E-5 0.0018690377653891987 -2.730109861082813E-5 2.2243570663739174E-4 3.207689586669606E-4 2.406440242476834E-4 -0.003967520090510318 3.723732572290916E-4 
0.08273696872941513 -0.003092040171113306 6.001302518180142E-4 0.003067077563694452 -2.718591764397365E-5 4.083409660002394E-4 4.5612127317123263E-4 2.0603516615940617E-4 -0.003928926315316625 1.1401235346756082E-7 
0.1822697754219843 -0.0030962557304470965 5.781396916680384E-4 0.003177533989686092 2.4709505697192763E-4 2.2001184588478685E-4 5.270807172092032E-4 -0.0022999722754066575 -0.003953644126629689 -1.2464564883847497E-5 
0.1992897915568817 -0.003092526918465066 5.570115286365522E-4 0.0018731356117081808 6.287419461064773E-5 2.2947894634267263E-4 5.183161738330544E-4 2.4155047305388E-4 -0.003964335630600603 1.5407804284620107E-4 
0.5931536370788126 -0.0027566764822343037 2.3740520316381595E-4 0.003181293148031047 -2.3378476204174257E-5 2.262361686188826E-4 3.329445956683755E-4 2.3929073339964317E-4 -0.003972598790525973 1.27359895507E-5 
0.6107300047243467 -0.003100428608888617 -0.0016328025930913762 0.0019657328961301293 -2.6471100733564076E-5 1.7689546211808142E-4 4.5755547378118584E-4 2.7507595195721125E-4 -0.003933009209055597 3.854846444508296E-8 
0.33814318109357466 -0.0031005899865609336 2.452924807862883E-4 0.0031769422063979472 2.69301477336322E-4 1.7648146981272925E-4 5.350577255715047E-4 2.1403508563992832E-4 -0.003964485625141335 1.674793956269898E-5 
0.8790643671890837 -0.003101295007829865 6.729008622209283E-4 0.0018709244555150297 2.442837835014996E-4 2.2035508465521623E-4 0.0016228915832963893 2.1783658311305497E-4 -0.003960782350104722 -9.007109513885655E-7 
0.650180726342099 -0.0031001098039111744 2.418978162566377E-4 0.0019726556667161834 -2.6406389577310784E-5 6.566030729949443E-4 4.744848868493456E-4 1.7933663437345523E-4 -0.004030944025180571 3.244038202986453E-8 
0.9075011582758072 -0.0031015749039793043 5.981170645700221E-4 0.0019360087299571 7.731433705838363E-5 2.1894986850849732E-4 5.061618678983159E-4 2.4186747294645814E-4 2.3593891920383608E-4 -3.7507113263697986E-6 
0.7349792712811409 -0.0030926664762008886 5.949687120549861E-4 0.003178603445395912 2.717230920054634E-4 1.858106936410916E-4 5.243806507841685E-4 2.152356348907796E-4 -0.004038323037470523 2.1738559706829753E-5 
0.16724740716003866 -0.0031415906675301662 6.384474877712622E-4 0.0018717861087458685 1.7297328691019494E-4 2.2049808884631872E-4 5.179128145279657E-4 2.2226883760087187E-4 -0.004306278813531414 3.9179245161304657E-4 
0.4381077766406942 -0.0030954438757271508 5.778645746224389E-4 0.003177533989686092 2.4709505697192763E-4 2.2410452386244182E-4 5.270807172092032E-4 3.1988056759982346E-4 -0.004327166120108697 4.0979624740407507E-4 
0.9320567535273133 -0.003100362335006093 6.384474877712622E-4 0.0018747712723722997 -2.391272130124165E-5 2.2049808884631872E-4 4.763010594582564E-4 4.117663611867112E-4 -0.004291985855158949 -5.883710846318316E-6 
0.1486184719731587 -0.0031076233483436173 7.235092959978195E-4 0.001969208128081005 -4.506237225534659E-5 3.8729586646846687E-4 3.321383001200107E-4 2.4108456886566133E-4 -0.004332267365239777 3.925357774578728E-4 
0.07023237034910138 -0.0030999043574628715 -8.248977709543785E-6 0.0018983337462222302 -2.4884583119979187E-5 2.2241916769787155E-4 0.0019412070839084274 2.0269091407721838E-4 -0.0040477018975564084 3.996262145342317E-4 
0.9657696643745126 -0.0030950923004468872 5.422667130154646E-4 0.001752669332647242 -2.6256703940186792E-5 2.2345343929076848E-4 5.911621001287497E-4 2.7918271704574976E-4 -0.004038962745658698 -3.542687393159519E-5 
0.7687870935928922 -0.0031002542219363445 -3.3272185160947273E-5 0.0018690377653891987 1.9285199171152102E-4 2.2243570663739174E-4 3.32039269579709E-4 2.406440242476834E-4 -0.0039675887494871566 3.723732572290916E-4 
0.026899888864504673 -0.003100440763626609 2.7388010731867456E-4 0.0031814984731557664 7.835767310533457E-5 2.272600615642347E-4 0.0011563574513724672 2.036903121987842E-4 -0.003963861361396208 -2.2682008253337624E-6 
0.3057598087395327 -0.003091313130032383 5.470975077463806E-4 0.0018851667287809052 7.67530711542944E-5 2.1763523178187496E-4 0.0015856115082429397 3.1753184660943703E-4 -0.004029384097739085 4.0757915425486174E-4 
0.06643844444499111 -0.003106709387972918 -0.0014158766789246504 0.0030778830602537525 1.2518960500682843E-4 2.231920027901011E-4 3.721949075387588E-4 2.369660210916689E-4 -0.003924340745595617 4.0479933200771923E-5 
0.12330606937051804 -0.0030920432902350687 5.573140857622129E-4 0.0018722993722811105 -2.624049023132747E-5 2.184865342685662E-4 4.5831240217120834E-4 2.7563973496759427E-4 -0.0039592387820547355 -3.477309452739501E-5 
0.03540639222047626 -0.003101291446327909 6.729008622209283E-4 0.0018078881251309582 2.442837835014996E-4 2.2424221204740122E-4 0.0016251933826567893 2.1783658311305497E-4 -0.003960782350104722 -5.454375730936771E-7 
0.054206416245868194 -0.0031081961511693593 6.021542485369395E-4 0.0018182314019936524 7.561178362656348E-5 2.2326494368328785E-4 5.09760156841346E-4 2.320612991197292E-4 -0.003919193561142714 3.672691855989051E-4 
0.23732470454578836 -0.003110067704315361 7.017818400726317E-4 0.003583299888919952 3.068637109595531E-5 2.0198785951397607E-4 3.28930846056779E-4 2.0540643743551044E-4 -0.00392362444469486 3.800269514152706E-4 
0.5119426825249845 -0.003095801228769762 6.059658078680931E-4 0.003069223605208671 2.4223290393020664E-4 2.200603580246364E-4 3.714943402583528E-4 1.7749723163121975E-4 -0.003990666311605205 4.0612004016390787E-5 
0.630728958908793 -0.003096082116599276 5.945966014757138E-4 0.0031771541008156754 2.540013465238636E-4 1.750401863429759E-4 5.232326683728865E-4 8.044231955234495E-4 -0.0039710800521363466 3.87550645697869E-5 
0.011583098965531335 -0.0030954082074810215 5.723689213837995E-4 0.003177533989686092 7.982515634534183E-5 2.056862781410024E-4 5.287178018012532E-4 3.1928622446038816E-4 -0.004046481024303262 4.0979624740407507E-4 
0.11838979598017413 -0.0031001684312962426 7.235092959978195E-4 0.0032199250261705885 1.1792117137859991E-4 3.8729586646846687E-4 3.321383001200107E-4 2.0661068774676893E-4 -0.004334530814387793 -1.2609897702897899E-5 
0.15721036691307966 -0.0030958455891053082 7.246934847135574E-4 0.0030627235113663614 1.735651810952062E-4 2.2376461072947878E-4 5.213751387399222E-4 2.2211156987238256E-4 -0.003941619211880844 -3.8289034488303054E-6 
0.8237771799233018 -0.0030999884331036906 6.051397882485915E-4 0.0018915186397566322 2.501639291669821E-4 2.5212327657459996E-4 5.237729496432468E-4 4.3233479395354417E-4 -0.003964118974239618 3.9008808550510053E-4 
0.7568483626148823 -0.003101465495292298 5.496462374099314E-4 0.0030547547923793156 1.7325043215956905E-4 1.8819161924485623E-4 5.295834102698922E-4 3.1760762374980037E-4 -0.0039287845917043 -2.1442815610125318E-5 
0.5723902701460788 -0.0031096897563445153 5.55295300721756E-4 0.001905045156835013 8.617004067766573E-5 1.8813014831241313E-4 5.215259385054272E-4 2.4433703247002067E-4 -0.00398899035808063 1.5141009504072246E-4 
0.3567928475796466 -0.0030958623505338008 5.99868575700769E-4 0.0016629209008155186 1.0290602450031404E-4 2.2324153794392904E-4 6.010603540599071E-4 4.1780151168729484E-4 -0.003988256020126296 1.653453072294359E-5 
0.5307442905351535 -0.0030957958213858796 5.979970047016495E-4 0.003069223605208671 3.4814070918855867E-5 2.2050911010291366E-4 4.0451209085757075E-4 2.470706680904237E-4 -0.004312318752839098 3.779275617178799E-4 
0.020749587988935614 -0.003101063490902056 6.675207697450756E-4 0.003022960398310718 2.448597274919818E-4 2.2337324865677534E-4 0.0018247558011730758 2.3086914145890414E-4 -0.004048912775756948 -1.1636361578381357E-6 
0.46692364135963715 -0.0031066746912211383 -0.0014158766789246504 0.0030699191018824673 1.2518960500682843E-4 2.231920027901011E-4 3.721949075387588E-4 2.369660210916689E-4 -0.003924438629689334 4.0479933200771923E-5 
0.31689404159011775 -0.003095355879247566 2.5642339795714687E-4 0.0019710523288963 7.927379541436005E-5 1.773743506485811E-4 5.354006962000845E-4 3.1994479216729575E-4 -0.004029455625831547 -2.841062626090328E-6 
7.789165541810111E-4 -0.003120414255846952 5.585721858018278E-4 -0.0015714566682383596 -4.3183644983344196E-5 2.2316174100979973E-4 3.8788287354782043E-4 2.4222405814873054E-4 -0.003989996435583433 1.3226636866566643E-5 
0.324870998515481 -0.0031015749039793043 5.981170645700221E-4 0.0019360087299571 7.731433705838363E-5 2.1894986850849732E-4 5.061618678983159E-4 2.4186747294645814E-4 -0.003919869753910742 -3.7507113263697986E-6 
0.03271641975686812 -0.003101214286460985 -1.96122533539767E-6 0.0037397942610464642 7.705702240068888E-5 2.34603974933462E-4 5.791488355802882E-4 2.0754086222014222E-4 -0.004318119539099219 -8.574353281789988E-6 
0.5566972916283561 -0.003100369603770641 6.39173607409034E-4 0.0019048572473028618 2.4801381079088446E-4 2.3419290733869675E-4 5.864169611370976E-4 2.3835761441418397E-4 -0.003975826373629672 3.8903625290836693E-4 
0.7052855495735773 -0.003091356630316289 5.973013730153337E-4 0.003255183732700579 2.6807832439557083E-4 2.2313098519585753E-4 6.151201431606134E-4 2.4351335523977466E-4 -0.00396088710804089 1.380623184977442E-5 
0.3567928475796466 -0.0030958623505338008 5.99868575700769E-4 0.0016629209008155186 1.0290602450031404E-4 2.2324153794392904E-4 6.010603540599071E-4 4.1780151168729484E-4 -0.003988256020126296 1.653453072294359E-5 
0.29340526090102576 -0.0030909347542630032 5.58631687376517E-4 0.0018730039051573833 -4.268230388150053E-5 1.774635206266737E-4 0.0011775737461777241 2.005276339291486E-4 -0.0040290404617910015 -2.619291853938435E-6 
0.6363608957619944 -0.0031001121880720513 2.418978162566377E-4 0.0019871589019937637 -4.73836431010837E-5 6.499345732678459E-4 5.203149619132292E-4 3.1512201394530854E-4 -0.003954626073278335 3.244038202986453E-8 
0.4463828778709913 -0.003091202594342906 6.924706924018889E-4 0.0016629209008155186 1.0186736575183608E-4 2.2028597320319235E-4 3.4154962195032703E-4 2.3599756657757186E-4 -0.003973202896795029 1.2557729698943859E-5 
0.26417034110844784 -0.003101063490902056 6.675207697450756E-4 0.0030176373624500796 3.3042088755791304E-5 2.2337324865677534E-4 0.0018247558011730758 2.4130172524772535E-4 -0.004048912775756948 -1.1636361578381357E-6 
0.016905538025089872 -0.0030954082074810215 2.4793944938117715E-4 0.003177533989686092 2.4864052134818343E-4 2.056862781410024E-4 5.270807172092032E-4 3.199584602058875E-4 -0.004029455590749438 -6.250021990746778E-6 
0.0978581253129262 -0.003107394001818076 7.235092959978195E-4 0.001977770514446686 1.1792117137859991E-4 3.8729586646846687E-4 3.025633363131125E-4 2.0661068774676893E-4 -0.004334530814387793 3.9264668896600444E-4 
0.8987688005874874 -0.0031006759504579725 6.076778339085768E-4 0.0032686288716343897 1.1636461278675877E-4 3.898977189061255E-4 3.3012395847090294E-4 2.0698760917121776E-4 -0.0039451283574121815 2.91897318610191E-6 
0.008038396573314482 -0.003092040171113306 6.001302518180142E-4 0.003067077563694452 -2.718591764397365E-5 4.083409660002394E-4 4.5612127317123263E-4 2.0603516615940617E-4 -0.003928926315316625 1.1401235346756082E-7 
0.2610845480263215 -0.0031005461064506825 2.4620135749094894E-4 0.00317570559369068 3.5381933219870865E-5 2.2040970383894649E-4 3.297068065684974E-4 2.4142833445553767E-4 -0.003963573193874863 3.7613815849580376E-4 
0.10771404589524786 -0.0031000021760823416 6.050225915541746E-4 0.0030256285401497984 2.4545548639435014E-4 2.3405222152491644E-4 3.240963440101856E-4 4.3352472592378237E-4 -0.003969396769708845 -2.7074833292040545E-5 
0.043869018093478956 -0.0030954082074810215 -9.275919013450567E-6 0.003175602666984669 7.982515634534183E-5 2.056862781410024E-4 5.287178018012532E-4 3.1928622446038816E-4 -0.004046481024303262 -1.813389626526514E-5 
0.28769357436629905 -0.00309997435284933 5.55295300721756E-4 0.0018909765141782795 -5.5495451161961E-5 1.8847342867437308E-4 5.215259385054272E-4 2.4433703247002067E-4 -0.004323274805343566 2.3178339133896503E-5 
0.41936890932249626 -0.003108778031687308 2.4486955472460695E-4 0.003190851388320067 1.1917462261488304E-4 2.2162434746625343E-4 3.2754036312069326E-4 2.4260609938691797E-4 -0.003959538485944234 1.2989773146383763E-5 
0.9764687274832957 -0.0031015749039793043 5.981170645700221E-4 0.0019360087299571 7.731433705838363E-5 2.1894986850849732E-4 5.061618678983159E-4 2.4186747294645814E-4 2.3593891920383608E-4 -3.7507113263697986E-6 
4.750955482928608E-5 -0.0031010308170800077 7.130147513031535E-4 0.003024754151169192 2.448597274919818E-4 2.2337324865677534E-4 0.0018014477211950204 2.3086914145890414E-4 -0.004048912775756948 -1.1636361578381357E-6 
0.7910492428120914 -0.003101264711307386 5.502675632066897E-4 0.0033459634682224803 1.7325043215956905E-4 1.8819161924485623E-4 5.276501398881312E-4 3.1760762374980037E-4 -0.003956973847802824 -9.929319413969252E-6 
0.5246511970267158 -0.0030956145124352275 6.052422520767697E-4 0.003069223605208671 3.5684167281651224E-5 2.2050911010291366E-4 4.0451209085757075E-4 2.472551958799246E-4 -0.004313045437744713 3.779275617178799E-4 
0.8194962483879056 -0.0031000021760823416 6.050225915541746E-4 0.0030256285401497984 2.501639291669821E-4 2.3405222152491644E-4 5.230712048286185E-4 4.3352472592378237E-4 -0.003969396769708845 -1.2481038439636326E-5 
0.6848722004892901 -0.003091782108770084 2.5108442009198496E-4 0.0017690895287715616 6.17054250021377E-5 2.1708100892441643E-4 6.025694498761551E-4 2.4244112359581333E-4 -0.003966191206863557 1.5625720659657912E-5 
0.1346093303649121 -0.0031102119962268635 5.573140857622129E-4 0.001905045156835013 6.22771087740109E-5 6.667848651219748E-4 5.215857559372923E-4 2.4143124955286209E-4 -0.003990914280881257 1.5407804284620107E-4 
0.54872915954077 -0.003101848244495139 -0.0016597085157396725 0.0031904275062469268 1.1547979534948431E-4 2.1619014537508106E-4 5.264712674060204E-4 2.393086159065455E-4 -0.004313610451486423 3.3830006237355826E-5 
0.24541135074358633 -0.003100431073893672 2.5165850995741373E-4 0.0019726556667161834 -2.4521534399137146E-5 2.2873447968788785E-4 6.139029351072071E-4 2.0057641457791654E-4 -0.0040293624427341 -2.640974380556885E-6 
0.22401503422263497 -0.003092431872340496 5.949561687873724E-4 0.0017866803865436195 1.6709482358467532E-4 2.276467871057811E-4 5.878925180245118E-4 2.3357422186041083E-4 -0.004018764555780278 1.495072736997991E-4 
0.6697166275864748 -0.0030958623505338008 5.99868575700769E-4 0.0016629209008155186 1.0290602450031404E-4 2.2037016457786217E-4 3.91799985781998E-4 4.1780151168729484E-4 -0.003989912546590459 2.1812438307680004E-5 
0.4044572876296723 -0.0031076233483436173 7.380713632245547E-4 0.001969208128081005 -4.016220922119347E-5 2.1371065741566665E-4 3.314616916847836E-4 2.4109656714577495E-4 -0.004332267365239777 3.925357774578728E-4 
0.39178657695779917 -0.0031066708094750753 2.4530285187401656E-4 0.0031763521058523385 2.5020059946096357E-4 2.0656154959724636E-4 3.1613697292770917E-4 2.7728892305854295E-4 -0.003964782706254774 1.2917372917255905E-5 
0.3771691167012963 -0.003100102367664963 2.418978162566377E-4 0.0019726556667161834 -2.6406389577310784E-5 6.566030729949443E-4 4.759787895098916E-4 2.005276339291486E-4 -0.004030944025180571 3.244038202986453E-8 
0.2766707727622975 -0.0030999884331036906 6.39173607409034E-4 0.001891364183033778 2.4801381079088446E-4 2.340797836894062E-4 5.864169611370976E-4 2.3835761441418397E-4 -0.003963708976824207 3.910365358739747E-4 
0.1346093303649121 -0.0031102119962268635 5.573140857622129E-4 0.001905045156835013 6.22771087740109E-5 6.667848651219748E-4 5.215857559372923E-4 2.4143124955286209E-4 -0.003990914280881257 1.5407804284620107E-4 
0.4862557332443147 -0.003099844684755088 -4.321585617919643E-5 0.0031185730826283503 3.424430523928176E-5 2.2355475974370826E-4 3.3089170072464274E-4 2.1234214216738897E-4 -0.003960278545504842 -2.5229664544203125E-5 
0.6697166275864748 -0.0030958623505338008 5.99868575700769E-4 0.0016629209008155186 1.0290602450031404E-4 2.2037016457786217E-4 3.91799985781998E-4 4.1780151168729484E-4 -0.003989912546590459 2.1812438307680004E-5 
0.9469323017391876 -0.0030985197143703906 2.522688625188442E-4 0.0033389190583992547 -3.3912911522870405E-5 2.2238781151853612E-4 5.852813891808345E-4 2.3001503325414363E-4 -0.004047000606543623 3.926058466979468E-4 
0.45472616901893026 -0.0031081614544175794 6.021542485369395E-4 0.001810267443622367 7.561178362656348E-5 2.2326494368328785E-4 5.09760156841346E-4 2.320612991197292E-4 -0.003919291445236431 3.672691855989051E-4 
0.3771691167012963 -0.003100102367664963 2.418978162566377E-4 0.0019726556667161834 -2.6406389577310784E-5 6.566030729949443E-4 4.759787895098916E-4 2.005276339291486E-4 -0.004030944025180571 3.244038202986453E-8 
0.4862557332443147 -0.003099844684755088 -4.321585617919643E-5 0.0031185730826283503 3.424430523928176E-5 2.2355475974370826E-4 3.3089170072464274E-4 2.1234214216738897E-4 -0.003960278545504842 -2.5229664544203125E-5 
0.9965142023937731 -0.003100248691187622 2.2656240361430659E-4 0.0018690377653891987 7.836254545543237E-6 2.2246389547564966E-4 5.848012636125131E-4 2.3001503325414363E-4 -0.003964089958605807 4.112190986681206E-4 
0.5677200932317401 -0.00310035552351628 5.55295300721756E-4 0.0019044695784473636 -5.5495451161961E-5 1.8858655232366367E-4 5.215259385054272E-4 2.4433703247002067E-4 -0.004335392202149032 2.1178056168288742E-5 
0.20936785106146738 -0.0030921069936758853 2.3748166638012962E-4 0.0017532179265142597 -1.9770531398421525E-5 2.2189576839736744E-4 5.30267684609534E-4 2.060056097953039E-4 -0.004038328028867508 1.5944368665384755E-5 
0.20936785106146738 -0.0030921069936758853 2.3748166638012962E-4 0.0017532179265142597 -1.9770531398421525E-5 2.2189576839736744E-4 5.30267684609534E-4 2.060056097953039E-4 -0.004038328028867508 1.5944368665384755E-5 
0.004613569729834235 -0.003101284978884675 -0.0014476203527998333 0.003069868365944601 -2.656449670552625E-5 2.2318508395317233E-4 5.413405776022198E-4 2.3090173137508326E-4 -0.003926885516137509 3.312033506538265E-5 
0.4070112707490137 -0.0031076233483436173 7.357632496754307E-4 0.001969208128081005 -4.016220922119347E-5 2.1371065741566665E-4 3.4140551480498773E-4 2.4109656714577495E-4 -0.004327027750798565 3.925357774578728E-4 
0.7244375357644308 -0.0031008546523508683 -1.496661781638306E-6 0.003187592315144038 1.181531781662013E-5 2.276849677315196E-4 5.840793703500601E-4 1.9978845833383178E-4 -0.004038032533377894 -9.49455302696564E-6 
0.0978581253129262 -0.003107394001818076 7.235092959978195E-4 0.001977770514446686 1.1792117137859991E-4 3.8729586646846687E-4 3.025633363131125E-4 2.0661068774676893E-4 -0.004334530814387793 3.9264668896600444E-4 
0.9469323017391876 -0.0030985197143703906 2.522688625188442E-4 0.0033389190583992547 -3.3912911522870405E-5 2.2238781151853612E-4 5.852813891808345E-4 2.3001503325414363E-4 -0.004047000606543623 3.926058466979468E-4 
0.7186786356573183 -0.0027566764822343037 2.317282421149273E-4 0.003181293148031047 -2.2339817455696298E-5 2.2632035999355243E-4 5.976145376961708E-4 4.2109467850936615E-4 -0.003960283001771835 2.199069815943614E-5 
0.80424101429362 -0.0030952983970660825 2.888244165975823E-4 0.0030671359489196034 -2.6933597006026098E-5 2.2374689840948516E-4 4.578943400885329E-4 3.1886851437543047E-4 -0.003985826614205386 -1.186597721749091E-5 
0.10432252088788163 -0.003107210651337618 6.021542485369395E-4 0.0018551884482815905 2.4320701050751018E-4 2.2326494368328785E-4 5.09760156841346E-4 -0.00233262809108435 -0.0039187913455835605 -8.044301758769468E-6 
0.6848722004892901 -0.003091782108770084 2.5108442009198496E-4 0.0017690895287715616 6.17054250021377E-5 2.1708100892441643E-4 6.025694498761551E-4 2.4244112359581333E-4 -0.003966191206863557 1.5625720659657912E-5 
0.8050468639631071 -0.0031007824748199983 6.373812457454881E-4 0.001832326600087318 2.3533994716903742E-4 2.2035868419887074E-4 0.0016431284731454872 2.0341228527453404E-4 -0.003960782350104722 -9.065622102493047E-7 
0.38943298777242247 -0.0031071876548492377 2.4793944938117715E-4 0.0031912334701497186 2.5020059946096357E-4 2.056862781410024E-4 3.213127808244845E-4 2.7728892305854295E-4 -0.004029455590749438 1.2917372917255905E-5 
0.044583363589492386 -0.003100117296602883 6.751056189289709E-4 0.0018550888728171228 -2.7011916509241614E-5 2.203738640294355E-4 3.5922961829265197E-4 2.50496507040335E-4 -0.004310944646615706 1.984252152379895E-5 
0.22401503422263497 -0.003092431872340496 5.949561687873724E-4 0.0017866803865436195 1.6709482358467532E-4 2.276467871057811E-4 5.878925180245118E-4 2.3357422186041083E-4 -0.004018764555780278 1.495072736997991E-4 
