0.0 8.453783411769308E-5 0.004963556188833596 8.697467596076197E-4 0.002305798388278117 5.740164270316701E-4 2.1683280366574365E-4 -3.222232989632596E-5 -4.271558524794926E-4 -3.5026590931244543E-4 
0.0 8.453783411769308E-5 0.004963556188833596 8.697467596076197E-4 0.002305798388278117 5.740164270316701E-4 2.1683280366574365E-4 -3.222232989632596E-5 -4.271558524794926E-4 -3.5026590931244543E-4 
0.9975926254107159 -2.1242567492195662E-4 0.0011862932806508484 8.692877151002743E-4 0.0022819229984134067 3.022644477342183E-4 -6.996023735016408E-4 6.899572745674549E-5 -5.316035172803046E-4 -4.0471900779883775E-4 
0.6325790947581854 -8.177086805369247E-5 0.0010912451979322717 8.714281691464236E-4 0.0022801408225151705 3.0771601781861863E-4 2.998504200659319E-4 -4.884776241529847E-4 -5.459500648190075E-4 -3.595971092664344E-4 
0.8103951500716766 -2.6143225435530497E-4 9.971540867941904E-4 8.715265541256509E-4 0.0026427165158306536 3.427934454766959E-4 -8.41450932497979E-4 -3.740852128718553E-5 -6.27712902593026E-4 -3.7724522781486377E-4 
0.46368863958837014 7.538544401719684E-5 0.004963688096119523 8.791023641225008E-4 0.002244311292739223 6.612416700196502E-5 1.8094115842876658E-4 -8.295162194387588E-5 -5.090722462043469E-4 -4.06609094203728E-4 
0.592348231910688 7.776498457997383E-5 0.001061692548018286 8.715506222289999E-4 0.0026427945999888225 3.0636657369146833E-4 2.79276167966267E-4 -5.216468248742676E-4 -5.289869020020284E-4 -3.960970764685463E-4 
0.3860456895534665 1.1121926510893792E-4 8.30864518805594E-4 8.715409033789677E-4 0.002305419723811297 6.496308279431685E-4 2.4006705316479023E-4 -4.679431147918602E-4 -7.786101488472508E-4 -4.06476835262408E-4 
0.42975455748482755 -2.519544436130998E-4 0.001294631794249528 9.313849634121585E-4 0.0023050603396746524 3.0526680560002484E-4 -8.600352435257638E-4 -1.9212982036500981E-4 -6.349176459120778E-4 -0.0012872547615711816 
0.06508605132558265 -1.7905551997585694E-5 0.004822976555488706 8.715352501737572E-4 0.0023157157440227604 6.558874029860443E-4 2.2166178540690358E-4 6.767363334544048E-5 -4.3512154709556244E-4 -4.077904117741505E-4 
0.04924495358229891 -4.330130680415808E-4 0.004963518093520708 8.783348664681356E-4 0.0023161770242630998 5.901102856259758E-4 -7.054199014503275E-4 -1.2405701997876779E-5 -7.857157540407377E-4 -3.6839967961308596E-4 
0.8364408519947424 -8.476523995685395E-5 8.447130543870335E-4 8.714502279491079E-4 0.0022808679583127137 6.431952323037481E-4 2.3199040277374085E-4 -4.758059401895207E-4 -5.292817785132575E-4 -4.078156173284999E-4 
0.7000090470979865 1.540125096845962E-5 0.004963513114385231 9.288338278951539E-4 0.0023047007380969436 5.989728071887838E-4 1.0515778819094446E-4 -7.544304370481756E-5 -5.612503985766516E-4 -4.1824463956636446E-4 
0.4929881635616534 3.0260868363528695E-5 0.001105571989587314 8.697881817178565E-4 0.0022804344008467755 3.155458546316651E-4 -8.565983598556384E-4 -1.938971869066944E-4 -6.308776718493005E-4 -7.740175398707448E-4 
0.015980141993966857 8.414410014003579E-5 0.0010334633074150106 8.695908389090867E-4 0.0022897190766987033 5.867792129706545E-4 -8.444793400548736E-4 -5.142073496811886E-4 -4.543388914173144E-4 -2.594828564790565E-4 
0.886211142811771 -4.1204640727380366E-4 0.00494118160886815 8.700742594105467E-4 0.002290740495791302 3.10018862054991E-4 1.787047946293471E-4 -5.745228612938328E-5 -5.470842795374013E-4 -2.737724049393203E-4 
0.40186658213030013 1.0288549825777262E-4 0.0010793923567962525 8.712146098864251E-4 0.0022827994173544625 6.470394210941859E-4 -8.904548355766082E-4 -5.195262433216959E-4 -6.829164429716966E-4 -4.126131795101953E-4 
0.03532926106385886 1.3735336081495685E-5 0.001059345513248024 8.673532961306082E-4 0.002290747767917687 3.0164016117456387E-4 -8.660397389531051E-4 -3.0405056172538678E-5 -6.926420010411084E-4 -4.0795887088015227E-4 
0.07454860728184301 6.544121390314868E-5 0.0010602169666525238 8.698091454790728E-4 0.0023051159760995193 6.369857162136081E-4 1.916785467735953E-4 -1.9371567592416756E-4 -6.30463917159198E-4 -0.0012932536851136302 
0.7129438217463433 -3.8691640823668055E-5 0.0010540333320478974 8.689145855984109E-4 0.0023829641607885695 5.906658139848603E-4 -7.132644254636629E-4 -2.1282519076166887E-4 -5.274050995337154E-4 -7.479097410848263E-4 
0.02645767176754177 8.618492562655655E-5 0.0010341178102029822 8.788291994386658E-4 0.002282274388694582 5.905579857323792E-4 -8.270241036919014E-4 -3.3137662047638856E-5 -5.334905753104251E-4 -4.044915212063679E-4 
0.23459771755656195 1.2184690310112021E-5 0.001095251759963322 8.710716197119626E-4 0.002288923428380854 5.990321181235192E-4 -8.029422882419841E-4 -3.548433775081888E-5 -7.695079183546708E-4 -4.189918964727279E-4 
0.74216464408939 -2.648121366912216E-4 8.515421576996466E-4 8.693006894685344E-4 0.0026506158047835808 5.756224671630237E-4 -8.402728804007989E-4 -3.157588014507496E-5 -6.20602654716168E-4 -4.067241878233102E-4 
0.9692510254206823 6.681845045125863E-4 8.757148057853179E-4 8.676691691689897E-4 0.002296337972669049 5.86571626252702E-4 1.5432054226153738E-4 -4.8494452035614507E-4 -1.6825692027224544E-4 -2.7432192546501116E-4 
0.009497773398828957 -2.3360322817096723E-5 0.0010522810555427856 8.676691691689897E-4 0.002296337972669049 5.88787564948906E-4 1.6181592462600564E-4 -5.070288815593398E-4 -1.7226167993609316E-4 -2.854245589417153E-4 
0.5716720745790816 -3.565900951413353E-5 0.0015652627673980223 8.688724797929409E-4 0.0022831604217935352 5.829523768455731E-4 2.2556848743001407E-4 -7.597845166246876E-5 -4.3480901580157406E-4 -4.0487341270119726E-4 
0.3327519869217133 -4.201737436338238E-4 0.004964163012042789 8.783348664681356E-4 0.002316516937234527 5.901102856259758E-4 1.2604118547516086E-4 -1.2405701997876779E-5 -7.832435892056084E-4 -3.6839967961308596E-4 
0.950898329855021 7.959272885599554E-5 0.0012930838060561203 9.297969180363358E-4 0.0022882663645582063 3.078463469067811E-4 -8.638876588242622E-4 -4.159424332239058E-5 -6.327310071532487E-4 -2.838857603763467E-4 
0.25535861696244555 -4.3093219980142223E-4 0.00496349282891476 8.781181168840988E-4 0.0022827809584234577 5.914944981386004E-4 -7.057031140209003E-4 -1.3708851283053193E-5 -6.879099213629179E-4 -2.6543377742048804E-4 
0.36681226390986144 1.1403512954535265E-5 0.0011845217874208141 8.69747643509965E-4 0.002293700835372614 6.389532078908152E-4 -7.554684656250843E-4 -1.957542601574203E-4 -5.27406107893616E-4 -2.732418626817052E-4 
0.7242217413963794 -3.7824736919906847E-5 8.286595576309535E-4 8.714502279491079E-4 0.002293150965067793 6.429572211413358E-4 1.4868264599622542E-4 -4.6753534977565754E-4 -4.353084973775016E-4 -4.0781469384686944E-4 
0.9387750545497111 8.148813168706122E-5 0.0013359727864215847 8.697505890487654E-4 0.002320498808936954 5.893223007917583E-4 -8.931988165716007E-4 -4.565372256923821E-5 -4.1619830050095106E-4 -4.044783623061314E-4 
0.4674124764341908 1.1997633591149165E-5 0.0011885552497721949 8.69949621511367E-4 0.002290649542236343 6.421633746293354E-4 -8.069286631246681E-4 -1.9247476395382434E-4 -6.917516153827619E-4 -2.6874968752787067E-4 
0.8931769059057139 7.854496355822668E-5 0.0010514074592452927 8.715352501737572E-4 0.0022909097238589505 6.558874029860443E-4 2.2166178540690358E-4 6.767363334544048E-5 -4.2183285471070154E-4 -4.078156173284999E-4 
0.9210141781371626 6.681845045125863E-4 8.757148057853179E-4 8.676691691689897E-4 0.002296337972669049 5.86571626252702E-4 1.5432054226153738E-4 -4.8494452035614507E-4 -5.424847167424733E-4 -2.7432192546501116E-4 
0.22467924113227788 -4.1281101729593786E-4 0.0010512572418210652 8.694214029124814E-4 0.0023566683334253396 5.975785350916909E-4 -6.991641345920608E-4 -2.1139727634981976E-4 -5.402942166534792E-4 -3.9899018567334925E-4 
0.5001095061410911 3.1465850965157875E-5 0.001105571989587314 8.682898266686736E-4 0.002280654595676629 3.155458546316651E-4 -8.565983598556384E-4 8.647791261468833E-5 -6.244930089540139E-4 -7.731643203078869E-4 
0.9883800472538239 1.2464884654040222E-4 0.004963486367139405 8.676334770227861E-4 0.002352400422023378 2.8409176153148033E-4 1.759636542514075E-4 -4.8494452035614507E-4 -8.108245948547664E-4 -2.7311825586804684E-4 
0.1598465890582495 -1.1421993039958435E-5 0.004963568894605169 8.69291816780075E-4 0.0022827094710068437 5.974095555774746E-4 2.4498485055474714E-4 -2.1139727634981976E-4 -7.303320651750878E-4 -4.048024178940189E-4 
0.6113107282503264 3.0878321500392534E-4 0.0010126528333023925 8.715450182711244E-4 0.0023709239809927805 2.914732981904993E-4 -8.749557865799858E-4 6.317065710105764E-5 -4.387119648448788E-4 -0.0012993804738921848 
0.17232159865897728 7.22242033924344E-6 0.004962730406320278 8.694194077496223E-4 0.002370021696854234 5.974095555774746E-4 2.4498485055474714E-4 -2.614718950145777E-5 -6.912104932596002E-4 -0.0012895478136127282 
0.5516882358865183 3.1465850965157875E-5 0.001105571989587314 8.682898266686736E-4 0.002280654595676629 3.137661486171559E-4 -8.65088140232262E-4 7.424067337106635E-5 -6.951849728576988E-4 -7.731643203078869E-4 
0.2578303848440627 1.7007473915015238E-5 0.0012145979055122344 9.379529770123442E-4 0.0022827809584234577 6.515024489385038E-4 -6.917889721005963E-4 -1.2731768896858285E-5 -6.907336149695177E-4 -4.7842795592910423E-4 
0.10077829646108649 7.959272885599554E-5 0.004920666809038768 8.682473316158071E-4 0.002285736770767197 6.447429159360917E-4 2.164962132944852E-4 -2.084545968279792E-4 -5.999596640563798E-4 -2.838857603763467E-4 
0.34073770874286385 3.1696043149523963E-4 0.0010791854268068044 8.695118991830809E-4 0.0023040854223017257 5.968911565510146E-4 2.655302133376463E-4 -2.7137209495736688E-5 -5.919585441334412E-4 -4.094504687093009E-4 
1.2775497013567394E-4 6.632400131441475E-4 0.0011154879265668194 8.700213252896466E-4 0.0023043855142499945 5.656024179706963E-5 2.18871176141636E-4 -3.2693745143921196E-5 -4.2658417698765037E-4 -4.3294092139585673E-4 
0.6628486579666582 1.2464884654040222E-4 0.003201944480122432 8.673842106656637E-4 0.0022904722112582396 2.8409176153148033E-4 1.759636542514075E-4 -7.47582542444319E-5 -8.108245948547664E-4 -2.7311825586804684E-4 
0.2039661646254608 8.453783411769308E-5 0.004938219449780262 8.783383201420139E-4 0.002241440425329909 5.740164270316701E-4 2.168237559712612E-4 -8.588617082341674E-5 -5.287564721634783E-4 -3.514498577402275E-4 
0.3084025212513578 8.220561526300405E-5 8.497621616847796E-4 8.675718230104501E-4 0.002305419723811297 6.38892956358368E-4 -8.538658654607664E-4 -2.869949498740873E-5 -5.940131997235068E-4 -4.092565543838228E-4 
0.21302680974238963 8.682716826141312E-5 0.001018342730107579 8.68294302491598E-4 0.0022834269591227255 5.693385123372561E-4 -8.788923250669304E-4 -3.1452396669876894E-5 -5.311002503555409E-4 -4.049184944338314E-4 
0.6175886043343944 3.182616153513156E-4 0.001061692548018286 8.715549406644559E-4 0.002655077649746535 5.911366092313096E-4 2.6545750014123765E-4 -5.465667586903042E-4 -5.289869020020284E-4 -4.0960600585366686E-4 
0.08952630595203859 8.148813168706122E-5 0.004963555789404232 8.697505890487654E-4 0.0023179692151459445 5.893223007917583E-4 1.870529858309679E-4 -2.125140760748268E-4 -4.2222831351847287E-4 -4.044783623061314E-4 
0.5361160185239965 6.632400131441475E-4 0.0010900906524701996 8.790803052781528E-4 0.0022400275513017862 6.410238451981144E-5 -8.205368844868834E-4 7.471230614680311E-5 -5.28184796671636E-4 -4.2878506914944875E-4 
0.014132750997693927 5.941000350025312E-5 0.0010334633074150106 8.695908389090867E-4 0.0022897190766987033 5.867792129706545E-4 -8.444793400548736E-4 -5.142073496811886E-4 -4.543388914173144E-4 -2.594828564790565E-4 
0.8581164899261041 -8.59453635078984E-5 8.447130543870335E-4 8.714502279491079E-4 0.002293700835372614 6.389532078908152E-4 2.3199040277374085E-4 -4.758059401895207E-4 -5.27406107893616E-4 -4.078156173284999E-4 
0.7840779905254314 8.220561526300405E-5 9.96922470609005E-4 8.676671959670601E-4 0.0023007593710468754 6.38892956358368E-4 -8.413561757311251E-4 -2.8902708866907226E-5 -5.940131997235068E-4 -3.789758165528713E-4 
0.8472222926640051 -8.59453635078984E-5 8.447130543870335E-4 8.714533430602375E-4 0.0022937501230474925 6.386008082152328E-4 2.2217420591429612E-4 -4.758059401895207E-4 -5.276054944056565E-4 -4.078159562681169E-4 
0.5632839310377289 -4.017202337399118E-4 0.0010354265179850996 8.697629208126105E-4 0.0022798316230390825 6.334471032009291E-4 2.2655432286653555E-4 -7.567363292183055E-5 -5.326424735809099E-4 -4.0436169396656764E-4 
0.3466486985742262 3.1696043149523963E-4 0.0010778870358438986 8.682132221325573E-4 0.0022827325623916883 5.677201354444721E-4 -8.800825629227605E-4 -2.7024357338714666E-5 -5.316035172803046E-4 -4.04843463035529E-4 
0.3155329720040195 -8.59453635078984E-5 8.447130543870335E-4 8.714502279491079E-4 0.002293700835372614 6.389532078908152E-4 2.353259475884174E-4 -4.6753534977565754E-4 -5.27406107893616E-4 -4.078156173284999E-4 
0.793065247268267 -2.672210701373312E-4 0.0010965410571233342 8.693006894685344E-4 0.0026447260303377445 5.750964623919213E-4 -8.402728804007989E-4 -3.157588014507496E-5 -6.20602654716168E-4 -4.067241878233102E-4 
0.10680133286969079 -3.7824736919906847E-5 8.332952309803441E-4 8.714502279491079E-4 0.0022930936652203943 6.478877518378346E-4 2.3198100830312704E-4 -4.6983056938872846E-4 -6.875614960308175E-4 -4.0789405903035754E-4 
0.41465259904456864 1.1121926510893792E-4 8.30864518805594E-4 8.715409033789677E-4 0.002305419723811297 6.496308279431685E-4 2.4006705316479023E-4 -4.679431147918602E-4 -7.786101488472508E-4 -4.06476835262408E-4 
0.052615143377518964 3.2779481508484864E-4 0.0010778870358438986 8.682132221325573E-4 0.0022827325623916883 5.677201354444721E-4 2.1328439027775347E-4 -2.7024357338714666E-5 -5.318996525766365E-4 -4.04843463035529E-4 
0.030112912002886766 1.3735336081495685E-5 0.0011772407950655808 8.675422596963138E-4 0.002280654595676629 6.431689692934382E-4 -8.660397389531051E-4 -3.0405056172538678E-5 -6.926420010411084E-4 -4.7312823479283856E-4 
0.5190233341401408 7.776498457997383E-5 0.001061692548018286 8.715506222289999E-4 0.0026427945999888225 3.0636657369146833E-4 2.79276167966267E-4 -5.216468248742676E-4 -5.289869020020284E-4 -3.960970764685463E-4 
0.12442795723619926 7.183584815402175E-6 0.004861242243124966 8.692450336577306E-4 0.0022827094710068437 2.7981716815963267E-4 -8.088604055633481E-4 -2.7132368572710408E-5 -6.916728219119074E-4 -3.7417865236724743E-4 
0.00218405315299363 -3.341518110446217E-5 0.001572042381686223 8.691123177656712E-4 0.002304940861737656 5.894195767596568E-4 2.4015437029203604E-4 -7.620039097175528E-5 -5.389367037549666E-4 -3.5082530598694724E-4 
0.5190233341401408 7.776498457997383E-5 0.001061692548018286 8.715506222289999E-4 0.0026427945999888225 3.0636657369146833E-4 2.79276167966267E-4 -5.216468248742676E-4 -5.289869020020284E-4 -3.960970764685463E-4 
0.09590038978816579 7.824993176460113E-5 0.004963568894605169 8.788782251195863E-4 0.0022821258534796727 5.900314560226777E-4 2.428291707515119E-4 -5.8423596308374985E-5 -5.393660496878006E-4 -4.0561167753401517E-4 
0.6765402952348125 -4.017202337399118E-4 0.0010602169666525238 8.697629208126105E-4 0.0022798316230390825 6.369857162136081E-4 1.917407565100636E-4 -7.567363292183055E-5 -6.501553458513629E-4 -4.161312426111667E-4 
0.26875896790240406 1.0300608093657322E-4 0.001260882424444345 8.700638910737326E-4 0.002264602631717401 3.2267723827320786E-4 -7.016480197011015E-4 -2.060911543460392E-4 -5.52551027957682E-4 -3.770819659222092E-4 
0.006190015234293911 -3.3129118501764744E-5 9.60547055714296E-4 9.31739745844896E-4 0.002304258957812024 6.397422037237491E-4 2.431013751415225E-4 -5.075283997008779E-4 -5.393660496878006E-4 -3.497325373315528E-4 
0.1444936493091018 -1.0117709804314937E-4 0.004963676435026872 8.698377960365867E-4 0.002315311119441469 2.87827515431698E-4 -7.309788555941844E-4 -1.5479467280869308E-5 -4.177847483395841E-4 -3.999350316378361E-4 
0.29681553653307624 -8.678029410401484E-5 8.447130543870335E-4 8.675745945312746E-4 0.002293700835372614 6.389532078908152E-4 -8.579511634981541E-4 -4.6753534977565754E-4 -5.27406107893616E-4 -4.080918025274166E-4 
0.9118247812552002 -2.47086107814679E-4 0.0032334137689415607 8.830984402661455E-4 0.002282274388694582 5.917410828216963E-4 -8.047437227134837E-4 -1.854276222878122E-4 -5.952236129103148E-4 -4.044915212063679E-4 
9.8035400220476E-4 -1.695313348355725E-5 0.0010540333320478974 8.715342643269676E-4 0.0023148604675487182 5.889386665554084E-4 -7.13953426001585E-4 -5.074838370890166E-4 -5.274050995337154E-4 -4.0552853392603E-4 
0.1444936493091018 -1.0117709804314937E-4 0.004963676435026872 8.698377960365867E-4 0.002315311119441469 2.87827515431698E-4 -7.309788555941844E-4 -1.5479467280869308E-5 -4.177847483395841E-4 -3.999350316378361E-4 
0.29681553653307624 -8.678029410401484E-5 8.447130543870335E-4 8.675745945312746E-4 0.002293700835372614 6.389532078908152E-4 -8.579511634981541E-4 -4.6753534977565754E-4 -5.27406107893616E-4 -4.080918025274166E-4 
0.07708116194099796 7.343222663904803E-5 0.0010602169666525238 8.697613554205896E-4 0.0022796222205696826 6.369857162136081E-4 1.916785467735953E-4 -1.9371567592416756E-4 -4.2318393159574514E-4 -4.1653315257418985E-4 
0.13427393307327867 -4.334834163431977E-4 0.004963574481214369 8.69254724208522E-4 0.0022827094710068437 3.1450160707685083E-4 3.4845294842567135E-4 -7.793503607350347E-5 -7.335182880790028E-4 -4.094061778638396E-4 
0.35876689537982687 -1.508503880246488E-5 0.0015652627673980223 8.690905771843286E-4 0.0022827094710068437 5.829523768455731E-4 2.2590886722738434E-4 -7.597845166246876E-5 -5.316887226726166E-4 -4.0481348486657686E-4 
0.6667293332298845 6.681845045125863E-4 8.757148057853179E-4 8.67399782164638E-4 0.0022952755164329553 5.86571626252702E-4 1.5432054226153738E-4 -4.8494452035614507E-4 -5.424847167424733E-4 -3.799695107070872E-4 
0.5390651124786845 6.681845045125863E-4 8.757148057853179E-4 8.676691691689897E-4 0.002296117458961448 3.1373262904481054E-4 1.7460635758616988E-4 -4.843066166469209E-4 -5.413403238348937E-4 -2.508337715478097E-4 
0.1746500696875351 7.175146501925609E-4 8.358216519881741E-4 8.715697863065898E-4 0.0022952755164329553 5.86571626252702E-4 1.5432054226153738E-4 -4.8548057715861495E-4 -5.424847167424733E-4 -4.087216841994391E-4 
0.27961393514263283 -8.59453635078984E-5 8.447130543870335E-4 8.714502279491079E-4 0.002293150965067793 6.389532078908152E-4 2.3528485429190056E-4 -4.6753534977565754E-4 -4.353084973775016E-4 -4.0781469384686944E-4 
0.1811532806507126 -1.1196016091497728E-4 8.36068745413274E-4 8.683833215563192E-4 0.002296264625233849 6.364583588816432E-4 2.3506550741417411E-4 -4.7163522077181406E-4 -5.306688083138702E-4 -4.0775819922575003E-4 
0.18996746014785434 6.632400131441475E-4 0.0010901511875134851 8.786128858240408E-4 0.0022400275513017862 5.656024179706963E-5 2.1886212844715353E-4 -8.635758607101198E-5 -5.28184796671636E-4 -4.341248698236388E-4 
0.13573510138052042 -4.336306798046837E-4 0.004963574481214369 8.69291816780075E-4 0.002279885021059446 6.090228684089076E-4 3.2566296442615883E-4 -7.563160946951127E-5 -6.470213847727743E-4 -3.6751975527919906E-4 
0.7677598806002222 -3.857302395207044E-5 0.0010602169666525238 8.689078409955505E-4 0.0022824856394340204 6.389747882887778E-4 -8.768871301239657E-4 -2.0842390371709788E-4 -5.326737868313672E-4 -4.076997874489477E-4 
0.10566940835305477 6.618111175197037E-5 0.0010616918776466503 8.712146098864251E-4 0.0022827994173544625 2.7781750825903704E-4 -8.904548355766082E-4 -5.195262433216959E-4 -6.829164429716966E-4 -4.102352007968797E-4 
0.20711581991102684 8.682716826141312E-5 0.0010196411210704848 8.695929795421217E-4 0.002304779819032763 5.985095334437986E-4 2.667204511934763E-4 -3.156524882689892E-5 -5.914552772086774E-4 -4.095255001076032E-4 
0.997219771356433 -2.1242567492195662E-4 0.0011862932806508484 8.692877151002743E-4 0.0022819229984134067 5.786472597953954E-4 -8.800825629227605E-4 6.899572745674549E-5 -5.316035172803046E-4 -4.0471900779883775E-4 
0.05403368335102893 1.2555212530451236E-5 0.0011772407950655808 8.675422596963138E-4 0.00229348747273653 6.389269448805054E-4 -8.660397389531051E-4 -3.0405056172538678E-5 -6.907663304214671E-4 -4.7312823479283856E-4 
0.27961393514263283 -8.59453635078984E-5 8.447130543870335E-4 8.714502279491079E-4 0.002293150965067793 6.389532078908152E-4 2.3528485429190056E-4 -4.6753534977565754E-4 -4.353084973775016E-4 -4.0781469384686944E-4 
0.00532881710709171 1.1997633591149165E-5 0.0011885552497721949 8.697444656047766E-4 0.002290649542236343 6.351950485331636E-4 2.131046168586433E-4 -1.9247476395382434E-4 -6.917516153827619E-4 -2.683893254878809E-4 
0.7677598806002222 -3.857302395207044E-5 0.0010602169666525238 8.689078409955505E-4 0.0022824856394340204 6.389747882887778E-4 -8.768871301239657E-4 -2.0842390371709788E-4 -5.326737868313672E-4 -4.076997874489477E-4 
0.27255865010508695 1.0331668911471853E-4 0.0012555078914093692 8.711836773963067E-4 0.0022642098193486285 2.784355394879597E-4 -8.904548355766082E-4 -5.195262433216959E-4 -6.829164429716966E-4 -4.102352007968797E-4 
0.12442795723619926 7.183584815402175E-6 0.004861242243124966 8.692450336577306E-4 0.0022827094710068437 2.7981716815963267E-4 -8.088604055633481E-4 -2.7132368572710408E-5 -6.916728219119074E-4 -3.7417865236724743E-4 
0.7550692272894963 -3.5623041315494816E-5 0.0015642924333352987 8.690905771843286E-4 0.0022827094710068437 5.785712997936401E-4 2.255217789984453E-4 6.846986987451646E-5 -5.31673130714905E-4 -4.0481348486657686E-4 
