0.9999985381362819 0.0012944406149403317 0.001185194867993661 -2.7805392109167174E-4 4.366693492282355E-4 0.003186926626148612 -5.523142474607857E-4 -0.0024670950022949623 -8.311318270267218E-5 -2.1719892282289353E-4 
0.0 0.0010063904507956693 0.0011809039351697633 -4.978396533397949E-4 4.6517436662809805E-4 0.003187647614904451 -5.447507468478513E-4 -0.0024406963852707415 -4.4744515874884966E-4 -7.239608146309487E-5 
0.9999985381362819 0.0012944406149403317 0.001185194867993661 -2.7805392109167174E-4 4.366693492282355E-4 0.003186926626148612 -5.523142474607857E-4 -0.0024670950022949623 -8.311318270267218E-5 -2.1719892282289353E-4 
0.0 0.0010063904507956693 0.0011809039351697633 -4.978396533397949E-4 4.6517436662809805E-4 0.003187647614904451 -5.447507468478513E-4 -0.0024406963852707415 -4.4744515874884966E-4 -7.239608146309487E-5 
0.057918407903393566 0.0013146835792484728 0.0012968361759708967 -6.554978514739722E-4 6.206289438767169E-4 0.0031887413930891287 -3.6970962515590146E-4 -0.002441993379853991 -4.8839255534166267E-5 -9.327557280722939E-5 
0.28701200115582093 0.001323620109831756 0.001351298298987204 -5.906055075048681E-4 5.658553849263955E-4 0.003185594134825985 -4.607833713516991E-4 -0.002443165178479758 -4.3061150920287226E-4 -7.578198109321608E-5 
0.9124441584438631 0.0012498398713756606 0.001289087933354703 -5.280350036202962E-4 4.0288661103284973E-4 0.003168185273669082 -3.71556702071433E-4 -0.0022642707332565706 1.4020829784990824E-4 -1.177401777734793E-4 
0.0011836671678611636 0.0013275409737891618 0.0012965395888602938 -5.902262582249715E-4 3.92460487424561E-4 0.003187130132754463 -2.650784789983464E-4 -0.0022035176184237036 -1.179946282195518E-4 -1.5148480923834838E-4 
0.15953729184693793 0.0013097116980823672 0.0012465429111315094 -5.339239557952967E-4 6.195446347301484E-4 0.0031888268087961074 -2.1840606356766617E-4 -0.0022537414840312505 -3.828666826885096E-4 2.695721540264088E-4 
0.0695443654709869 0.001327222876070915 0.001297891868883398 -5.399225355194891E-4 3.9110519624483775E-4 0.0031857444509039825 -4.988506414440636E-4 -0.002202299958444984 -8.88128509116512E-5 -1.5053861063632045E-4 
0.3256289318998026 0.0013096900413270532 0.001286382029804902 -5.328148498470342E-4 6.40931233334431E-4 0.003165918136898657 -2.6823322400623575E-4 -0.002415506622666122 -3.715229556128074E-4 2.695721540264088E-4 
0.9646345252165378 0.0013082513920426423 0.001166484438531321 -2.575195295655412E-4 5.679374092019011E-4 0.0031875365001948 -4.18791207469264E-4 -0.002413446772562694 -5.0507503300148204E-5 -1.520950918051904E-4 
0.6794864497335797 0.0013195711458912512 0.0012946731905520237 -6.113673385854342E-4 4.561374893204146E-4 0.0031930083326366255 -2.5283190338243637E-4 -0.002255841550208231 -4.1455309178581074E-4 -1.1026111967759782E-4 
0.02450226066516159 0.0010063904507956693 0.0012930739450539022 -4.978396533397949E-4 6.213009427130819E-4 0.003187647614904451 -5.447507468478513E-4 -0.0024406963852707415 -4.318505770128696E-4 -7.239608146309487E-5 
0.768018408253912 0.001329342248983457 0.0011844296654988668 -4.900854180953069E-4 4.5147511254755034E-4 0.0031664088229792883 -2.2016336606462973E-4 -0.0022558001321936224 2.5151817892944163E-4 -1.4903079928186013E-4 
0.8404332601401554 0.0012935283549531783 0.001289182002443604 -2.7805392109167174E-4 4.3899242127834004E-4 0.003186374932839748 -4.185013670033819E-4 -0.00245151044692576 -4.5621687782753507E-4 -1.235755038201214E-4 
0.017341767101285682 0.0010063904507956693 0.0011663381003270048 -4.978396533397949E-4 4.6517436662809805E-4 0.003187647614904451 -3.7973795405819E-4 -0.0024406963852707415 -4.068878071661484E-4 -7.239608146309487E-5 
0.7050754028700045 0.001261002790688555 0.001289546049201479 -6.622384468433102E-4 5.687721723942874E-4 0.003166309293718713 -3.626321222996201E-4 -0.0022349158770226126 -1.2514252292946467E-4 -1.5102351213877195E-4 
0.5141733895925864 0.0012548073974532775 0.0012939942952553969 -4.924658206920926E-4 4.3288919856088404E-4 0.0031682635767493264 -4.963245527890205E-4 -0.002245808972431842 -1.4227618820460323E-4 -1.2261831211841592E-4 
0.7241855712446978 0.0012602356134457187 0.0013576585380983522 -6.632618808141489E-4 5.689741151433175E-4 0.003164999639080184 -4.695562845558859E-4 -0.0022325621354077146 -3.589512433473743E-4 -9.440564948746488E-5 
0.011455647654414536 0.0012546127934415807 0.0012610515983465483 -5.895375829802323E-4 4.322547454262859E-4 0.003192795619929071 -4.6506836857785645E-4 -0.002247519239539982 0.0025984867796678794 -1.639653795481734E-4 
0.5516766515576415 0.0012542623319987873 0.0012946731905520237 -5.940524123740078E-4 4.561374893204146E-4 0.003192356632394662 -5.607706416509664E-4 -0.002255841550208231 -4.1229298743161627E-4 -1.1026111967759782E-4 
0.7529554582698461 0.0012514376844482557 0.0013136568341024135 -4.964286763030603E-4 4.950113793056399E-4 0.003187294551443513 -2.172528942094067E-4 -0.0023924176157941114 -1.6451487377785513E-4 2.4483681514614634E-4 
0.1129885104844105 0.0013146966068390696 0.0012901525311894816 -2.7779594682559244E-4 6.204854927234446E-4 0.0031855637439945138 -4.1776131745240854E-4 -0.0024388982045918167 -3.127339279406365E-4 -9.320826756926589E-5 
0.26397899827666677 0.0013097366734160156 0.0012833260383545903 -5.131285110863665E-4 5.969331247153354E-4 0.0031876716994047503 -5.806683609671083E-4 -0.002446314045077818 -1.4085887564837298E-5 -1.0362959947890432E-4 
0.7374369950790229 0.0013179972218947094 0.001288966993874609 -6.128117103215831E-4 5.961874446737646E-4 0.00316753192973682 -4.647736406274721E-4 -0.0024419237286264096 -1.4834983606486858E-4 -1.1779953958198169E-4 
0.3114432609941186 0.0013152595208768866 0.00128962973266093 -6.548695344489583E-4 6.421590727645639E-4 0.0031860696661076904 -2.1808577794449062E-4 -0.0024162596193894595 0.002319533168232411 2.4427740240861256E-4 
0.26701983419255176 0.0013175598433615304 0.0012900821929184379 -5.278543301691239E-4 5.961973990474977E-4 0.0031686830709897725 -4.515470796491757E-4 -0.002441980170348903 -4.096940679261753E-4 -9.385587759069947E-5 
0.9396864744454625 0.0013075616701181678 0.0013183306715527378 -5.417294237023539E-4 6.380090443374863E-4 -0.001280118584961687 -3.6625093894497953E-4 -0.0024449324183434882 0.0022062300769107035 -1.516884202663896E-4 
0.12663357571204398 0.0012540347087580815 0.0011837169113188247 -5.876825462477718E-4 4.5147511254755034E-4 0.0031930657638290297 -5.564517302168759E-4 -0.002272022009652348 6.337721251155597E-5 -1.117303327473848E-4 
0.30167174964525567 0.0010036177440208034 0.0012863810310646147 -5.328148498470342E-4 6.40979679507849E-4 0.0031652423987280306 -4.689265107366208E-4 -0.0024850161401868912 -4.339854282046112E-4 2.6706207547203675E-4 
0.8585259611268574 0.0012935283549531783 0.0011646988312222308 -2.7829942141156523E-4 4.389359737255554E-4 0.0031863814312884675 -4.1705233044738913E-4 -0.002431482458246169 -2.031249436654812E-4 -1.235755038201214E-4 
0.09772104493992301 0.0013152595208768866 0.0012663795299458222 -6.548695344489583E-4 3.965223547964856E-4 0.0031860696661076904 -2.1808577794449062E-4 -0.002439335200740087 0.0023470807753391684 2.4427740240861256E-4 
0.935443753328601 0.0013075392096493854 0.0012943031346264002 -5.395467432560668E-4 5.245927230118556E-4 0.0031868716732935277 -4.986287687114801E-4 -0.0024368571169765545 1.3886222483203568E-4 -1.5439173647292613E-4 
0.3399157127344707 0.001326202137765231 0.0012942152772562026 -4.859389406786181E-4 6.121350958451769E-4 0.0031873782044572036 -4.619153338605532E-4 -0.0024712434026872895 -7.150584642825022E-5 -1.2213263221453845E-4 
0.13361796262103015 0.0013189476739394106 0.0012943031346264002 -5.395467432560668E-4 5.245927230118556E-4 0.003186480313905205 -4.966593800714604E-4 -0.0024708999981708623 -1.5189789687179307E-4 -1.5435340868799485E-4 
0.6916830553864013 0.001329342248983457 0.0011844296654988668 -4.900854180953069E-4 4.5147511254755034E-4 0.0031664088229792883 -2.2016336606462973E-4 -0.0022558001321936224 2.5151817892944163E-4 -1.4903079928186013E-4 
0.39591724883136653 0.0012515013807683029 0.0013140081734578375 -6.644643771594929E-4 4.949943284826631E-4 0.0031853159469387685 -2.2332956994614172E-4 -0.0023924176157941114 -1.6451487377785513E-4 2.4483681514614634E-4 
0.04667734497453485 0.0013176760895812403 0.0012661128358305211 -5.910119103820679E-4 4.3833045090827807E-4 0.003187889155827898 -4.779512855612649E-4 -0.002247299145995636 0.0022434229205674596 -1.3802275136898004E-4 
0.5930697007510437 0.0013179748657789689 0.001288966993874609 -6.128117103215831E-4 5.961874446737646E-4 0.00316753192973682 -2.4169455495921203E-4 -0.0024419237286264096 -8.001763828411864E-5 -1.1826080653469046E-4 
0.7870489827841958 0.0012924989618351972 0.0012901525230369932 -3.1411570177081427E-4 5.244836034363436E-4 0.003186475171833177 -4.1483795853480696E-4 -0.0022323896755033442 -3.8701097892391634E-4 -9.715935836686356E-5 
0.5361344367524057 0.0013184166164868637 0.0012948095030072282 -2.5528235461575713E-4 4.2096834371592527E-4 0.003167013192870395 -4.0870288909904557E-4 -0.002204367319291634 -7.345502474689889E-5 -1.5050660539168875E-4 
0.37937848052395284 9.900889997998352E-4 0.0013485611212814966 -4.8695459039112054E-4 6.199127817152724E-4 0.0031876233022909337 -4.6192424796411154E-4 -0.0024406963852707415 -7.29753621018894E-5 -1.222846971946353E-4 
0.005361599764848644 0.0013194253245463587 0.0012875177146943883 -5.407420216282282E-4 6.395837070681929E-4 0.003186484935837934 -3.666709327614468E-4 -0.002451835209589586 -4.179903765432255E-5 -1.5050660539168875E-4 
0.5289509402140598 0.0013275462521978429 0.0012948095030072282 -5.902532454488272E-4 3.918227409254306E-4 0.0031881529639642306 -4.0870288909904557E-4 -0.002204367319291634 -7.345502474689889E-5 -1.511626963880985E-4 
0.45570509079418137 0.0013150950509184583 0.0012776283153165943 -6.546115290786394E-4 3.9347653826466285E-4 0.0031860696661076904 -2.1808577794449062E-4 -0.0024392896537698047 -1.544519935742629E-4 2.4427740240861256E-4 
0.8932952572953368 0.001318036988787894 0.001289087933354703 -5.91041962508661E-4 5.969402031416176E-4 0.0031686936079837885 -3.71556702071433E-4 -0.0024381209394055588 -4.0982055068239777E-4 -1.1858417547562852E-4 
0.014000662122174906 0.0012546127934415807 0.001261042652858027 -5.895375829802323E-4 4.322547454262859E-4 0.003192795619929071 -4.6506836857785645E-4 -0.002247519239539982 0.0025984867796678794 -1.4989539384331705E-4 
0.16975733110308971 0.0013077060633116622 0.0012461695962893372 -5.746782212580827E-4 6.187098113205741E-4 0.0031864836430735145 -4.1378379031222997E-4 -0.0024297607845250946 -4.636363386213943E-4 -1.2376726663745907E-4 
0.6577645654030694 0.0012584986953420745 0.0013576585380983522 -5.292304218078921E-4 5.988391110467632E-4 0.0031687502493136974 -4.695562845558859E-4 -0.0022500599843762034 -3.9931851930374135E-4 -9.436548146091398E-5 
0.6333909356048789 0.0013142071453786108 0.0014145044564360188 -5.911567817882168E-4 5.479194612615596E-4 0.0031873437873848926 -2.1582493895942224E-4 -0.0024041391240241113 0.0026324799120423467 2.5429480906271533E-4 
0.8932952572953368 0.001318036988787894 0.001289087933354703 -5.91041962508661E-4 5.969402031416176E-4 0.0031686936079837885 -3.71556702071433E-4 -0.0024381209394055588 -4.0982055068239777E-4 -1.1858417547562852E-4 
0.14440427917992973 0.0013124947506963046 0.0012946258778322197 -5.740480960318978E-4 4.5649211516541856E-4 0.0031683272790189875 -4.142642746790325E-4 -0.0024297607845250946 -4.6145900306391474E-4 -1.2367011775803204E-4 
0.577701189309891 0.0013126338817396074 0.0012946731905520237 -5.95891657302566E-4 4.561374893204146E-4 0.003909228138643611 -5.607706416509664E-4 -0.0024296969548649435 -4.1229298743161627E-4 -1.10432834348316E-4 
0.645389787826308 0.0013097116980823672 0.0011725078899283395 -4.888480293919391E-4 6.195446347301484E-4 0.003166244575993928 -2.1857018928330373E-4 -0.0022513924441677395 -3.828666826885096E-4 2.695721540264088E-4 
0.41130872090393006 0.0012583527522390598 0.0013601269686526018 -5.288479043788491E-4 5.989192934001981E-4 0.0031843981471751854 -5.760936295292299E-4 -0.002415723579944363 2.478830188491556E-4 -1.085866665057105E-4 
0.48453287764574615 0.0013074296320653175 0.0012939942952553969 -4.953820980985576E-4 5.704161074356219E-4 0.0031876230602587378 -4.956638055690226E-4 -0.0021879405757698708 -1.3808444032167586E-4 -1.2284888529489826E-4 
0.8681738940294752 0.0010046607841160099 0.0013489707967694806 -4.978396533397949E-4 5.675375305125968E-4 0.00318756643376053 -4.607833713516991E-4 -0.0024406963852707415 -4.343151434732743E-4 -7.316059834386901E-5 
0.14440427917992973 0.0013124947506963046 0.0012946258778322197 -5.740480960318978E-4 4.5649211516541856E-4 0.0031683272790189875 -4.142642746790325E-4 -0.0024297607845250946 -4.6145900306391474E-4 -1.2367011775803204E-4 
0.3904804425137598 0.0012546127934415807 0.0012605165626123755 -5.895375829802323E-4 4.322547454262859E-4 0.003192795619929071 -4.6506836857785645E-4 -0.002247519239539982 0.0025984867796678794 -1.5095847257059678E-4 
0.24354387197148086 0.0013077015488891007 0.0012942152772562026 -5.410697222510314E-4 6.192888194284996E-4 0.0031864836430735145 -4.943593947439187E-4 -0.0024708999981708623 -1.5139501557417075E-4 -1.2306291031116126E-4 
0.24354387197148086 0.0013077015488891007 0.0012942152772562026 -5.410697222510314E-4 6.192888194284996E-4 0.0031864836430735145 -4.943593947439187E-4 -0.0024708999981708623 -1.5139501557417075E-4 -1.2306291031116126E-4 
0.48453287764574615 0.0013074296320653175 0.0012939942952553969 -4.953820980985576E-4 5.704161074356219E-4 0.0031876230602587378 -4.956638055690226E-4 -0.0021879405757698708 -1.3808444032167586E-4 -1.2284888529489826E-4 
0.6112606529831326 0.0012603231029016467 0.001305756565209544 -5.338808241816189E-4 6.382938777010223E-4 0.003164968676961677 -4.6999471573889117E-4 -0.0024381834832059 0.0021310316096029417 -1.516884202663896E-4 
0.0034250134335389038 0.0013193549591354104 0.0012884286296250983 -2.5838079457123536E-4 6.187232540768961E-4 0.003187395389157953 -3.702735500211316E-4 -0.0024714556105215595 -2.0654355337784117E-4 -1.5172562330290364E-4 
0.5836159730044043 0.001317496711918557 0.0013184896101347825 -6.128117103215831E-4 5.961874446737646E-4 -9.753555730480689E-4 -2.3608932050345414E-4 -0.0024419784635902 -3.636035032004296E-4 -1.4812139294368912E-4 
0.23445557872424308 0.0013188210387087998 0.001259488040877193 -4.953820980985576E-4 5.670772886476028E-4 0.0031857525531738757 -4.884628137281054E-4 -0.0024450380097154807 -8.99050313564883E-5 -1.227091505944315E-4 
0.07835438073226286 0.0013049440409935247 0.0011809039351697633 -4.978396533397949E-4 4.6517436662809805E-4 0.003187647614904451 -5.447507468478513E-4 -0.0024297421732073494 -4.4744515874884966E-4 -7.239608146309487E-5 
0.23445557872424308 0.0013188210387087998 0.001259488040877193 -4.953820980985576E-4 5.670772886476028E-4 0.0031857525531738757 -4.884628137281054E-4 -0.0024450380097154807 -8.99050313564883E-5 -1.227091505944315E-4 
0.037680998539648736 0.0012547272485651123 0.0011837169113188247 -5.876825462477718E-4 4.5147511254755034E-4 0.0031930657638290297 -5.564517302168759E-4 -0.002272022009652348 -8.466322501745076E-5 -2.1912959694512553E-4 
0.43170472250482816 0.0013179972218947094 0.001288966993874609 -6.128117103215831E-4 5.961874446737646E-4 0.00316753192973682 -2.4169455495921203E-4 -0.0024419237286264096 -1.4834983606486858E-4 -1.1831956921031411E-4 
0.5661634353251989 0.001319073122268593 0.0012893802763900575 -5.288206008953767E-4 6.137104625130477E-4 0.0031857310206724826 -2.4817254898651224E-4 -0.0024514793554382165 -1.3395203136538764E-4 -1.216458470172554E-4 
0.4643965393800605 0.0013196649996154652 0.0013186650829708278 -2.7319217816828715E-4 4.36911450287705E-4 0.0031856188251759084 -4.8634095778329694E-4 -0.0024726756734786137 8.405775178528638E-5 -2.1895714225434045E-4 
0.3678333840291862 0.0013075216200101735 0.001314447022933243 -2.9960601844104893E-4 7.655371731553507E-4 0.0031855653010635595 -4.8211734094557267E-4 -0.0021747949030868252 -1.1801750958945534E-4 -1.5073646836244312E-4 
0.1791470932948635 0.0013119554668222513 0.0012968361759708967 -5.401034055489071E-4 6.213655223659346E-4 0.003187659879862016 -3.6970962515590146E-4 -0.002444653138356476 -4.6716116503101935E-4 -1.2200846595358748E-4 
0.3678333840291862 0.0013075216200101735 0.001314447022933243 -2.9960601844104893E-4 7.655371731553507E-4 0.0031855653010635595 -4.8211734094557267E-4 -0.0021747949030868252 -1.1801750958945534E-4 -1.5073646836244312E-4 
0.04048887440524232 0.0013127268573351833 0.0012933295094476995 -4.889578850803076E-4 5.959846825137729E-4 0.003185952110338591 -2.4260887341082994E-4 -0.002449918394187814 2.5282785701192145E-4 -2.145282352213796E-4 
0.43170472250482816 0.0013179972218947094 0.001288966993874609 -6.128117103215831E-4 5.961874446737646E-4 0.00316753192973682 -2.4169455495921203E-4 -0.0024419237286264096 -1.4834983606486858E-4 -1.1831956921031411E-4 
0.4986502510828561 0.0013074296320653175 0.0012939942952553969 -4.953820980985576E-4 5.704161074356219E-4 0.0031876230602587378 -4.956638055690226E-4 -0.0021879405757698708 -1.3808444032167586E-4 -1.2284888529489826E-4 
0.4986502510828561 0.0013074296320653175 0.0012939942952553969 -4.953820980985576E-4 5.704161074356219E-4 0.0031876230602587378 -4.956638055690226E-4 -0.0021879405757698708 -1.3808444032167586E-4 -1.2284888529489826E-4 
0.206943499254152 0.0013041008216421515 0.0012818872953545373 -4.898663657606023E-4 5.652635126866448E-4 0.003187603704874081 -4.956638055690226E-4 -0.0025529335150837797 6.385343887167828E-5 -1.2284888529489826E-4 
0.1874574555606107 0.0010063904507956693 0.0011809039351697633 -5.400582817302874E-4 6.244132125873868E-4 0.003187647614904451 -5.447507468478513E-4 -0.0024406963852707415 -4.4744515874884966E-4 -1.2225542270640893E-4 
0.206943499254152 0.0013041008216421515 0.0012818872953545373 -4.898663657606023E-4 5.652635126866448E-4 0.003187603704874081 -4.956638055690226E-4 -0.0025529335150837797 6.385343887167828E-5 -1.2284888529489826E-4 
0.6333909356048789 0.0013142071453786108 0.0014145044564360188 -5.911567817882168E-4 5.479194612615596E-4 0.0031873437873848926 -2.1582493895942224E-4 -0.0024041391240241113 0.0026324799120423467 2.5429480906271533E-4 
0.08769543454942287 0.0013139513834277748 0.0012932745137507154 -5.395467432560668E-4 5.245927230118556E-4 0.003187672337213738 -5.052227884999497E-4 -0.0024708999981708623 -1.519533197368841E-4 -1.5435340868799485E-4 
0.4643965393800605 0.0013196649996154652 0.0013186650829708278 -2.7319217816828715E-4 4.36911450287705E-4 0.0031856188251759084 -4.8634095778329694E-4 -0.0024726756734786137 8.405775178528638E-5 -2.1895714225434045E-4 
0.809754483612424 0.0013180208486828174 0.0012764318998667603 -2.5459337008434447E-4 4.2044599075506607E-4 0.003166629891860034 -2.428378745742777E-4 -0.002417527504104151 -4.318544826721683E-4 -1.2526072421174724E-4 
0.9926550566677872 0.001293748075133301 0.001185194867993661 -2.7805392109167174E-4 4.366693492282355E-4 0.003186926626148612 -5.523142474607857E-4 -0.0024670950022949623 6.492725482633456E-5 -1.0979965862515279E-4 
0.09771507994761937 0.0013152595208768866 0.0012663795299458222 -6.548695344489583E-4 3.932060904839491E-4 0.0031860696661076904 -2.135190193063322E-4 -0.002470597580954692 0.0023470807753391684 2.4427740240861256E-4 
0.8681738940294752 0.0010046607841160099 0.0013489707967694806 -4.978396533397949E-4 5.675375305125968E-4 0.00318756643376053 -4.607833713516991E-4 -0.0024406963852707415 -4.343151434732743E-4 -7.316059834386901E-5 
0.4433260749851486 0.0013096952334288128 0.0013601352626750893 -5.206458982255362E-4 4.0013777765370744E-4 0.0031848364351995022 -5.815022119687764E-4 -0.002476063455671191 -1.1967641073145844E-5 -1.0818665335147664E-4 
0.6117164843693588 0.0012603231029016467 0.001305756565209544 -2.978278762179548E-4 6.382938777010223E-4 0.0031649699668979173 -4.812589720997847E-4 -0.0024381834832059 0.0021310316096029417 -1.516884202663896E-4 
0.809754483612424 0.0013180208486828174 0.0012764318998667603 -2.5459337008434447E-4 4.2044599075506607E-4 0.003166629891860034 -2.428378745742777E-4 -0.002417527504104151 -4.318544826721683E-4 -1.2526072421174724E-4 
0.8223421017753931 0.0012935283549531783 0.0012867884992920073 -2.7805392109167174E-4 4.3899242127834004E-4 0.003186923328086856 -4.185013670033819E-4 -0.0024672038218679134 -7.212779699486554E-5 -1.235755038201214E-4 
0.21620575073757578 0.0012546108512014656 0.001260085308920258 -4.90003431641615E-4 4.5133892863681563E-4 0.003192356632394662 -5.582216470923047E-4 -0.002255841550208231 6.337721251155597E-5 -1.1012138497713104E-4 
0.21620575073757578 0.0012546108512014656 0.001260085308920258 -4.90003431641615E-4 4.5133892863681563E-4 0.003192356632394662 -5.582216470923047E-4 -0.002255841550208231 6.337721251155597E-5 -1.1012138497713104E-4 
0.9775363388370998 0.0013097366734160156 0.0012833260383545903 -5.131285110863665E-4 5.969331247153354E-4 0.003187650870460089 -5.806683609671083E-4 -0.002446314045077818 -1.4085887564837298E-5 -1.0362959947890432E-4 
0.34968332786278356 0.0013152595208768866 0.0013577710938301286 -6.548695344489583E-4 6.421590727645639E-4 0.0031860696661076904 -2.1808577794449062E-4 -0.002237425485815592 0.002337112478008098 2.4427740240861256E-4 
0.1903892085918933 0.0013189547054142197 0.0012893932676278815 -5.920377310480294E-4 6.137104625130477E-4 0.0031857651854976677 -2.4817254898651224E-4 -0.0024134672947609278 -1.334210063199352E-4 -1.0817338726767437E-4 
0.030158129268197567 0.0012419086993067136 0.0012944351457265984 -5.381576832446925E-4 5.949989806674536E-4 0.003185952110338591 -2.4260887341082994E-4 -0.0024702758618994243 2.5282785701192145E-4 -2.145282352213796E-4 
