0.9999637212952311 -2.576222264671416E-4 2.5201860049926633E-5 0.001074528177747755 0.0023670039912047254 0.0023717339238295103 -0.002128424218572132 -0.0016114606002068006 8.617767841329117E-4 -4.273474053128495E-4 
1.4025778700092048E-18 -1.0300546147104395E-4 -2.088189045405284E-6 9.128718891863589E-4 0.002050317888864304 0.0031363603901333774 -0.0025438509964061124 -0.0018009725242181976 0.0018139315530290353 -4.1199689164966917E-4 
0.3674963392202649 -2.118697225260619E-4 7.694713827593677E-5 0.0016927210804951371 0.002366918469486165 0.0031874548774834146 -0.0026045940779901044 -5.134465430364262E-4 0.0012708516996514506 4.465177107209776E-5 
0.4001821353521842 -1.0181072684220969E-4 -6.930327338994856E-5 0.0017723194545772507 0.0023615939028837707 0.003657957550161319 -0.0021404906810572008 -0.0013384330352084227 0.0017792492682043813 -4.3906404829088553E-4 
0.06415818502481196 -1.9927134414417594E-4 4.4896067184010645E-5 9.40284158951529E-4 0.0020788964607828414 0.0024021524730854556 -0.0024404333952732986 -0.0014853126562381265 8.599967413320088E-4 -5.418730115952222E-4 
0.07765052902003222 -2.5762674145560997E-4 4.874481991879796E-5 9.107007727985284E-4 0.0022220473832404177 0.003173614185541099 0.002268852417635108 -0.00134765119898734 0.0013926805417597077 4.8505929232009384E-5 
0.19007648573035094 -1.8428617440085653E-4 -5.106226737125694E-6 9.782192583761085E-4 0.0022897399047622662 0.0023368318567885842 -0.0024180331617303964 -0.0013519756454396538 9.503104713400147E-4 -1.3367164509191362E-4 
0.01823907803595959 -1.0226593198795408E-4 -4.796193449090489E-5 9.128718891863589E-4 0.002050317888864304 0.003134628038648782 -0.0026228264942476966 -0.0018202283250568644 -1.2519475855342333E-5 -4.1199689164966917E-4 
0.04623044483382778 -9.954409416685972E-5 1.042873067145375E-5 0.0017113672458528649 0.002014111745004902 0.003153498193814961 -0.002614141908619647 -0.0013294528453613556 7.601053954336958E-4 -2.8281519381656074E-4 
0.3418461140444412 -2.000536399872845E-4 2.6603253439760304E-5 0.0016934342789507945 0.002013375378093435 5.320427198958286E-4 -0.002451677490946055 -0.0013232762161923747 8.735624124058346E-4 -1.2490799264337998E-4 
0.7404494935012849 -1.721073415412255E-4 -5.10230458253731E-6 9.07524494047501E-4 0.002301991720661564 0.0024435415886931823 -0.0024529729422912098 -0.001470688789249079 7.709957498319397E-4 -4.181304832003199E-4 
0.46972785990241495 2.9793239603253483E-4 -2.216863226224016E-5 0.0016928094626565582 0.003060254323108954 0.0031442433350984938 -0.0024508976335590655 -0.0015463499811845683 0.0013530277563638172 5.1567642787215696E-5 
0.689438739303527 -9.473152860375998E-5 -1.2911917544917658E-5 0.001749340641651057 0.00272696661437359 1.3311122096608288E-4 -0.002457982193440079 -0.0013419499560242804 7.711488118987467E-4 -2.80710006316098E-4 
0.9012391525955297 -1.0238572948111305E-4 4.3721804830657764E-5 9.073795892331816E-4 0.002362135945021538 0.0031616284465768854 -0.0025228591880203533 -0.0013819433565875098 7.602909739730628E-4 5.244046588245537E-5 
0.6756363634013786 -3.026201611188667E-4 -4.0760261761843635E-5 0.0010683915154658709 0.0029469972110388767 0.00240004137686677 -0.002607258790845021 -0.0016354626889481137 0.0013866143523258568 5.642407340079121E-5 
0.0908389668921517 -1.9492094440344668E-4 1.3397350885757303E-5 0.0017112780081074146 0.0023026309124518957 0.00318532889140621 -0.0024488848830696622 -0.0013222579035264035 -1.9656222374067844E-4 -1.4365823751140934E-4 
0.8038491904121259 -6.149300788825572E-5 7.43926433737715E-5 0.0017549632594344871 0.0023668147506184954 0.0037169312628796765 -0.002595944901577021 -0.001331853468121202 -1.778932227174849E-4 6.729455009749151E-5 
0.20026403126782283 -1.8708148458997453E-4 2.7772108522424463E-5 0.0010727810512492432 0.002453594764593589 2.4285643999057724E-4 -0.002451677490946055 -0.0016208452638815437 8.660897081415716E-4 -4.432292885013907E-4 
0.5155378575913809 -1.8554048127068147E-4 -7.38722328065969E-6 9.393144422004368E-4 0.0023624602263429065 0.0031684795718726895 -0.002136075852893103 -0.0013500083593970533 0.0013284138444564098 -5.107439774278937E-4 
0.5854824310754436 -2.616374813732687E-4 -5.2595524963746105E-6 8.922079802712957E-4 0.002054168999982681 0.0024203638021196095 -0.0024598075117647756 -0.0014685405355093926 0.001343208252534695 -4.4844780450917015E-4 
0.2450947317837649 -9.390466713030861E-5 4.4894348570303E-5 0.0017618782816433167 0.0020944338588779203 0.0036858341480686986 -0.002458125713157906 -0.0013408487540446119 7.717470213206845E-4 -5.694910935142909E-4 
0.1746079088560616 2.8136600476060924E-4 -3.6896133327318702E-6 0.0016987633004520487 0.0023104903486086273 0.003173922143592215 -0.0025468724191744924 -0.0016161803582387677 0.0019419963138163788 1.6856691076972064E-4 
0.5659145116634317 -1.022654037774337E-4 -5.10230458253731E-6 9.072127748541771E-4 0.002303707994830304 0.0031682692226576983 -0.002451525528320689 -0.0018134229886310191 9.86574501955395E-4 2.1862166609847434E-5 
7.874951933840579E-4 -1.0226592790188659E-4 1.0219308993842805E-6 9.072127748541771E-4 0.002303707994830304 0.0031682692226576983 -0.002451525528320689 -0.0018130646478467288 0.0018370174404989021 2.0465009182172358E-5 
0.09608796055554542 -1.0768888146702606E-4 3.405731117243349E-6 9.105390370406239E-4 0.002273031413172182 0.0031687638255674323 -0.002608464027511552 -0.0013317011108219948 0.001473462446874938 4.546701996471089E-5 
0.5034476860906338 -6.600210609576939E-5 2.2889953694542972E-5 8.880284186204934E-4 0.0022758351720666625 0.002483159256191548 -0.0024227712490523276 -0.0013398216102895378 0.0013941164853931729 6.250554048915357E-5 
0.43703125843349955 -1.8427883605198525E-4 -1.0059055283544089E-4 0.0016992806969648967 0.0020668757379818208 0.002312143291384891 -0.0021261465873525847 -0.0013743282143334288 9.480256800117318E-4 2.3272213715110906E-5 
0.6122256866381137 -1.0894620725988636E-4 4.468364610940389E-5 0.0010034452428996552 0.002272844959493576 0.0031675303875043866 -0.0024026922519127 -0.001517348869860022 0.0013313785490011699 -4.395378327232359E-4 
0.2904270264902076 -1.4058841926913764E-4 3.3540367381861224E-6 0.00168264772609486 0.0020904477436639573 0.003148543312856757 -0.0024508486211815405 -0.0016305996639472053 0.002025266168930491 -4.1199689164966917E-4 
0.3048233485563388 -1.4149575102589886E-4 2.7772108522424463E-5 0.001070936538621941 0.0020827583705327443 2.122616284562476E-4 -0.002451677490946055 -0.0013233995572576199 8.660897081415716E-4 -4.432292885013907E-4 
0.41293711656695764 -6.320655534448683E-5 -5.010050018316323E-5 0.0015756499198159519 0.0023711793625682993 0.0037168460478422256 -0.002591274410028476 -0.001351759906607995 0.0013314831329000868 4.5654784465543936E-5 
0.7264587477254107 -1.9365030887978662E-4 -2.1073739959287088E-5 0.001648784079467296 0.002200712159230638 0.003217852149964231 0.00227561946145817 -0.0016342810867090414 0.0013618563257265458 3.679349396442997E-5 
0.10791460907889827 -1.9694652120609416E-4 4.4896067184010645E-5 9.56400311050988E-4 0.00230921181092831 0.0024204544424135605 -0.0025493361576808334 -0.0014853126562381265 0.0020742057008452694 -5.418730115952222E-4 
0.5564844036680205 -9.642997688043177E-5 1.042873067145375E-5 8.232876251317143E-4 0.002286809656805994 0.003153498193814961 -0.0026140625525825287 -0.0013294528453613556 7.601053954336958E-4 -4.4087015409352776E-4 
0.002151158822307337 -6.196186953002453E-5 -5.010050018316323E-5 0.0015756499198159519 0.0023711793625682993 0.0037168460478422256 -0.002591274410028476 -0.0013797624799985462 0.0013314831329000868 6.002016029343151E-5 
0.013050239122014473 -1.426336022382459E-4 -6.874822627536716E-5 0.001642535541711952 0.002189658038489488 0.003210876959780969 0.0021160743736591513 -0.001635709573696998 7.960621200120517E-4 1.1575548210793348E-4 
0.7889997767117526 -6.196186953002453E-5 -4.9008674940854646E-5 0.0017154542679982255 0.0024476774231632385 0.0037168460478422256 -0.0020986134959724905 -0.0016224038108019155 -1.8606583360229376E-4 7.743729745908241E-5 
0.5291306888976505 -6.555403130405225E-5 -2.3296424030791913E-5 0.0016366131517074527 0.002082506827404158 1.5425559797959125E-4 -0.002205332672620997 -0.0015256703394366353 7.927218522927515E-4 -4.4648074832625445E-4 
0.2717786610357027 -1.928629544677689E-4 -2.8369650270014077E-5 9.472355115929713E-4 0.001999456895250163 0.0031400465166761585 -0.002414190449193211 -0.0013044614938584006 7.555005541225282E-4 -4.2430689359911663E-4 
0.540641921104417 -1.9221827768166E-4 -8.675112718887454E-5 0.001709454398905885 0.0020158608832032575 0.00317178186357635 -0.0024508974937375205 -0.001352229798327186 0.0013729472912544125 -5.051922843127205E-4 
0.9521378001339165 -9.616604514874093E-5 -6.776297047954867E-5 0.0017679780356441902 0.002365285998378961 0.003657957550161319 -0.0026152079299577562 -0.0013384330352084227 -1.871707833422208E-4 -4.458780389184204E-4 
0.8580425799001647 -1.7238308491912983E-4 -9.935835300447443E-5 0.0017583689663374022 0.0023603387878394512 0.0023717339238295103 -0.002128424218572132 -0.001352153660673843 -2.927040636221894E-4 -2.8836011631775565E-4 
0.12701135727144416 -1.9304420603177743E-4 -1.5329096534085269E-6 0.001697248707603294 0.002306232132274631 0.003173922143592215 -0.0025469044685605844 -0.0016213284938950841 7.921849276409129E-4 1.8682810895674388E-4 
0.3360070833290758 -1.7641437016277178E-4 -3.1573098443623835E-6 0.0017069840946203768 0.0020031925218188347 0.0031683335358491244 -0.002414067536042131 -0.0016353449980816032 8.434457991254884E-4 8.987469374975804E-5 
0.8821019170281922 -8.30650999097317E-5 -7.725750642523102E-5 0.0016937983517644236 0.002317539248531392 0.0031978396961880387 -0.00254198327014735 -0.0013403129454010545 -4.28264814589037E-4 4.541140350584094E-5 
0.6461679948971746 -1.858365809478509E-4 2.4182864798590405E-5 0.0010421534871647804 0.0023671424276603065 0.003141063166468745 -0.002548848789195212 -0.001302623303334778 0.0020135597483185337 7.593097515577393E-5 
0.48696445221682116 -1.8445034604887706E-4 -1.0059055283544089E-4 0.0017078912111486442 0.0020668757379818208 0.0031682692226576983 -0.0021261465873525847 -0.0013743282143334288 9.875338613182221E-4 2.388744179509272E-5 
0.03436941505926559 -1.8466774738052193E-4 -4.28602776809854E-5 0.001757163150960997 0.0023670065124381696 0.0023829410054112257 -0.0026200679258853474 -0.0014685405355093926 7.474557439143634E-4 8.830045171109502E-5 
0.03436941505926559 -1.8466774738052193E-4 -4.28602776809854E-5 0.001757163150960997 0.0023670065124381696 0.0023829410054112257 -0.0026200679258853474 -0.0014685405355093926 7.474557439143634E-4 8.830045171109502E-5 
0.7079419635534786 -3.026201611188667E-4 4.519932764310035E-5 0.0010683915154658709 0.0029469972110388767 0.0023998286772483365 -0.002607382738182529 -0.001631234032530849 0.0013866143523258568 5.642407340079121E-5 
0.29223641164969316 -2.000536399872845E-4 2.6603253439760304E-5 0.0016934342789507945 0.002013375378093435 5.320427198958286E-4 -0.002451677490946055 -0.0013232762161923747 8.735624124058346E-4 -1.2490799264337998E-4 
0.6595159304833672 -1.928629544677689E-4 1.5109620756468874E-5 8.899664308435243E-4 0.001999456895250163 0.0031400191689093158 -0.002414190449193211 -0.0013057894297079208 7.555005541225282E-4 -4.2430689359911663E-4 
0.9735085424479112 -6.07500725170597E-5 -9.47105883631408E-5 0.0017673466379011 0.0022981577028433715 0.0037064076777240853 0.0022248050960358597 -0.0013420939289903095 0.001364321464630673 1.1593358695222812E-4 
0.009083263776490252 -1.0226593198795408E-4 -1.2150625505461612E-6 9.128718891863589E-4 0.002050317888864304 0.003134628038648782 -0.0026228264942476966 -0.0018202283250568644 0.0018740466998512693 -4.1199689164966917E-4 
0.13748303533086853 -1.9492094440344668E-4 1.3397350885757303E-5 0.0017112780081074146 0.0023026309124518957 0.00318532889140621 -0.0024488848830696622 -0.0013222579035264035 -1.9656222374067844E-4 -1.4365823751140934E-4 
0.147921459291814 -1.960322325461901E-4 -5.81804230620806E-4 0.0017567429283863033 0.0020133940047442223 0.0024044823369406584 -0.0021926779450784388 -0.0013255250171856179 7.783743135271468E-4 5.2260783311037945E-5 
0.582928646984239 -2.616374813732687E-4 -3.989956701573899E-6 8.922079802712957E-4 0.002366538594229948 0.0024203638021196095 -0.0024603176268331423 -0.0014685405355093926 0.001343208252534695 -4.256344474180224E-4 
0.024996313636673193 -1.0685852307594017E-4 -5.106226737125694E-6 9.238720170378504E-4 0.002272272826514592 0.002359397547657837 -0.0026083447793961083 -0.001477775104403625 9.510815481500817E-4 -4.201544988687384E-4 
0.8329913819650969 -1.914219998963979E-4 -9.857077976253641E-5 0.0016870091090046375 0.0022807413608219263 0.003143600906601889 0.0022571218573068925 -0.0013383418777303576 -1.6813412691267873E-4 5.534695334400238E-5 
0.933356496119317 -1.946046421406211E-4 2.7772108522424463E-5 0.0010766132933774332 0.002453594764593589 4.0047336785373915E-4 -0.002455847944567015 -0.0016208452638815437 8.23570475872476E-4 -4.4443579842541733E-4 
0.2280953578692389 -1.7267475343211365E-4 -1.750035636184743E-5 0.0017583112776504608 0.002309413545422305 0.002441426598669536 -0.0025486740136489057 -0.00147385095146539 8.042810201700138E-4 -2.848053287506487E-4 
0.005029124508507938 -1.9927134414417594E-4 4.4337248482792786E-5 9.40284158951529E-4 0.0020788964607828414 0.003173298331970363 -0.0026094459917190586 -0.0013350278110069867 9.507535313579108E-4 -5.447513319678337E-4 
0.9239873003618696 -1.945717741116005E-4 4.0702249428715716E-5 0.0016972993982122479 0.0023098321667932562 0.003173924517513087 -0.002541621719981381 -0.0013155740772702814 0.002188163095150622 1.6268710924345332E-4 
0.3244884098706049 -1.0226592790188659E-4 1.0219308993842805E-6 9.072127748541771E-4 0.002303707994830304 0.0031856001635571654 -0.002451525528320689 -0.0018130646478467288 -2.401758487356675E-4 2.0465009182172358E-5 
0.2717786610357027 -1.928629544677689E-4 -2.8369650270014077E-5 9.472355115929713E-4 0.001999456895250163 0.0031400465166761585 -0.002414190449193211 -0.0013044614938584006 7.555005541225282E-4 -4.2430689359911663E-4 
0.003967695441433307 -1.9927134414417594E-4 4.4337248482792786E-5 9.40284158951529E-4 0.0020788964607828414 0.003173298331970363 -0.0024405977381238343 -0.001338957801493618 8.529031400708877E-4 -5.427318979117202E-4 
0.024996313636673193 -1.0685852307594017E-4 -5.106226737125694E-6 9.238720170378504E-4 0.002272272826514592 0.002359397547657837 -0.0026083447793961083 -0.001477775104403625 9.510815481500817E-4 -4.201544988687384E-4 
0.4572569996448303 -1.9286139159303513E-4 2.9942684226028953E-5 0.0016983055909272477 0.0023765532949066477 0.003210836120878655 -0.002612473757477015 -0.0014837023275513523 0.0020608159734529824 5.199798346600297E-5 
0.3180189096225773 -1.9996234032478084E-4 -2.937852759887778E-5 0.0016934342789507945 0.002013375378093435 0.0031743808741947436 -0.002451677490946055 -0.0013232762161923747 8.735624124058346E-4 -1.2490799264337998E-4 
0.22656042662546122 -1.7267475343211365E-4 3.316475408392084E-5 0.0017593174703654606 0.002309413545422305 0.002441334807727527 -0.002613037044496805 -0.00147389538456632 7.750714678252494E-4 -2.848053287506487E-4 
0.42480951980811743 -9.742800981887636E-5 -6.720061582454237E-5 0.0017679780356441902 0.0023615939028837707 0.003657957550161319 -0.0026151779916146786 -0.0013382487678399104 0.0014159520556091187 -4.201152906060092E-4 
0.8157149795262324 -6.78481177382822E-5 -9.67881045319766E-5 8.848736985612616E-4 0.0024452785930300686 2.4285643999057724E-4 -0.002451677490946055 -0.0013627845679126118 0.001370727939311975 -4.442112163613866E-4 
0.48872147349525286 -6.380596383511569E-5 -5.009445839111205E-6 0.0017091003555190656 0.002362155870016793 0.0023599581600400356 -0.002457931733869794 -0.0013518467575485645 8.006944381127404E-4 -4.3160020395288163E-4 
0.2521929874821679 -2.5512574686663774E-4 1.8711754446795243E-5 0.0017113676089533505 0.002355747764541968 0.0031696173831283004 -0.002455860828956767 -0.001328645167864061 0.0013629345922996504 -5.652803512901786E-4 
0.840972052440313 -1.9201448603784241E-4 -9.857077976253641E-5 0.0016870091090046375 0.0022891146626765452 0.003143600906601889 -0.0025997987585449824 -0.0013383418777303576 -1.6813412691267873E-4 5.534695334400238E-5 
0.6305568219646674 -9.234239553304057E-5 -5.16214090437741E-6 0.0016988392184023586 0.0023113797285209342 0.003174886297432786 -0.0026485563365567597 -0.0016213471892180644 7.97985405390285E-4 1.4511431155080003E-4 
0.7151282572628377 -1.9304420603177743E-4 -1.3917554256976641E-6 0.001697248707603294 0.002306232132274631 0.002396078399540788 -0.0026054715562620176 -0.0016174953567870375 0.002020187335864566 6.199972286035802E-5 
0.052596491080258045 -1.0768888146702606E-4 3.405731117243349E-6 9.105390370406239E-4 0.002273031413172182 0.0031687638255674323 -0.002608464027511552 -0.0013317011108219948 0.001473462446874938 4.546701996471089E-5 
0.7621197627940162 -1.806779701740713E-4 1.5182726859610049E-6 9.115036993612323E-4 0.003026168888948933 0.0037090300728282 -0.0026188656474686045 -0.0013429575981571604 7.796146804514001E-4 -1.1564674858319392E-4 
0.2136981656423438 -2.5762674145560997E-4 3.6029507842504855E-5 8.888964316631036E-4 0.0020742999196513624 0.003173614185541099 -0.002418043331293111 -0.0013482332293763431 0.0013989023578140655 3.7733954364835775E-5 
0.2521929874821679 -2.5512574686663774E-4 1.8711754446795243E-5 0.0017113676089533505 0.002355747764541968 0.0031696173831283004 -0.002455860828956767 -0.001328645167864061 0.0013629345922996504 -5.652803512901786E-4 
0.6275290334825567 -1.858365809478509E-4 2.4173566159505745E-5 0.001003208794090737 0.002057202708436452 0.003168483416333189 -0.002407900383085827 -0.001302623303334778 0.0019301450994882099 7.593097515577393E-5 
0.13427316110115345 -1.9492094440344668E-4 1.3397350885757303E-5 0.0017112780081074146 0.0023026309124518957 0.00318532889140621 -0.0024488848830696622 -0.0013222579035264035 -1.9656222374067844E-4 -1.4365823751140934E-4 
0.11122563013766273 -1.952800690866741E-4 4.36042289554859E-5 8.866208250597734E-4 0.002366893625929715 0.0023717339238295103 -0.002128424218572132 -0.0013521593952269056 0.001366415015303315 -4.2832933317284546E-4 
0.15299238561144182 -1.9995746813395517E-4 -5.901045128919037E-4 0.0017131925298516579 0.002368193059876815 0.0031394232568959426 -0.0021926779450784388 -0.0013053766451337726 0.0012836576929367315 -3.8968613743595594E-4 
0.1578392382061284 -1.8428617440085653E-4 3.0087159426073666E-5 0.0010212373036384813 0.0022897399047622662 2.2505747587728275E-4 -0.0026011120161447956 -0.0013244119789539812 8.75271683849279E-4 -1.315570158235819E-4 
0.010491186213543113 -1.0781280769703171E-4 4.468364610940389E-5 0.001697461620614714 0.002272844959493576 0.0031675303875043866 -0.0023967116643703076 -0.0015153259080491661 8.699653292662711E-4 -4.3981928888991615E-4 
0.6139795037421242 -1.9547105032830195E-4 7.841000090796443E-5 0.001768207427260557 0.0022209569663672693 0.003149007392697514 0.0022667538607578476 -0.0013399896451725432 0.0013550438569351808 -5.11324809093319E-4 
0.7752194694607111 -1.806779701740713E-4 4.0779650092849084E-5 9.115036993612323E-4 0.003026168888948933 0.0037188559013731047 -0.002618649335443906 -0.0013429575981571604 0.0019380668066676285 -1.1564674858319392E-4 
0.7768649163089638 -6.196186953002453E-5 -4.9008674940854646E-5 0.0017154542679982255 0.0023758670635673136 0.0037168460478422256 -0.0020986134959724905 -0.0014557744491698475 7.764408209861022E-4 7.776194064867546E-5 
0.6533866273930813 -1.858365809478509E-4 2.3123475861682817E-5 0.0010421534871647804 0.00205477283341304 0.0031410072849993656 -0.002548306624740753 -0.001302623303334778 0.0019353687262703462 5.311761806462616E-5 
0.8509824795887985 -2.5747130139961447E-4 -9.935835300447443E-5 0.0018299096737248955 0.0023603387878394512 0.0023717339238295103 -0.002128424218572132 -0.001352153660673843 -2.927040636221894E-4 -4.2832933317284546E-4 
0.973909620492491 -2.624731365365165E-4 -4.740378524214935E-6 8.866208250597734E-4 0.0020669937402295214 0.0031452380797450555 -0.002119234875415429 -0.0013521593952269056 0.0013611913885211786 -4.2832933317284546E-4 
0.2136981656423438 -2.5762674145560997E-4 3.6029507842504855E-5 8.888964316631036E-4 0.0020742999196513624 0.003173614185541099 -0.002418043331293111 -0.0013482332293763431 0.0013989023578140655 3.7733954364835775E-5 
0.16987132799611304 3.0746153399314053E-4 -3.4967548410150875E-6 0.0010337808267096933 0.0022857991037613084 0.003175279501425541 -0.002545750538340488 -0.0013476876106826264 0.0019530162650278943 6.906367411419024E-5 
0.9878393365540367 -2.5928867858656166E-4 -9.806651477594968E-5 9.56400311050988E-4 0.0023093221762033205 0.0024204544424135605 -0.0025493361576808334 -0.0014853126562381265 0.0020742057008452694 -5.418730115952222E-4 
0.4587919308882399 -1.9190731140556315E-4 3.0333918559096145E-6 0.0016938667154273892 0.0023765532949066477 0.003210927911820664 -0.0025488753470027576 -0.0014836578944504224 0.00209171403530986 5.199798346600297E-5 
0.11983321251065693 -3.026201611188667E-4 4.507072782943883E-5 0.0010683915154658709 0.0029469972110388767 0.0031776724212997636 -0.002548815650481096 -0.001631234032530849 0.0013866143523258568 1.8125245949717706E-4 
0.0519870808331771 -1.0768888146702606E-4 3.405731117243349E-6 9.768720747133934E-4 0.0022735793312693947 0.0031687638255674323 -0.0026159610856560205 -0.0013317011108219948 0.001473462446874938 4.271476406859272E-5 
0.7621197627940162 -1.806779701740713E-4 1.5182726859610049E-6 9.115036993612323E-4 0.003026168888948933 0.0037090300728282 -0.0026188656474686045 -0.0013429575981571604 7.796146804514001E-4 -1.1564674858319392E-4 
