1.5405789646788843 0.0 0.0 
0.0 1.5115665768308801 0.0 
2.5493707955179354E-8 0.0 3.2560113731389326 
0.0 0.0028445748565079374 15.31567369548924 
0.5994845303654661 1.286590811048773 0.0 
3.0827300056924954E-17 8.406809145425253E-16 1.5732096428847084 
0.009590729067688894 1.114433175293707 3.2468858551483703E-4 
1.3878365044965664 0.12963354379123887 0.0 
1.5145353948305955 0.004573134404661899 0.0 
1.2081444266474064 0.3300713337000542 0.0 
0.3392586483545757 1.4175544011894385 0.0 
0.0916540828632862 0.9089120276639374 0.044136701174024 
0.0 1.3709790220944909 0.018145368321616416 
1.1755036798824257 3.9175860011428585E-5 1.9861711372476604E-4 
0.10455332461718231 0.8465450424191983 0.07748863807631 
0.04362629047340967 0.9485757798985839 0.04928026541930537 
0.02979740771708594 1.481917968766438 0.0 
0.0 1.3204072361644175 0.06269921400205342 
0.028799555916474068 0.9821988661249912 0.002286496600000531 
0.7955768187630617 0.19556697608775245 0.027073211528559283 
1.288753347345656 0.22864519294244423 3.459939558228911E-8 
0.022483256547296448 1.0435161299395368 6.31204351438347E-8 
0.009393242344471458 1.0914854145468182 0.006829363268302411 
1.0186875384041996 0.021777794678355666 0.0029518449832750164 
0.30224572976879654 0.6946569271298491 0.04869165345141599 
0.4103743092107417 0.1559963339396563 0.4459097004160756 
0.9800851945606136 0.023291376638304828 0.011367797492870042 
0.6598163151167105 0.05053768406448024 0.3692549453064178 
1.1116258159780246 0.005937269003783134 0.0017791347806455327 
0.05153013466232283 0.4698338666360308 0.607482981156247 
0.7667454329976708 0.2671968696559494 0.03556946759384573 
1.322561738671223 0.18915313865474137 0.0 
1.342743907375193 8.9956037733523E-12 0.0036935727844271443 
3.5263935762071063E-4 1.0274814390942448 0.013603729616902085 
0.9296896874601692 0.08766121890004074 0.05510687589066915 
0.5769770971664825 0.22285082370824041 0.252551728526546 
0.6993107149648392 0.4013526738737434 0.012765875459543954 
0.8189050161100554 0.2853735378568943 0.006335635930035584 
0.27236610350787926 0.5427442192473728 0.23205703358885058 
0.39267832313682705 0.02877673712146394 0.6011223325420365 
1.0650171652503793 0.0 0.05030645621381297 
0.0833977670004848 0.8257341134545352 0.13432960582901593 
0.673335948233173 0.26934490727287236 0.09813689014411184 
0.03136302501518728 0.4916233856766308 0.6093733803639851 
0.2518403772324327 0.0382673281202655 0.7404231072428773 
0.6312357926402865 0.139064955109859 0.24842399803898865 
0.007099401909225582 0.24212263986397858 0.9613869098996934 
0.8762159244501508 0.11628464826422567 0.10587543063342379 
0.12429324653569976 0.8092709824266874 0.09718781244472481 
0.11431665958661918 0.43360483414686035 0.5185516313093306 
0.229992423852647 0.3858715804289043 0.40154700578946034 
1.0490733785078163 0.011729406575880735 0.0016887736859872895 
0.2628962459943972 0.5649199453591911 0.18809474746878432 
0.9496427749358702 0.4151489746727572 4.6609235939824503E-4 
0.15569508591429143 0.060830551145042745 0.8352588384456342 
0.28409357962625437 0.7530844400465606 0.00987133455649695 
0.2607168438070621 0.5110650091655436 0.24890165833200362 
0.43504888843010164 0.0029775449013825918 0.6375795609275476 
0.15020585927196028 0.6300847442409415 0.24477587878913717 
1.3073026667671637E-16 4.160216437627955E-20 1.1901437447476508 
0.3539092228033473 0.6450245089175639 0.018397639551033965 
0.14201410063590345 0.5957218893556466 0.2811682068754927 
0.8576101099763761 0.020673412733812374 0.16580988439525077 
0.5453140711823724 0.0999234235434696 0.47133907289757493 
0.7234595961214939 0.18377485000594498 0.10447415223278876 
0.30271655834186184 0.5294382731315252 0.21766049408190474 
0.36803688457521405 0.12825417569422143 0.5699218270708762 
1.1081266236021978 3.697913631461387E-5 0.001813809067016482 
0.18091403968560404 0.7904906518623142 0.07632361335627551 
0.134242384604911 0.5800948998857247 0.3617982023325903 
0.5127940388214789 0.11605511998433983 0.418565394717499 
0.45707338255643787 0.16372602094530544 0.3931523043186604 
0.007204861643693703 0.7303139460158788 0.3067764875162614 
0.4565709103614681 0.16696604450668523 0.4385710610113278 
0.7111552105470481 0.30317280656657053 0.050379207419770956 
0.6306987412758662 0.23062207509436788 0.1775040835640529 
0.48715864752476945 0.0033341925141704416 0.585112435413389 
0.20579339192516474 0.4100847072677712 0.4015561957557906 
0.3144298096688711 0.6591374195249304 0.04524800499432872 
0.6032832299237519 0.013500750586058659 0.4290191229215642 
0.006397133678508835 0.37474497999623263 0.6692896712258544 
0.7208473450584212 0.07038114366765989 0.288366502277337 
0.8381925617737792 0.0 0.19546368360388805 
0.23081052355610648 0.46013589135116423 0.32778932562728874 
0.1967390195781648 0.34408810457412214 0.5180096126812365 
0.31815101482341257 0.11958609130408421 0.6371584239877524 
0.5424226000047611 0.011824798595314346 0.5094494201003122 
0.029230078218235176 0.2226655922769549 0.7767029275191614 
0.004968698515533725 0.3515763139785535 0.688747846176711 
0.112568588449835 0.4548514519239581 0.4499823935563099 
0.9568542600233877 0.09022258918725536 0.02560613868960955 
0.004506934524642866 0.611393902014353 0.40157102064110045 
0.10108900945214035 0.6792058756285657 0.24477722190991447 
0.18472975001626654 0.7749058382732511 0.08849139761493377 
1.288867300378637 0.22866541000978763 0.0 
0.7456888718960931 0.28775504999049983 0.03187324429762758 
0.13099921992980287 0.7722725964437553 0.13346374674397146 
0.3616184916076775 0.6714982954072851 0.009832681803047664 
0.17465197104897945 0.7326314901626165 0.1362954369496828 
0.7586239584223328 0.10799694351830075 0.15685956667067025 
