0.560831621704649 0.0 0.0 
7.144363116454678E-7 1.155756464032929 0.0 
0.0 0.0 0.5201778444761658 
7.562853613746652E-4 1.0545474047626902 0.0 
0.009182096127616978 0.5624677147214889 0.0 
0.5226949711431061 0.021053797970141164 1.764909609934274E-6 
0.5548519273290887 4.64286625557278E-6 0.0024544500321130695 
0.02437061299184392 0.10642672461988677 0.40792986131115255 
0.27929449493801356 0.04134950723531722 0.200862253743417 
0.16690666653165695 0.2680429781240272 0.08831019301726672 
0.209406210441842 1.002397089827145E-4 0.3201167378182831 
0.290259454076611 0.04337886622418013 0.18745551672731656 
0.498095915449055 0.016890320523929105 0.029217336542238268 
0.00988354186672652 0.022985782449862144 0.4998995459748777 
0.1343409634780787 0.3256010677357798 0.06093977150613792 
0.08686520733777742 0.2351604249798218 0.2132170795058918 
0.0228856061501764 0.12275698961192258 0.3717755166622954 
0.25102269918303893 0.0383918507705128 0.23125632483705527 
0.030125111884412175 0.17122092792958893 0.3521910499379527 
0.013156810636382856 0.46152599812946205 0.048469851942957914 
0.3704400959901063 0.02156206682904437 0.14251040445129978 
0.3881639266957147 0.005401264430211445 0.1364084616858394 
0.2327684365960831 0.0015026056045893737 0.2993419843561277 
0.2654983263227679 0.017436355657846892 0.23795075287259804 
0.4759951097646943 0.007283554810710744 0.0327677068335015 
0.34434232812270776 0.08477657789200524 0.1054324776473496 
0.07857860498342789 0.019071470774340033 0.43714506929252467 
0.20149590048685462 1.172810064150217E-4 0.3283206366397847 
0.09923322871067061 0.1816846180666943 0.25372229790203377 
0.24167977398816232 0.03673023246974737 0.24470038548520556 
0.3312334701026496 0.09464851381707143 0.09696296868288651 
0.014964726523374931 0.2205758457470493 0.3091860784890281 
0.0066172058147151765 0.23212407648546413 0.2843430987678821 
0.07420514940887366 0.0011785609837627693 0.4510273214431238 
0.01129946886140466 0.08645926273705086 0.43359627810600354 
0.3383404713483336 0.08199960452787793 0.11023378496856213 
0.07604902585315201 0.42695814573544216 0.020087848310216948 
0.12214418437499247 0.28126774288886774 0.11716390592851089 
0.2188969176304389 0.3129889051588866 0.002099778141715846 
0.00218421402303923 0.5004116497401575 0.01415526795595369 
0.3801946827097898 4.731569021165684E-4 0.16091487383994235 
0.0498628222741922 0.20898098303665302 0.2599169040995362 
0.17917169918310127 0.3633400863411471 0.002141727303226616 
0.006285705392785805 0.07421003554583432 0.45966829215492805 
0.0340546389927411 0.0033335154889455525 0.4809310224512705 
0.06631852103495961 0.3376985037292414 0.11655876472504013 
0.15338408100940085 0.3747635341860499 0.0 
0.05212352625927517 0.41752768964666603 0.06742426341220818 
0.5013196681706689 9.367208406184495E-4 0.01454309621586066 
0.11252058982556461 0.3502430201151141 0.06762604556542358 
0.19361781800119765 0.0015004372667583876 0.340195595117998 
0.03409834267378691 0.22068008032323716 0.2720499468411148 
0.14613558623794035 0.3146593526381478 0.06329443501950907 
0.4256702434701093 0.04327809539090563 0.05082029406157496 
1.54976281219209E-14 0.5415326568984411 6.129278170946753E-12 
0.03815455825783932 0.2997276555739833 0.18351722665868783 
0.00850413095276657 0.5125820476981586 0.0014362433621574445 
0.03485531744702373 0.3971796720564104 0.0899406863773246 
0.01662092606809988 0.43367078417402266 0.08210261691377096 
0.04605157127735109 0.18573596122766323 0.29008324138167535 
0.31871972082389705 0.014853867829771515 0.18712827331509524 
0.4382094294630857 0.04618559715921156 0.03931597544960497 
0.4552739955420466 0.021217952057162134 0.04405423111451193 
0.05945936139912771 0.14249443322622918 0.34818960443173297 
0.4002854240463105 0.005489355032198471 0.12583101114199238 
0.3271197121057029 0.13290905343325232 0.07161957859633807 
0.1037940610358797 0.3849424619740697 0.03434403390192027 
0.2680318440539149 9.112221928589109E-4 0.26676282341817603 
0.36377512040289994 0.14471466832919375 0.014723301759842116 
0.10227535427069992 0.2062255640788769 0.22505414891714495 
0.07192571397759463 0.3060288938597897 0.17882906744342944 
0.3334422822908043 0.030430083326306718 0.17270513282099523 
0.008682226164274097 5.154172141456318E-4 0.5116144051487992 
0.40841411220199775 0.06042660827140025 0.05326269668682615 
0.30207178635761184 0.0634913895199093 0.17396485708551096 
0.41928214055657737 0.10353607683894343 0.029661677810082984 
0.44787904682877 0.03457306632295426 0.05659438849670781 
0.12078188859387716 0.011634018165523877 0.4014767837571227 
0.16689589262541654 0.06662738956167635 0.301698167747704 
0.3056299921272307 0.03336208769167406 0.1841200388801488 
0.05612549187639529 0.16116165570432564 0.3333203290164544 
0.029330708707601422 0.11829710092811191 0.3826883453253609 
0.04412220747006362 0.3376064463722657 0.15166366234733275 
0.3811628592786226 0.005832456091272627 0.13121395929901694 
0.09621495607207385 0.0318577691087439 0.40217686057441987 
0.35338520905755816 0.030042720632185327 0.15343260658237734 
0.35713464933842287 0.014747790535230334 0.15764945510735204 
3.57065150872522E-5 0.4490786660366601 0.0726428206517281 
0.44389516665103984 0.06357058456858294 0.011159840471834036 
0.24002470800623568 1.1435742044701416E-4 0.2922849020139708 
0.10886470368814233 0.19979904569585713 0.2257804916445422 
0.4001963650698499 0.1631435527640086 2.5717910320398704E-4 
0.031775622519077694 0.11299496267548063 0.37359019176528874 
3.5106944510637256E-5 0.4415379034031988 0.08067975501418699 
0.27427021590240347 0.04572335158166142 0.22756680200496546 
0.012133879044149863 0.04397509178831207 0.46657864972493146 
0.4617277879520939 0.026875615054682892 0.040708691698736865 
0.30305498921236146 0.01763980735618528 0.213876629074746 
0.4197100610174224 0.05051352199618079 0.05348741905829903 
0.14178326625930607 0.02601100113298051 0.349117476174108 
