0.0 0.0 0.5148134549282641 
9.348746934074913E-14 0.5561046883466207 0.0 
0.5232266465763686 0.0 0.0 
0.05037723372301348 7.532619061020108E-4 0.4651556066698192 
0.17720265414139397 0.02056718856274904 0.32340477644802146 
0.008315312963524403 0.30160881847833276 0.21422469522102705 
0.15720440580346284 0.2718911144674891 0.08606996866117095 
0.0689506783091747 0.33043917651001087 0.11506481792578235 
0.04242131320616966 0.021818184024382656 0.4487489167166602 
0.012202769519814773 0.27932148405077906 0.2209005911881022 
0.08005808347020002 0.35277489452217803 0.11218536157000794 
9.535434630298732E-4 0.1562112926213626 0.3999312276092033 
0.025511531592639962 0.41958023707885167 0.07680162239359484 
0.3123239830267927 0.007409040576521399 0.1931300350797739 
0.2473267119861847 0.24329365582186882 0.023623374592701165 
0.03706195500943549 0.0028907438395682286 0.4906884583923586 
0.3637911615500939 0.059370183844834695 0.09043151176447711 
0.08079514719821775 0.3872025999000464 0.06123117157851834 
0.018748611238389355 0.32141626615604785 0.18718915959466514 
0.1048262409846362 0.04034113350977598 0.3813971150818185 
0.13682839972153646 0.12074721940353765 0.254497254953021 
0.2905442879116591 0.15021448426370052 0.12299118566759165 
0.04436817128057152 0.5236684853709663 0.0 
0.16251953423720078 0.13132389445219345 0.2333928492789513 
0.39842952270095866 0.051153166575858326 0.07255632383124089 
0.35087338403560736 0.0033031612288063734 0.1621332780417239 
0.18932555678261775 0.19337887095411121 0.1374954182241598 
0.152115845216352 0.11506198793390779 0.2595220106891464 
9.09686741472415E-14 0.5411217839427256 0.01491337181101428 
0.01110213652219941 0.363215808006025 0.14187091909226768 
0.34451619064652833 0.17770305883163365 0.009668453441968317 
0.10871479214109223 0.10544040169156263 0.3049837364883617 
0.13877148941285453 0.16250546660860254 0.241477515228116 
0.21388526277973596 3.9589577857017145E-6 0.3533656385668005 
0.21998733097811354 0.027682709862234867 0.28471868998947586 
0.23631669859801924 0.12073327061195117 0.15565797200695689 
0.3286550651798727 0.09739134841072392 0.0854583647081466 
0.002477754871574848 0.4470902496315572 0.10246371008012409 
0.058238517776222166 0.1829376468402825 0.2772534030087286 
0.3048134820184615 0.1758983189100605 0.04151828998936325 
0.05149178795298265 0.43088279537949475 0.04166190177901202 
0.005059168472899733 0.46823662774524577 0.04035236364447709 
0.20906149145635203 0.20362417263367247 0.09905490395098317 
0.03330352031662526 0.15960376457740733 0.3363216337827499 
0.27261701694958856 0.23707619769460533 0.026171767112745044 
0.032798920092919244 0.4778971314141443 7.43930968794667E-4 
0.2689448201358727 0.07969723109782866 0.1683282257928165 
0.12109889775916068 0.08677739451451381 0.30966033363854334 
0.22800601689927025 0.21757936575604248 0.07271177242703468 
0.02313081112695887 0.369758124389695 0.1411544382278983 
0.005242356142178457 0.4388995290919573 0.12393522379596007 
0.31983696071080775 0.10870300904595998 0.08595853376360936 
0.40948178666926205 0.01656462692133454 0.0854583647081466 
0.4423877687036575 0.055669079638241595 0.03327783145626824 
0.09648398446249332 0.39405598298027206 0.022980080736817322 
0.0675906306403513 0.03476329953455528 0.4106422016374529 
0.37139365372273636 0.12406900201811523 0.03330420076749273 
0.4327982711978307 0.0688870174756437 0.018056504043191004 
0.4718106467286772 0.008195146434386362 0.03657210828871177 
0.040996615905500425 0.40587271292835775 0.10935304565693041 
0.4635840336189194 0.01136947268317165 0.040648610981017866 
0.384367154917567 0.04207396152523958 0.08553753603601023 
0.039817013421263224 0.0016061683985224317 0.4876217062807522 
0.17418345528865437 0.14043109335372367 0.20671431088572445 
0.506809693946287 0.0 0.007734637519040031 
0.10666947455290002 0.10179150942759432 0.310044299389524 
0.12551412537576842 0.12224972545369904 0.26568459566828717 
0.48839160338692217 0.012059700345073796 0.028359376627429666 
7.3571725533791E-4 0.09246496669482915 0.4322502298897302 
0.2178705580790868 0.03626657078009568 0.2677392222658228 
0.05654424186155595 0.22851154393527645 0.23689740931263742 
0.4222821487591345 0.047947934751790815 0.050231775195996316 
0.08530937119411741 0.01020797243204301 0.4188313456734988 
0.4195451145300793 0.05115300773411982 0.045857754810898224 
0.26387311968645616 0.20948507355523543 0.04035768350449821 
0.19165752641442899 0.18676861652291535 0.13648188503258438 
0.25200905778590754 0.22499653869202008 0.04050850531158989 
0.2003629362748803 0.1033481375308267 0.22927766030890703 
0.4086567830181577 0.004479587498028526 0.10333593133337093 
0.17203762745836626 0.16837164041162367 0.17885895223399514 
0.4794274429934138 0.03068038534413298 0.015760635586503584 
0.003712999407283265 0.31085901971897484 0.22397162549424532 
0.06222912213865899 0.44286260488147583 0.02119192200976633 
2.0316590777895118E-4 0.18484305145935193 0.34116664732304736 
0.2784801956337963 0.07387222725538067 0.17011963413150685 
0.013737607916580635 0.5081934121912188 0.009811594804411886 
0.04106137531288924 0.31224088582312826 0.17057822650817248 
0.4499108261848715 0.06364264735193877 0.004728616529768916 
0.4250900796547506 0.08426337491390595 0.01889294433547386 
0.013266406337929606 0.4907623179615213 0.017578002598342853 
0.08403189560716018 0.0663695496643538 0.36323968013804414 
0.0068052164626787506 0.14623546271504756 0.369725950249558 
0.14626883458783627 0.1712850767514429 0.20825623124967646 
0.17062957426071185 0.33043348156373803 0.018581183761308944 
0.376998602076517 0.09441054496143088 0.05803862935540644 
0.4452428008726152 0.017993304949135418 0.05534130897718645 
0.06747574668301373 0.02886519076466128 0.42494670724741435 
0.023064459798709178 0.5001158724716468 3.8152902814910596E-5 
0.23719385173120275 0.18938215613569345 0.08556459318318513 
0.14311653214788675 0.09178812133986466 0.2984584830443316 
