0.9392918204668028 0.0 0.0 
0.0 0.0 0.5112932602348792 
7.927650930933256E-18 0.513031541279096 0.0 
0.915452593334998 0.0 0.009317024014520593 
0.5307924133417505 1.8754299191341966E-4 0.0014141365469193387 
0.11443045123962932 0.29166985855834593 0.1212307850430347 
0.027146570031482457 0.015718775913124365 0.4705557264262715 
0.007256326286018787 0.06198010064385752 0.4528903627683417 
0.04089500587210498 0.47707776237998 0.011007138299822021 
0.16424057784942164 0.3309598701867054 0.02318938067960984 
0.045882729264531116 0.2319344247988191 0.2626773679846233 
0.04257962334471077 0.11552541171222874 0.35702710945315985 
0.11070563432378301 0.2457573393964189 0.17693795870274262 
0.011307904190643626 0.39195328289027953 0.11288867853190135 
0.017123505810926625 0.012353694651064409 0.48481122612595845 
0.022013874363358225 0.05866217429752842 0.43477714302441295 
0.020055046433408424 9.494210704705103E-4 0.4965949459087822 
0.20550566572867893 0.19712978409553658 0.13972111088657233 
0.03572210225810613 0.08317258495669272 0.40438404542885126 
5.662255268745612E-5 0.492614865466861 0.025295079952223753 
0.07455800245468953 0.14145246196256892 0.32369201379459756 
0.08346223408456972 0.15834569199105542 0.2942465393507799 
0.35564895475821773 0.05697031929229535 0.09556673888312892 
0.15517767395728657 0.31269728529489166 0.04882356149179582 
1.2811569802792462E-4 0.2052812764189757 0.31255005679280645 
0.11215314540822505 0.06176793869416134 0.3348598179417168 
0.2258849878219085 0.02289941520118653 0.27382326233299414 
0.36768683555761594 0.007545150853620378 0.15196524996239646 
0.06932342232437552 0.0709865496000644 0.3918406234902196 
1.3989458179880886E-6 0.45915950471146816 0.054059883997935355 
0.44092332521116173 0.04644053007718002 0.05058302161687317 
0.04032169301672269 0.4469741186825082 0.028523064585203834 
0.08800793109795078 0.16696985053486044 0.2844952880493165 
0.09849309605908485 0.21312549731341468 0.2102787548309373 
0.05418595823784128 0.22290561560181837 0.23973862114586905 
0.08047376640482562 0.4067900280057261 0.05057263639546348 
0.047146290258081085 0.03447877800084994 0.44305190509064896 
0.010946587110361325 0.09693376386563418 0.41540696844774155 
0.30514279694319424 0.15133884470799616 0.05752127500279745 
0.13736799319841841 0.25722371790903814 0.13106590872418616 
0.07027086519092786 0.3084728038192976 0.14338143742548537 
0.012489764727171027 0.4203435266021055 0.07415533342424682 
0.05741586887802628 0.3380408538945366 0.13497200985805338 
0.39642009089597735 0.04075742961006214 0.08587782033695286 
0.47189853833621614 0.0245119270055107 0.02664066132230413 
0.2991127620020384 0.11593586928955478 0.10277560573847978 
0.4565890645865657 0.05077184628432142 8.24261678770219E-4 
0.4874795249788377 0.010003367535415012 0.030339456753228477 
0.41615902446029307 0.03549397671867929 0.08290286206477357 
0.07670785959730037 0.372686734399266 0.07134757179429942 
0.014714687397784091 0.5038821962181691 9.791798153502946E-4 
0.08494775577873512 0.4327772572771833 0.011492105189209907 
0.17488884000230934 0.03138911969865035 0.3131201917073633 
0.04035724778311522 0.3862939631929257 0.0965509971145594 
0.010137335747051477 0.43073615290592443 0.0784624627113428 
0.1293153809816943 0.2605823862972764 0.12905449471915786 
0.24299870970141796 0.11042234431458531 0.16521790231027458 
0.06310626785559591 0.23823823679441633 0.21560943416283476 
0.2756662706148347 0.00417434449282792 0.24826136044256947 
0.3363733477236051 0.1381458215557937 0.037745320583801915 
0.2537004927014576 0.11528539880842346 0.15400588227971243 
0.3331614837068759 0.10410708302872199 0.07251067085535876 
0.2217281173034932 0.08980000879854085 0.20321105397595984 
0.037364667389726554 0.18859009514154967 0.29264098735728516 
0.4076345131074717 0.037262955729505824 0.06321870676297064 
0.44941843028698547 0.026818528826252713 0.043564468849457465 
0.18892727304637885 0.28123636619863535 0.06648186341703297 
0.16780991931932254 0.1614751206241623 0.20177431771497353 
0.12126112067983015 0.06678412309234928 0.33299887754469165 
0.2883921814689917 0.13828010795694476 0.10835699379218779 
0.029776813559221953 0.07466574663351402 0.41080101702087235 
0.06260767478074682 0.3686080565670023 0.09904197456789923 
0.23035313304423882 0.09329314489163439 0.19227150805472026 
0.3130991271950842 0.15341340773027934 0.05709022548335059 
0.023720883521011957 0.4548041511855817 0.0443244987346112 
0.10844544236728587 0.2726939392679762 0.1442883851791833 
0.3445097217832379 0.00498834458305157 0.16510360391557682 
0.051774428925100285 0.10340702442835786 0.3660800810154634 
0.02869265922907395 0.2746421437782069 0.21703347573652895 
0.1262240434163692 0.011687204610921155 0.38514175915044097 
0.10268746863391023 0.20692469384781811 0.20892482474351998 
0.145198479446199 0.1254639287168901 0.24727386138287039 
0.2496636501175631 0.07801548385140208 0.18916946891563527 
0.09225411871323917 0.3512454984982101 0.06983259545432387 
0.1893115858951958 0.08602609102799497 0.2438048707377201 
0.10683658294935093 0.180398469795694 0.23035367540476395 
0.5148993134656988 0.0 0.020702408875195585 
0.14085394658153136 0.36125745734569853 0.015498724040541121 
0.3892758571408769 0.007988170317128599 0.12981348306523793 
0.14425286054391448 0.0029215862186335283 0.37587856041518325 
0.11848171961187451 0.17637140338350868 0.23432626354771574 
0.05700703926940737 0.0981475546857409 0.366016718477629 
0.08174174542616539 0.41319958536391815 0.023369162945778878 
0.2967223420530756 0.044850551712848366 0.18546710841266706 
0.20797212158966483 0.17856253718655274 0.12574948746235498 
0.15543180763919182 0.24381943113893967 0.12482940359831358 
0.15040758316156397 0.10410705237024556 0.2650995880658542 
0.3472208694115367 0.12682855648759514 0.038167102358626144 
0.29409922047073167 0.1302342723581545 0.08539732813749429 
0.09603163611891549 0.03889286515978108 0.37851420057387847 
