0.0 0.0 1.5192733361641615 
6.629450494267049E-17 2.120405364725297 0.0 
1.5568239141725222 0.0 0.0 
1.942635340434773E-5 1.6449131982452003 0.0 
0.04248529558075353 0.1446946285091521 0.8591647331652987 
1.2387853850879356 0.013155482309221367 0.25912274556774495 
0.4318262663388183 0.021406791995280165 1.0548509560880628 
0.7375326799570974 0.41348267878363826 0.3826627641573829 
0.20400163292927354 0.9196613497082256 0.40062815261849555 
0.44987025239527567 0.5029913859633918 0.05234267744514138 
0.28973017304729826 6.140465895003057E-6 1.2257111907312999 
0.033329674387730754 0.12353988893191621 1.3663057113054295 
0.0018084991441631546 1.5479861376399005 0.019198373710282178 
0.001188683027083743 1.3405243087824419 0.3927107046054067 
0.7047758573678274 1.067700343813933 0.0 
0.632449052771173 0.47779962927334635 0.21495188987005548 
0.7912068450293345 7.597748892448937E-6 0.7222978363942968 
0.22644405260052486 0.7706725889512741 0.19079738027590792 
0.22120153053918692 0.7759092010762529 0.19079624941485526 
0.10354158127777142 0.032027867117731215 1.2033519502479526 
0.5381840722734865 0.04142055174061083 0.4402951899998492 
1.3212175113577556 0.06600797123319194 0.0 
1.347540072142399 0.014310420346763953 0.14852173278139869 
0.86227237296899 0.01903517979033643 0.6810109635121946 
0.26875710784049545 0.30017356081303215 0.43872811200955075 
0.3955342762382079 0.6332617165854446 0.1627547908785914 
0.3468844190250529 1.217970011442435 0.0 
0.0023961935616784416 1.1077875222560483 0.4769060246457048 
0.6345524465046122 0.9597334187285076 6.224605886996671E-4 
0.30724774989529546 0.03229798109155205 0.7845439571619293 
1.1655302392671307 4.0033232911358576E-7 0.8450290611453914 
0.02916413431609004 0.4250044541341883 0.5515347332637677 
0.1621762733977828 4.0178710313996805E-4 1.373506357540205 
1.3948071971787477 0.014812381247101263 0.11059197147168286 
0.23596599834153834 1.286506000969161 0.0013444553902995508 
0.8277308654809379 0.19338139757465475 0.027852086095245088 
0.9235545460162804 0.0022812512910940063 0.5897826418547615 
0.6157419962363945 0.9328184758450934 0.032330506448814314 
0.8788693066770331 5.318251605832846E-4 0.6351588445349702 
0.5793767985592877 0.9469975967530263 0.010226735113781981 
1.0640143514483813 0.0034894637950444066 0.4407990078986785 
0.02700255941811505 0.37268502077399474 1.14796079970697 
0.01771661987358874 1.578051700618108 0.0 
0.3879867272561803 0.612746272138932 0.1860093015030677 
1.159734154752724 0.3933726512032816 0.0 
0.247665642181858 1.335945474652957 0.0 
0.8141635086397523 0.19513854839927697 0.02565475792568639 
0.9619088943173424 0.5534502960467627 5.300453250551049E-4 
0.017289430780687627 0.9931401579843662 0.028072755752634595 
1.0077819489149722 0.016292073106368297 0.162007778472025 
0.2766666133395136 1.2472429136448822 3.842412876264952E-4 
0.03973278436140908 0.3599288232019848 1.147886202543814 
0.9503712975319455 2.2585053518956236E-4 0.5813976399871562 
0.23070233186412195 0.25349266600609205 0.5214737733628226 
1.1195678106742553 0.01558860792372571 0.3836172537312064 
0.02157566832694486 1.0439658805841057 0.004429337068070403 
1.1994304471921642 0.37101228806400927 0.01769269106729329 
0.5681984167862131 0.0018188437765856431 1.0695622683982893 
0.3668590989138802 0.025328131568821657 1.0772401485570537 
0.13328340379269915 4.2358881091991187E-4 1.400346164358437 
0.024488820494080566 0.012023978002625215 1.4827605273516187 
0.030678416495899388 0.09609432895978662 1.4142663967804137 
0.28889531690983644 0.03221295216735959 0.8029833427982254 
1.4247898383853734 6.362570136979517E-4 0.07564708844105729 
1.0404695938157293 0.003412248126655726 0.4630139753389652 
0.880329719732259 0.10599437437936875 0.175730772976652 
1.41410852021265 0.009583436176279252 0.07866049959510549 
1.2247402042587825 0.2828889805719056 0.0013313480872135816 
0.009086655623087036 0.07379388072752112 1.4432353425743965 
0.9857664707616269 0.0032328477575598496 0.5281524333546814 
7.840673009278765E-5 1.1622642046458829 0.3928046154392804 
1.3948071971787477 0.014812381247101263 0.11059197147168286 
0.007001412316920718 0.07607753490166878 1.439102325434466 
0.0014338104684487527 1.1597607399167513 0.39241663718607955 
1.941623147451138E-5 1.6440561307537895 2.8575514582753527E-4 
0.9028714887879532 5.546863774715569E-4 0.6221304999243423 
0.010556318078739477 0.5660502182261952 0.44457995568957287 
0.9827315494529609 0.010525372384759122 0.5095799621395893 
0.953323648265471 0.5803258243034068 3.923762537754539E-4 
0.8227350701153544 0.00954097598263276 0.7069354113570822 
0.027693551540694715 0.1304627782975612 1.3775132164854471 
0.3884343480962479 0.014053495794030991 1.1167672518358782 
0.41673529505850887 0.014395587123929743 1.088009383851297 
0.40717453849478347 0.013497823286809579 1.099496542493261 
1.2139489923744984 4.169630363669954E-7 0.8028540795777623 
0.07502143559755348 0.03176970829996336 1.4078623891421054 
1.0476791225930846 0.011125998360107804 0.46140642894433936 
0.43799894621935564 0.033709949715852276 0.5478197858543637 
0.1278496492401737 5.194804070331659E-4 1.1394399279544694 
1.1227197797901363 0.012063372890379646 0.38349111142709447 
1.4454272690764836 0.0481792166243099 0.020764844365261655 
0.978715836538611 0.034450797175966275 0.03578632922206671 
1.5252079693850265 0.00410796296599442 0.0013504990894093378 
0.2331664709210321 0.2604225443596941 0.5140697653823522 
0.8020865850795154 1.69992143680396E-5 0.7117313438956997 
0.8962667222366806 0.0076065846933077 0.6109509097652432 
0.058315340290318055 0.03549885496398447 1.441484209869983 
5.972393333362546E-5 0.02402308003289032 1.495213249769184 
0.30548415991073913 0.03406267272294303 0.784546502593334 
1.4849211557063697 0.04749443989055826 3.920605727593333E-4 
