0.0 6.8711214642430125 0.0 
0.0 0.0 0.5033130520315172 
0.5352480514792752 0.0 0.0 
1.1546300076825596E-4 0.5236440766806656 0.0 
0.07659441150245146 0.13862618842077415 0.28748708528468886 
0.4303414254751434 0.002268656471948712 0.07777016474683852 
0.28634699338738906 0.1647522903782758 0.06283732014107414 
0.026224041263061784 0.004353436722969131 0.47154271444816537 
0.32569327860336644 0.0022256402424585017 0.17605697254300495 
0.1154044728530552 0.062299645119085686 0.3377554944157061 
0.251851589323961 0.001306208704839692 0.25021875918534014 
0.04142202366472452 0.0058424048737456226 0.45621584074207233 
0.08623888946419393 0.007345317955203489 0.41690232161945817 
0.5169045541929075 0.0 6.766756745482314E-6 
0.4222863505468047 0.035981831795649476 0.05847113846307138 
0.23037798431091022 0.08962848522050205 0.183415131601901 
0.45502538176335006 5.274113052464722E-6 0.04692522536030122 
0.12883048008720802 0.07125708347502324 0.31408738553506965 
0.10712403308687637 0.015129511193188963 0.38147926083321143 
0.03038313319082125 0.4093453986907352 0.08129011888435732 
0.4463904154558475 0.0010659092470254622 0.05418622080100409 
0.13857833530715824 0.06583759104080104 0.3058659892794377 
0.0865058558285261 0.014636490516038863 0.4020722302871177 
0.19468118626982356 0.12274671498835828 0.19228119066243596 
0.1237167736547062 0.0015103210493441397 0.37642179647177026 
0.27624020863203286 0.003318318467346048 0.223534247114019 
0.4998561708532592 7.474065134258943E-5 0.011503865776314674 
0.16124089160917798 0.0162508248680258 0.325893794557733 
0.02116467238895483 0.45058461587596216 0.11964037801230257 
0.47864071655610047 0.002284377685026537 0.022735870990550668 
0.24663992615535874 0.06045681903036 0.20994840359879263 
0.007022468270345131 0.05774052866879573 0.4406467352264657 
0.004998107698176391 0.039416827388514465 0.45897505041086856 
0.35216250628514567 0.04969292099451143 0.11012424999780562 
0.3392005011867602 0.0226398742235531 0.14084719546029426 
0.01379836847293417 2.1579409394422633E-5 0.48939718325405074 
0.13757242140892062 0.0011331463661262274 0.36298060995110987 
0.3688323781421108 0.01921477915230433 0.126085107960514 
0.30405777322627614 0.16457394787157142 0.03675160437794644 
0.06046245595088437 0.1328627815507389 0.30976314150699674 
0.3789110634250131 0.033152125445697685 0.09194601567093325 
0.1552652031805144 0.0011710782677405063 0.3479342107691654 
0.23933255559106212 0.0013664003574027556 0.26147911161091253 
0.1411302411366646 0.2756158868965037 0.09516106555422213 
0.26768594902163123 0.017841723645714336 0.21713307319660158 
0.43747907113801865 0.07350701903439272 0.0020449369401086856 
0.053239907873408834 0.39499718656012434 0.062438622307049295 
0.3842245086979479 6.41934128226143E-6 0.14680288683098816 
0.18678904274709263 0.11988332855861984 0.19672291172594725 
0.5075348444225222 2.8495995092714093E-6 0.0028756792112330895 
0.1974093342474652 0.3325519579591691 0.005830364771522702 
0.029836716485207432 0.20606581516542594 0.2674625932740813 
0.11021730574929471 6.00845464193293E-4 0.39247061358655877 
0.10161106648647264 0.05787524635270494 0.3547178689781013 
0.15748012646758872 0.19033117770377436 0.15405781704292987 
0.07259819938748117 4.763773989762478E-5 0.43006016633987776 
0.3209078939553038 0.004483420046295051 0.17784047879937404 
0.4043771683493507 0.0 0.11408057141410481 
0.29362634389314285 0.051146517672109496 0.16059365592060848 
0.21585824188890002 0.007752346452409821 0.279398418106564 
0.39958633618115247 0.0681390604599999 0.04208292695869459 
0.1506945689899927 0.09695619332350709 0.2569777295027611 
0.2606514355686197 0.12651845633987616 0.12580006502484384 
0.13211787452801418 0.0027160023958515216 0.36837604328026236 
0.24041740001400955 0.02124865399684558 0.242388581630027 
0.18060130915218464 0.10647001649405213 0.22954146064571063 
0.39320849180548517 0.0015305063005057844 0.10817406748884299 
0.019313121017386196 0.15073392865462001 0.33314716120441645 
0.02040134539655853 0.001803118781653698 0.48086765994825637 
0.2630923878801639 2.7678437862163835E-4 0.24107211735822204 
0.09034349279218656 0.17866145343983758 0.23315905159957043 
0.47352815055337516 0.00898930631098785 0.029219366748721345 
0.20384152942079917 6.544229623340461E-4 0.30598573162463494 
0.06907942027243971 0.0055132926619871495 0.4346382903721155 
0.046451953888320255 0.3446360414397224 0.12089556633059238 
0.17262986275286135 0.24368210668015156 0.08544902610748781 
0.09215236104009808 0.018590896810393255 0.39220537324635274 
0.367468898892422 0.031767191810171874 0.10507059679154389 
0.46654256427938984 4.634655045686572E-4 0.04549275943040726 
0.005432932789255119 4.887201159406218E-4 0.49738851277542984 
0.1426160033997255 0.31286308100566673 0.04643108704468905 
0.48630652728042906 0.0020865537265112714 0.016795008400696938 
0.21863563016065715 0.005179822896787271 0.27965439380985446 
0.22361636703344553 0.14558175100556495 0.13459836184208032 
0.36594592485411137 0.0030682289548254536 0.13453129410041095 
0.08881511491641 0.006019221074915423 0.41223014378863587 
0.015700821558400586 0.2178863230197925 0.2732771763110619 
0.1852079128599653 0.1167738050553202 0.2078093498319924 
0.09479739938616662 3.795534571846455E-5 0.41223457209577796 
0.16661320101432336 0.011066946499203584 0.3262397741147434 
0.06565973804085032 2.28367530977591E-5 0.44690353306872954 
0.04928931871587488 0.36066026798413314 0.09482722689071531 
0.20324983569636573 0.23710374874471718 0.08996174158782391 
0.15171192173664627 0.1856468026488688 0.16588149486850423 
0.2744974364306387 0.0014236596317868376 0.22745546115171542 
0.31528591598237643 0.03239179821321156 0.1570342649704175 
0.31095077086360406 0.006986891721111846 0.1852028618206603 
0.41346543125980934 0.002172876019322114 0.0867195626356505 
0.26879840030119684 0.04583657845940733 0.20308390659106548 
0.1027449224028877 0.05852106371059803 0.35292915688867454 
