0.0 0.5022863104918169 0.0 
0.0 0.0 0.5086072263615122 
0.5016372493001793 0.0 0.0 
0.14053021091158702 0.05457175791168388 0.3143596018448303 
0.11574458009370096 0.35915056278865837 0.027779971505158742 
0.1507661676258363 0.004051193643314095 0.348399144696869 
0.01639200252569487 0.1541901839435872 0.33236694397550276 
0.28810754041419284 0.14094714739320707 0.08500611170549392 
0.4183646025001039 0.0773845414581343 0.005002207199852155 
0.4641912465757874 0.014116859887237654 0.023908507139243262 
0.039118086459955265 0.36796144567004113 0.09395434463633562 
0.004372068807653032 0.020672904826052725 0.47781706320124395 
0.08902986292807576 0.04982706036148472 0.3708917062823435 
0.30040200554798685 0.08267580353786286 0.12921444426250633 
0.1893936395972115 0.07298273084003142 0.2461074090110443 
0.02434881885161309 0.4761420588767532 0.0012946119777634752 
0.13037301936711893 0.08540484200627145 0.2865583509836444 
0.20452715144637895 0.006716881150643997 0.2905249114176677 
0.399822717985309 0.09572714511494763 0.007212957968601356 
0.17709269250719312 0.022946542491202662 0.30153862704058587 
0.4121369500269968 0.06047916037371321 0.02964829328127412 
0.05072814562014425 0.03227536745977528 0.4205667501637046 
0.482479257696539 0.0013460801707517096 0.019970320527321245 
0.1574463838836242 0.004651481934630434 0.3406696984249899 
0.020721895767061644 0.20160355422702272 0.28151472801980754 
0.38636529039500317 0.06160896216432595 0.053722718143384585 
0.315259786440798 0.04651678588101694 0.1400824133303107 
0.04525936085736093 0.2481635481714387 0.2084702673436698 
0.04388950396121526 0.34831904564877536 0.11149378014638146 
0.06686739178926264 4.3576404631144296E-4 0.43740341152884676 
0.1649065044697494 0.11468716345915395 0.2242353134542993 
0.35912216478231707 0.12120134452038006 0.021946349293540616 
0.23838772622422158 0.07007346631108083 0.20166694061267726 
0.13779510488225202 0.0907391963429141 0.27354568357709513 
0.08736743921997721 0.27154862084070475 0.14291696310887989 
0.007006621435781906 0.09118831805650088 0.40433720917046556 
0.4877317446049365 8.959788199934786E-4 0.014159630619268055 
0.19463354559850826 0.12387930192582335 0.18338424710399093 
0.07213390258840682 0.21874698830536535 0.21092132786427914 
0.23381089407559152 0.1378153870804803 0.13727421798270348 
0.35184345299016306 0.08700760675773432 0.06371732052394163 
0.04119297847584438 0.34005435472811935 0.12050744520408371 
0.09685328098953792 0.2700104945321022 0.13609968700360045 
0.028214420933803466 0.30848783574707084 0.16758641593549617 
0.14814149641714125 0.10552561242392895 0.25494708587509096 
8.594714508002613E-4 0.45450321717750686 0.0465107644640865 
0.4402773598741189 0.06301906394933572 0.0021089477979596054 
0.3090215467936761 0.026545064586471122 0.1670211725433106 
0.3248218546762191 0.04855081606753075 0.12735705149026652 
0.22229510280247394 0.1191287197131883 0.16079763520415763 
0.2548572125566651 0.1828321661279539 0.07468128977995955 
0.02890962194697264 0.2978373789107675 0.17622825429703995 
0.012289736452868018 0.46253118293651874 0.027775629648749602 
0.3717629366579475 0.12546752104009024 0.004948384912385276 
0.05622491706179233 0.4462162404467235 5.610992739218986E-5 
0.03383403212352913 0.2913230408781366 0.17687171428636744 
0.10339632818550414 0.21165526455843262 0.18678445762660384 
0.041157846039078204 0.4337697371953791 0.0274580194591092 
0.26933813058159334 0.0390950255562372 0.19654391297412502 
0.10833783485503586 0.3810733854617315 0.014802896029467695 
0.18359315381219793 0.06729921594231342 0.2599384363960077 
0.253328676543327 0.1817356087752321 0.07702512002611382 
0.3932038217799352 0.107550738872651 6.479159928095155E-4 
0.284611001202682 0.16017361501627714 0.0665816082659397 
0.22693763528622093 0.14944027702166432 0.12570207249437598 
0.06940336897543406 0.3342157128895944 0.0983374329057006 
0.3325084172858344 0.1691288320143449 0.0 
0.09298815873001999 0.3292843655096427 0.08053587353476042 
0.10921893897059831 0.016404624280771666 0.3786678406921205 
0.08830476380324814 0.4125624895546408 5.224634743451607E-4 
0.035813007401140136 0.0016506663679767028 0.46393569535692597 
0.34190455416887955 0.09696065635809925 0.0637193750928127 
0.011004741590019868 0.1140815455926508 0.37907053654096273 
0.08425118889956101 0.26186293605632194 0.15546750764633813 
8.954891533081264E-4 0.3451443804033782 0.1554341536136362 
0.0018386350794244227 0.034705944408405 0.4651953824725048 
0.027315477846132055 0.2561315001764936 0.21767335865840073 
0.4503016898435629 0.014788368738447593 0.037674244244008864 
0.07663075710720693 0.3874769569055773 0.048362326159545624 
0.003774544051366306 0.05099194027368159 0.4496617416880278 
0.27265142444507307 0.19229200155388765 0.038782599837842546 
0.2782245642497383 0.18928238943378461 0.04120921597757085 
0.04944850286139894 0.0051436645811445865 0.4482305080793972 
0.005877787749805764 0.22819061236413984 0.26787513604171187 
0.01899009803593185 0.3810734245862815 0.11372672645760135 
0.01647705608002573 0.2525835296621865 0.2328015564103522 
0.005004346166063159 7.483599931825427E-4 0.49529263618810426 
0.0600972103897217 0.023598079108532996 0.4262200264566568 
0.054505967783135496 0.42284220749382634 0.02465785946819934 
0.03000727721931589 0.4723848527104688 0.0 
0.026276818555841876 0.2803836562882777 0.1954143012219881 
0.001365093259311705 0.3987039670892477 0.10094832271243775 
0.10437315920123243 0.014700566130238069 0.39169281101601355 
0.043471109810121665 0.23621730596073184 0.2243113016274085 
0.08457314739385642 0.403985735102923 0.014777115933696499 
0.07493470503332787 0.2306227897161693 0.19939303338637476 
0.00100919434023005 0.19728854271615223 0.3034940473133823 
0.06370627701323729 0.03448478279819821 0.40432123381232216 
0.022936818973368474 0.2157535256013222 0.2622287225942567 
0.0381525119581361 0.39208411497369494 0.0789913864232249 
