0.007524395665172352
0.0012114960298222673
0.010080460348751114
0.01279214123102861
0.0011425234584821202
0.0020691649012553022
0.001026495785676284
0.0012361512764936385
0.0010273273886896308
0.0014015636787826644
0.001622851172114042
0.010542989699319251
0.0011180084731210677
0.0016053984686036369
0.0012321175182218546
0.0010730536746211047
0.0036755518443737077
0.0011352179223647933
0.0010411944753657215
0.001337205565018822
0.0010640023031319775
0.0013342266775881624
0.020540167515095985
0.0010254605641304216
0.011664533915540556
0.001196066532507805
0.010357199923543888
0.0010565517381557665
0.0011876603234136722
0.0013973752036033668
