0.8492001485685198
0.8765185446016821
0.769575913281631
0.8359035751857956
0.911294574818991
0.7454341825253075
0.820887529767617
0.8414325369332295
0.835150240916328
0.7415962340989556
1.0244948169682113
1.045762511775771
0.7374022518602172
0.8345634493308056
0.838195746737443
0.7375255370171132
0.759645733237119
0.8706234893439129
0.8635267321566255
1.1649604201195685
0.7364602306389151
1.4233782792407452
1.1349823457175183
0.7940080906109901
0.779495464165283
0.9560614664570781
0.7448118622369782
0.8058358000322414
0.7989861728983361
0.8803264189044352
