1.0 1.0 0.40029464844701196 0.6003997062468466 0.400050144875496 0.5999766945602728 0.5000463560989464 
0.0 0.9361570288849044 0.4985888471830294 0.4002838656406878 0.49986910460527645 0.5004288773179331 0.5000159686448172 
0.9999999999999997 1.6417020054486586E-16 0.4012422636358396 0.6032163175392882 0.5125071791280924 0.4951658083137514 0.49922081360351145 
0.9999999999999997 1.4964378300950537E-15 0.4012422636358396 0.6032163175392882 0.499878223913974 0.4951658083137514 0.49922084176190307 
0.9999999999996881 0.9998066616866829 0.4010143692720478 0.4002997156787748 0.4013414680355164 0.500430968444307 0.4992058187027701 
0.5467421615016113 1.0 0.40025409862561945 0.600069281579718 0.5003658003963792 0.5003303944209775 0.5001918413802344 
0.6350973194606765 0.9796834555351295 0.40023415449222016 0.6000699126140676 0.4996700943047025 0.5003114308264976 0.5001866251467347 
0.9999737582875962 1.0 0.4003320586619504 0.5998989978947983 0.5003503152953914 0.5997088752515161 0.5000313258592045 
0.9999898158413283 1.0 0.40026754308039464 0.5993551438646219 0.5003664827945876 0.49755395065304653 0.5000313258592045 
0.47685411833640357 0.005653870972886749 0.4008498893308463 0.600986048443495 0.4997291676491636 0.4998154332574499 0.49933359541530986 
0.9997660632135243 1.0 0.40025409862561945 0.5998885372353293 0.5003488296076539 0.49823162159050005 0.5000313258592045 
0.3711761326806039 0.8813065354128913 0.400232439054885 0.4001932974670419 0.49966952351257066 0.5009157041814207 0.5001901935522086 
0.2915585946336277 0.9992574750500278 0.40015085040775045 0.6004146905011599 0.49966712556671783 0.4993594477001005 0.500260497643377 
0.36137666024105697 0.8789255307511674 0.40025991284977736 0.4001932974670419 0.499683872997039 0.5009204358450597 0.4998489288205554 
0.53221278838505 0.9310730627496842 0.4002562604632169 0.4002730754228195 0.4998202584662661 0.5003391067630366 0.500042993917868 
0.8677269401999309 0.45363500474222185 0.40023415449222016 0.6000699126140676 0.4996696812584036 0.5002956126144771 0.5000322260293386 
1.0 2.813672108636922E-7 0.40126803566137614 0.40199693079667365 0.5008569013120492 0.4977500271709929 0.499299402783069 
0.534202281642248 0.0035611444308752682 0.4002348525969311 0.599052634646479 0.4992251057311074 0.4993945357820427 0.5000038353009197 
0.7924479904511302 0.9999936201925337 0.4002645355549574 0.4006025206049941 0.49905893750552915 0.5003800692603887 0.4992700391168135 
0.8335761535324476 0.16678226119322126 0.40030420453473153 0.6000699126140676 0.49966472578227933 0.4993775629414289 0.500260497643377 
0.7114837540869323 0.9999936201925337 0.4002645355549574 0.39994891706059815 0.49926765937262974 0.5003249569067512 0.4992686317276291 
0.9999997972661341 1.4964378300950537E-15 0.4012402160168058 0.4000110347278893 0.5000806077198131 0.5042564912745948 0.4998597596000385 
0.8778418296853608 0.9997459119053597 0.4002562604632169 0.3998944382671914 0.5007594955936191 0.5003391067630366 0.5000391438062803 
0.7600865802903887 0.45903232040771536 0.4002064653842896 0.6003083066950488 0.499669100171984 0.5004232156108832 0.500260497643377 
0.7876987919305531 1.0 0.40029464844701196 0.5993727461692105 0.4001882003472331 0.5009265712388733 0.5000324436814859 
0.9893294213364637 0.485718205187305 0.4003530543474133 0.39996876086964667 0.5007800359275171 0.5009478636071464 0.5000559343560628 
0.9197612843115239 0.9965861347859295 0.40087950528680666 0.39994468672271544 0.5003760892890871 0.5000959100957754 0.49984825289518875 
0.8252188237916303 0.9328905785837915 0.40048388257391165 0.40067099260230965 0.5005664175086424 0.5003468043982139 0.49915751804966374 
0.48798877492688775 0.42911620137434153 0.4008518863886178 0.6006419218675129 0.49972817041550016 0.49979961504542947 0.49933359541530986 
0.8073151282266494 1.0 0.40029464844701196 0.6003997062468466 0.4003995582704068 0.5009265712388733 0.5000463560989464 
0.9999999999993604 0.9999878437605554 0.4010198725143128 0.40067099260230965 0.5005746548539166 0.5003393608032333 0.4992058187027701 
0.9730284697101852 0.5132203115747176 0.40035527766219636 0.3999829681846916 0.4998845977154239 0.5011838412045867 0.4998557660792561 
0.8863094893559855 0.45363500474222185 0.40023415449222016 0.6000699126140676 0.4996696812584036 0.5002956126144771 0.49986552286377234 
0.9999999999937896 1.4964378300950537E-15 0.4012316490051035 0.4000110347278893 0.5000843295593888 0.3008886431646087 0.49985546381396756 
0.7526473785577982 0.9976238744182917 0.40026465700750147 0.3999497262634194 0.4990527849041074 0.49988048371864374 0.49943304197369703 
0.9999999999995125 1.4964378300950537E-15 0.4012402160168058 0.3983519144688888 0.4996876467812897 0.3018697333733583 0.49985506973703914 
0.46603573940364895 0.21061488329135858 0.4002562604632169 0.4002730754228195 0.5007594955936191 0.5003391067630366 0.500042993917868 
0.7943267608430882 0.5077629811066421 0.4002989255776218 0.3998163099075566 0.4992185728676787 0.5002819787656002 0.5001902164210466 
0.9999999999999997 0.014339305006636827 0.40039543568140246 0.6024701273079349 0.4996871331842454 0.5006066628624085 0.500026265457948 
0.7609977228628401 0.9999936201925337 0.40026465700750147 0.400322797489843 0.49901129066752703 0.4999442112745834 0.4992686317276291 
0.47685411833640357 0.42911620137434153 0.4008518863886178 0.6006419218675129 0.4997291676491636 0.4998154332574499 0.49933359541530986 
0.9481200820224851 0.4569480206609004 0.4002790053534478 0.6006419218675129 0.4997291676491636 0.4998154332574499 0.4998546961024255 
0.2761851095411972 0.9768917571345642 0.4009489367668318 0.6000655319455813 0.49966909707103907 0.5002674036021033 0.500260497643377 
0.9425061461080257 0.19175381852699747 0.40087798448975864 0.5998851235360306 0.5003397478600671 0.499328707239634 0.5002610559353801 
0.6771216536799769 0.47698247787744774 0.40035676431910544 0.3999446129963357 0.5003809153006192 0.5000721612881524 0.5000030484096136 
0.46603573940364895 0.985380070705247 0.40025331838735256 0.4002730754228195 0.4998250713465082 0.5003380577541142 0.5000141293846654 
0.28233226063973416 0.9999936201925337 0.40026419954807196 0.39994891706059815 0.4996633974353859 0.5003249569067512 0.4992686317276291 
0.28308622841441905 0.461598306619055 0.4009279058713603 0.6000699126140676 0.4996077170768033 0.4993915956535329 0.4998521566645685 
0.6633842600397166 0.9324589885888024 0.40019187519042476 0.39997234661623426 0.49986910460527645 0.5001231647353227 0.5000112669382225 
0.275878412312077 0.9664626027560874 0.40015390792870453 0.6000699126140676 0.4996796062235499 0.4993842691865976 0.5002438559609638 
0.8283146078515158 0.2430877601173379 0.40087960985397825 0.39994468672271544 0.5003760892890871 0.5004262566046661 0.49985308636038095 
0.9597941326035535 0.9991377788980049 0.40030818060172657 0.6000699126140676 0.5007078968512919 0.5005564004299452 0.4998610108094734 
0.723270917985292 0.9016076430113884 0.4003686671337186 0.4001932974670419 0.4996838237305363 0.49921261931033434 0.5000202571573906 
0.6572904659848618 0.9995383062122059 0.40023440668627536 0.5998889380431355 0.49966909707103907 0.5002651285945888 0.5000319326949166 
0.7991640563675368 0.9963387322456125 0.4002875428055313 0.4006111844723694 0.4996876467812897 0.5000860504884329 0.4998786407354917 
0.7239411408398576 0.6719577581140678 0.40025912673686304 0.3999450400951172 0.4995969419344275 0.5005147609985358 0.5000199200474095 
0.2761851095411972 0.9796834555351295 0.40092445614141875 0.6000699126140676 0.49966909707103907 0.4993656314340551 0.500260497643377 
0.9923520699029095 0.16678226119322126 0.40025665121167003 0.6000699126140676 0.4998764671620379 0.49944711507943057 0.5002308274924947 
0.7949876939864741 0.6758554886180033 0.4008774741930327 0.3999450400951172 0.5004838079467671 0.5005107144070219 0.4998434784760109 
0.9999898158413283 0.9994552228740863 0.40026456609499 0.6003681440102794 0.5003664827945876 0.5004184494072339 0.4992622276568931 
0.6834794941060993 0.9239048260570668 0.5018905158816153 0.39994891706059815 0.49926765937262974 0.5003249569067512 0.500018320393622 
0.908423211289527 0.15171344388697755 0.4008831646075552 0.6000792336674541 0.5008077349761391 0.5004087070078823 0.5002602694530021 
0.9280612563164405 0.9965861347859295 0.40037514785144923 0.40019200879513833 0.49981483385569947 0.500975029298154 0.4998604436097035 
0.35587424231374754 0.9942727688115337 0.4003767406473538 0.4001932974670419 0.499683872997039 0.5007832336268242 0.5000133398167849 
0.9152035787641697 0.9987204114544729 0.4003287630521192 0.5998993698445949 0.5004843513213941 0.4990900463348983 0.4998535434531858 
0.8372749682725957 0.009545029507173258 0.4010327880328113 0.6004070283520438 0.4986988716257774 0.49928360793044657 0.4998546103476218 
0.9999999999995125 5.182531404362561E-11 0.4012245954006933 0.39836355373880217 0.4996866643997466 0.3018697333733583 0.49985555718203944 
0.2288611239875875 0.9011193711646553 0.40027643416394176 0.39994971633997745 0.5007353031084402 0.5002158644353116 0.49989375554421783 
1.0 0.05413234304110054 0.4002565231027006 0.6003214520353268 0.4996931009302358 0.6006193033504712 0.5000491216347256 
0.2761851095411972 0.15903414147028294 0.40092445614141875 0.6000699126140676 0.49966909707103907 0.4994767702097326 0.5002788337185641 
0.6462319760511608 0.9796834555351295 0.40023415449222016 0.6000699126140676 0.49966909707103907 0.5002956126144771 0.5001866251467347 
0.4698216869321715 0.9997459621255643 0.4002737103663454 0.3998997204549497 0.5000031587666235 0.5003391067630366 0.5000390305159116 
0.7265213449743092 0.9127625867180725 0.4003686671337186 0.4001932974670419 0.499683872997039 0.49921261931033434 0.5000202571573906 
0.9652920384469519 0.9999935379899765 0.4003287630521192 0.5998993698445949 0.5004612272148697 0.4990900463348983 0.5000456021690785 
0.7172493496495965 0.9820623147867533 0.40026393277326205 0.6000699126140676 0.49966909707103907 0.4992760606169119 0.500260497643377 
0.2288611239875875 0.9001048304682907 0.40027643416394176 0.39994971633997745 0.5007353031084402 0.5002158644353116 0.49989375554421783 
0.7920287967897188 0.9999744023017779 0.40025331838735256 0.4002730754228195 0.49908177611905413 0.5003388947292655 0.5000141293846654 
0.43812938295304493 0.21061488329135858 0.3999901385608706 0.40027163505855373 0.5000820377839185 0.5000453162539437 0.500042993917868 
0.9156507270770827 0.03285161658968139 0.4002681098841338 0.3999450400951172 0.4993408637070868 0.5005147609985358 0.4998428657730287 
0.6847980267480809 0.9980314325464716 0.4003767406473538 0.4001919225737767 0.4998196598672316 0.5009246315336788 0.5000149696999546 
0.7188866655410086 0.4340711641558984 0.4002563741536091 0.6000699126140676 0.4996065720429712 0.4992852532103436 0.4998643601267868 
0.7012416480838897 0.9999031291435798 0.4002681098841338 0.40018811970398943 0.4993408637070868 0.5005163381397114 0.5000123203759521 
0.6572904659848618 0.9796834555351295 0.40023415449222016 0.5998994922901701 0.49966909707103907 0.5002956126144771 0.5000162046948011 
0.4698216869321715 0.9997478260730555 0.4002731418323301 0.4002730754228195 0.5000031587666235 0.5003391067630366 0.500033655726033 
0.8992070823354995 0.023587233761540705 0.4003767406473538 0.39994884296490446 0.4998196598672316 0.5009230543925033 0.4998455150970313 
0.7186384723099023 0.9801777938839873 0.40025655085552214 0.39991784427248384 0.4996675302419989 0.4998119110718996 0.49986125373757495 
0.3026452855675551 0.16525504336199942 0.400919929886485 0.6000695041846378 0.4996744704191562 0.4995690366733385 0.500279061908939 
0.8084781338908158 0.4461485713493277 0.4003492050325276 0.39996876086964667 0.5007897028790229 0.5009478636071464 0.5000182196478059 
0.9700418218569881 0.8784212875537993 0.3985945556222161 0.3998944382671914 0.499534284633174 0.5003254466614361 0.5000450369105186 
0.9999998808298427 0.47789663718131803 0.4012422636358396 0.6032163175392882 0.5000375908713562 0.5011984319658674 0.5000619030911744 
0.534202281642248 0.0010571594646385702 0.40030358178111886 0.599052634646479 0.4992248113385982 0.49939503065055707 0.5000038353009197 
0.6350973194606765 0.9965475940866793 0.40023415449222016 0.6000699126140676 0.49968443623687353 0.5003114308264976 0.5001866251467347 
0.9967366083303202 0.9997459119053597 0.4002562604632169 0.3998944382671914 0.5007594955936191 0.5003391067630366 0.5000391438062803 
0.4889091271712742 0.9998028901601289 0.4008810616368966 0.6000699126140676 0.5007078968512919 0.5005564004299452 0.4993399101223578 
0.6847980267480809 0.5293659760833428 0.4003767406473538 0.40019193506875866 0.4998196598672316 0.500951280490531 0.5000152391241284 
0.7114824448674735 1.6417020054486586E-16 0.40025458925845975 0.4002691744607075 0.49972914716499217 0.5008605124246563 0.4998623555480801 
1.0 0.08160685816574464 0.4002566217774785 0.600307318348664 0.500969103068796 0.5997829731493654 0.5001546878561193 
0.9009292241063446 0.16525504336199942 0.40092203210661276 0.6000788252380244 0.4996868518991289 0.4995690366733385 0.500260497643377 
0.9041392307645308 0.09895492500082792 0.40028536389209557 0.6005181275628692 0.4996065720429712 0.5009853912881065 0.4998502489367001 
0.8329522053488556 0.16678226119322126 0.400303960712561 0.6000699126140676 0.49966472578227933 0.4993775629414289 0.500260497643377 
