1.0 1.0 0.5003588571915871 0.49974311049939235 0.6003676806821369 0.49960697173626695 0.5001668733031157 
1.9003660886177E-17 1.0 0.499027224523141 0.40021267171949915 0.6004110452046043 0.5003698248174424 0.5000723640347167 
0.9999883133446185 0.0 0.49982415556385207 0.500393438691739 0.49977400367640845 0.5005230458464024 0.5003245437776772 
1.9003660886177E-17 9.320989307205485E-4 0.4998477301397766 0.39893085595503086 0.4030683523331301 0.5003941687028758 0.5000754986769883 
1.0 0.0 0.5003635876083004 0.499747188470362 0.5007130582235662 0.5003481369738244 0.5002980620762247 
0.856177282040645 1.0 0.4998310733759676 0.49974447575493075 0.5017874411777352 0.49960697173626695 0.5001668733031157 
0.9308013794114034 1.0 0.5002920380278998 0.39981722237249895 0.5000111927783086 0.5002467611352248 0.5000770998899574 
1.9003660886177E-17 0.9453088742486082 0.49891422093603327 0.5013379154185051 0.6004110452046043 0.5003698248174424 0.5000723640347167 
1.9003660886177E-17 0.005985609424017535 0.4997347265526688 0.5000560996540369 0.5007089891681838 0.5003941687028758 0.5000754986769883 
0.045631528563929824 1.0 0.4998188209265164 0.39981722237249895 0.5002680774697857 0.5003235668753038 0.5003654771734571 
1.0 0.9647089966130846 0.5003635876083004 0.4998365873582183 0.5997599188121586 0.5005319746589298 0.5001666843479451 
0.001581138172800145 0.0 0.4997862198903428 0.49979301444471586 0.6006511131832729 0.499460333908669 0.5001523573864896 
1.9003660886177E-17 0.9998498607188466 0.499027224523141 0.40021267171949915 0.6004110452046043 0.5003336268395275 0.5000723640347167 
0.9732265915299324 0.9999999981770691 0.4989749293195842 0.5000478241181154 0.4994316154242911 0.5005159930831946 0.500079376413094 
0.5435995075643 1.0 0.498988462623988 0.39981722237249895 0.4994473962898319 0.5002395440632751 0.5000770998899574 
0.9544704698698054 0.02770445641071334 0.4997699526940878 0.49998323320176025 0.49951124933111674 0.5002254871131789 0.5001545030888326 
0.6955134896679374 0.28407652396791483 0.4996968721147521 0.49983315291356484 0.5001309412897073 0.5004461146132975 0.500299189311279 
0.8958415008515765 0.2826872851424759 0.5005403308649934 0.49975498003796137 0.5001157309006534 0.5003756472876133 0.500151970410163 
0.9986349080036129 0.08631264867512656 0.5005498954853325 0.5000228490446899 0.5000961362252617 0.5005631848997778 0.5003546752489393 
0.5716142817477297 0.766181732069487 0.4998532658178538 0.5000114879323879 0.5000274344468605 0.5005332345682187 0.5001601353253 
1.0 0.8993754495985428 0.5003635876083004 0.4997551406368696 0.49908691847848735 0.49947367736529813 0.5003068222800641 
0.9466046252240343 0.49453482744392385 0.4998122166265497 0.50001345116684 0.5000216353775128 0.4994056892687117 0.5001617078538062 
0.7777050870336364 0.08631264867512656 0.5005498954853325 0.5000125650563911 0.5000961362252617 0.5005631848997778 0.5003563423444286 
0.9739439340307773 0.11882100790013936 0.5005020619884509 0.4999211554086679 0.5000332376187453 0.499504869465333 0.5001935442759151 
0.8804644857723232 0.8812206336993459 0.4998364575039819 0.5003852723609963 0.500024227449401 0.49948750102617595 0.5003748955627956 
0.9961523263106644 0.4307024748949231 0.4998081020585634 0.4999334501615758 0.4998385117075625 0.500489542633599 0.500177879408445 
0.9234652480840017 0.2956958883246795 0.4998601697943615 0.4999354060422275 0.5000117598517342 0.5005678415973298 0.5001930943460955 
0.9991308075115717 0.90510524624421 0.4998193932221755 0.4998371597034412 0.5000258218895202 0.4995264942728888 0.5001459017677634 
0.7729970404582521 0.7111777559514306 0.5005499524888 0.5000125650563911 0.5001166826286076 0.5005631848997778 0.5003563468853567 
0.48687494448536794 0.9053849629757205 0.49980178136500336 0.49991139750711017 0.500250926255528 0.5005301155485711 0.5003639800677125 
0.9299259382902756 0.09686572888597417 0.49981306889556365 0.49991139750711017 0.49984093452413336 0.5004024000462397 0.500071305989169 
0.860422929134246 0.11962445626644536 0.4998596148201004 0.5000562831056349 0.5001015781428598 0.500225182493357 0.5003151283801475 
0.917478418625075 0.7959158321245161 0.5005116059764319 0.5000146000899716 0.5000241772828158 0.5005626943167997 0.50015754929316 
0.8065319350112441 0.28407652396791483 0.4996968721147521 0.49983315291356484 0.5001295632818772 0.5004461146132975 0.500299189311279 
0.9999860635494882 0.38809149798391185 0.49979053603640544 0.5000006137226313 0.499776368388924 0.4994973709393103 0.5001960860044335 
0.7366391648847171 0.3969315006576196 0.49979202813374896 0.5003885991165707 0.5000163735271131 0.5005265005098021 0.5001971810531063 
0.7147185032965894 0.697341762117528 0.49981213327682134 0.49984679329399645 0.4997580421680173 0.500556033613664 0.5002028848624407 
0.9626333101449213 0.5712957201611789 0.4997657428819997 0.4999810690611722 0.5000126760690055 0.5004536501112148 0.5001537282081149 
0.9483015291487109 0.38506010152370074 0.49982075751385924 0.49992772923846424 0.5000177151592031 0.5005567321142252 0.5003209510902183 
0.9999979165406766 0.2880300308199414 0.5004068970587111 0.4999832875015403 0.5000213857901475 0.5003823604733286 0.5003181504749528 
0.9642222434216285 0.08631264867512656 0.49977325945946255 0.5000125650563911 0.5000961362252617 0.5005631848997778 0.5003563423444286 
0.9861831973307627 0.6315673952578719 0.49981068596238676 0.49993412082507 0.5000144310221559 0.5005482341508215 0.5001543590578732 
0.8061884703474114 0.9675071336094831 0.4998005547582347 0.4998371597034412 0.5000586026278979 0.5005613784878966 0.50013516416448 
0.9991308075115717 0.9676812180186318 0.4998005547582347 0.4998371597034412 0.5000439578389638 0.49952702212694167 0.50013516416448 
0.941994210230083 0.09178224853077172 0.4997702171008748 0.49998323320176025 0.4995123022234138 0.5002271701774589 0.5001553099610605 
0.9483117815792378 0.8285842294589917 0.49982006771192067 0.49997953207147233 0.4995077436358451 0.4994884512434874 0.5003875719516978 
0.4919054968161425 0.9869366284362294 0.49980168900368294 0.4998606738279846 0.5005810095889716 0.5005625886726806 0.5001930943460955 
0.023190086357475548 1.0 0.500509496129187 0.49967827250158026 0.6002079967656178 0.5003698248174424 0.5000772356538309 
0.7774589548337342 0.006026075523535235 0.4998059934941991 0.5000553913683313 0.5000961362252617 0.5005520766660815 0.5001563814072172 
0.36167118350770594 0.2914871881002787 0.4997650784704547 0.5000163946560807 0.4997717613841142 0.5004536501112148 0.5001551185069422 
0.06081414435784849 0.9791596054180942 0.4998439825262084 0.5000584506464433 0.49974040890122745 0.5005016754322782 0.5001785935886283 
0.9437207137869947 0.9438538748773075 0.49983591884657186 0.5003852723609963 0.5000242275689741 0.49948845094902655 0.5001509773509578 
0.8520711949707865 0.6775905893395378 0.49983610407086476 0.5000129723863576 0.5008365735014895 0.5005567882396352 0.5001558590313088 
0.7782234028544527 0.40584712932286937 0.49986060990916087 0.5000559087309214 0.500095996440145 0.5005245128257002 0.5001971810531063 
0.9940264467068605 0.7011846316032713 0.49971937488020834 0.5000628305576257 0.49974262467679886 0.5004483232688788 0.5001809332424021 
0.30540864454514555 0.4026078631532549 0.4998208362562226 0.5000120849693026 0.500021854259488 0.5005567315293228 0.5003224315602505 
0.8528833484509477 0.7541090628442548 0.49983616484086457 0.4999250937632207 0.5008279161965585 0.49947668330495737 0.500306464136143 
0.49944175969984395 0.2956958883246795 0.4998577687301479 0.4999354060422275 0.5000375599532536 0.5005678415973298 0.5001930943460955 
0.7774589548337342 0.10136736872964294 0.49986060990916087 0.5000559087309214 0.500095996440145 0.5005245128257002 0.5001971810531063 
0.9244960354246105 0.6994298940546677 0.4996855091662651 0.49999439169283083 0.5000324068311847 0.5005678893014128 0.5001592869304498 
0.8650354780462562 0.2851848812295597 0.499790149680446 0.5003889734912842 0.5000292901489652 0.5002271701774589 0.5001538139482776 
0.5125420708515915 0.6957929287635884 0.499862446283247 0.4999686442115071 0.49977400367640845 0.5003481446394388 0.5003036371874097 
0.9081398963689294 0.5276607299357489 0.50054234281952 0.49998323320176025 0.5001157309006534 0.5002254871131789 0.5001545030888326 
0.22029156471595862 0.07856006238577928 0.49983674901280556 0.5003817074262218 0.4997740833141939 0.500522815724431 0.5003245437776772 
0.9632212240181232 0.5907555052648248 0.49976408497542907 0.49993414278161963 0.5000125219599741 0.5004536501112148 0.5001536763601048 
0.3218423896366987 0.39967772526190914 0.49976400790799297 0.5000163946560807 0.5000125219599741 0.5004536501112148 0.5001536763601048 
1.0 0.007079221634823971 0.49971415745895137 0.4998379362374242 0.5000298681332136 0.5005286224338564 0.5003224279820444 
0.5124113730181544 0.2956958883246795 0.4998104131335012 0.4999354222145604 0.5000375599532536 0.4993824202501291 0.500320685140621 
0.8528833484509477 0.7221706491982545 0.4997873256475788 0.5000113326881664 0.5008279161965585 0.499498168162596 0.5001554930231111 
0.6934857158124561 0.40584712932286937 0.49986060990916087 0.5000559087309214 0.5001312716162345 0.5005245128257002 0.5001926339419771 
0.2805978905402339 0.5813045271726319 0.4997970092692257 0.5000562277932776 0.4994904798105842 0.4993997334213336 0.5001554930231111 
0.8720641767129242 0.37947504788119246 0.49975691514806564 0.5000136774095713 0.5000222140333884 0.4993885682599822 0.5001545030888326 
0.9999104768007991 0.6927671764404458 0.5005251889294107 0.5000146000899716 0.5001156503705301 0.5005626943167997 0.5003561638343237 
0.8650354780462562 0.05907108855743942 0.4997699526940878 0.5003889734912842 0.5000292901489652 0.5002271701774589 0.5001538139482776 
0.9989980980289591 0.6919868815031376 0.4998081020585634 0.49993394560015325 0.5000175823356965 0.49941123089147554 0.5003075351740324 
0.9072899795913373 0.6228046948999308 0.5005157211171396 0.49998406371564824 0.5000139245239029 0.5002254871131789 0.5001545101354611 
0.7548782584883964 0.28407652396791483 0.49984301789095176 0.4998410806050967 0.5000429869867616 0.5005265844137884 0.500135898146701 
0.8157197152997087 0.6680693234264914 0.49981222563814176 0.49991139750711017 0.500250926255528 0.5005301155485711 0.5003694807817191 
0.9081398963689294 0.050932414310111696 0.4997699526940878 0.49998323320176025 0.4995123022234138 0.5002271701774589 0.5001545030888326 
0.8650354780462562 0.3965313945335516 0.4997910330446884 0.5003889734912842 0.5000219552298278 0.5002271701774589 0.5003151283801475 
0.9861831973307627 0.6734274469679333 0.5004204275502714 0.49993412082507 0.5000141549575305 0.5005482341508215 0.5001543590578732 
0.9998847359515309 0.9883734609682557 0.5004747016836302 0.5000234830054113 0.5002774963791438 0.5003280955768469 0.5003218763354246 
0.9999897536070681 0.9880549229752829 0.5005221626358081 0.5004157793152352 0.49976364320598277 0.4994792439194383 0.500074336907473 
0.8608324869061685 3.4110799284528927E-6 0.49982415556385207 0.5003860495094086 0.5008446769402651 0.5005205783575001 0.500149580906451 
0.9418434520301089 0.9946455502328532 0.49971621701234736 0.49998204787851197 0.4997143790376136 0.5003541062982402 0.5001599976858075 
0.2805978905402339 0.6016298906062162 0.4997970092692257 0.5000498037765916 0.4994853267296512 0.4995011411768804 0.5001554930231111 
0.37006517308158177 0.014074335669978622 0.49976400790799297 0.5000217766712534 0.5000128966867582 0.5004659771268937 0.5001909022002446 
0.5302829682876998 0.590184493300983 0.49984350528426735 0.5000601627644862 0.5000427415379493 0.5004732085128434 0.5001621229132116 
0.930549908430684 0.9999999999137096 0.500283200162677 0.5005506994490573 0.4994295694842843 0.5005201608469683 0.5000793518557644 
0.741108085791501 0.2797337791988977 0.4998255025675052 0.4998371597034412 0.5000637740799803 0.5005282710676459 0.5001332563394059 
0.9899192026388904 0.0016093972487680268 0.49983616484086457 0.500020361568688 0.4997540983264431 0.5005596030449161 0.5003304558943372 
0.9992712496856092 0.3890078389009649 0.4997377904556479 0.5000553913683313 0.5000961362252617 0.5005194655984797 0.5001971243043754 
0.14639816331746575 0.0044770809114040855 0.4997766658345193 0.500023310123692 0.5001167170467417 0.5005129161308809 0.5001927482421649 
0.9997407449242219 0.992616707268108 0.4998194859405739 0.4998371597034412 0.5000940962121718 0.4995264942728888 0.5001459017677634 
0.9418241439438221 0.5330034756132946 0.500408493780656 0.4999941843025109 0.5000417323145313 0.5002262796918517 0.50007519357723 
0.777498648762344 0.10136736872964294 0.49986060990916087 0.5000559087309214 0.500095996440145 0.5005245128257002 0.5001971810531063 
0.14312374266625622 0.04599997382441845 0.4997766658345193 0.500023310123692 0.5001167170467417 0.5005129161308809 0.5001928708277892 
0.9998464582234963 0.8765275181567687 0.4998193492072041 0.49983594194201697 0.500024227449401 0.49952789109086804 0.5003222687228133 
0.8650354780462562 0.049891529072892654 0.4997699526940878 0.5003889734912842 0.5000296967454985 0.5002271701774589 0.5001538139482776 
0.5125420708515915 0.677667108288671 0.499862446283247 0.4999686442115071 0.49977400367640845 0.500380724596012 0.5003036371874097 
