1.0 1.8403867862655745E-14 0.5001379388945495 0.5004933094785192 0.5000062321913392 0.4008261988971661 0.500015591332256 
1.0 1.0 0.5000499573113 0.500163367205231 0.5000077232328739 0.5012921884111285 0.4999879405792027 
0.0 0.6646834118123284 0.5000322165361913 0.5002350959379216 0.5000350226985694 0.50010975614431 0.49998881707620263 
0.999930565775878 7.088513677713834E-14 0.500049564148494 0.5004663041405475 0.50000631184904 0.3996736283595031 0.500026308473525 
1.0 3.6141654455576746E-8 0.5000494331075657 0.500473318867527 0.5000051223214507 0.5001337014983175 0.49999125700508346 
0.9997456893547034 1.0 0.5000504821940015 0.500163367205231 0.5000002390107384 0.4998308173587926 0.49998793320228513 
0.8555413473155866 0.04149797189250687 0.4999868906597916 0.5001664537282119 0.5000090091042599 0.5001345014055095 0.4999882477865543 
0.37592260221042617 0.6351909581728203 0.4999845123686632 0.5001638321995966 0.5000065503084759 0.5001562825804508 0.5000154063109917 
0.953311540898411 0.2712485043991649 0.5000595629765835 0.5002191545105932 0.5000082266624151 0.500233860387256 0.5001157574909408 
0.1668717194952789 0.44836935734977007 0.5000292421378862 0.4994968034239418 0.5000081071429895 0.4998367581903286 0.5000212537997392 
0.6195730512828164 0.09400782398896618 0.500053761464879 0.4994457318080325 0.500040720373124 0.4998451353138713 0.5000170364883324 
0.7311955734861482 0.011322329636286654 0.5000321727921445 0.5002055950086632 0.5000187465462399 0.5002007241260533 0.4999909406165306 
0.7232398249787234 1.0 0.5000479251528471 0.5002176153437896 0.5000077084978823 0.5012856969005768 0.4999879405792027 
0.33512153003355827 0.6340644265301556 0.5000292427893713 0.5002185684833412 0.5000275769515818 0.5001596261110708 0.5000166238814591 
0.7653383357672211 0.9977633110114162 0.5000495989746523 0.5001664945211374 0.5000077453702633 0.5001596467057139 0.5005797590018117 
0.545425159941114 0.4150996197453213 0.5000489169900817 0.5002268268683246 0.5000367465944816 0.5000956505013571 0.4999874164639142 
0.42267241066676386 0.6693404083771599 0.5000317843208999 0.5002366849627012 0.500012443859395 0.4998486662255316 0.49998881124235156 
0.45339995519773685 0.9459081526069577 0.5000585309106914 0.49960011543778976 0.5000077154505818 0.500159848994058 0.4999879817719934 
0.4027770217843126 0.42201005424200844 0.50003163618852 0.5002268519175888 0.5000183921374355 0.5001484358210669 0.4999982694081201 
0.3534238713741138 0.6302353322357706 0.5000498864011856 0.5002190993015783 0.500027704250014 0.49999536755223156 0.5000166223237119 
0.8341608663376405 0.8042143518882511 0.5000498491192539 0.5005050665241532 0.5000282490121095 0.500079610267805 0.500019534280026 
0.22068748652621883 0.6569671776123656 0.5000609783561338 0.5001400795222158 0.500040230110559 0.5001557407409589 0.4999990447863786 
0.06083622665636079 0.4447670955433503 0.5001389472656491 0.5002347389319693 0.5000185332028436 0.5001759763654874 0.5000178516915853 
0.8837052784337861 0.9842734413188927 0.5000494772191583 0.5002248635311625 0.5000401573159496 0.5000975856989109 0.5000879939554613 
0.10540406323631421 0.4693456843135999 0.5000327140797671 0.5002320588546623 0.500007470187861 0.5001589864414892 0.49999885385118414 
0.8335042477253202 0.9351585523392677 0.5000493136102183 0.500163296393031 0.5000050512350752 0.5001626110784557 0.5000763820346029 
0.30694863390248117 0.988318671103015 0.5000319225867047 0.5001676833598526 0.5000280429716201 0.49981994039169664 0.5000172410570461 
0.8177344922743707 0.4849465999011937 0.500059488658775 0.5002308589047487 0.5000070221476095 0.5001589820452343 0.4999993239642009 
0.24265850869299202 0.6334660050708111 0.49998330644897954 0.5001400795222158 0.500040230110559 0.5001562905756901 0.4999990447863786 
0.6205520341137968 0.02255128844347576 0.5000581930557734 0.5002368271280799 0.5002398839129772 0.4998201873645105 0.5000181709552294 
0.19616190594731517 0.28635435284590155 0.5000561805389555 0.5001694654620442 0.5000233618039074 0.5001491685220142 0.5000003044734787 
0.6699192571837871 0.4378180003541603 0.5000301795378709 0.50021052516475 0.5000401094024074 0.499812448400503 0.5000879553423974 
0.8667238252661701 0.6293481556004905 0.5000498957753645 0.5002190993015783 0.500027704250014 0.500006819949496 0.5000166223237119 
0.9027164808773234 0.27807138282796845 0.5000497283362902 0.5002184405517958 0.5000239699224711 0.500190022933503 0.5001182528285477 
0.5793462725177276 0.46663165939228274 0.500049746856401 0.5002268268683246 0.5000367465944816 0.5000953103606154 0.5001179207787487 
0.9953894076892427 0.4338227145080147 0.5000560429397986 0.5002280669787806 0.5000070602475527 0.5001759763654874 0.5001316180387789 
0.5721545903941383 0.9610281088915673 0.5000585469550608 0.4996248055052094 0.500007614098372 0.5001518535753606 0.4999882760371664 
0.7769428079893383 0.6693404083771599 0.5000312734925411 0.5002366849627012 0.5000125453644061 0.49985881236496454 0.49998881124235156 
0.9247702334110627 0.4854517165581205 0.5000287407660139 0.5001857981703117 0.5000196589202831 0.5000966153699403 0.5000180508689915 
0.24238617479821592 0.46638972386585575 0.5000606117255111 0.4996951791090205 0.5000405650087438 0.500159394362821 0.49999937837376535 
0.9452246050037734 0.07712558368160377 0.5000537467632146 0.5002368870572229 0.5000117602595565 0.5002238045129878 0.5000258546700939 
0.2623271628238881 0.6569057122590456 0.5000578048463507 0.5002368271280799 0.5000276986350574 0.4998201873645105 0.5000181709552294 
0.8479114708964285 0.9842734413188927 0.5000499499808094 0.5002247894576382 0.5000278740913177 0.500102242439979 0.500026399920104 
0.661112906021283 0.9842734413188927 0.5000494772191583 0.5002246439324981 0.5000401573159496 0.5000975856989109 0.5000879939554613 
0.9925486735376255 0.6693404083771599 0.500048210036727 0.5002366849627012 0.500012443859395 0.4998486662255316 0.49998881124235156 
0.6419816050724364 0.0014285974617032626 0.5000611223262732 0.5002395718230067 0.5000339914413829 0.4997899803109305 0.5000005066270341 
0.589032004456438 0.9843662003961222 0.4999897198797305 0.5002320588546623 0.5000202113791373 0.5002376119745774 0.49998687656757757 
0.4954134487754596 1.0 0.5000528179476719 0.5001633072131563 0.500007723179299 0.5000869881962584 0.49998791332599357 
0.6981853062027463 0.7539085541746541 0.5000558195545828 0.5002094156356417 0.5000264171188993 0.5001386581932603 0.499989027717078 
0.2844763349620868 0.03917409624109036 0.4999845123686632 0.5001638321995966 0.5000065503084759 0.5002003820350505 0.5000156032272043 
0.905245112640098 0.9977601602574306 0.5000585309106914 0.4996248055052094 0.5000077154505818 0.5001900682892078 0.4999882760371664 
0.7740165421607356 0.4084581483004647 0.5000559360337735 0.5002270790897558 0.500028095329079 0.5001518977046925 0.5000165295642218 
0.9337357406532297 0.44360886658762033 0.5000591704133179 0.5001910271686455 0.5000277879959675 0.4998028801498833 0.4999888568434463 
0.5244233554971673 0.038719891951221136 0.4999919075278621 0.5002624430395075 0.5000401815756131 0.5001074429717414 0.4999877167595684 
0.9680944111046406 0.3845138733267205 0.500048061904347 0.5002268519175888 0.5000183921374355 0.5001484358210669 0.4999982694081201 
0.19699912006976636 0.46638972386585575 0.5000604381540107 0.4996951791090205 0.5000405650087438 0.5001636837749266 0.49999937837376535 
0.7971358621152553 0.7692158900383529 0.5000599770053827 0.5004814666544994 0.5000080300697125 0.49983624353760014 0.5000204686747243 
0.9770557435095245 0.9216317508339249 0.5000528307783211 0.500546467603879 0.500009479780693 0.500143029058328 0.49999049842079807 
0.12888051169937303 0.7578951221908604 0.5000538413051963 0.5005235430922231 0.5000075674625654 0.5001738278874737 0.5000188975735811 
0.795830019610316 0.8306422399254056 0.5000498491192539 0.500525175887152 0.5000233702669149 0.5001488158948834 0.5000202346704922 
0.6390356700456363 0.6373748515088528 0.5000557816778965 0.4994535889657303 0.5000407006826147 0.5001423374083215 0.5000164714377648 
0.07684182561463065 0.9886743698778093 0.4999897198797305 0.5002320588546623 0.500019608091082 0.5001581546724604 0.4999877369464438 
0.27868760590065855 0.6569057122590456 0.5000319225867047 0.5002368271280799 0.5000280429716201 0.49981994039169664 0.5000181709552294 
0.8857414469035808 0.43126416398442563 0.5000577791993542 0.5001653941370952 0.5000002594447334 0.4998120279328046 0.4999868260445589 
0.9697173928846654 0.9333331094986408 0.500049124090557 0.5001338555952344 0.5000091158813235 0.500174522677154 0.5001315756261631 
0.21103003725677144 0.9227704487192824 0.5000528307783211 0.500546467603879 0.500009479780693 0.500143029058328 0.4999904891715368 
0.9897345365130612 0.6302353322357706 0.5000498957753645 0.5002190993015783 0.500027704250014 0.49999536755223156 0.5000166223237119 
0.8885066359958572 0.0333094266673421 0.5000537467632146 0.5002102784389858 0.5000281742817989 0.5002500988013486 0.5000165202371328 
0.03971707232122673 0.10169583127319098 0.5000491829911806 0.5002338789343486 0.5000189516074173 0.5001759763654874 0.5001262247074779 
0.2844763349620868 0.44176686356793426 0.5000466447598264 0.5001638321995966 0.5000065503084759 0.5002003820350505 0.5000156032272043 
0.5019735558324101 0.42201005424200844 0.500031900825638 0.5002474208380804 0.5000188073079461 0.5001488481386536 0.5000159296054852 
0.4039307716183472 0.8170593211611379 0.5000585309106914 0.4996248055052094 0.5000077154505818 0.5001589820452343 0.49999894705745823 
0.9149417223854034 0.9417838900303811 0.5000498451170039 0.5001610644230131 0.500009743150367 0.500127977578705 0.49998020234985513 
0.6839600304164997 0.42331712086501616 0.500057214037249 0.5001653941370952 0.5000009811924113 0.4998259461908128 0.5000187333114784 
0.7152058004113852 0.015839441151198064 0.4999868906597916 0.5001911437956315 0.5000090091042599 0.500133634456686 0.49999921307201917 
0.5169571580305947 0.42201005424200844 0.5000297121231165 0.5002474208380804 0.5000188073079461 0.5001488481386536 0.5000141089800075 
0.4630802659245311 0.7769933544302638 0.5000327000371041 0.5001829550568967 0.5000081138858383 0.4998076258695027 0.4999900237238139 
1.0 0.9967364766356044 0.500049355187979 0.5001614031264168 0.5000065899164502 0.5001322903017111 0.5000154029230521 
0.7740165421607356 0.027264714332240564 0.5000560689591442 0.5002274039040149 0.500028095329079 0.5001518977046925 0.500446737997518 
0.8148278488872328 0.7578951221908604 0.5000538413051963 0.5005235430922231 0.5000075674625654 0.5001023734680276 0.5000188975735811 
0.6839600304164997 0.482840809478815 0.5000577150469948 0.500167121995363 0.5000009610821913 0.4998251182689142 0.5000187333114784 
0.9033826656498289 0.8120187987971147 0.5000297121231165 0.5002474208380804 0.5000188073079461 0.5001487173104832 0.5000141089800075 
0.9149417223854034 0.015937706088551495 0.5000498451170039 0.5001610644230131 0.500009743150367 0.5003482672159527 0.49998020234985513 
0.9818487681820939 0.034985229395713524 0.5000537467632146 0.5002102784389858 0.5000281742817989 0.5002386464040842 0.5000165202371328 
0.19731962999871 0.05519486127150486 0.5000497961379828 0.5004872635050379 0.5002671843904741 0.5001637607451164 0.49998430385112674 
0.9444166168466522 0.9384232649468591 0.5000535062630592 0.5002249780253938 0.5000281742817989 0.5002500988013486 0.5000165175219382 
0.488515905213198 0.28386305848108967 0.5000489145143404 0.5002184405517958 0.5000238685702614 0.5001564025549606 0.4999877485137131 
0.4814881177317063 0.9858729436997242 0.4999897198797305 0.5002320588546623 0.5000202113791373 0.5002376119745774 0.4999856091875696 
0.6939460418351399 0.680673739530076 0.5000317489916527 0.5002055950086632 0.5000272633312703 0.49998541619874226 0.4999900491035394 
0.9406002921976157 0.8162537094448713 0.5000503487042333 0.5005064839703859 0.5000199724686286 0.5000932843048204 0.500019534280026 
0.7871937239083953 0.4400990807419574 0.5000499081466354 0.5001826751672765 0.5000355758242767 0.4999946482999884 0.5000167729609569 
0.9020508942031383 0.8210230691094905 0.5000585309106914 0.49963624901251785 0.5000077154505818 0.5001589820452343 0.49999894705745823 
0.8889997795626037 0.9417838900303811 0.5000498451170039 0.5001610644230131 0.500009740147231 0.500127977578705 0.5000248361108471 
0.7886656031642829 0.741804640745972 0.5000599770053827 0.5004815733591682 0.5000080305953446 0.49983391427551993 0.5000206809191273 
0.2806545834296278 0.6965333124379677 0.5000319225867047 0.5002310479793304 0.5000280429716201 0.49981994039169664 0.5000181709552294 
0.7203711720667363 0.5824690167228261 0.5000498451170039 0.5001611871987458 0.500009743150367 0.500127977578705 0.49998794835397814 
0.9444166168466522 0.0333094266673421 0.5000537467632146 0.5002312728388337 0.5000281742817989 0.5002500988013486 0.5000165202371328 
0.8638323972686869 0.854344013713619 0.4999872030845114 0.5001664537282119 0.5000280977441612 0.5001818519132157 0.49998817271824986 
0.4630802659245311 0.9396471770482064 0.5000327000371041 0.5001829550568967 0.5000081138858383 0.4998076258695027 0.49998807360577024 
0.5757074679076987 0.9982619224034058 0.5000585469550608 0.4996248055052094 0.500007614098372 0.5001561077699237 0.4999882760371664 
