1.270342634290924E-17 0.9999999999999907 0.4999466771373898 0.5000245395458749 0.4999017693938901 0.4999530205553162 0.5002078709701547 
1.0 0.9999999999999921 0.49999964046777395 0.49997852763757156 0.5002476341513059 0.4999345120448343 0.5002739553830158 
1.270342634290924E-17 0.0 0.4999981228398677 0.5000164590906598 0.49988390679041605 0.49992518273045067 0.4006504505453069 
1.0 0.0 0.5000072228907146 0.5000161165801504 0.4998430815760677 0.4999513388860545 0.5002284594129545 
1.270342634290924E-17 0.009224157394871257 0.500007015447244 0.49996789630149135 0.5002581782009177 0.49967622572010895 0.5004766707192447 
0.7854473923521575 0.3138434153138782 0.500009900229426 0.5000603843708775 0.4998459787519425 0.49984496881994134 0.5000361733825363 
0.8171344770578475 0.3145728890677258 0.5000097811158069 0.5000107138972159 0.4998430694790293 0.49984463209078867 0.500278619209252 
0.9878756607980378 0.3614783424558134 0.4999482764927922 0.49982846169651485 0.5002351751695961 0.49995228006505216 0.5003001119927892 
0.9247624316273907 0.3614783424558134 0.4999482764927922 0.49982633586509634 0.5002354301771713 0.49995228006505216 0.5002750979027158 
0.9027920139954851 0.9894953776581792 0.4999425606863059 0.4999051177958911 0.49983147408957984 0.499929111109178 0.5003388989887759 
0.3330028473526067 0.7475089914741881 0.5000667034168259 0.5000172383818658 0.49988307355898187 0.4997963878009467 0.4995646985954488 
0.8192753145945679 0.9269687033471564 0.4999995870494746 0.499970924257885 0.5002472860546963 0.4997546528323408 0.5002277050542403 
0.8630303294468111 0.040433208588850245 0.5000059691607925 0.5001081236943481 0.5002451601092278 0.4999532438046402 0.5002739553830158 
0.9497955565137963 0.09055022313629241 0.5000477652476364 0.5000195939289825 0.5000288834451035 0.49994171752134514 0.5003450449671847 
0.9948391097795906 0.2666047013467887 0.5000810026239335 0.4999210666896394 0.49986409155432443 0.4999488709737435 0.500240413225298 
0.8629246578385146 0.9361508488505991 0.500003936565535 0.49989972992592774 0.5002451601092278 0.4999530363521741 0.5002739553830158 
0.07852744657133615 0.29271360152914383 0.4997280213199428 0.4999087863912849 0.49988300435705524 0.49994898156099077 0.5000276944409792 
0.9722445189115543 0.7334259235620575 0.4999993512697366 0.4999730517031241 0.500248567464338 0.49995412370844894 0.5002832810011684 
0.8190197298491606 0.9959099436333424 0.5000040413166617 0.4999794649162461 0.4998672665356265 0.499955181361148 0.5000204908236178 
0.9898891981304433 0.6474311592028648 0.5000706312243837 0.49997241875746395 0.49991148280335873 0.4999487711092191 0.5003007499649298 
0.14361736708638864 0.3149132147082167 0.4997126406387385 0.4999314909426374 0.49987208698493335 0.4999504592657746 0.5002460932499473 
0.1898826327564166 0.6927817481137675 0.49999778797968963 0.4999730255476003 0.4998959808631765 0.499953957281373 0.5002560417227541 
0.6897690054277368 0.760038405079537 0.49973441000601115 0.49992970778976525 0.499881723506175 0.4999801806169135 0.5000263489621162 
0.8655426597417174 0.7687492282626338 0.5000061388099176 0.5001021372344082 0.4999017614267899 0.499953164574287 0.5002486773660006 
0.5719590904925715 0.6742248920021805 0.5000763462873478 0.5000295685490836 0.4998834967982582 0.49979616790081377 0.5000200398698427 
0.9921715348882693 0.10625458134026979 0.4999963367795102 0.4999030470854855 0.4998305669924414 0.4999326595767906 0.5002750707390966 
0.027515975369965306 0.3728615400407875 0.4999482231797861 0.5000265689308396 0.5002332405801603 0.4999530205553162 0.5002970871175675 
0.816403683934466 0.6855881340215344 0.5000732806281138 0.500013061553157 0.4998981129761217 0.49978739707999137 0.5002576989244902 
0.9744035127501306 0.6622304788257463 0.5000688329567456 0.49996960385342454 0.4997785369464426 0.4999487803964242 0.5003007499649298 
0.9591823669357199 0.7732901013564794 0.5000734473656167 0.5001004913562636 0.49988049861163386 0.499953164574287 0.5002486773660006 
0.8888774156525128 0.670281899285041 0.500066387675705 0.4999037849646136 0.49988330739163805 0.499946528913563 0.5000215181809344 
0.6556501994100556 0.27566605570937847 0.5000804062568347 0.5000258009288909 0.4998423447189765 0.4998184058278701 0.5002561001125961 
0.3861508895750735 0.16867948454887 0.4999587580632384 0.4999115873868998 0.4998817243229433 0.499946047999118 0.5002296631102847 
0.5347928866336981 0.27435203679560505 0.4999979323329233 0.49993302524006966 0.4998960448430047 0.49978457301549256 0.4999896774466328 
0.16328625845091926 0.32448158142032124 0.49999785551159126 0.4999225665210064 0.4998046038222774 0.49995266115358383 0.5003600630612302 
0.6373801442175879 0.27435203679560505 0.5000760745860466 0.500031286661788 0.49989581257769544 0.49994803832143114 0.5000371606705676 
0.9918860223184567 0.7084256626789843 0.5000393746155845 0.49992561001086455 0.4998920971491489 0.49994525109338955 0.5000041582232694 
0.7903120531496136 0.16067464469973233 0.5000180055782179 0.5000286427154845 0.49989941120542597 0.49994498283242156 0.5002298156588432 
0.9088513507016227 0.96991214076143 0.49994709005858307 0.5000312222741659 0.499904885177024 0.49994351210057275 0.500254402045972 
0.6002792744180937 0.3149132147082167 0.4997130441568765 0.4999314909426374 0.49987208698493335 0.4999504592657746 0.5002461320157571 
0.5695876614965054 0.292903344950517 0.500001232097836 0.49982870843715516 0.4998679104995901 0.4998446220416522 0.5002805258047404 
0.9754472957496898 0.9573064856615888 0.5000728903211508 0.500027563961569 0.4998966184210875 0.4997844574300514 0.4999858461754665 
0.4438711904501318 0.6758646374368754 0.5000935189205656 0.4999004406229391 0.49988330739163805 0.499946528913563 0.5000215181809344 
0.7187992411540902 0.6623300795096877 0.4999993512697366 0.4999730517031241 0.5002655774725424 0.4999513683368103 0.5002832810011684 
0.7245555668500087 0.96991214076143 0.5000797138535165 0.5000312334041709 0.499904885177024 0.49992943314512756 0.500254402045972 
0.9931703556755822 0.2931814542995609 0.49993827929291845 0.4999268011941567 0.4998837558664945 0.4999590735974552 0.5000202671576275 
0.7187992411540902 0.6912256976942568 0.5000291258878093 0.4999723220302747 0.5002655774725424 0.4999513683368103 0.5002832810011684 
0.9897208964668458 0.19715985572630346 0.49999969653518667 0.49992270066740285 0.5002531241082074 0.49994323610118396 0.5003466303823724 
0.2586542628568298 0.3258530646701821 0.49999785551159126 0.49992987202818245 0.49986695685066634 0.49995439668577607 0.5002932604709115 
0.9793475463711495 0.9806166947330383 0.5000144607686523 0.49990430931053864 0.5002547430849215 0.4999446736281276 0.5002732117075331 
0.47139232413530163 0.9205115409577146 0.5000674434099747 0.49992381961765786 0.49986687536819546 0.4999432617806744 0.5002740518481563 
0.8365518663599588 0.29206723492620906 0.5000075701707993 0.5000198157176139 0.5002373493663884 0.49978723352523535 0.5003466303823724 
0.8887997327440665 0.8605245477493393 0.5000071805418813 0.500029767505715 0.49988999477882945 0.4999285242819293 0.4999856223706406 
0.6147202590660107 0.7041972270162079 0.500007347493177 0.49997848152549706 0.49988373318309387 0.4997844210980799 0.5000206797318288 
0.5023783890984418 0.6283295175179485 0.4996103449939133 0.5000304904780148 0.4998458608462167 0.49993177933127836 0.500241545189551 
0.6035025953755965 0.1587409016731312 0.5000180520208641 0.49997237388835536 0.4998689110550353 0.49980630325052816 0.5002831640077366 
0.6042057327390371 0.6742248920021805 0.5000763462873478 0.5000295685490836 0.49988468041790407 0.49979604023399227 0.5000199707696419 
1.0 0.040433208588850245 0.49999964046777395 0.49997852763757156 0.5002476341513059 0.4999345120448343 0.5002739553830158 
0.943269724180539 0.028912093669191674 0.4999533131077762 0.4999240516891965 0.4998834967982582 0.49996042019874287 0.5000200398698427 
0.9465910661667312 0.16205669890307584 0.5000180055782179 0.4999710484711231 0.49989941120542597 0.49994498283242156 0.5002298156588432 
0.9992181727823625 0.9957421875144329 0.49994937322577304 0.49997852763757156 0.5002476341513059 0.49993422921283676 0.5002924950513682 
0.9813766530611664 0.8723772001037504 0.50006842102531 0.4999037849646136 0.49988160609839294 0.499946528913563 0.5000215181809344 
0.5129430752556325 0.27435203679560505 0.5000070757918759 0.500031286661788 0.4998960489625311 0.49978457301549256 0.5002583319363071 
0.620899892494817 0.28150037811659767 0.4999996197099298 0.5000160115908232 0.4998958283969075 0.49978582004593664 0.5002576989244902 
0.8123885352134027 0.7766302158287286 0.49999770480507216 0.4999223015889185 0.5002347524982258 0.4997571946638094 0.5000204908236178 
0.11992152659081406 0.35190870217062276 0.4997037524669278 0.49990408045713297 0.49983145572230825 0.4999275241255318 0.500254143760469 
0.6958020830301288 0.7735143248071454 0.4999995870494746 0.4998252299130245 0.4998808680007915 0.4997545792880957 0.5000205553999294 
0.5050470592445642 0.8975952395977859 0.499586998271045 0.4999002759274463 0.499864225325229 0.49993179413010996 0.4999849941684544 
0.9793475463711495 0.06274862412923556 0.5000144607686523 0.49990430931053864 0.49984246978458174 0.4999446736281276 0.5002561001125961 
0.9786207151720939 0.9739046036758097 0.49999813471906335 0.5000170881048318 0.5000339003188331 0.4999418843956813 0.5002573711071688 
0.9994472187007423 0.9335968112809434 0.5000068816818981 0.49997779108970536 0.5002523081554046 0.4998016886601417 0.5000036577658242 
0.9999133882528561 0.2806088984161812 0.500019029171912 0.5000286427154845 0.49989941120542597 0.49994297029811097 0.49998805276587105 
0.43280651645530427 0.13459196197443735 0.4999533638120185 0.4999262992192882 0.4998802034638005 0.5001267421253592 0.5000104491608504 
0.4087817087185052 0.22577976342381278 0.5000394210582307 0.5000190729148106 0.49986902760986957 0.49995468613329674 0.5002964909037878 
0.7986036339287351 0.7703273040907275 0.4997645819135917 0.4999231258555974 0.49990747277928593 0.4999678703107307 0.49999762548003923 
0.3577689658221813 0.3174009883612017 0.4999995870494746 0.5000223019241595 0.5002284794591888 0.499751125974469 0.5002554867639225 
0.7086749466796364 0.2921436653134548 0.5000804062568347 0.5000258009288909 0.4998423523946224 0.49992894988646097 0.5002559451222965 
0.4101594145078539 0.9660425746274468 0.5000068816818981 0.49997779108970536 0.4998721648962332 0.4997972366542247 0.5000036577658242 
0.47139232413530163 0.9534293066942516 0.5000733310831966 0.49992381193417645 0.4998311268380867 0.49992937454607245 0.5002741225037676 
0.5219965638128709 0.9718519592806066 0.49994355562925963 0.4999036811761413 0.49983147408957984 0.499929111109178 0.5000427261416807 
0.5105152500173111 0.1444383472109268 0.49993762503120875 0.5000300837030057 0.49988171269872383 0.4999518616827836 0.5000386400800467 
0.5321627693344266 0.760038405079537 0.5000110269080393 0.49992970778976525 0.4998813749655621 0.4999801806169135 0.5000263489621162 
0.9278926211185198 0.17519437383339564 0.5000180055782179 0.49997862480023686 0.49989941120542597 0.49994498283242156 0.5000226014282207 
0.8365518663599588 0.27840024943317543 0.5000075701707993 0.500019884548246 0.5002373493663884 0.49978723352523535 0.5003466303823724 
0.9994472187007423 0.9711594572026813 0.5000068816818981 0.49997779108970536 0.5002523081554046 0.49995593214999756 0.5000036577658242 
1.270342634290924E-17 0.03590013386863933 0.5000069788955868 0.49996789630149135 0.5002581782009177 0.49967622572010895 0.49997051471460136 
0.7188482460298561 0.64444103110837 0.5000804062568347 0.5000609630243379 0.4998441438318862 0.4999516228627226 0.5002832871705949 
0.2860390046338438 0.2829632902091862 0.4999996197099298 0.5000160115908232 0.4998958283969075 0.4997834814680443 0.5002576989244902 
0.6042057327390371 0.27816271058989606 0.49995485125418787 0.5000306227708193 0.49988394331117675 0.499797065860709 0.5000317547930908 
0.4656412133575037 0.3443782081175052 0.5000760745860466 0.4999225089836856 0.49989581257769544 0.4999432567531975 0.5002804278229006 
0.9860174999942393 0.16205669890307584 0.5000180055782179 0.5000286427154845 0.49989941120542597 0.49994498283242156 0.5002298156588432 
0.8960085274389872 0.6631738310966238 0.5000132792179238 0.500029767505715 0.4998833377095162 0.4999285242819293 0.5002927855811508 
1.0 0.0678598785306887 0.49999964046777395 0.49997852763757156 0.49983536085096614 0.4999345120448343 0.5002568437880789 
0.4366731297686655 0.06274862412923556 0.500013432278143 0.49990428685733757 0.4998415268872127 0.4999446736281276 0.5002561001125961 
0.670813632909371 0.26831180421608447 0.4999981435178133 0.5000170881048318 0.5000339003188331 0.4999418843956813 0.5002573711071688 
0.6706518506176656 0.3258530646701821 0.49999785551159126 0.49992987202818245 0.49986695685066634 0.49995460189924373 0.5002932604709115 
0.9933039390047727 0.22735984366483622 0.5000394210582307 0.5000172238149243 0.4998689110550353 0.4998008609070153 0.5002971439254547 
0.9984858892242859 0.849418235388046 0.5000805618466014 0.500029767505715 0.4998816364162711 0.4999285242819293 0.5002951576024345 
0.9646266459147933 0.023935732305077784 0.49994989685990715 0.4999289015217582 0.4998305669924414 0.4999528761729278 0.5002436959242988 
0.9939667316101541 0.3300191752630114 0.49999964046777395 0.49997852763757156 0.5002476341513059 0.4999345120448343 0.5002739553830158 
