1.0 0.0 0.600180979990311 0.49988766650790556 0.4999077787491899 0.5000516061379472 0.500166198005883 
1.0 1.0 0.6001944765708717 0.49988848464933017 0.49890219888874593 0.5051453250428206 0.5016747835209572 
0.0 0.9987345803513735 0.6001697162165132 0.49988739676614047 0.5001740496628225 0.49984670616970234 0.5000516496690224 
1.0 0.9979861480143533 0.6002486267533562 0.49986873709421725 0.5003024464317202 0.5008659623805496 0.5016326634943847 
0.62360366083397 0.0023040647002171358 0.6001873847022071 0.4998875688861222 0.500160096537875 0.5001341453411383 0.5000519011948178 
0.6383114001659757 0.0 0.6002648059472648 0.4998873876134249 0.5001871740748167 0.4985157744017708 0.5000241660670001 
0.6857412656092908 0.502686255777848 0.6001814627855451 0.4999709676574923 0.5001947807731225 0.5004439411955038 0.5001602177982502 
0.1976251230125834 0.4924741915592793 0.6001921813572855 0.4999592141750949 0.5001948359451034 0.5004594302671003 0.5001418042421114 
0.3788842978716475 0.2226012484517681 0.6001818370937974 0.4998876427186558 0.49991024238833004 0.5000491327514378 0.500166198005883 
0.722698761511775 0.022725563693690942 0.6001931833826643 0.49988770862980186 0.5001438669448425 0.5004286234255657 0.5001659067173151 
0.3773066369524919 0.3590197296735692 0.600180979990311 0.49988766650790556 0.4999077787491899 0.5000516061379472 0.500166198005883 
0.11707883324021445 0.002669734325511826 0.600187295662656 0.499884352706712 0.500160096537875 0.5001341453411383 0.5000519011948178 
0.6137187775946672 0.6888733813413047 0.6001881001532399 0.4999482815922436 0.5001069814025021 0.4998424975317024 0.5003093271214235 
0.45228302428035727 0.5028264187135667 0.6001971173597095 0.5003453331036639 0.49955600822878404 0.5001318051985157 0.5000209201898568 
0.32218093480263765 0.0014602068567615006 0.6002637278018512 0.4998863499907981 0.50025234792077 0.5000447448469789 0.5000416196018989 
0.3171134923924114 0.3678914707811205 0.6001758666323096 0.4998869583934729 0.5001054503196921 0.4994143649844695 0.5001653037108157 
1.0 0.9829607095916475 0.6002650155097969 0.49988839557180903 0.5001604796708685 0.5000336816817201 0.5016765346642952 
0.9405476501665331 0.5455795826136213 0.6002584675527805 0.4999771090691776 0.5001813312393791 0.5004614301626608 0.500150209809587 
0.44462750444292276 0.49490326706172366 0.6001970782722529 0.4999709676574923 0.4995558900116091 0.5004439411955038 0.5001412592334847 
0.6611777189557478 3.6064398709277374E-4 0.6001803833544123 0.4999724581755874 0.5002009294516317 0.5000516061379472 0.5001421226599914 
0.8000396870182666 0.8705683267245028 0.600180979990311 0.49988766650790556 0.49991074589630247 0.5000516061379472 0.5001661422828699 
0.6716469215612197 3.6064398709277374E-4 0.600180979990311 0.49988687943153937 0.500200498988854 0.5000516061379472 0.500160162099412 
0.8883806461552021 0.36299673655520615 0.6001731940926159 0.4998869583934729 0.5001054503196921 0.4994143649844695 0.5001653037108157 
0.842983981525669 0.0014602068567615006 0.6001903800616 0.4998863499907981 0.50025234792077 0.5000447428213418 0.5000412308647184 
0.5718774812317243 0.9926988573800073 0.6001943477820082 0.4998689500769754 0.49906968869511165 0.500440075949086 0.5001540813179112 
0.8444334492560965 1.249550854740346E-4 0.6001704591554955 0.4998863499907981 0.5002521361652477 0.5000341977024565 0.49964960752525406 
0.9557795228799533 0.6825593226291047 0.6002627681151135 0.49986832634692946 0.5002535699387439 0.4998704231022769 0.5000516496690224 
0.8595749622355517 0.5875170625724541 0.6001948326191097 0.4998873890082311 0.5001736834596164 0.5004228680422691 0.5001432560286121 
0.9819619876759377 0.595754239560445 0.6001916809096044 0.49997052131171693 0.5001976773683768 0.5000300536396151 0.5001418235770237 
0.5525445755679147 0.5225746797740591 0.6002587076300374 0.4999802886677506 0.5001735873926886 0.500449368122778 0.5000520467030554 
0.7440350300899936 0.0026913436321389164 0.6002654970225193 0.49988776118062267 0.5001600256944466 0.5004228680422691 0.500146212709683 
0.9974763084965065 0.998955431390405 0.6002486267533562 0.49986873709421725 0.5003127919393875 0.5008659623805496 0.500151590199689 
0.2280321558888746 0.844362002636387 0.6001947072037518 0.4998419672811524 0.5001838716094525 0.49985093420050764 0.500034544082635 
0.9867420164712049 0.029500714142771632 0.600180979990311 0.4998874997735924 0.5001438605132731 0.5004095023054854 0.5001648944804956 
0.029435882236734212 0.49321845156134303 0.6001959106206645 0.49997052131171693 0.500173981738771 0.4998470945405331 0.5001418767561707 
0.5430660620134496 1.022078877651583E-5 0.5998867963252671 0.49986693502591967 0.5001875322391103 0.49986284132092157 0.4996412528810371 
0.787849291885083 0.0026898318196355627 0.6002630112584423 0.5002990867226023 0.5001591043520603 0.5004227570128327 0.5001466360629481 
0.47785050682309227 0.682536075822363 0.6001961394931599 0.4999529315188088 0.5002669226384 0.49984644213185353 0.5000517897927618 
0.4254106729190654 2.1211114548340794E-6 0.600195093547106 0.49986886002915537 0.5001976188179675 0.4985288239685342 0.5000499774555918 
0.9002056830827473 0.2221241242869627 0.600180979990311 0.49988766650790556 0.49990734828641215 0.5004727329168338 0.5000474285539821 
0.5009974093396962 0.8471905732290149 0.6001943474551004 0.4998425271383418 0.5001838716094525 0.49985093420050764 0.500034544082635 
0.2746578581772977 0.9802415361328385 0.6002630112584423 0.49988735223639263 0.5001600256944466 0.5003420225974232 0.500146212709683 
0.06990007098500023 0.2333780101338459 0.6002584675527805 0.49988798335454865 0.5002147629735135 0.5000574527364402 0.5000339763167998 
0.9997539744048917 0.9718699975436964 0.6002548533245281 0.49986881979632014 0.500304170420381 0.5004502371568263 0.5000506083509833 
0.9435273338544947 0.8312015137860658 0.600250128681598 0.49988734882738495 0.5001735605320579 0.4994339018641687 0.5001405621073224 
0.9773205722959508 0.06316408081920492 0.6002594248770894 0.49988798335454865 0.5001520062906567 0.5001189926195216 0.5001651123377215 
0.9645474464490532 0.3299576307850018 0.6002631599741521 0.49994866650231684 0.5001762596868714 0.4998371707306383 0.5003056135798889 
0.787849291885083 0.9364072920106764 0.6002630112584423 0.5003017934122723 0.5001591043520603 0.5004227570128327 0.500146566714587 
0.9146142834763304 0.0010162205693037274 0.6001952121136523 0.4998863499907981 0.5001930304539333 0.5004228680422691 0.5001432548348522 
0.9633367066985524 0.37098514480769507 0.600180979990311 0.49988751083924504 0.5001432615231743 0.5000345755024665 0.5001660094671788 
0.9826403427860448 0.8561440312300908 0.6001915861754988 0.49988766650790556 0.5001962457565299 0.5000292658464942 0.500165619581609 
0.25924220026547584 0.0026913436321389164 0.6002630112584423 0.49988735223639263 0.5001600256944466 0.5004228680422691 0.500146212709683 
0.36454206869827216 0.0028822032435924516 0.600264786830176 0.49987546955246814 0.5001599662793128 0.5004228680422691 0.5000413614816612 
0.2083935825742824 0.05918785479588062 0.6001929754981723 0.49986811422741845 0.5000766077211962 0.4995826550793112 0.500161308341078 
0.7591613803922264 0.5225746797740591 0.6002587076300374 0.49997840600274057 0.5001735873926886 0.5004497209220778 0.5000520467030554 
0.7381126255300134 0.0031341153073317553 0.6002654970225193 0.4999535884571887 0.5001630802619498 0.4998527708827842 0.5000580685882936 
0.9431891498893838 0.07918872794848852 0.6002631599741521 0.4999514874882037 0.5001733036320626 0.49984670616970234 0.5000516496690224 
0.9645474464490532 0.505746597824869 0.6002631599741521 0.4999501921897565 0.5001763116620365 0.4998371707306383 0.500018825491816 
0.7771823142424277 0.0 0.5998184182554356 0.5003033132790832 0.5001871740748167 0.5004420884357064 0.4996412528810371 
0.21580695400225014 0.05484404515474378 0.6001929009248965 0.49986811422741845 0.5000729657472163 0.49985610727182156 0.500030755413716 
0.7589080342887005 0.0624690818210631 0.5003155453227501 0.500270756702856 0.500173406367859 0.5004479240069146 0.5003484789102385 
0.884758333452873 0.47689304028179 0.6001970611158272 0.49995224140216943 0.5001930829492359 0.5000342252525019 0.5001418195650883 
0.029176509348078805 0.6192586174248466 0.6002636296369862 0.4998873544707976 0.5001877167514268 0.49984670616970234 0.5000525586722633 
0.47785050682309227 0.6375291835920467 0.6001951650775825 0.49995225477942606 0.5002669226384 0.49984670616970234 0.5000221235622196 
0.9060879309324706 0.026054796657145274 0.6001947615012083 0.49986804166451937 0.5001928578755214 0.5004290212081778 0.500342061161382 
0.09027464175547167 0.062394695354445584 0.6002584675527805 0.49988798335454865 0.5001520062906567 0.5002168377106924 0.50004222732785 
0.9224006378310932 0.0474573063370205 0.6002513202686754 0.49986887275404374 0.500200498988854 0.5000724882443379 0.5001600286826444 
0.1976251230125834 0.05039119062801267 0.600192178923857 0.4999592141750949 0.5001948931562471 0.500428528137043 0.5001421555386696 
0.9999999893799846 0.8824552436090635 0.6002528819758307 0.49986881979632014 0.5003051833155455 0.5004241545726574 0.49974291237018614 
0.7425785120153907 0.7375771912714765 0.6002586105950102 0.4998872623356822 0.5003484388079699 0.49960102587636235 0.5000500298965698 
0.9474820128796335 0.0 0.600180979990311 0.49988751030366213 0.5001432662893579 0.5000516061379472 0.5001586826476216 
0.5411032060674047 0.0014636118237511698 0.6001982958471606 0.49988687943153937 0.5002009812613109 0.5000445350382826 0.5000412176985707 
0.25924220026547584 0.8331154147462074 0.6002644327647808 0.4998933597225413 0.5001601446251117 0.5000689326088247 0.5001462370859281 
0.10600797059115519 0.4924186326232945 0.6001970782722529 0.49997052131171693 0.5001930829492359 0.5000337161783986 0.5001418235770237 
1.0 0.9247356531336403 0.6001936606694978 0.49986900705970017 0.49890219888874593 0.4994919267634237 0.5001542464409836 
0.799245481022663 0.8844819723303544 0.600257203910389 0.49986516789178775 0.5001977267672698 0.5003928384882664 0.5001430445247599 
0.9002056830827473 0.0 0.600180979990311 0.49988766650790556 0.49990734828641215 0.5000516061379472 0.5001661422828699 
0.3512807554500297 0.638237084286139 0.6002636296369862 0.4998881516086195 0.49994330812754534 0.4995900282379102 0.5000293650541606 
0.880964460567286 0.9928417232151437 0.6001971274776685 0.49997040689884065 0.5001930829492359 0.5000342252525019 0.5001308448758512 
0.2595730756433314 0.9124004712530118 0.6002582975542208 0.49988812275832345 0.4996525243209158 0.5004010870624712 0.5000330477620891 
0.4885043842980695 0.6888733813413047 0.6001840340835662 0.4999483946245847 0.5001069814025021 0.4998424975317024 0.5003093271214235 
0.8883806461552021 0.05356453858082519 0.6001733196987648 0.4998869583934729 0.5001054503196921 0.5004238915435619 0.5001653037108157 
0.7439719524096755 0.49510085519282065 0.6001914883493333 0.4998872623356822 0.5003484388079699 0.4996094561168308 0.5001400888816567 
0.07393656299571982 0.059346814501482506 0.6002584675527805 0.49988798335454865 0.5001520062906567 0.500119074418867 0.5000283119034633 
0.924082009978508 0.935615368685073 0.6001726108871154 0.49988734454025807 0.49960557253976723 0.5004412148002565 0.5001499037060619 
0.9997761531279783 0.0 0.600180979990311 0.49988776411865266 0.4999122473401845 0.5000751176936187 0.5001656036382296 
0.42021812741469816 2.1211114548340794E-6 0.600195093547106 0.49986886002915537 0.5001987489124106 0.4985288239685342 0.5000506312435247 
0.7714305250191509 0.0 0.5998867963252671 0.5003062534955288 0.5001875322391103 0.49986284132092157 0.4996412528810371 
0.9633367066985524 0.0 0.600180979990311 0.49988751030366213 0.5001432615231743 0.5000516061379472 0.5001648944804956 
0.9337724311746318 0.49321845156134303 0.6001959106206645 0.49997052131171693 0.500173090744696 0.5003949915913214 0.5001418767561707 
0.08069166139457679 0.23638006960857327 0.6002584675527805 0.49988798335454865 0.5002116633486574 0.500013222741332 0.5000339763167998 
0.9970267796108024 0.05253425484975932 0.6002483839362208 0.4998673800913826 0.5001929002003871 0.5000342252525019 0.500141964346145 
1.0 0.9955230241300151 0.6001945297215107 0.4998865314216717 0.49937280870540446 0.4995935335777313 0.5016927140509987 
0.9256073911453206 0.4721625302666926 0.6001950947320975 0.4998685551541434 0.500197610012494 0.5004228259317401 0.5001432548348522 
0.3517046026170906 0.689581282035397 0.6001840340835662 0.49988727715908543 0.500104898672515 0.4995911085007885 0.5003093271214235 
0.4422519604051013 0.003548672618832488 0.6001965954770188 0.49988687943153937 0.49956160822734047 0.5000516061379472 0.5001412035346467 
0.9002056830827473 0.22068363616869907 0.6001806181001451 0.49988766650790556 0.5002079794120479 0.5004727329168338 0.5000473988901477 
0.479842241119787 0.012553845361291116 0.5010809697188863 0.499945816777689 0.5002676479356343 0.5003443198825098 0.5000256624017918 
0.9256073911453206 0.48157687110766534 0.6001950947320975 0.4998685551541434 0.5001659466727895 0.5004228259317401 0.5001655401037229 
0.9072583514894047 0.8259904068714624 0.501464861401783 0.4998876726802274 0.500168836046896 0.4991948979878475 0.5001396419166362 
