1.0 0.0 0.5000671345292234 0.5000560560464508 0.49989906430541015 0.49992831651046266 0.49998667224220045 
0.0 0.8694746587023087 0.5000737989763213 0.49999735807917534 0.49999183808135916 0.49991978931781056 0.500274250838176 
1.0 1.0 0.4999990065159326 0.4999441352923969 0.499914012424644 0.49992440702472013 0.49998128042913786 
0.3829571847144756 0.7202910957750683 0.5000689418666856 0.49995424080366685 0.49992096592118734 0.49992557029849577 0.5002778239586985 
0.9447357334587627 0.2437266032901354 0.5000075867928977 0.49995273207058005 0.49992557216631023 0.4998614551085493 0.4999919390970318 
0.30765557058178994 0.9738324331967454 0.5000506918449678 0.5000484664397244 0.49990784669212596 0.499861717990621 0.5000063921801021 
0.3391638957968316 0.09609445666618122 0.5000533260172276 0.499938696451049 0.49986726251987695 0.49992613422612414 0.5000137385340294 
0.8346380198878367 0.6714937480033375 0.5000733084126735 0.4999389099054131 0.499890642251749 0.49985317137420604 0.500315868879846 
0.9900105966997722 0.8439038324095358 0.5000081463092533 0.4999684286696401 0.49999256696676475 0.49992037278876006 0.49998774913520055 
0.9523940337860315 0.9704858443825498 0.5000724102076359 0.4999565886232518 0.4999012928288177 0.5000652145977348 0.500036384502653 
0.8124790578179741 0.09609445666618122 0.5000101759436189 0.49999786621595127 0.49991415009954415 0.49994776646778594 0.5000162304576197 
0.0498048605763534 0.17456871273240476 0.49999844615599515 0.49995327003592605 0.4999259702334221 0.4998541183055198 0.49999400051060877 
0.2724027397703354 0.6411625781338999 0.5000732434109006 0.5000480269717418 0.49998049073035417 0.49985876227088627 0.5002659438781948 
0.7477720121318305 0.7841801284831542 0.5000671049787706 0.49983888259978326 0.4999288474020199 0.499922893623002 0.5002881250350081 
0.5159975225206306 0.7218395440168346 0.5000430165651745 0.5002696012116042 0.49991285370459004 0.5000614594399192 0.49999685092950347 
0.997419989209888 0.04864987542256072 0.5000667864301969 0.49997575861632476 0.49991204903000264 0.49992739443662504 0.5000051628819013 
0.42954868883716185 0.604200164638375 0.5000741303498815 0.49993397539319595 0.49998798551548773 0.4998837703119651 0.5000122729355603 
0.42099861921872594 0.9682032146988153 0.500002673632833 0.4999347181744757 0.4999140010650103 0.4999210811242146 0.5000046087571206 
0.9856533584697714 0.8068264119455912 0.5000005578571555 0.4999413008898126 0.49992557216631023 0.49986231867454667 0.5000061352536337 
0.3988199044216371 0.8852897908183528 0.5000522143964946 0.5000503960650219 0.4999251528803101 0.49992993584665585 0.5000142066615311 
0.9409707455596508 0.8720332230688547 0.5000476763552211 0.49993611345120337 0.4998983954332713 0.49992914626845314 0.5000351194339443 
0.16483005280191249 0.6111566093750863 0.5000719653206251 0.5000477532106513 0.4998985384614312 0.49986460427755575 0.49999161269754844 
0.9603602766427992 0.9972178386177846 0.5000736775815456 0.4999413008898126 0.49989835191463533 0.4998614551085493 0.5000061453226846 
0.32241114452608144 0.9713044837996466 0.5000723696436132 0.49992915952002864 0.49990093358074494 0.49992570504065353 0.5000493712003077 
0.4412618518643711 0.09320523479256654 0.5000861892671851 0.49996297086304914 0.4998974118391786 0.4998601469175657 0.49999742020079846 
0.892917993767958 0.8624720911696447 0.5000549553334751 0.499936662350784 0.4999138497586138 0.49994929048853376 0.5000126556450805 
0.7208729596655825 0.8714212322194308 0.5000103769976041 0.49993121300199467 0.4999139733723744 0.49992107158458166 0.4999811226346647 
0.5846321943437661 0.1542461732356375 0.5000739016589246 0.5000700847459362 0.49999455226725914 0.49991887133880464 0.500046769045834 
0.7786514503510275 0.11190348605316908 0.5000708239757097 0.49994858108744666 0.4999074139790064 0.4998586639463017 0.5000358555984232 
0.13335106017548248 0.9935253549272482 0.5000691170394291 0.4999739857818493 0.4999114052405681 0.5001797730723416 0.5000451932538542 
0.5549376440420559 0.5898077223683147 0.5000709074675059 0.5000559204039171 0.49990716107271094 0.4998586755156859 0.5000450508610534 
0.9563056613532871 0.7476672655553912 0.5000737259806523 0.49998304989501413 0.49989772797071935 0.49991837652489046 0.4999880792166155 
0.6046739485466154 0.7728289068224972 0.5000519523521204 0.49994359849538417 0.49991173684255447 0.4999250409180144 0.5002885833911199 
0.45517508791984984 0.6029515225659179 0.5000693637197791 0.5000560560464508 0.4999117148776042 0.49992831651046266 0.49998667224220045 
0.7152101266548367 0.24342025599301964 0.5000103769976041 0.499930551078799 0.4999139733723744 0.49992107158458166 0.4999986100871361 
0.19540031369850103 0.07135420085810595 0.5000675726403215 0.4999333569854577 0.4999015650752604 0.49991766361713935 0.5000129240445239 
0.9718377351670159 0.9981663365031495 0.5000031774393543 0.4999413008898126 0.49992557216631023 0.4998614551085493 0.5000061453226846 
0.6346178348774957 0.6110696856070773 0.5000660382852475 0.5000421073037965 0.49991172098169223 0.5000633292372155 0.5000356935575789 
0.5796723888820092 0.24798432914161303 0.5000720950446432 0.49997156682704663 0.4999014921626786 0.4999700466550765 0.5000405456684345 
0.7302533241468303 0.6291559718226656 0.5000718377210638 0.49999922039284467 0.49989622960977703 0.49988380986864117 0.5002463876211815 
0.8732166148425873 0.801737731230006 0.5000842614603362 0.49994410208369716 0.49989931189656106 0.4999249158242355 0.4999968820222712 
0.7598280068474362 0.10804791243957773 0.5000747036950384 0.49997350318563266 0.49989934909596817 0.4999649190035255 0.500011254353145 
0.729404425680781 0.26400339159085184 0.5000720958880351 0.49999922039284467 0.4999018483217706 0.49988380986864117 0.5000409722611372 
0.6676776119796273 0.08379635233792043 0.5000874046448793 0.49997137628163363 0.4998788499066445 0.49985829984259866 0.5000147101973598 
0.4987417014238709 0.5839996249176955 0.5000430165651745 0.5002696012116042 0.49991285370459004 0.49992860704293224 0.499996692012472 
0.9073257129312158 0.0018874437284030765 0.5000107050084119 0.49995293671438745 0.4998982702991354 0.49992107158458166 0.49999198066874245 
0.9958272153079937 0.8747873798295824 0.5000673261633772 0.49981703551234435 0.4998977054477634 0.49992914626845314 0.5000353172866209 
0.6676776119796273 0.9208947979738082 0.5000880476333752 0.49993394448659456 0.49991353058148175 0.49992001595342916 0.5000147101973598 
0.7456570963631631 0.8699668725865269 0.5000103773598711 0.49997182841184556 0.49999590034288305 0.4999203438256537 0.500011254353145 
0.6798272301342734 0.6510825787274306 0.5000660803474547 0.49991609189120134 0.4999221677152424 0.5000556512230011 0.5000439841837026 
0.8542436279505284 0.5822787231496992 0.5000710716216303 0.49993869870904756 0.49989839527621877 0.4998837703119651 0.5003043659914679 
0.6496283813349637 0.08847708432237263 0.5000861892671851 0.49994415603715103 0.499995775984675 0.4998601469175657 0.49999742020079846 
0.9447357334587627 0.025882887528781276 0.5000075867928977 0.49995273207058005 0.4999260811271061 0.49986407888293666 0.4999919390970318 
0.9901461700643089 0.7476672655553912 0.5000671151861461 0.4999827762595378 0.49989772797071935 0.49991837652489046 0.4999880792166155 
0.9998883378457389 0.11190348605316908 0.5000708772479435 0.5000653816997469 0.4999074139790064 0.4999286462662184 0.500048249026064 
0.6476861113048297 0.10405442456223551 0.5000101194148074 0.49994492546189456 0.4999056190466525 0.49992137332349057 0.5000481666067269 
0.6277978485429896 0.32818855884833176 0.5000103769976041 0.499930551078799 0.4999139733723744 0.49992107158458166 0.5000057086150757 
0.9453447325880925 0.08666130899110114 0.5000736136598286 0.4999565886232518 0.4998961178162923 0.5000689810689323 0.5000361332589064 
0.61078645943317 0.8732463589654846 0.5000672006522279 0.4999443728659755 0.4999140132286263 0.499812769825213 0.4999814532462753 
0.9706416469718535 0.22136361071761923 0.5000670368256871 0.499930634836544 0.4998907952088611 0.49985414447908755 0.4999869028969786 
0.4911457310986537 0.7317606111012338 0.5000067783151971 0.49996850051621483 0.4998948739255521 0.4999204796830674 0.5003021143842574 
0.8495865776128089 0.5822787231496992 0.5000710716216303 0.4999389099054131 0.49991339166511634 0.4998837703119651 0.5003043659914679 
0.9987077925957918 0.7852226473334756 0.5000477314571966 0.49999822372057506 0.4999142917045963 0.4999366340983593 0.5000236704965734 
0.869796625044981 0.6398849933752505 0.5000042414836025 0.49994138557392975 0.4999259890048067 0.4998837466139886 0.5003044049892498 
0.7496373560003943 0.6029515225659179 0.5000693637197791 0.5000560560464508 0.4999117148776042 0.49992831651046266 0.49998667224220045 
0.8040917290402801 0.1719526456844842 0.5000718006950206 0.5000546916909052 0.49992712875367257 0.49992027148700396 0.49999948950463907 
1.0 0.6628463451422477 0.4999990065159326 0.4999441352923969 0.499914012424644 0.49992440702472013 0.49998128042913786 
0.8398279068304433 0.22020887789811336 0.5000717029914844 0.4999292704809985 0.49989072998420414 0.49992027148700396 0.49999963725353885 
0.2491090712017114 0.869414432641539 0.5000723045190286 0.49997542724980537 0.4999012928288177 0.5001575988818973 0.5000551993260723 
0.9989579693064986 0.17630372760694535 0.5000667864301969 0.49997575861632476 0.499913181702699 0.49996178160671506 0.5000052476100361 
0.07471823076765607 0.9559395488507209 0.5000737124794014 0.49994047171853817 0.49999183808135916 0.49992839470968675 0.4999994200334773 
0.8732166148425873 0.7790650659192803 0.5000845127276833 0.49994383285607796 0.49989931189656106 0.499924308739177 0.4999968820222712 
0.2481098763253871 0.0879772022807665 0.5000861892671851 0.49996297086304914 0.4998974118391786 0.5001508827246184 0.49999742020079846 
0.6900454531403635 0.24342025599301964 0.5000103769976041 0.49995293671438745 0.4999139733723744 0.49992107158458166 0.49999198149797724 
0.6900454531403635 0.0025878207457867286 0.5000105389149968 0.49995293671438745 0.4999139733723744 0.49992833030903705 0.49999198149797724 
0.07283569629384734 0.050312114825038556 0.5000497905619615 0.499975892405919 0.49991236014536705 0.49992739964853916 0.500040109525746 
0.5656265716532786 0.0963689154024131 0.5000101759436189 0.4999784835242334 0.49991171349582886 0.49994776646778594 0.5000160094144216 
0.925065793191276 0.9682032146988153 0.5000055043225319 0.5000522266766759 0.4999141426869115 0.49986642306050755 0.5000046889414258 
0.9056289687817015 0.16511416378891747 0.5000667827748317 0.4999700282129938 0.4999226612293868 0.5000649583054084 0.5003327595061289 
0.10857141115578306 0.06892069297280029 0.5000724495855668 0.4999292704809985 0.4998783196873184 0.49985933382673853 0.49999963725353885 
0.923008544628172 0.5864184956680784 0.5000688722842376 0.5000547669629435 0.49989137060340316 0.4998657080687351 0.49998750593918007 
0.9189936973990341 0.5951239057677875 0.5000660640567928 0.500270161541982 0.49992379696510414 0.5000628744797436 0.5000340367273837 
0.10857141115578306 0.9057801728323367 0.5000724495855668 0.4999292704809985 0.499889998054471 0.4999210499375691 0.49999963725353885 
0.46632416448004377 0.025111410796777478 0.5000669632403212 0.4999565886232518 0.49991191010879016 0.5000650378132957 0.500036384502653 
0.7786514503510275 0.04746770690679669 0.5000710770020158 0.5000660075246308 0.4999075641379774 0.4998586639463017 0.5003189483610427 
0.5361244914553023 0.061239203930866515 0.500066144752421 0.49993331946908626 0.49991318910687316 0.4999631823599376 0.5000338353723962 
0.011481408313856023 0.8699116602749152 0.5000733821295423 0.49999735807917534 0.49999183808135916 0.49992839470968675 0.4999994200334773 
0.16413566503983051 0.718047703162254 0.5000430165651745 0.5002696012116042 0.49991285370459004 0.49986481671382843 0.49999685092950347 
0.9508813485066635 0.11418492958836729 0.5000520102442112 0.4999389076474145 0.4999135855855142 0.49992834384897605 0.5000357173375946 
1.0 0.0597287963557665 0.5000669726118306 0.5000560560464508 0.49989906430541015 0.49992105778600726 0.49998667224220045 
0.61078645943317 0.08568700798235834 0.5000672006522279 0.49994410299157027 0.4999140132286263 0.499924945616418 0.4999814532462753 
0.7985133328195368 0.0034121440386376545 0.5000104225935609 0.4999383210848666 0.49999606814360636 0.49992095567927775 0.500011254353145 
0.2331274992738804 0.8765423178848609 0.5000037072646929 0.5000657428042218 0.4999069936156304 0.49986179198958847 0.5002773935469736 
0.5549376440420559 0.15542692281448367 0.5000708629431292 0.5000685907142284 0.49990716107271094 0.4998586755156859 0.500046769045834 
0.9706416469718535 0.1731073785039901 0.5000671345292234 0.5000479342011248 0.499925750329946 0.4998540869738727 0.49998675514807883 
0.6051236264224242 0.24523929643670173 0.5000672006522279 0.49994371094277984 0.4999140132286263 0.499812769825213 0.4999989406987467 
0.39517932184848004 0.0050892882350094815 0.5000654859186665 0.5000504541552107 0.4999251528803101 0.4999262864222547 0.4999833988915782 
0.19540031369850103 0.648799158860061 0.5000677052624236 0.49993473097642266 0.49990158188830536 0.49991766361713935 0.5000115140568283 
0.47650480929724004 0.09609445666618122 0.5000101759436189 0.4999784835242334 0.49992417706561726 0.49994776646778594 0.5000162304576197 
0.8448801237331995 0.08867797293367397 0.5000119245219737 0.49994486075569633 0.49999494727646765 0.4999619653649576 0.5002979930919987 
