0.0 0.989491929969047 0.39969765747492547 0.49995266785026626 0.4999345153658839 0.5997094232790059 0.4998922036044828 
1.0 3.1265014721022026E-17 0.4000821359847829 0.49941919938020407 0.40091919116236735 0.6000640520321692 0.5003484934423772 
1.0 1.0 0.3998618666047199 0.49989861149374426 0.500714882709255 0.6000527599764683 0.4998859470852837 
1.0 1.180981707933973E-5 0.39986680119545953 0.49964402689140736 0.500713268032511 0.6000640520321692 0.5008892349089413 
0.17888935810206202 0.22697570686238305 0.4001251223303924 0.4998719934734633 0.5004314037234207 0.5005068113340213 0.4999161667833501 
0.8285163223146426 0.989491929969047 0.40011394268485956 0.5003201474500715 0.500064395511435 0.5998738156459615 0.49997143932145127 
0.30053568236233813 0.9527686879814926 0.400196595044751 0.4997625972617625 0.5000001183022268 0.5998648417706937 0.4999532287988217 
0.7504934324587722 0.6407670187511594 0.4001789250192548 0.5003400357519362 0.5003926047507056 0.5997062043207767 0.49997080338293953 
0.7371708439731806 0.18155055037092538 0.40008959767512847 0.5002291173670729 0.5000145308313333 0.599695192004795 0.5003637380933015 
0.9479283200218995 0.47212547371535557 0.40024571572075374 0.5000221022687044 0.4999701259369072 0.5000719069952159 0.4998967474510716 
0.19118861768665324 0.9999788067093816 0.40023746139444566 0.5000221384287017 0.5000060580741398 0.5997006352931324 0.5002535194220606 
0.10298851742998505 0.21246743907749766 0.4001932538846488 0.49987240503388636 0.49998837409248065 0.5996859261052611 0.5003656190083366 
0.9877638883144334 0.001166928250517063 0.4001932538846488 0.4994051993071461 0.49998837409248065 0.5995067075260078 0.5003656190083366 
0.7735785636363578 8.859443370825559E-4 0.4000821346187711 0.5003587601927234 0.5011707013974182 0.6002981893105224 0.5008706474873569 
1.0 0.39762218352942247 0.40018792803138686 0.49997618516312886 0.5013931831532396 0.5996903696319362 0.500859335626801 
0.8377967121161854 0.5696462990674487 0.40017946974847907 0.4999376791189044 0.49986658990199745 0.5017981181484548 0.4998332864730653 
0.5227671117480489 0.9999903973581855 0.40013122021410286 0.4999785478586489 0.5000109898237869 0.5996911530952632 0.5002611948063208 
0.8393845204534669 0.2270988600171321 0.40018294501064705 0.5000156710198523 0.49993898569137285 0.49863370789169853 0.49986404193207223 
0.8393845204534669 0.22184249304068138 0.40018294501064705 0.5000132014689727 0.49993898569137285 0.49863370789169853 0.49986404193207223 
0.10125273114079475 0.7637530616463458 0.4001162364597236 0.4999765799851978 0.5008859698870184 0.49863605097078667 0.5008866841519745 
0.5682956463468594 0.9285365402129653 0.400170671921465 0.4996147862597122 0.4999677911390287 0.5001538340233218 0.49987117434818584 
1.0 0.9524172731386771 0.3998618666047199 0.49990024154586676 0.500714882709255 0.50183411218863 0.49991522336041827 
0.9016654766974458 0.989491929969047 0.40020856101588603 0.4999519546682988 0.49993440489728924 0.5997099366482664 0.49985408008950105 
0.5641023540209779 0.9784012065586658 0.39974002130253866 0.49964648235437376 0.500417091048983 0.5994838807262142 0.49984453101332127 
0.5646064715271466 0.47238991084195797 0.40024680794185413 0.5000221022687044 0.4999701259369072 0.5001538340233218 0.49987117434818584 
0.8634092704190927 0.3844632745434955 0.40028737843204687 0.500025587311607 0.5000439180993766 0.49863370789169853 0.499865243932535 
1.0 0.22167200492982847 0.40008558076410333 0.5002639780891077 0.5006756303653624 0.6000640520321692 0.5003484934423772 
0.6995090999035456 0.002158375706234783 0.40017702745146666 0.4999229416396817 0.5000068881573383 0.600049030461635 0.5009248955506398 
0.9996097201459031 0.39801672983648173 0.4001810568490387 0.49999415969341304 0.5004367387007478 0.5996792572188641 0.50082806444819 
0.3020628465563396 0.9048788479899836 0.400544414469468 0.4999937569139168 0.49932831509881326 0.5007424125892378 0.49988502099357757 
0.5797045664287741 0.9999996565235477 0.39999629165792516 0.49992667938049645 0.39983063111489264 0.5999696573298496 0.5002397675044016 
0.4515930082404691 0.06421433594869339 0.40017416436123243 0.5000157327618096 0.4999356867936939 0.5001538340233218 0.4998695629573925 
0.10583927458117723 0.9975286511482422 0.4001346230070934 0.49987240503388636 0.49998546535997807 0.5995042100104653 0.5003858404680592 
0.9272522488865861 0.989491929969047 0.39969765747492547 0.49995266785026626 0.49993440489728924 0.5997100117535399 0.4998537502069068 
0.9991177051631436 0.1549887278376037 0.3997179439726749 0.500234614332179 0.5000109898237869 0.5998296178340112 0.5002571657020533 
0.9734480145890639 0.8106169080802368 0.40012509872865826 0.49998240373375785 0.5004300295316046 0.49946197711110735 0.4998650342773963 
0.610863376549572 0.9975360087634021 0.4002319900549328 0.5002342275651808 0.49996929440482835 0.5998383100292275 0.500249540975596 
0.9795491865739718 0.39762218352942247 0.4001859882118598 0.4999750349983975 0.50000351576633 0.5996903696319362 0.500859335626801 
0.5806314345793071 0.9993952416692119 0.39969765747492547 0.49995266785026626 0.5000581787744336 0.5999805453170413 0.4998537502069068 
0.9933445740008364 0.37957712101213575 0.40022723314266223 0.4999894849242952 0.5004829908850129 0.5996834332506698 0.4997987235734382 
0.7077516522972465 0.9967311931393438 0.4001763728868283 0.5002343021257823 0.5000115876222611 0.599878355390445 0.49988455451372305 
0.2582547724555967 0.06755916559913189 0.4001131558619073 0.49962807115838676 0.5004777415349315 0.5997095701996388 0.49975564191775723 
1.0 0.01110225065010051 0.3998268844163195 0.4996440299147237 0.49999118391343467 0.6000364749550688 0.5008892349089413 
0.8432605786763584 0.38770254152775696 0.4001783417175243 0.5000156710198523 0.49996840997739517 0.49863370789169853 0.49989733439315864 
1.0 0.7467188671798116 0.40010562986169396 0.49990024154586676 0.500714882709255 0.6000608358158807 0.49991896581597445 
1.0 0.15639296766043842 0.4002257303552938 0.4998929966422718 0.5008855473219691 0.5998366651150313 0.4998857350180763 
0.975211759993521 0.8066599121260574 0.40013216458162676 0.5000221022687044 0.4999461799974521 0.4994256557835194 0.49987075739351705 
0.9996503403332011 0.6347728647002948 0.39969765747492547 0.49995266785026626 0.49993440489728924 0.599845353364506 0.4998448018890049 
0.9729680381552991 0.017110970396085445 0.40017839086312323 0.4996160230499059 0.5000187678402214 0.5004611770224903 0.4998746893441842 
0.8634092704190927 0.9840909223786278 0.4000833491792859 0.5000156710198523 0.5000439162226488 0.49863370789169853 0.499865243932535 
0.9997479217617861 0.18155055037092538 0.40008959767512847 0.5002291173670729 0.5000079862744573 0.5996948498664549 0.5003637380933015 
0.2582547724555967 0.099416065014718 0.4001043972107355 0.49962807115838676 0.5004777415349315 0.5997095701996388 0.49975564191775723 
0.6204963329375554 0.9997624119369085 0.399724845261994 0.4996263072957801 0.5000109898237869 0.5996884503413417 0.49987684286259165 
0.48146567907895677 0.47646574805376357 0.4001744388026901 0.5000157327618096 0.4999356867936939 0.5001538340233218 0.49987117434818584 
0.7474164447801548 0.986267436215549 0.4001765412582341 0.500228163161138 0.5000113594510972 0.59968581222238 0.5002403208169516 
0.995860320008598 0.020248547181472655 0.40017781744017067 0.49941808738091575 0.49993440755663576 0.5004802820713888 0.5003484934423772 
0.9888594569618966 0.7637530616463458 0.4001167240177603 0.4999765799851978 0.5000301854004077 0.5996872989019205 0.5009074107215825 
0.3476606352385892 0.996809142630541 0.4002067202926475 0.4999221479079362 0.5010944592744165 0.5995217192043154 0.4999106025599945 
0.2668980012737949 0.9354182655624765 0.4001842039419322 0.49997460391517423 0.4993208276242008 0.49793232478456506 0.4999134845195333 
0.08715929561945829 0.9968319621683837 0.40017940898716886 0.49963176314516783 0.5000485040354841 0.5995171641369853 0.49990685187501316 
0.02403306756953555 0.6706914151291353 0.39969765747492547 0.49995266785026626 0.49993451616354506 0.5997094232790059 0.4998922036044828 
0.08226445518556685 0.24199536253337015 0.40017940898716886 0.49962443247297583 0.5000076875711802 0.5994995830416179 0.49975349903785704 
0.2856602306118651 0.8996819600444004 0.400544414469468 0.4999925703526302 0.49932831509881326 0.5007424125892378 0.4998850068264323 
0.9496046633465713 0.9995536373188679 0.4000912333636582 0.5000221022687044 0.4999701259369072 0.5998390744657219 0.4999716637897939 
0.6927365714145343 0.9967311931393438 0.40008873369885706 0.5002258337780021 0.5000414899016608 0.599878355390445 0.49987451499189667 
0.8487758384275138 0.8925359574888649 0.40018334676197775 0.49999413365989503 0.4993474460285351 0.49929019533894214 0.5008346846396888 
0.9476417805410494 0.9932686027105282 0.40009320099255996 0.5000155053191137 0.5000052083351173 0.5998479948496052 0.49987117434818584 
0.9991177051631436 0.8123616978112062 0.4000884401590715 0.5002542901278761 0.5000106880626887 0.5998845981763046 0.4998404036893707 
0.05430815411539336 0.10963557939161866 0.4001790608415602 0.500430897631705 0.500082528779943 0.5999657476198812 0.49975429590001264 
0.6518789681372688 0.9967311931393438 0.40023172487572534 0.5002344278378197 0.5000414899016608 0.599676229177366 0.49987853227665374 
0.7474164447801548 6.745578224992554E-5 0.400179076162116 0.49939700697484174 0.5003785093674884 0.6000746392406392 0.4998431779173195 
0.9272522488865861 0.989491929969047 0.39969765747492547 0.49995266785026626 0.49993440489728924 0.5997100117535399 0.4998537502069068 
0.05457887881762513 0.08427420605727298 0.4001763587515073 0.5004347447749283 0.5000825570072013 0.5998799628580137 0.49988455451372305 
0.7474164447801548 0.0012347719578714167 0.4001725915137629 0.49939700697484174 0.5003704030987276 0.5998634488295612 0.49984174745213233 
0.9998262211927165 1.180981707933973E-5 0.4001747373781272 0.49970951553332454 0.500713268032511 0.5998379059941417 0.5009200214408318 
0.5921944362455529 0.9993860191427706 0.3996923023195502 0.49995097199708216 0.5000060580741398 0.5997006352931324 0.5002669044499485 
0.5646437167208788 0.01830766287594915 0.4001784204809962 0.4996008692129604 0.499968229816812 0.5001538340233218 0.49987031028877127 
0.6609213098423773 0.9894031723783157 0.4000832580361104 0.49995266785026626 0.4999235326953053 0.5998349741043291 0.4998922036044828 
0.9997442206325228 0.6216046530297725 0.40017929792007195 0.4996638918843861 0.5004310276828664 0.5998470753515613 0.49984471133787584 
0.5407158594531719 0.9885362842924961 0.39977141837166413 0.4996574586204021 0.500417091048983 0.5998552320924625 0.49984470989654667 
0.10298851742998505 0.17510239121644067 0.4001932538846488 0.49987240503388636 0.49998837409248065 0.5995067075260078 0.5003656190083366 
0.26492446530047814 0.9650834279659336 0.39969765747492547 0.5002278033753254 0.500041749988168 0.5998698776358892 0.4998751843576634 
0.2837992592402685 0.966609705500433 0.40013122021410286 0.49977293827906993 0.5000422365392039 0.5996830772558509 0.5002611948063208 
0.27672738246297757 0.9679136912402687 0.39969765747492547 0.49976453348577515 0.500041749988168 0.5998698776358892 0.4998541124896278 
0.6019175472521799 0.9999996565235477 0.39971051472980057 0.49992667938049645 0.39983063111489264 0.5999696573314518 0.4999106025599945 
0.07050532783111613 0.7025061522849547 0.3997041421232786 0.49995266785026626 0.4999426224323059 0.600077579123761 0.4998927717792892 
0.6964853812777307 0.989491929969047 0.39969765747492547 0.49995266785026626 0.49993440489728924 0.5997100117535399 0.4998537502069068 
0.46267349252717493 0.9285365402129653 0.4001784204809962 0.4996147862597122 0.499968229816812 0.5001538340233218 0.49989537974078313 
0.10125273114079475 0.9959532294994845 0.4001162364597236 0.4999511993901247 0.5008859698870184 0.49863605097078667 0.5002530218947877 
0.7474164447801548 0.9893694466102319 0.40008299953039916 0.500228163161138 0.5000145308313333 0.599695192004795 0.5002688410828877 
0.9862881421795301 0.9677430319929922 0.39969990766763086 0.49995357927849277 0.5000078838820685 0.5998845981763046 0.4998542346122306 
0.9658837617257122 0.9659969090675053 0.40012509872865826 0.49998240373375785 0.5004300295316046 0.49946197711110735 0.4998654621360103 
0.9991177051631436 0.9973138559017827 0.39969061660836364 0.500234614332179 0.5000109898237869 0.599700679077853 0.5002628155545957 
0.4898374576321616 0.47238991084195797 0.40024680794185413 0.5000221022687044 0.4999701259369072 0.5001538340233218 0.49987117434818584 
0.5298487763478483 0.9999788067093816 0.40012448199016826 0.49997691780652637 0.5000109898237869 0.5996830772558509 0.5002611948063208 
0.5966852767259656 0.9915844569864072 0.39969765747492547 0.49994837804940967 0.5000170377214483 0.5998698776358892 0.4998537502069068 
0.0611048607496652 0.6216046530297725 0.4002205479288289 0.49965773645397954 0.5004266360997914 0.5998470753515613 0.49984471133787584 
0.01585129106800015 0.002479941015896159 0.39969765747492547 0.4999502969485281 0.4999345153658839 0.5997094232790059 0.4998922036044828 
0.3020628465563396 0.8996819600444004 0.400544414469468 0.4999912873630371 0.49932831509881326 0.5007424125892378 0.49988502099357757 
0.9997442206325228 0.9690068151048427 0.40011431558567667 0.4996638918843861 0.5004310276828664 0.5998470753515613 0.49984471133787584 
