1.0 0.0 0.49952746893904504 0.49981437791598105 0.5000283463123782 0.5000680192681851 0.5001249309219856 
0.0 0.0024989912133257207 0.4995261950624899 0.4998106551042957 0.5000326944117188 0.5000327452265071 0.5000891770614225 
1.0 1.0 0.5002252930963721 0.4998108290095993 0.5000330399752836 0.4998645251762705 0.5001170676450142 
0.991662643494661 0.7163747518259589 0.4995243187237796 0.4998142786000671 0.500023571097417 0.5000652471656138 0.5001216401919729 
0.7646856743342276 0.983512577863823 0.4994264220841505 0.4997552263326222 0.5001189773840118 0.5001452350071112 0.5002581357577415 
0.861252634953608 0.9999714274451497 0.49942663467372533 0.49974032412806096 0.5000147610111432 0.5000750158062872 0.5001159089764415 
0.7118819791276876 0.12164885370730857 0.49952948183189255 0.49983129098681367 0.500021265246435 0.5000380604222241 0.5001646459704316 
0.9758909795769464 0.6984501024907204 0.5002190182694192 0.4998324437603945 0.5000240551096438 0.49978363170502876 0.5003658719513798 
0.5495138649403503 0.6392340208855154 0.499482612863661 0.49981564771201037 0.5001171034983113 0.5000287859661324 0.5000942523228725 
0.5963488161554062 0.632096613130487 0.49963645551871344 0.4997959576027295 0.5000146582616986 0.500066241954875 0.5001271677912927 
0.9715035604614768 0.05736246296180453 0.49952077612951507 0.49980232015419823 0.500119023096278 0.5000360625954735 0.5001238194740405 
0.45253365419359454 0.6913191778627554 0.49962442654861494 0.4997747087794291 0.5000074715224863 0.5000794056285847 0.5001984163747634 
0.9924391218245635 0.1256701929093783 0.4995143446461135 0.5000511172454629 0.5000064835329838 0.5000423699840137 0.49991544770834845 
0.9898965683558107 0.5871866327428339 0.49952002336117535 0.49980479540514827 0.500016408983154 0.4998082714559377 0.5001493628437894 
0.9299158495398708 0.29359959907678046 0.49961585541592635 0.499812236574054 0.5000212890571656 0.5000650443692236 0.5001173196949318 
0.7852924639057632 0.009440301655789518 0.49952746893904504 0.4997953187602698 0.5000285784393478 0.5000680192681851 0.5001469208264964 
0.5270791280351658 0.007855967329188258 0.49951703457399754 0.49977343623227855 0.5000235685050762 0.500248311979098 0.499388910746752 
0.5628548435104485 0.09059464364038572 0.49951703457399754 0.49979488964301294 0.5000232463694978 0.5000803531927298 0.5001337445644998 
0.5252575701653747 0.6113304575095433 0.4994825172945088 0.49981564771201037 0.5000120033041914 0.49979316369585114 0.5003014771360306 
0.91064668479753 0.6559350817895624 0.49952042912055805 0.4998135044973189 0.5000259812171648 0.5000685969938434 0.5001241126030385 
0.9996433455619581 0.12178015797700999 0.49950685605906203 0.49979573909624375 0.5000059084677131 0.5000646699977138 0.499907454064847 
0.03688447248411596 0.6355408895134268 0.4995189928416285 0.49979398043097123 0.5000211090902115 0.4998659306635816 0.5001574471428046 
0.6406915478321115 0.7887063332387259 0.4996375575579856 0.49981707734207514 0.5000181262313599 0.5000362895057656 0.5000955596297934 
0.90829981246979 1.0 0.49942561435232313 0.4997833674740168 0.5000239890904409 0.5000310524757999 0.500245446216792 
0.8023801210624414 0.9918688510255808 0.4995144936177881 0.4998153199038172 0.5000061234642331 0.500067116346207 0.5001239359089554 
0.4272158172032454 0.9549023307434861 0.49952208624027716 0.4998025874598929 0.5000104288721646 0.5000578737002981 0.5003531662839692 
0.9450281089481842 0.9546052259131925 0.4995190438338341 0.499742588079631 0.5000235997824253 0.5000724138421722 0.4998850761914975 
0.8821727366612475 0.6973559507124193 0.5002190182694192 0.49974098920399657 0.5000166698554142 0.5001656783602765 0.5003677693704905 
0.7665948215252497 0.10045283891486512 0.4995208635228901 0.49980232015419823 0.500119023096278 0.5000360625954735 0.5001236441252956 
0.9462293505669743 0.8828976234736808 0.4995245222215587 0.4998223364310259 0.5000330275415266 0.5000374581954751 0.5001187487230545 
0.8222198956299491 0.00435378894994376 0.4995208635228901 0.4998106398313434 0.5000561105438461 0.5000342774849691 0.5001563662860657 
0.46790998712291504 0.6782347429764661 0.49962442654861494 0.49977583974482415 0.5000782597918221 0.5000800984589789 0.500197380100884 
1.0 0.8488964976452315 0.49951991896303405 0.4998157467216299 0.5000360219654896 0.5000646595113171 0.5001227119555448 
0.09077356444081336 0.09059464364038572 0.4996398356047264 0.4998310716185203 0.5000165855953027 0.5000431727213921 0.5001003786268955 
0.6329156215118752 0.06507808683800426 0.49952077612951507 0.49980422990806733 0.500010307734365 0.5000360625954735 0.5001238194740405 
0.31916140597802295 0.30075834946250646 0.49948714315586734 0.49979728733696954 0.5000774833684953 0.49987839972530645 0.5001195979898635 
0.7735793830214106 0.6084350556211379 0.49963237502937613 0.4997896460881617 0.500012390005678 0.5000340863469298 0.5001241533243608 
0.7015812420024008 0.19135395684360212 0.49952957163197304 0.4998333158163154 0.5000251123807361 0.49981606460356326 0.5001586133076977 
0.43861288648329466 0.09059464364038572 0.49951703457399754 0.49979488964301294 0.5000127839875826 0.5000803531927298 0.5001340213244182 
0.7069659736787526 0.3199615669118374 0.49952005228500224 0.499770655873099 0.5000158546024105 0.5000405883540002 0.5000954982420829 
0.9898965683558107 0.646082684828932 0.49952002336117535 0.4998051043893702 0.500016408983154 0.500053614898123 0.5001493628437894 
0.40038656842615267 0.6099105619957483 0.4995182957734547 0.49977121734772645 0.5000360428581404 0.500060453116335 0.5003017824077273 
0.8445670673236502 0.03219031384528459 0.49961480424464333 0.49973980530788037 0.5000370164052292 0.5000688868411164 0.5001014509920527 
0.3443443443348169 0.8440633371736295 0.49963466247919247 0.49981765046020377 0.5000160874714252 0.5000409186305456 0.5000896861414194 
0.5242742028626808 0.17267867196631148 0.4995200851750491 0.49977267387697594 0.5000364509905738 0.5000665025111359 0.5001193164677179 
0.1758430019021987 0.7320275039224889 0.4995207888521396 0.5000605600285095 0.500010240284221 0.5000550685890288 0.49990578408430436 
0.8795988944741489 0.1757042528445289 0.49952049581222513 0.4997695057904277 0.5000371377411641 0.5000609228930468 0.5003100495191022 
0.6710024286092019 0.6453408710565187 0.4995275023236703 0.49980249464146065 0.5000275211673435 0.49984397644602113 0.5001007975324582 
1.0 0.8189424369218241 0.4995290134914987 0.49979894108968675 0.5000364577355744 0.5000687864275107 0.5001232204668994 
0.34420997503886075 0.6298873374103972 0.49952223894792674 0.49980190993737506 0.5000108200377057 0.5000255441767595 0.49989747001529733 
0.9629867482264816 0.6557941532425039 0.49961480424464333 0.49973992160151365 0.5000351598729149 0.5000688025737431 0.5001151919878654 
0.06620175282677582 0.09059464364038572 0.49964080621714857 0.4998310716185203 0.5000166090747034 0.5000431727213921 0.5001171942813298 
0.6165848306923917 0.6464393343774019 0.4995208635228901 0.49981699949115993 0.5000561105438461 0.5000358832804132 0.5001563662860657 
0.5692529787051845 0.20144661059352792 0.49962602879423834 0.499772671943226 0.5001164841968739 0.5000665025111359 0.5001197108412966 
0.11901489953219047 0.2271668565899366 0.4995207888521396 0.5000605600285095 0.500010240284221 0.5000550685890288 0.49990578408430436 
0.9497590434927002 0.6084350556211379 0.4996157841250836 0.49977130088424654 0.5000066989972234 0.49986782900630344 0.5001241533243608 
0.7806589073281303 0.6464393343774019 0.4995208635228901 0.49979681812882054 0.5000169257121683 0.5000325614029394 0.5001984100711646 
0.9450281089481842 0.9630268416511159 0.4995190438338341 0.4997421273014379 0.5000235997824253 0.5000706763009386 0.4998850761914975 
0.6408510909533025 0.022991827792997688 0.4995270841168894 0.49981763124741263 0.500119023096278 0.49911259868075986 0.5001568316621078 
0.8900782947326689 0.20664214469434916 0.4995200160226199 0.4998133452846776 0.5000061582273528 0.500065035629144 0.5000991977209734 
0.9917121571437755 0.02885261586013199 0.4995189928416285 0.4998142820217075 0.5000208682505026 0.499867564448305 0.5000922009980634 
0.2761870627551716 0.10714483841472897 0.49952402855732103 0.49981564771201037 0.5001239102444215 0.5000790686446119 0.5000942523228725 
0.3261182015520888 0.609244817269398 0.49951001464729894 0.49980188464750774 0.50001240396034 0.500025285217698 0.5001241533243608 
0.7367549053420632 0.6498266583326123 0.499520053640438 0.49981767120034054 0.5000177694266842 0.5000360136749435 0.5001030391310748 
0.5712575034066527 0.1167861534628476 0.49961544378668665 0.4998303585273374 0.500021265246435 0.49986857482250746 0.5001240351226969 
0.22146305165121993 0.641107851954379 0.49952428443496993 0.4997700714578123 0.500078669790225 0.5000694003322007 0.5001216202653627 
0.9211206768018195 0.21201351329309695 0.49953181409828395 0.499770655873099 0.5000792635405349 0.5000689813487077 0.5001195229391069 
0.05576416417375235 0.9994143870754112 0.4996168012719488 0.4998106551042957 0.5000337515043933 0.499867564448305 0.5000907587485375 
0.8894207605049678 0.38118198019561356 0.49953375514540743 0.4998158657332351 0.5000792635405349 0.5000691448234923 0.5001206479180428 
0.5340245142757166 0.1795162440431225 0.49952008174214546 0.4997405240812954 0.5000364509905738 0.5000487548112994 0.5001197565921627 
0.22146305165121993 0.6906381176530866 0.49952437605562283 0.4998170800613167 0.500078669790225 0.5000694003322007 0.5001216202653627 
0.5252575701653747 0.6392340208855154 0.4994825172945088 0.49981564771201037 0.5000120033041914 0.499804828909646 0.5000942523228725 
0.9934792879814616 0.07016372987708858 0.499521403056618 0.49977574527173996 0.500119023096278 0.5000360140665316 0.5001238194740405 
0.9566412249081493 0.9999983293242056 0.49952640752714644 0.4998104735569132 0.5000181897126988 0.49984935875953046 0.5001449021349855 
0.8651139529483347 0.12178015797700999 0.49951415450612735 0.49981648308500387 0.5000059084677131 0.5000430027888133 0.5001000454832771 
0.8071510061390642 0.8440633371736295 0.49963466247919247 0.49981765046020377 0.5000124578217992 0.5000409186305456 0.5000896861414194 
0.1313244104152908 0.21040104228081896 0.4996157462451266 0.4998313805142781 0.5000054550633353 0.5000852141044603 0.5001165094630077 
0.841107672601183 0.6337384682638948 0.49951722242382063 0.4998196661152593 0.5000274520545507 0.4998792495148673 0.5000944831383584 
0.21114385674969982 0.7099017614475617 0.4995192570253554 0.4997738866794496 0.5000274520545507 0.5001450664575796 0.5002581581994533 
0.16695751326920272 0.641107851954379 0.4995268557739156 0.49979528305239185 0.5000786531792492 0.5000705381995201 0.5001568576639442 
0.7309017169423384 0.6084350556211379 0.49961714604273133 0.49977089905420685 0.5000061408595086 0.49986782900630344 0.5000994217976 
0.8166750671961448 0.2098805462955899 0.49952008605194415 0.49974429775958445 0.5000161145565578 0.5000360076857412 0.5003926672844446 
0.7572957296942632 0.30309104833361955 0.49952279668249044 0.4997698093122268 0.5000181262313599 0.5000362895057656 0.5000955589202405 
0.20329950619876525 0.641107851954379 0.49952428443496993 0.4998345673640516 0.500078669790225 0.5000798956535244 0.5001589201192637 
0.67448615667559 0.6453408710565187 0.4995275023236703 0.4997896455131843 0.5000275211673435 0.5000483985158144 0.5001026503911603 
0.9924300181601157 0.23801956333917212 0.4995275070822538 0.5000533521989504 0.5000328266736693 0.5000438576372699 0.5001284950590638 
0.9730354580532191 0.30480428745719845 0.4995146174845644 0.5000549391444071 0.5000163121123447 0.5000814207613676 0.5001081707558444 
0.5589334412006929 0.17563047840760815 0.49951704088781795 0.4997956046881841 0.5000371148008098 0.5000804282793356 0.5003109241366008 
0.4013637806871328 0.6418095199630498 0.49952223894792674 0.49980190993737506 0.5000108200377057 0.49984354846152235 0.49989747001529733 
0.9999456879530094 0.0010781989673487313 0.49952773304901193 0.49980213834875403 0.5000269804793115 0.5000678251568907 0.5001249457712946 
0.24284646706825663 0.31035591221043035 0.4995146174845644 0.5000549391444071 0.5000163121123447 0.5000814207613676 0.500121245993624 
0.9497590434927002 0.5967384301863696 0.4996157841250836 0.49977130088424654 0.500006530452456 0.49986782900630344 0.5001241533243608 
0.6399263506651334 0.9971862804528888 0.49942561435232313 0.4997844539019946 0.5000239890904409 0.5000310524757999 0.5002473126766932 
0.7069659736787526 0.774135029085344 0.4996348131604974 0.4998179239029473 0.5000158546024105 0.5000405883540002 0.5000954989516357 
0.3874753449464362 0.006769602214711148 0.49951994423181606 0.4997737776075615 0.5001064856242681 0.5000694095086613 0.500260073739653 
0.3345180105426788 0.8200130171994109 0.4996336220390199 0.4997985340832446 0.5001197148739067 0.5000794134328003 0.5002015734157275 
0.6399263506651334 0.04340184672215869 0.49951694241305944 0.49978484630753045 0.5000239890904409 0.5002446181552441 0.49939732072275406 
0.9992373302145697 0.04349542838005246 0.49952746893904504 0.49980228392948434 0.5000283463123782 0.5000679887203526 0.5001249309219856 
0.8674176749866882 0.6349122013183959 0.49961065358484974 0.499833221871206 0.5000212890571656 0.500073984156863 0.5001173196949318 
0.9731107914545171 0.5800723912579651 0.49961469611930803 0.4997898655474996 0.500035310244586 0.5000646756575494 0.5001139287588694 
