3.4365651817303E-11 1.0010887336544871 
0.9999877252553734 4.1123308257611863E-4 
0.035998219864969205 0.8113904594991267 
0.477509754261389 0.3100255442026795 
0.0037459510729026535 0.9399365025177163 
0.23478629201664447 0.5234752884877278 
0.056956117591397015 0.7623383197294143 
0.8491625894721988 0.07887883327707876 
0.4529999735548521 0.32764436570802974 
0.11425599116019022 0.663530799548203 
0.2530081064441877 0.49776725683369016 
0.008721862638010752 0.9076326937665623 
0.3136581498163239 0.44083909202438987 
0.6557823101332988 0.19095114027843782 
0.12743351087986593 0.6439668594133594 
0.0674252578225667 0.7413666247405016 
0.14787872707288424 0.6164956963398599 
0.13530133318979645 0.6327818377144018 
0.07412933405436312 0.7288104738488782 
0.2769751840668767 0.47466203635786564 
0.04864467313455225 0.7804794788624269 
0.020451259179315673 0.85794688741454 
0.7026776827386505 0.16271150128667433 
0.6141774614825748 0.21691791606419575 
0.01569894032447605 0.8759480871889057 
0.49413951527039907 0.3003790018456142 
0.5139101157146915 0.2838647419931048 
0.19127487147897965 0.5635369746518791 
0.42260441964002343 0.35078473593246595 
0.9862400776668898 0.007776452158295044 
0.8308779970417179 0.08916032047221714 
0.02609076140605804 0.8392765105084008 
0.8122970780828771 0.0992303401442051 
0.7900051716991197 0.11180992546871354 
0.6355742062808265 0.20340470039005296 
0.9538030036422824 0.023929079567085176 
0.20763876282155422 0.545084056909017 
0.26564341731467467 0.4855607120936389 
0.08427456550530607 0.7105686712808574 
0.7989176722998053 0.10782540187489797 
0.7324143057040776 0.1447409879581317 
0.33062288122078365 0.4258525211858628 
0.7251583245098409 0.1544596772692101 
0.9154626181150123 0.04584764823750161 
0.6828133901402456 0.1743938336363597 
0.6365255963963548 0.2029551095810464 
0.2251972644689404 0.5264170862572971 
0.181883325952009 0.5765178996483995 
0.8665812423062935 0.0696602362825645 
0.567074845914066 0.25489012811518086 
0.4385430197704418 0.3383385840102476 
0.5530527841506649 0.2588054747230001 
0.5442208117097571 0.2628212727204135 
0.710968185887799 0.15759290304945545 
0.9016289413527667 0.051091931275308346 
0.10537111019435619 0.6762937035030577 
0.3901537142657943 0.3791854791792061 
0.5176067323116136 0.2813878794164982 
0.16906162074965897 0.5913801125704824 
0.823564133356699 0.09318699887430099 
0.9640172598582939 0.018678475550799444 
0.2910738736540765 0.46433093132421716 
0.7734497796181878 0.12120515361576241 
0.15691338563226453 0.604964021450252 
0.09488915601556372 0.6932814712851582 
0.5710504524910116 0.24542345457001136 
0.17321141756874425 0.5846281474726481 
0.10185290506803812 0.6816955323659085 
0.5313082857572295 0.27166412729748163 
0.9407461546802267 0.03141227052087757 
0.0018499343111943733 0.9577662836989211 
0.049338580238471236 0.7790734898056404 
0.48878985648389645 0.30162547426762126 
0.8784810820009995 0.06352986919219696 
0.1601900430898569 0.6005554424130057 
0.3674852183151398 0.3948542835410384 
0.3617055545103063 0.399270934267519 
0.025642898972465883 0.8407002357128739 
0.215622725146995 0.5366166340679938 
0.6686578206192153 0.18286626750529697 
0.8867515080737863 0.059028537841716744 
0.2915898829224567 0.46088464235494037 
0.41551793500959844 0.35627300404513895 
0.8951178003521083 0.056078351549560555 
0.9361408910012459 0.03310460115900859 
0.5809430967526954 0.23883707356627445 
0.011953129813419346 0.8923626813107254 
0.3027001006201036 0.45059566722739564 
0.44820281659468736 0.3354516712031363 
0.19083425462951767 0.5703752534013737 
0.593414064945183 0.23061555399615946 
0.6012420663762869 0.2272178851082637 
0.3976548691325942 0.3707411253928052 
0.533570386701703 0.2700928912909219 
0.4081278366132052 0.36178899368138323 
0.30176891216780144 0.45143802027968166 
0.34220390265644307 0.41563515925567246 
0.353609904407437 0.4063375254276801 
0.6709230360775162 0.1818294413338514 
0.093907951176577 0.7018967365625524 
