2.0054844799707023E-7 1.0010641184835494 
0.9996758974508373 8.529121576907487E-4 
0.31759869008030966 0.437407001967605 
0.34755954257305766 0.4121954200433637 
0.8211913090645511 0.09477202041757307 
0.29637223769669946 0.4568225026406083 
0.562007292653866 0.25155175171022 
0.7788617241791913 0.11863598501350657 
0.21301377939082727 0.5395700187496132 
0.2282112859653157 0.5232679444901694 
0.2029926516145743 0.5507222680396315 
0.606853744942968 0.2222672018528732 
0.13533876680562112 0.6339070943314784 
0.0848124057120454 0.7105453553854146 
0.17202741185121406 0.5864239913611263 
0.9258081523755349 0.03868425835562163 
0.7943722016020897 0.11004277808261191 
0.1469529786191136 0.6176445440620408 
0.7145557349623907 0.15571894722943214 
0.6614824809436051 0.1876235045217089 
0.6806374111292228 0.17592484152579893 
0.41491435959414247 0.35720885480259407 
0.0028296219634650344 0.9488556813917709 
0.57296633051251 0.24386383814453194 
0.5390702747976266 0.266861679419223 
0.45545164830201557 0.32590764266875455 
0.6223293133760015 0.21212714951545175 
0.11886343328174637 0.6704641889813653 
0.19071620772011266 0.5679571471333149 
0.07324339330985341 0.7327300127866898 
0.03717682908761844 0.8111878918338533 
0.7027635972072745 0.16268470116461503 
0.022488665639168508 0.8517728923889891 
0.47101027614956953 0.315200989997969 
0.757565679189693 0.13100360333516162 
8.536112943323265E-4 0.972460835412751 
0.8997299033963586 0.0585207874995703 
0.09992813293520039 0.6871042709632698 
0.12655909425600206 0.6457705546077811 
0.16298597973116563 0.5993848366423091 
0.18378587132479846 0.5724586212381613 
0.251431966953498 0.49989109862957604 
0.37536309430874515 0.3907283707916343 
0.5361198704884608 0.2688549719755346 
0.6919688599470468 0.17317287815761542 
0.4021332907185243 0.3670378021246933 
0.017497263839629518 0.8698173001059044 
0.1554520337569228 0.6070571227624886 
0.25857056281256646 0.4927857613614394 
0.732005774135757 0.14556647488481114 
0.5177961161101472 0.2813249508639535 
0.9703263481189155 0.017461072724413856 
0.44656272101721534 0.333212418029135 
0.8342495251134598 0.08740617781613516 
0.9406131256887467 0.032681523071655554 
0.5902696283835565 0.23612357535146575 
0.030112528859364194 0.8280573686395755 
0.5923107093000282 0.2314690996638693 
0.439545537269262 0.34272175417830686 
0.9890441755560837 0.006154200795302824 
2.9835870114137963E-4 0.98477153489804 
0.6325101789451375 0.20588334183562287 
0.3854147437716922 0.3876744240296715 
0.8422116996124398 0.08346014857900644 
0.8586331838898762 0.07456835585583672 
0.0048412999064057285 0.9320927514346626 
0.2814139777202806 0.47101019604838873 
0.9083779554149737 0.047984866481319235 
0.883113344964465 0.06118947209530796 
0.24047113452603472 0.5107349504792092 
0.36032502633794616 0.40083286714723576 
0.11963227717691544 0.6558380290046196 
0.8712280903712022 0.06819250209257766 
0.056180963739779544 0.7650857103955278 
0.5129388239621322 0.29249310179301735 
0.42929017593659724 0.3493194721865888 
0.8527764797372959 0.07750351884628201 
0.268436362743585 0.483196190630198 
0.27144862281631776 0.48038701988626614 
0.3616379481869249 0.39993101849477714 
0.06703693580731557 0.7430748827222026 
0.38999551028476703 0.3766236526457515 
0.23793312133796354 0.5135149254158229 
0.013380882361178695 0.885875943699774 
0.9561468446395556 0.023115183165172404 
0.794258698915602 0.11484510022219704 
0.0991519915580629 0.6885195701914893 
0.03113184855442605 0.8250504563218118 
0.04690952019373534 0.7897178413562266 
0.04247725375532291 0.7957072399780584 
0.5013603706132925 0.29282144027686 
0.021667328301617994 0.8591396981331595 
0.09003553222153897 0.7010809740040661 
0.06169103181899416 0.7533642761914059 
0.009887902971853824 0.9023714056625123 
0.3954464961685698 0.3728904923674415 
0.4782945859110785 0.3096601964668075 
0.7481374357488717 0.13551808864415574 
0.2867982615946517 0.4659219513780249 
0.9469678436052775 0.027762095837227226 
