6.380774699695294E-7 0.9999587737133214 
0.9997182058964511 5.290049980634416E-4 
0.7250798512748207 0.15103949447629358 
0.7480577492023812 0.13565807975246327 
0.17044459264685805 0.5879665908646974 
0.4703498302881777 0.3148805093063176 
0.15248776672959094 0.6102429920447391 
0.07496812379927054 0.7280163879912742 
0.13254937391987753 0.6367117195047276 
0.6838476090234151 0.17370502776840438 
0.08717218963884787 0.7055135458283562 
0.009987730138421691 0.9008241231839387 
0.548550158065042 0.2601040580827918 
0.7894928579845031 0.11191242948100272 
0.9278920267559099 0.03724017680733411 
0.6003461458994365 0.22632176963115422 
0.24689638831371893 0.5037243739057427 
0.43395802561651664 0.3418150101823683 
0.8133320208291045 0.09876271196408289 
0.2968710905758512 0.4559494978029726 
0.6158473487097191 0.21612745587492693 
0.2833416151884634 0.46858665445059033 
0.04943334631534074 0.7786104510171905 
0.042854840593507776 0.8002473475697559 
0.236503222843384 0.5144084614613494 
0.6246347247830558 0.2101316020326243 
0.9444694202132713 0.028584473071555844 
0.36019758934482193 0.4008893443532868 
0.40528673147575794 0.3640613720196474 
0.5796769144777041 0.24458645602534793 
0.06063301066712354 0.7546735614689354 
0.2576474931403924 0.4930680977730455 
0.007195011580785782 0.9219001397976783 
0.10836015820334004 0.6773105121294289 
0.026957120958066044 0.8368817765932068 
0.3937839232875877 0.3732285178823542 
0.4504043275109415 0.33107894517846687 
0.7047013291736641 0.16116824224170273 
0.26571092681387753 0.48535350214385936 
0.0974615026251144 0.6886936900205921 
0.3426111283490309 0.4154070155387974 
0.05324589655827919 0.7705703961975289 
0.031962755337679505 0.8220803224307317 
0.20956447004270978 0.5432421549585991 
0.27604367635608973 0.475345586598126 
0.8988780400071367 0.05243105296539652 
0.8902558606724347 0.05692102753598671 
0.11356904678583515 0.6679912897665531 
0.22787872550003502 0.5236474326472189 
0.7818445884497288 0.11620363696302183 
0.417388286375584 0.354725807714964 
0.9618076254210479 0.019821515524673285 
0.6395741649213025 0.20091473280206448 
0.5104053959089934 0.28746850425319076 
0.763198044959624 0.12770044748809983 
0.3246335461747133 0.4396219266682569 
0.38489446377969755 0.3802947379566366 
0.5381091244234018 0.26719393829634996 
0.14526100838705402 0.6196635627743181 
0.00220588794543769 0.959792699550917 
0.4821153760410509 0.30637626593474926 
0.7065241389467424 0.16023482472216974 
0.8585851668087292 0.07399978941337247 
0.30824236909357244 0.44573118315662014 
0.5652411678693987 0.2490467621492471 
0.12301998257056773 0.6500248730157954 
0.662964411665245 0.18632685183395958 
0.014225489765253785 0.882296293276486 
0.5153603317171831 0.2827624052099916 
0.8750164361327621 0.06511358300158746 
0.022946277075824528 0.8498159319071539 
0.09217851005312253 0.6970502551947426 
0.9749630125176335 0.012968564648920445 
0.17783315645781317 0.5788970994293208 
0.0678791409430605 0.7400481835426447 
0.3658748630070764 0.4003330883060878 
0.8278633870726431 0.0907622357632793 
0.9532504300383562 0.024250626584149476 
0.9126142365456547 0.04516967591488505 
0.19929288327234435 0.5544431164798151 
0.5267579340417443 0.2749754188348393 
0.22014663041856586 0.5315747502471733 
0.020426341880662113 0.8580148781455192 
0.018584026699450196 0.869954911352219 
0.9795179250923444 0.010754788458440603 
0.8766526559769604 0.06430075568306359 
0.656790173877305 0.19351733597018636 
0.0033059900297098543 0.9436184149115593 
0.9155867738107074 0.043626923556141915 
0.49656785506399187 0.2959914365265079 
0.7620901972696804 0.12833858161121076 
0.21815094190537598 0.538679112081363 
4.4905462019781406E-4 0.9796778137628299 
0.3744534301380573 0.38881450364540754 
0.06681092641753275 0.7465347129997763 
0.8472434993419167 0.08017183715082807 
0.30480019824581683 0.44875789524928955 
0.03599597193592907 0.8110965922975171 
0.1875273377270715 0.5677911945928811 
0.4151806373131228 0.35634929035530166 
