0.9999309330444172 5.914433907634732E-4 
1.8732784189812298E-10 1.0011239347822822 
0.6917047785867124 0.1688106363154777 
0.4484349435603245 0.3314766514517403 
0.478640319494129 0.30904371240081063 
0.6619291023223102 0.18701148768353965 
0.0018300886857367652 0.9586860722984635 
0.930013384589609 0.038706587623848196 
0.5859428916559438 0.2354984899653715 
0.11249836275430392 0.665522658798896 
0.3713311606249978 0.40126318372847525 
0.711027241403565 0.15731022202382228 
0.006239976146225068 0.9221729401572913 
0.061515168148609495 0.7534420311377852 
0.9515715147591759 0.02625265079758728 
0.11763918787728744 0.6581338884083144 
0.754249890511438 0.13255176591292575 
0.014596499956490205 0.8853335754844699 
0.8730780341316557 0.0679665155110829 
0.5578979925559533 0.2538893601858678 
0.04352163546294649 0.8002292282239626 
0.8389271526518678 0.0848785316320416 
0.34299489775437086 0.41546043991882636 
0.33156050020075184 0.4280082972357645 
0.1318948783925388 0.6379855229296704 
0.38245085050853433 0.3822144523860984 
0.06923163212250633 0.7411957677523082 
0.15043888657102897 0.6132354579219583 
0.824985335597334 0.09379192797149509 
0.63709625458379 0.20242152257500468 
0.09809002862701183 0.6879089874062709 
0.07588584220106093 0.7259458933718675 
0.032450799048395484 0.8211579277570455 
0.625296143828374 0.2100545522185117 
0.019219667550876285 0.8627075036493294 
0.27626250062503543 0.4768144863526657 
0.20851415285902994 0.5442201459773448 
0.010196063329757366 0.9003351183416509 
0.7224398837738987 0.15071020124267392 
0.9100565186100444 0.047928185442772366 
0.16144112078291803 0.5992047394335374 
0.3936601331015966 0.3733339591024416 
0.41235175704648896 0.3637906290894666 
0.2276927920266227 0.5237978941429404 
0.6022388191298871 0.226033131638695 
0.4415545155987159 0.33639422999902674 
0.14316151451629966 0.6227788739224696 
0.0825380025816072 0.713834371509998 
0.24374888397278358 0.507238898525331 
0.7656915587813177 0.12596199897674265 
0.26582668403938947 0.4857008291730734 
0.571711107822848 0.24493145636617658 
0.41352444912600417 0.35793377778239693 
0.776153781666792 0.12103722954234615 
0.5389345609317624 0.26679727794430436 
0.3190674220364562 0.43586145909495705 
0.18856593074311173 0.5667325708568188 
4.0069920691777894E-4 0.9812734741076855 
0.8900283733085004 0.057199867469585296 
0.7357988214719375 0.1427944380930721 
0.6138198908740362 0.21860302357763317 
0.3083721368761496 0.4453873523544545 
0.19863902416898557 0.55529360426615 
0.515264858044362 0.28303487899085655 
0.2209237032576346 0.5311144167644792 
0.8533173418228306 0.07670578652389982 
0.29725987673887916 0.4557543523797216 
0.17930601885188507 0.577989135437386 
0.025368787110814806 0.841837225563975 
0.052630818112686606 0.7716622805705352 
0.9665233477795483 0.01771010114619932 
0.6505003847201665 0.19417657245138184 
0.17056851133219061 0.5879692729371744 
0.8033520841887531 0.10433649446360554 
0.021663571219977723 0.8539314172929516 
0.5297119424437847 0.27299969705934674 
0.13997543425381598 0.6368704521584044 
0.8832048020019202 0.06071450079889231 
0.7922559890153542 0.11058848297661028 
0.4281549208853455 0.3468648640376082 
0.009974666104179325 0.9183716592351063 
0.48304378699838746 0.30586254546172575 
0.5212418863274468 0.27895736617666955 
0.978127654310343 0.01166497671737451 
0.0010055801004798526 0.9711658815547141 
0.3539072476655972 0.4059529116720026 
0.04524910859020301 0.7890106504231382 
0.4287381442401693 0.34621798132256776 
0.9593635974177259 0.021022498021343476 
0.25226727812640987 0.4984933154160938 
0.04848373576739215 0.7815612085184505 
0.5658638266648586 0.248413064821015 
0.09650078144687532 0.6903614204034245 
0.8527090946228564 0.07701946733893515 
0.8120890954425344 0.09980446484186295 
0.08971660517446085 0.7021233257358699 
0.35567027973357423 0.40435603616150934 
0.5036363499872671 0.2911468954477569 
0.4931808554850547 0.2987718077521817 
0.28542437062971604 0.4670880687908882 
