0.9998586677638298 4.310233801834357E-4 
2.299280402293276E-8 1.0007480254738823 
0.0495487815625453 0.7784194174848235 
0.5456926374890607 0.26200615851127185 
0.11800557746113383 0.6572552331322364 
0.06722844125338572 0.7419992225368732 
0.01875406043499994 0.8637152686503083 
0.2737521859620633 0.49321820957947443 
0.5717691141046726 0.24476503410431863 
0.1026233342430572 0.6803231264325884 
0.9708717341474343 0.024231535160492805 
0.989887699726448 0.005690864692170964 
0.4218572333820376 0.35109428846206364 
0.28319283815393126 0.4688032123626231 
0.18282052197472826 0.5729684880031045 
0.37144519971356416 0.391093970593385 
0.34347608669072494 0.41452270458968826 
0.6338985023327572 0.20453752615774384 
0.6162591672820319 0.21588983199322095 
0.897197226431734 0.05325336710490642 
0.09580966105129046 0.6912819232595728 
0.8785427106577002 0.06321273059952975 
0.4825069448464119 0.30612615033601254 
0.6452640876584017 0.19721316930391572 
0.08544011618777701 0.7087436797406653 
0.5153503828090065 0.2829717956302556 
0.7626595768169016 0.12735234479185323 
0.14774071527426236 0.6166337034204169 
0.1665189585698167 0.5927500024637049 
0.004840354759395175 0.9315976324588237 
0.9322117747633061 0.03504067956163423 
0.22126457847886358 0.5330228817388067 
0.35306295638970664 0.4065489554303278 
0.8560074956904925 0.07555343719855655 
0.21204445365390365 0.5406798767604732 
6.888446969694484E-4 0.9746032680444711 
0.15724063200580896 0.6045672072561638 
0.02584210716878671 0.840380932631895 
0.6055709742611354 0.22263411525657917 
0.32464095559666434 0.43087868508389043 
0.18934542395153472 0.5656704783613256 
0.012760589870908598 0.8879028140309381 
0.4679618241634647 0.31662003226688373 
0.9185211241419284 0.04219352903137983 
0.8679805845202768 0.06914780532238042 
0.5938556533100069 0.23030403747695086 
0.44422952216630335 0.3395570821771812 
0.7175747149764312 0.15366075921305383 
0.710704141091133 0.16095149837235403 
0.007745457998575012 0.9131094941836074 
0.9095901798816813 0.04796834042795382 
0.7765442622923904 0.11958701491507949 
0.9447411989963077 0.028545330953004273 
0.40022230921996155 0.36815937038118296 
0.3075606319845233 0.4460767631223745 
0.3204037987177858 0.43485584365273255 
0.729665767939362 0.14656659440006264 
0.9532883216998352 0.024327170332072816 
0.2546869292559691 0.4971597090353021 
0.6849906011909035 0.1736847673832508 
0.821998863458683 0.09393225809167598 
0.7906167774959523 0.11139022838145968 
0.04115524957990225 0.7980182748146453 
0.6611868352209939 0.18786956237000857 
0.07090021700192423 0.7350424070148743 
0.46767166203539917 0.3268494276596743 
0.8023977068223439 0.10481682152421279 
0.5318104248743751 0.2715523667623505 
0.8284368321086271 0.09036296820469399 
0.5289974100747027 0.27334990540858495 
0.12926133244089594 0.6412634488472682 
0.7493129358028167 0.1351147287105962 
0.23095932550125095 0.5202952285701119 
0.035529613531224774 0.8123641680102113 
0.20006081561715383 0.5538455365063831 
0.07710258965746797 0.7233055412490115 
0.45165973120804864 0.32876050162703446 
0.38654109210307935 0.37926633884444005 
0.6633826209442923 0.18651833090777045 
0.736960775400554 0.14223248505069472 
0.2016956985088168 0.5518225192626418 
0.2917694620872441 0.4603853768602419 
0.009494508579126149 0.9036950499840877 
0.8438605792908216 0.08341000460361947 
0.23310437050978183 0.5179243773532799 
0.6768087162318679 0.17811324639430118 
0.13908020088960868 0.6279293557936576 
0.5844204716285656 0.2361749796229538 
0.29602123816227655 0.4567484340302907 
0.027631040407948032 0.8349455940075389 
0.4937992935893246 0.298154112286716 
0.13770509647823556 0.6300444578572092 
0.08038041016507608 0.7189169019642968 
0.03196426086684459 0.8234004680976907 
0.2505759134489052 0.5002829249149349 
0.8428004072542385 0.08682868980954227 
0.7850988425654453 0.11744945861471123 
0.30646576359595756 0.45190957904447787 
0.0027446715573614666 0.9489899266777289 
0.5796021372080458 0.23934602884525907 
