2.9037434521217605E-9 1.0012434920583224 
0.999985002400934 5.11673987655967E-4 
0.028642555858920338 0.8318784996001836 
0.09218858593776302 0.6977255012911857 
0.041903869628358736 0.7969935134024654 
0.1906877638741883 0.5663729409382422 
0.17426029677157703 0.584536854787897 
0.5773048713814908 0.24132871031869316 
0.11237940165862668 0.6664952976149142 
0.7867034793687891 0.11423761571113666 
0.10633216007361312 0.6780743193558011 
0.24520559342091192 0.5061204999760753 
0.37494277760587646 0.3885365594526351 
0.0035109522460155806 0.9423426402484737 
0.43471704888040535 0.34163542385649925 
0.07764021978632787 0.7226257060143341 
0.609861023355968 0.21993393859833865 
0.5905276276040556 0.232454393097128 
0.7270457807603208 0.14826703270517747 
0.5115870319080221 0.29092610477492714 
0.8357754875441271 0.08700692150681338 
0.4232416993154665 0.3505007395673403 
0.40092222849965 0.36805078800806845 
0.4941229828566148 0.2982188803938445 
0.014537431026564449 0.8808921972302207 
0.31795890065403726 0.4371691115831533 
0.35462681962095527 0.4072884270329292 
0.28299738585365686 0.46966884457924285 
0.4492706844539147 0.33076134959921377 
0.2700726455811599 0.4814904071065753 
0.546273101404281 0.2622215307886975 
0.06572999094649135 0.7449662883902607 
0.877560145131395 0.0641324571949078 
0.15568506693832015 0.6068182111713137 
0.16471653276510131 0.5953180367776224 
0.8064546813000165 0.10284978045326865 
0.8940403316222852 0.05556482327764556 
0.1999970548005457 0.5547094644368812 
0.14665324899836002 0.6183488846250286 
0.3066654256804775 0.4476031344916241 
0.0020190451766632644 0.9670275728420007 
0.9758744201744456 0.014485228010108844 
0.4099309735364606 0.3607370310391537 
0.08187798579255556 0.7155018420720817 
0.38572683545829095 0.38019364766012376 
0.4811982425841331 0.3073121601246625 
0.010106003768001658 0.9010710150706596 
0.46043896080685986 0.3225098865474775 
0.632394622980336 0.2058189835786876 
0.12635816361106733 0.6457292719123879 
0.019036124456290104 0.8665011214621153 
0.6473350256779193 0.19659569633743137 
0.952492984592568 0.024685907755467616 
4.8611409447540943E-4 0.9795660553827114 
0.5320614055314331 0.2717066917754189 
0.8151542465363986 0.09839704966642779 
0.7161716780263747 0.15945599388437903 
0.6912539960219567 0.1715606190673424 
0.994560294332396 0.00462805310294029 
0.3413793277042345 0.4167079084461205 
0.9674205696804122 0.017444309774362007 
0.23166395055404382 0.5198224938378314 
0.8546967153319802 0.07640422353765451 
0.5582170389576546 0.25386259682987616 
0.9170818798975191 0.04901894467288738 
0.6044873437653377 0.22334886768952492 
0.6771090655762788 0.1778986041018425 
0.9043442252855587 0.0503284324435518 
0.8442598200377082 0.08345877814061937 
0.13811375739252907 0.6297489917622914 
0.32962904844004787 0.4271380111494507 
0.005881075855076273 0.9250902322908844 
0.5228738625795685 0.2823226885454745 
0.25718599695660144 0.4942505257911632 
0.9258466109029462 0.03868101907639992 
0.7414726781938915 0.1399943193564004 
0.7444895950318502 0.13943111730841004 
0.22906247104132893 0.523492765095587 
0.7730196064918677 0.12152044344681492 
0.671024065693425 0.18186982619608139 
0.045232694826834355 0.7884258501159453 
0.2194423832080395 0.5334134183891385 
0.6617046906168886 0.18793467338018358 
0.13436703876155975 0.6350507966094496 
0.2968135628541591 0.45648372505157037 
0.6330740212190986 0.20538558018354908 
0.056317717148476915 0.7642868038097395 
0.7003514704443045 0.1661896620181132 
0.7578092772842179 0.13033443799473624 
0.025317251606045643 0.8426495527258322 
0.6576986282188086 0.19355749949391718 
0.7715043725482549 0.1246317576783922 
0.049303205072787376 0.7789580874158063 
0.35161981487235033 0.4083331061458454 
0.7059707810402712 0.16275501583818638 
0.26097517164144707 0.49020069616513234 
0.3333153402816333 0.42373463316776777 
0.4830640188121048 0.30593980640677204 
0.052269968288186516 0.7726828838766525 
0.2920907909641215 0.46081470768989213 
