0.999974065160144 5.031712681040729E-4 
3.047473900502138E-7 1.0005789310703892 
0.9377871531077513 0.03240058994950402 
0.36260736509842234 0.39848192907777036 
0.006566684706806714 0.9221660021362746 
0.27197742663542573 0.47937880072869254 
0.7204078962468488 0.15200930529633802 
0.4605807773339435 0.32206817820036066 
0.6179815154263242 0.22008606403288752 
0.07194536564967435 0.732661974809287 
0.00258840419577748 0.9517945057036687 
0.7009608761903128 0.17142264556844827 
0.16807421453805566 0.5908952120918947 
0.05845437606521153 0.7594197992335674 
0.34119414372550183 0.41673179732650545 
0.2022030921324921 0.5511660048179635 
0.02398249067194308 0.8461755210935907 
0.2136229430894726 0.5388027066449265 
0.5453264541307096 0.26233448691636035 
0.09258659428804619 0.6965348683664581 
0.7396607669476842 0.14084054650557784 
0.5941212282554482 0.2298129726671647 
0.42851576847017625 0.34600274893232935 
0.9006687422941341 0.051580557831004646 
0.2519015830925332 0.49913968935497627 
0.31145895713351346 0.44265107316282737 
0.2995933990775527 0.45361310049856735 
0.03093756467319648 0.8255602484064788 
0.39220703400021584 0.374961467087682 
0.06622796685665933 0.7502444690530109 
0.8426199732687011 0.08263126941547759 
0.020062127788863737 0.8740188039635916 
0.18475234528151618 0.571179024410317 
0.6250772413248602 0.20996632792426928 
0.5238454254667795 0.27688759378245137 
0.8599083891219106 0.0744428543234818 
0.04875995019140925 0.780334470379164 
0.38166561143426325 0.38359571611669896 
0.015836649882428167 0.8781352870035669 
0.67432934495589 0.17985274721479375 
0.7964329973592754 0.10809209375556338 
0.91633183945004 0.043716395008493086 
0.4471418707085354 0.33207765661569344 
0.9844774251700235 0.008357105900944012 
0.8861052441329358 0.05936352664672517 
0.1244186765073706 0.6504547231286706 
0.11606083823602859 0.6601249712226716 
0.28841502503804883 0.46378135629527084 
0.41557149425707496 0.35609274029394056 
0.47833795232800347 0.31241091288847656 
6.339273109054883E-4 0.979946484971099 
0.19134336501081792 0.5633565539984945 
0.6388919502651251 0.20137876640745747 
0.37061197526963496 0.39177129089735746 
0.2400000226606937 0.5146913174138198 
0.03817233421810817 0.805746426468914 
0.43962934350527416 0.33768723952293805 
0.009847937007550364 0.9019370010937344 
0.7553554591713343 0.13139743959198816 
0.7890364665988312 0.11222799390333928 
0.046499503201859416 0.7859430778679607 
0.4104207761216029 0.37199967480124013 
0.0011593626275744062 0.9670938579025267 
0.8127262544654243 0.09914389945815866 
0.4994375313998609 0.29778678032118083 
0.33898326680380164 0.4220547156608246 
0.08306857361893363 0.716337427118802 
0.9523767749515639 0.024572297934887556 
0.4808603854454627 0.3073165520800013 
0.22701061132878464 0.5313374428626617 
0.039827529303493314 0.8017688008790825 
0.08598094188244315 0.711568998858847 
0.4930287229676367 0.29859240398547593 
0.9700464356009232 0.015720093864922166 
0.5105650326870712 0.28622442553519406 
0.02727213303011433 0.8358567704878079 
0.7782516938833416 0.1212051883623836 
0.11148304802091752 0.6727810059040308 
0.5503056751952173 0.2587852066593694 
0.10145278800106072 0.6827129052690067 
0.14476765339231895 0.628465099711169 
0.6610335126784624 0.1887906887723169 
0.2615490735453137 0.4894107762703629 
0.5883816120852517 0.23365173265301187 
0.7685897181221248 0.12416364692192966 
0.7481696999705655 0.13582634526898552 
0.5654629784889753 0.24883857474218546 
0.321541792736669 0.4337844996713193 
0.8313058262365003 0.09598752500273372 
0.14891654979572808 0.6157357242431553 
0.7072911632927319 0.15971062482863244 
0.9137244221797788 0.04492898688369035 
0.32521083375472026 0.43033306885857375 
0.23043125836463418 0.527127613105573 
0.6519881737540552 0.19329830431379205 
0.5768295706772267 0.24119996488980996 
0.15387874892521924 0.6084951769145269 
0.23724905665380158 0.5183696378859751 
0.13843529355946738 0.6315829090825777 
0.8156937938278357 0.09740271892474722 
