0.9998177320062293 5.471078956878953E-4 
4.2924499576039875E-8 1.000942026858007 
0.6082653497838586 0.22252984131467732 
0.900224343357239 0.05233256580457091 
0.4358532809794234 0.3412586047214168 
0.3518998281786956 0.4077611823437104 
0.1845240326444771 0.571541047849552 
0.7961862120937111 0.10836513006905377 
0.820808241302799 0.0945758343603563 
0.03780750763003565 0.8151288569363176 
0.6807656048725926 0.17550334846111712 
0.5756771420197082 0.24188826012353334 
0.11919992107681375 0.6596457986077804 
0.6269607481442604 0.2107456740471557 
0.5835173339707908 0.23679671806393746 
0.4173515490986066 0.3548422124800259 
0.13021685506584618 0.6408167622843471 
0.16593974483629398 0.5934888712254928 
0.9308051110259355 0.038136969517116946 
0.02413335455851151 0.8484749417701203 
0.5513367386343192 0.2583108191496686 
0.9569263443437397 0.02424546267290754 
0.3303966865314142 0.426095645032508 
0.3884144135993994 0.377630312883344 
0.31739157506122473 0.437895403817672 
0.13863946900715896 0.6288227817355116 
0.7240502464895847 0.14991067967547758 
0.06437461389855043 0.7475944347806691 
0.11030358311965582 0.673465351508206 
0.7424973621110446 0.13909409270593487 
0.533584634318589 0.27036563797562924 
0.01126750193396036 0.8951367754210907 
0.22212588834585947 0.5406606995816873 
0.49828358985621335 0.29497046159013224 
0.08547957529765005 0.7089255370940872 
0.1003437605118094 0.684250548628098 
0.4810401211041585 0.31160701272090696 
0.09296824952312781 0.6962168723132942 
0.07268281232182236 0.7311894008433457 
0.7859530154841589 0.1195237420779109 
0.5155957152610147 0.28279658103662925 
0.454346962614239 0.326986934209809 
0.6611536267852636 0.1875504742345385 
0.007893244962528828 0.9125768135854605 
0.7711581997697174 0.12242169340131152 
0.4641636395740923 0.3202760103844622 
0.00228904242393721 0.9597182598963502 
0.36391571126514366 0.39741604181463924 
0.9883824761497291 0.006531501368749809 
0.07809036231113498 0.7217825831429209 
0.48711497045624674 0.30332265993892665 
0.015252140926403535 0.8777180957306203 
0.6948405853397952 0.16705467218266964 
0.3034890098281161 0.45079070676810684 
0.40367297034272487 0.36660413960968824 
0.6573801806231148 0.19001203008659745 
0.20350862904548353 0.549694848709623 
0.7585625618134759 0.1296035713876681 
0.05997898661150497 0.7620058498652881 
0.9682887609399189 0.016644466990726366 
0.19440884630395755 0.55986986986672 
0.3775143804286564 0.3862016994299806 
0.877653413673307 0.06392290401263041 
0.8445299933972964 0.0818159876679842 
0.860693854999921 0.07298941400697159 
0.9762137365664579 0.012468671794526466 
0.2673213753820195 0.4838402327724204 
0.7147803903446281 0.15534735831600316 
0.5105602028893694 0.2863089282127154 
4.3878641948369435E-4 0.9804083069884564 
0.88571656002995 0.059566240504825965 
0.6418749560392685 0.19973325051423338 
0.937382918355049 0.032470989572733984 
0.24032868287757114 0.5104920990593368 
0.0541085699432764 0.7685555632179266 
0.836670105762491 0.08995909570427063 
0.01772312523339148 0.8680106729344486 
0.14944707621345016 0.6150037088660116 
0.6392588520343921 0.20110170005517822 
0.003918976906585769 0.938831680041151 
0.7514158337380202 0.1339425929928996 
0.23004265051645428 0.5210854958191639 
0.4065112878757967 0.3632835510167686 
0.8578889193106886 0.07460933586591242 
0.04932113425652704 0.7787403480202295 
0.37115147468841 0.3913311019952611 
0.32755836899834234 0.4297389483006627 
0.03946437410583595 0.8027043991480377 
0.04535767721478229 0.7879176259191807 
0.15889000521119281 0.6023259224035701 
0.2887022327521916 0.46350713300522334 
0.27761504887333255 0.4740340650371431 
0.30022310138999636 0.4536248739875745 
0.22452733894235546 0.5298949234050349 
8.218749763153899E-4 0.9722737659355988 
0.26228586301065204 0.488732193990689 
0.5409162108445391 0.26531705322500365 
0.2802137779763837 0.47372769079147176 
0.2912968874289098 0.4615180841514851 
0.2486597525806441 0.5024739144387765 
