0.6621915075205885
0.6618797572556108
0.6615378071532313
0.6623820724487094
0.6622688637286668
0.6622632602918065
0.661602601796013
0.661842086317779
0.6621684197850123
0.662223256030937
0.6622845170491268
0.6621025917691831
0.6620116851553738
0.6616422555578637
0.6624401181221666
0.6620340338155737
0.6625461792723056
0.6621186826318404
0.6619957814124094
0.6621165966248215
0.6622004294698053
0.662556673338767
0.6616424448708261
0.662499250985544
0.6618885089044846
0.6624306445837047
0.6617220577737971
0.6624070472533649
0.6622683067247451
0.6621091972013284
