0.010136872068953529
0.010242701529224796
0.010026497429041825
0.0170418749151523
0.0128100906731492
0.011851621566231707
0.011260068351570451
0.015042126641447329
0.017148956514994484
0.011719455149936997
0.012137886120142882
0.011948601112823809
0.011765310512047766
0.011833233817441169
0.013697160879167058
0.01121231009368906
0.011952525948760506
0.011634273704870357
0.014350635189160577
0.012602378409234644
0.014262476967791371
0.015335710174074424
0.009919170137681066
0.010130149906806607
0.012384858892910855
0.010846896387482041
0.014418751257154305
0.010702747006268803
0.011478785581896855
0.010460867300763121
