6.121391282320338E-10 1.0007891559299844 
0.9999334690938587 0.001344564271735884 
0.8826593949508007 0.22299227196862068 
0.727773780251727 0.47313578369815684 
0.8957576595607337 0.19931878281187776 
0.7422714888706097 0.450044470952488 
0.8025951797913392 0.35708396877664433 
0.7224054119622434 0.48947155292622696 
0.2624444670357051 0.9317538182440108 
0.6277596841238072 0.6071539236248765 
0.8147406882049937 0.33756305943170933 
0.3636722953126701 0.86898783660066 
0.455459426813716 0.7934815252506937 
0.7048926684043334 0.5042306218131617 
0.6056516254557418 0.6340452307815173 
0.9286621300708499 0.13919950821224644 
0.22502265348291434 0.9506703016573785 
0.2715688280761495 0.9277504192063203 
0.31681339581989054 0.9004599509588226 
0.5460965828215442 0.7025342350682767 
0.4263502946384329 0.819126828991426 
0.18218010116992236 0.9676455342092796 
0.47050336301269774 0.7802472452116853 
0.2023993426090468 0.9597605081418114 
0.567734053981341 0.6784459085045199 
0.8636961970141979 0.2553736848326914 
0.5908035800336565 0.6519491171894781 
0.9034551071350363 0.18490426510961305 
0.23663269072979368 0.9449798137254697 
0.9878239376610753 0.025330370372539202 
0.7681764107510209 0.41107213858606206 
0.04644580566405476 0.9986631875341053 
0.34420292379644823 0.8860943500026589 
0.6913077468263522 0.5231010862424229 
0.7936414469820847 0.37164257297855774 
0.9365574751853101 0.12408147707134005 
0.5161745991199288 0.734715495689565 
0.2916648334334803 0.915603208104633 
0.6694873308935102 0.553239252876721 
0.41920769380092193 0.8251518146403094 
0.9559236213793263 0.08735710700297675 
0.15900418541145658 0.9756637225342365 
0.6135040428094957 0.6244898850200467 
0.5612514840463463 0.6887837180539201 
0.3904895921678949 0.8485022361455505 
0.44392569394024184 0.8055294267258571 
0.024851126619153813 1.0001103676673364 
0.13434435965059488 0.9826944022218764 
0.9608090884231621 0.07861306933454222 
0.699099134212731 0.5139282581713833 
0.335332894395668 0.889441458125058 
0.5824311472079972 0.6616409783743924 
0.5285454471381112 0.7225299333166008 
0.8423227117431289 0.2916257157643989 
0.8737233666288309 0.24010413382489226 
0.7804033225342988 0.3922397024730985 
0.8454464052717454 0.2865434967478605 
0.16178572957470228 0.9747352562781441 
0.6716002471280559 0.5498398291295709 
0.6538149398163364 0.588570648774509 
0.9413704723372462 0.11526430071073081 
0.07304465632586432 0.9953339809641709 
0.9206451382004128 0.15463620794587662 
0.6561995341649183 0.570326892567482 
0.5391072158609385 0.7110827857028953 
0.4062552612583967 0.8358630597530956 
0.7644936253420692 0.42640129622770073 
0.4924630364056668 0.7581803110173737 
0.4823725545991695 0.7682427537747947 
0.0908900585053013 0.9926238903542663 
0.30964680477323603 0.9087361086674116 
0.19417354078495214 0.963103392527731 
0.4969937465437964 0.7539361210167205 
0.8540992451779438 0.2718200304626144 
0.750560236234314 0.4376344359026019 
0.5065867642312996 0.7445321636150363 
0.855632181707549 0.2696327049279731 
0.8297722226584994 0.3126867148282697 
0.6825337987861505 0.5352516546150561 
0.11369170496327224 0.9879197663690937 
0.0019370488507598482 1.0005677508051032 
0.8707335679168733 0.24310313691982213 
0.9485238022936896 0.10178834576458412 
0.7531393601559626 0.4342041677167408 
0.8334523552709113 0.30676298420426323 
0.9179053482304835 0.15912873680798434 
0.38696674882809357 0.8510671596257634 
0.4781375037461215 0.7724989124321 
0.40686031411543694 0.8354164799416989 
0.4455076094515577 0.8042841879315076 
0.6365080907681401 0.5960252529940014 
0.9673716263385415 0.06609692012862496 
0.1201146621220806 0.9866301216737862 
0.3711804746041347 0.8631914670080546 
0.5323374073888201 0.7185973439016847 
0.8218832768555061 0.3260673792625351 
0.9688390023414748 0.06339044277739084 
0.9110141834833316 0.17342313326752576 
0.6418208898235911 0.5889934226886827 
0.9745962778544167 0.05166454385539486 
