0.9996153659191596 0.001836436070960407 
3.8630292111751726E-11 1.0118910530098157 
0.3926309723127668 0.8466430973196348 
0.4066988713868202 0.8355069838556097 
0.610779302695993 0.6285453263649764 
0.9881893165850478 0.024378608715090004 
0.8960302759214523 0.1987108643409066 
0.7103169482021094 0.501477551086931 
0.7335677203006638 0.46290777396923155 
0.3412974762296925 0.8841946233964115 
0.6948903172230848 0.5183308758402583 
0.500366091560569 0.7510477607336011 
0.5234894247160857 0.7271867813178674 
0.0729176360973961 0.9954293688556256 
0.1915292168155757 0.9640950126812505 
0.950164194264266 0.09898598590786295 
0.6814916921230889 0.5405178753928171 
0.24656226524471012 0.9401813043583976 
0.9424568277551608 0.11716578894246865 
0.449373516492207 0.7987751197038333 
0.42275041424924903 0.8220377453985023 
0.9096806333780985 0.1741036464508988 
0.22829838544040504 0.9490034703982078 
0.8792287433026945 0.228118008402614 
0.7288911779789163 0.4828384114471771 
0.8532355148879041 0.2739769262287238 
0.9658766221690802 0.0693225571618215 
0.35978298714862444 0.871487517454957 
0.830116222519097 0.3144370808733465 
0.0943126366059234 0.9916790050951861 
0.46016940176618176 0.7891159438937828 
0.8209167508303161 0.3276332011782914 
0.8367435744860897 0.3023164289158419 
0.3306323209075773 0.8914801848354049 
0.5697122997127705 0.6766613973725119 
0.7445405248643674 0.4471551956440029 
0.0176137747399555 1.0003260206168934 
0.053263761645203356 0.9982327253446962 
0.6347072978081167 0.5984338646451539 
0.7581267823907681 0.4267821809842897 
0.9759226339965867 0.04882432069456704 
0.48482433109114415 0.7657867522610229 
0.716241870714684 0.48809135438317297 
0.8608108008421129 0.26016033084402734 
0.9228253625457148 0.14977051771341648 
0.5857785591520318 0.6731503211356458 
0.5605476870778728 0.6869129308648693 
0.4369088527334162 0.809824212808731 
0.7792170096143459 0.39384450150046163 
0.20959928947265224 0.9567326528748388 
0.6882254519833365 0.528209786127377 
0.5394627941353843 0.7108141434048832 
0.8720724878351239 0.2407090332333011 
0.9570106690805181 0.08567111898643263 
0.31805241653317895 0.9002325310272719 
0.749274155616951 0.43999454939414145 
0.16495105985152364 0.9738496053743511 
0.8144715818023008 0.33851217362769237 
0.7977926986700203 0.36444610909072456 
0.808669362317904 0.34870144545440535 
0.6472810438784101 0.5907806742026226 
0.9140367964079354 0.1658442516177627 
0.6597457076372 0.5749594231746832 
0.37530716576094836 0.8600684596575735 
0.29879447247709784 0.9117052875979913 
0.5093021393965519 0.7415263238110951 
0.6212302982030526 0.6152627308266448 
0.31037243340624476 0.9051229853822305 
0.8666565093646501 0.2503562339605852 
0.12586221479804305 0.9853240305229185 
0.5975994292099135 0.6440166034931116 
0.10761640416527007 0.9891864310049413 
0.9823082396893972 0.03666975598396291 
0.7669071001058622 0.41963141899573925 
3.396467563658301E-4 1.0113063165894567 
0.5154251412436432 0.7350053285323835 
0.6684700790166246 0.5542632744009596 
0.01701434223756393 1.0003678305340873 
0.6490751197498443 0.5797796975971757 
0.6647259579856752 0.5632310749099622 
0.14365328327353483 0.9804798064213214 
0.801422094306256 0.358610518818387 
0.21670901245791152 0.9536046592563205 
0.4303448143898836 0.8156189498801418 
0.27266752440216224 0.9265267434681667 
0.552542978245307 0.6955983846505664 
0.36549683984815134 0.867332387122072 
0.7887766441009513 0.37921380205998856 
0.5481951393906292 0.7006013514296475 
0.9619572779493423 0.07665001437185724 
0.7738184083622939 0.40213461918420995 
0.5864999434669425 0.6568603151786537 
0.2756665818087297 0.9248381616998158 
0.8440712915025628 0.2888507306802609 
0.7693981259082829 0.4091991579755381 
0.48107840977549576 0.7695149212509697 
0.7878758342539416 0.3803766627985105 
0.8458147834530249 0.2869874576772899 
0.8876371069920463 0.2135863046681785 
0.4702108050016986 0.779772781902098 
