0.999879880855773 0.001471828314181716 
5.179848406903033E-10 1.0005136115994149 
0.30451816652105157 0.9080240782025946 
0.020359592097135837 1.0000922590919712 
0.5665329527217997 0.6797385694066397 
0.9397870127598801 0.11784386355737994 
0.18749218436554377 0.9655842869690879 
0.2863843285452903 0.9186683586698776 
0.05447690462858873 0.9977580792290476 
0.431400663856677 0.8144915048759066 
0.5152178375726051 0.7425776769784049 
0.40231386358047955 0.8430322238670678 
0.38597771035999157 0.8580858667049872 
0.897002482471292 0.19663471879315228 
0.9906295962266025 0.019647269465569245 
0.4940943616062788 0.7566005758901012 
0.6301392532855129 0.6040637030679958 
0.9526320394805103 0.09358616832834693 
0.4418519066715693 0.8054728313343574 
0.7238866636155553 0.47676846855603905 
0.7517306891831366 0.43608909678933333 
0.47910822671478825 0.7820959089646495 
0.6972125465344228 0.5151478584470826 
0.92456443725589 0.14656820335821055 
0.8889048421532277 0.21106522806216474 
0.321958811195887 0.8968266636816199 
0.20927052989488615 0.9567809113758053 
0.48899261105613634 0.7617216975527135 
0.6599292870838527 0.5652847777497845 
0.4150076413988139 0.8285861902559123 
0.17141891092992623 0.9711862267045656 
0.8462125818578233 0.28481718118081023 
0.6094037367178982 0.6294985087434934 
0.14436803736394482 0.979928188042637 
0.6672813863865983 0.5558319268539436 
0.839269118248569 0.2970521205271193 
0.12730843181752655 0.9845106443953878 
0.24926540187446497 0.9383764149001861 
0.8822016551652136 0.22298176237840867 
0.7103251609304765 0.4963464646934438 
0.37275331957603147 0.8616605965992258 
0.7588534737603712 0.4251930788625742 
0.2402428229919078 0.9428617341236786 
0.5460717918534544 0.7026081635706791 
0.15784514914228281 0.9757231899432477 
0.5781338506160888 0.6716175526944268 
0.22511630399733334 0.9501720453925464 
0.6378534074329879 0.5940477231618678 
0.2659795283904135 0.9301401385276984 
0.5947428573046527 0.6471282929442418 
0.8253510323535695 0.3202134611072226 
0.9638474440169129 0.07351921421384962 
0.5186345833636921 0.7320006987923684 
0.9149141429776031 0.1640443775439436 
0.6907861972385246 0.523823042249131 
0.5510061257303879 0.697320734881232 
0.8616452125406258 0.2587368586102827 
0.5997850523405599 0.6411090895340034 
0.7085173257277683 0.49931560339364983 
0.2720525419455199 0.9265604202295369 
0.733555860285535 0.46263426336343627 
0.9670890330728957 0.0662264318369978 
0.8103018457916935 0.34429687667540604 
0.9554571307851019 0.08835123106273703 
0.6498120085755974 0.5786967452283899 
0.4550832379775416 0.7936873882381262 
0.8662661679470677 0.25025326015829846 
0.5311083828077569 0.7249626470410346 
0.8029194025669241 0.3568226508792361 
0.35799953334429013 0.8726207731454503 
0.7910350815195354 0.37535710552154095 
0.3431927977260857 0.8829047429424853 
0.46717106462217833 0.7828078411099569 
0.9344234925568479 0.12817745872582098 
0.11330468811050498 0.9879128652820598 
0.6768824793898713 0.5429267239415064 
0.9296719977401043 0.13725519560082408 
0.6179058683893153 0.619334872173151 
0.8186567946817451 0.330758032485538 
0.9997303028124256 0.001636760002253148 
0.09750302636734953 0.9912323658640425 
0.7866369950539785 0.3889188186267935 
0.6838720334296918 0.5351499912552932 
0.4097101754557865 0.8330244818251481 
0.08029079238486836 0.9942696977770863 
0.5338328128155921 0.7161739837127493 
0.7413765040507002 0.451405775433604 
0.36093847113837496 0.8704990391109778 
0.5841330078240529 0.6596897325735297 
0.9128404341129124 0.16829533445588354 
0.9053704745776101 0.18188318420423985 
0.9849288933183257 0.03236794765659031 
0.729654670038786 0.47150779939120374 
0.4598982945797189 0.7924421132257679 
0.06658498298352195 0.9962477910299202 
0.875029176235378 0.2355740797311698 
0.776004266002321 0.39872023785222854 
0.21636776867020097 0.953893319166447 
0.9773401784318188 0.04566056470843403 
0.8147556044349962 0.3372350983678075 
