0.9999836333176121 0.0012716684017569794 
1.3494823711841138E-9 1.0007690358308126 
0.5077055872915703 0.7431384364838193 
0.8249256162319356 0.32048255798121766 
0.8407857251420339 0.2941706307027856 
0.20334343669775257 0.9593045319950968 
0.7783329806521064 0.3954589432764648 
0.5834382269823676 0.6606769283955245 
0.4397812374078697 0.8075929588119478 
0.5320676422645441 0.7247059507079487 
0.38559502936104917 0.8520724717904294 
0.05477062388683748 0.9974729561093779 
0.459922436813438 0.7898887900797841 
0.8461250095394797 0.28520208371426414 
0.7367120852597826 0.4590335206156582 
0.6492982597546476 0.5815589092398905 
0.17766866683192756 0.9693016094054472 
0.21712219913739814 0.953596503605619 
0.6187188587320747 0.6185038189269334 
0.3158730323644406 0.9009953433219446 
0.3391641211654605 0.8859109429967812 
0.7444584170727523 0.4473684624759328 
0.501529028241911 0.7538622975085923 
0.6814828279880231 0.5366310255592245 
0.48771254472906 0.7633632570421202 
0.857601339422541 0.26610538974959674 
0.6588805387892646 0.5670502391566736 
0.8883689291049526 0.21243893130770836 
0.2812086776359628 0.921872795841501 
0.32652169256207386 0.8943019222770537 
0.7062270606903396 0.5024905630564513 
0.23677364805707501 0.9505573163443936 
0.012992550175463857 1.000615107515851 
0.14636002922927216 0.9792702995859643 
0.984616348013198 0.0322610031938444 
0.24362263114723215 0.9421620142802659 
0.7695644780206201 0.41126190870741264 
0.40371273702252186 0.8482590226529774 
0.9540330464922743 0.09180978969120646 
0.9787505698705704 0.044021056858115505 
0.08120076813192645 0.9944187331193071 
0.9722025310743028 0.05618914438194121 
0.894543304367514 0.20197142799556975 
0.6279924349028896 0.6066757184745465 
0.11442670676153663 0.9880375294505439 
0.5729565427933991 0.6761215817246896 
0.9365983874143674 0.12397778930569417 
0.803613058821509 0.35546311751061543 
0.540939819195287 0.7086976351979671 
0.902142416636157 0.19024279680853073 
0.4062990238902337 0.8357436595349126 
0.9061863866639259 0.1801589104484869 
0.35081119647576997 0.8779155331984893 
0.9173458479800013 0.1604695128788955 
0.9242502618175529 0.14701927115407398 
0.7007487589835784 0.5096584595033742 
0.42214658214623174 0.8243162090633434 
0.7262627434726421 0.4735843205959456 
0.2758683659560931 0.9244029911895213 
0.6396792017834422 0.5917269211585903 
0.5959938344007603 0.6458616305962327 
0.8694634965566723 0.24568919796160413 
0.30068988893223886 0.9103391505438828 
0.8196006943586546 0.3298626731171877 
0.7897033381972949 0.3778757850930268 
0.9594968172330436 0.084875228021692 
0.9128467548808968 0.1681313184024766 
0.3584830323148055 0.872443727398091 
0.47245970875244175 0.777784433514119 
0.5476444021136452 0.7019909734679756 
0.6089538686118152 0.6305209492645822 
0.4791582860005258 0.7712674097636472 
0.8800474906178261 0.22703503459442115 
0.1627182648287428 0.9742533912105412 
0.7692860833623896 0.42371811584590346 
0.036717023125978215 0.9997125853801702 
0.5673142743868783 0.6791942453265076 
0.26039866227703656 0.9328311755350144 
0.13392553429648038 0.9830749611750847 
0.5944015311027189 0.6475364942136141 
0.4218681874020809 0.8334930101398867 
0.6736004946145826 0.5472728722182588 
0.6359149995096347 0.5997768136242894 
0.716578255924555 0.48752521948954636 
0.690475658016993 0.5242160908032746 
0.9914332001872046 0.01849749336427582 
0.5584051019175669 0.6894052237196109 
0.25801489969062896 0.934266499964903 
0.6655858175653993 0.5586198179558303 
0.9450803024175167 0.10825993892486034 
0.9455581151556269 0.10731257445731071 
0.7574392067816151 0.4280095011011959 
0.3715415883991972 0.8629914645123835 
0.8117575792312123 0.34239642226144285 
0.534370329185864 0.722434383437948 
0.6925853982374908 0.5211305230529396 
0.4639119682584658 0.7859819984255747 
0.3010060442215168 0.9101960627381556 
0.12478588492914616 0.9854064397047272 
0.9644392796880311 0.07135453593736293 
