4.1051242741617783E-13 1.0005113669358008 
0.9995306537328835 0.0017436368542481607 
0.07954581179953402 0.9942740113349712 
0.8467967002100698 0.28399223459536005 
0.23795885974245762 0.9440144426551653 
0.8319361618930944 0.3143555561840948 
0.9480023361554782 0.10231102024553396 
0.9205931148608365 0.15358660586510636 
0.8004009167327018 0.3602990451608853 
0.903302071777288 0.1851658826345791 
0.12372180298871521 0.9852440577153506 
0.9142169071150632 0.16554631338368822 
0.42422410101511243 0.8206554294934278 
0.43823825759071483 0.8086280403430606 
0.47231608609856374 0.7775049037940788 
0.21065868694704323 0.9561857345802004 
0.621533007440145 0.6143938870868119 
0.9333649820036807 0.12968995202334874 
0.15593453531647813 0.9762718353186636 
0.881019047918703 0.22474047643021774 
0.044255373210462856 0.9984799577185154 
0.3115238583467959 0.9036499138917578 
0.4603707086088191 0.7887749040125444 
0.5769111796074863 0.6679460033258301 
0.6699968783057387 0.5519663280347881 
0.4498081360498722 0.7983257973021247 
0.5552933369308843 0.6923475626213301 
0.6536380878100749 0.5744013568858383 
0.3303122599457655 0.8980154867548725 
0.5946654669480537 0.6474321493834135 
0.14248116514649545 0.9801420121112808 
0.06157241132860913 0.9967488571121057 
0.9802542006381982 0.04020919037773146 
0.8141963561728929 0.33805077197374767 
0.8938703833237008 0.205188195547324 
0.3705916085369089 0.8632659135126771 
0.5838786883651951 0.6598499855562865 
0.4843361374146682 0.7661246269637466 
0.9578933696182719 0.08345260862177292 
0.8663547727390442 0.2505136748343928 
0.8548517146871611 0.2701631929580223 
0.5638058203852762 0.6831019705267768 
0.6318094998400401 0.601499034411739 
0.5399606772390498 0.7091626242468123 
0.2659021125918397 0.9298965549681143 
0.6131319689697667 0.6284063139496151 
0.8766550195578904 0.2326145447649924 
0.17690467070921323 0.9692472783551348 
0.9693412434071603 0.06134909352236887 
0.9366618023298917 0.1238623636859471 
0.19263090367403884 0.9633840191603197 
0.969657471229241 0.06118218653093747 
0.7552016237495945 0.43072082428680253 
0.7795888002522656 0.3933389738829188 
0.38165635490386085 0.8548706597052376 
0.990037939744401 0.02105695690921225 
0.7030482677925703 0.5068343250436325 
0.8948473312828101 0.20029016022657697 
0.7843019423385594 0.3859569250272291 
0.41218517106832486 0.8308189159593834 
0.020673550239504374 1.0001033029432427 
0.9942284345887951 0.013114276989325357 
0.9570715373359404 0.08609973211865918 
0.8683991436806591 0.2470103721940415 
0.49368519864714167 0.7569274795497067 
0.765541273178642 0.41481338901286097 
0.6891344740094305 0.5259893246356063 
0.6464181002428632 0.5839100524379676 
0.25111681047427054 0.9375487551774394 
0.2800288039976513 0.9219671627018008 
0.6795435552690974 0.5391476220525426 
0.29549919091431853 0.9134796682174526 
0.5278215570295849 0.7222942484167164 
0.7358060913843351 0.4647138143327948 
0.6024391068251803 0.6380712217386203 
0.7082184682513981 0.4994263392302137 
0.7932875312711112 0.371394712501263 
0.7523974204564035 0.4351849943906395 
0.7151424739695437 0.48922944861915746 
0.7431251798584153 0.4485773869498802 
0.5055434902594381 0.7450838993822394 
0.8222260811984248 0.3247380426797433 
0.2995926725349086 0.9109414843801986 
0.1243865957792874 0.9850550481480094 
0.38793615998343445 0.8501225562265005 
0.7323170133503927 0.4647286807263864 
0.40077447079782347 0.8398889614540145 
0.7909440721965242 0.3754596542877528 
0.5126261880505874 0.7379093097008808 
0.7425705811689083 0.44954675325980636 
0.3951753891541288 0.8445808160252182 
0.35964063086305015 0.8711321420199882 
0.6826087434789319 0.5349123962545723 
0.25570763554434783 0.9351678838522642 
0.6715235656953806 0.5499278944103193 
0.7239987339038015 0.47669995087826406 
0.2786464157367221 0.9228768605066083 
0.8529336433687887 0.27346678285885984 
0.696689108723652 0.5182487981444535 
0.18179261131487973 0.967406390088828 
