0.999943695726073 0.001732590945587954 
7.1922250852867E-10 1.000625678787496 
0.9556623120923452 0.08817800119966526 
0.6080098501002237 0.6314145246180323 
0.8733086971271543 0.23871074653786195 
0.16957613073989408 0.9721667224401619 
0.8389240570628056 0.29739132947716007 
0.2734688235577069 0.9262485651826405 
0.382070664922305 0.8549468086685984 
0.8899486775308643 0.20926182268638338 
0.8089446637759101 0.34719273989130234 
0.5957688163352707 0.6458880604113717 
0.8611249175128082 0.25986522165227594 
0.04922367183498877 0.9982349607630105 
0.9006803718784829 0.19038885924723217 
0.5803413824345045 0.6646425157167208 
0.5624068184130474 0.6850477532412554 
0.5504776304576673 0.698026810998327 
0.9393065844292515 0.11900718264490533 
0.43106566827200465 0.8182135757383758 
0.9675316778935912 0.06528723850731058 
0.8819589442828403 0.22334334595579552 
0.7932308415898258 0.3718945751489756 
0.07429122209842648 0.9951304011961672 
0.7761696697805841 0.39888029765471195 
0.40425028565650095 0.8439602851497399 
0.8546491760450677 0.2858066555074995 
0.6330784306685289 0.6001850235299205 
0.2987775187537769 0.9142810261579108 
0.6922101540920167 0.5217314280065468 
0.7938289293970016 0.3715167866274805 
0.7508174993802922 0.43762837496434726 
0.6608319548603754 0.5644119710444646 
0.7726899878994672 0.4127604137970394 
0.7405981750673899 0.4527109518467211 
0.08857802451197282 0.9928526097512473 
0.24572244756814887 0.9444493219883785 
0.5357814920656229 0.7167581682468516 
0.37095454090210533 0.8632303948973974 
0.6242496072606197 0.6117575097395132 
0.4183617663560161 0.8258727990374075 
0.4835165126458683 0.7671112256858554 
0.9833960868751972 0.03438931548409384 
0.5850504268710596 0.6589489854577418 
0.7154242846214623 0.4893485273916677 
0.1466150663306337 0.9794042438381292 
0.6820394320512324 0.5359066258631906 
0.8551612373716428 0.27002155193310307 
0.9938108939528013 0.014930810308147142 
0.02948433554981611 0.9998038626889241 
0.4439634109568197 0.8038950869870718 
0.020416203660234278 1.0001790441160487 
0.35894582924524454 0.8719283546518346 
0.9328599155441365 0.13146575243787512 
0.7044577179700742 0.5048374753172701 
0.2605674107578688 0.9332133370564413 
0.34313741241902584 0.8830340537577361 
0.9895905629658881 0.022123157989759203 
0.71843386544599 0.484857254989599 
0.4646581295389506 0.7852892604974923 
0.20607956020534945 0.9585585707132005 
0.703004390424782 0.5070137719459096 
0.22585256478568694 0.950114149689943 
0.9322385961729321 0.1427790992429098 
0.12673955027289568 0.9848184038290155 
0.4947816801704134 0.7566921605981829 
0.6721004058946061 0.5493160968545142 
0.9099997607041037 0.1734756697587386 
0.7604148210784529 0.4225604705780107 
0.32676243716319486 0.8940901541730624 
0.8295951969941694 0.3139367522317698 
0.8130614448635956 0.3398784685464752 
0.6701011185091457 0.5518882425575106 
0.18721456495780225 0.965781643756891 
0.9076108960485492 0.17772559149488065 
0.6431961848664006 0.5874486852168151 
0.3131886071178117 0.9030943247063403 
0.8189920765013964 0.33050565968296225 
0.1445542291431007 0.9798482972024533 
0.18878116412519452 0.9650292168648559 
0.5574821260865015 0.6903504833999073 
0.12243866669600156 0.9861995567702306 
0.6860244205844421 0.5306766358446713 
0.5065055314900576 0.744461999090947 
0.23588084934306291 0.9456641558412675 
0.4763617000567768 0.7737964295372183 
0.4976406631325542 0.7532943073173359 
0.2052854340739204 0.9587094753208639 
0.9174800418177291 0.159946841842181 
0.5234334517283993 0.7269602192992692 
0.5166055775499109 0.7341547438090746 
0.4710942026362666 0.7787541143329364 
0.7276967622139119 0.4722142957687688 
0.532822009670046 0.7173390349871387 
0.30003044048024563 0.9109137794171532 
0.4455300101037036 0.8023131642518931 
0.6444036125080913 0.5858657847012476 
0.10641480487979099 0.9893795701911257 
0.4095462739295704 0.833142032715103 
0.3110426007243716 0.9040124527041132 
