9.478438930644372E-5
9.127862150256639E-5
9.44538635392752E-5
1.0383704548409348E-4
9.985610394700693E-5
9.873883459278743E-5
9.384054202147712E-5
9.944852127216234E-5
1.0980521506512727E-4
9.498177826485938E-5
9.957883381185482E-5
9.722714857714414E-5
9.064517693771777E-5
9.33647916175058E-5
9.88192702326947E-5
9.341612023292452E-5
9.794660579054226E-5
1.0039417602403377E-4
1.0147659436039681E-4
9.356945870282419E-5
9.528193944315507E-5
1.0070758055049762E-4
9.348614911260867E-5
9.373757212686624E-5
9.283316963669241E-5
1.0118393604809157E-4
9.324192039445715E-5
1.0120552828758251E-4
9.072478032244974E-5
9.166750386526279E-5
