0.060863313737555436
0.045101285560346066
0.061488008861337345
0.05364631552350785
0.10591692352097126
0.0765371311811602
0.25431613639057027
0.056643942033495154
0.13768986221949667
0.2747341457038984
0.09973229224400801
0.04892271264596157
0.0627917089894989
0.07227838338725065
0.2538939682809085
0.0662209155424317
0.24121188543038058
0.07897411358728965
0.23861779778407605
0.05650147277742282
0.04426061614098342
0.0713105314563565
0.06102985708892944
0.061221005446715104
0.10039823515146781
0.32347130453997325
0.05538297125932021
0.09602536753848029
0.07610294505966425
0.08519203707455544
