1.5239787618802954 0.0 0.0 
0.0 0.0 1.0466718556351058 
2.2037834372525157E-17 1.5374198402038903 0.0 
1.051002804367288 5.735055523223886E-13 0.0 
1.8986668626103152E-17 1.324562139442334 0.21404813178460239 
7.287880679472499E-6 1.131215125376186 3.03753293796717E-5 
2.5962477927361236E-7 1.5077576144593459 0.021725180965426426 
0.03789925817367072 0.006644708797672529 0.9598494667030228 
0.6836718270469895 3.744286128731396E-13 0.3438121043903915 
0.6642440497128471 1.1799344607383381E-15 0.857645973036324 
0.00473394495257726 0.7668862190147541 0.2833613899639018 
0.028464282944002318 0.1595599310813605 0.8505511263357399 
0.8781482856997983 4.809381219227891E-13 0.16233910123815823 
0.34388783311168997 0.11960856103656375 0.12618889097551023 
0.7591627954691668 2.2756680404154087E-15 0.7627295557396506 
0.1704463319826785 0.830399364929082 5.415085080072045E-4 
0.7499186444198288 4.107102072797898E-13 0.2610269533256982 
0.4444758969024497 0.0013479918356946257 0.5625091251447668 
0.034908129697695967 0.1911269308382515 0.8145535190635851 
0.0026117243661860326 0.9044573665186647 0.14582370164018857 
0.14623343579210157 0.2887683077742534 0.6094038903573065 
0.49797601974907435 0.45788106956702435 0.07737511378560917 
0.8568403474536979 4.935227704449521E-9 0.21167445663443163 
0.9098924621609036 5.392216032697098E-9 0.11256415475777656 
0.8576780590933228 5.003809191216321E-9 0.21048224120255998 
0.47428314522293685 2.5975208155349134E-13 0.5397906551052662 
0.01738179140356756 0.4280212748426137 0.5690802079139233 
0.5130532945185365 2.809854462283797E-13 0.5144136158097491 
0.005585597199527241 0.7048116702273206 0.003256521370670943 
8.695872699702206E-7 0.24122318098558784 0.7860745521954202 
0.20496308250984446 1.1225274998656514E-13 0.8082317451837404 
0.3808255612370112 0.01133622782079237 0.2229815183310395 
0.09740441365370235 0.4781444017920311 0.4289413011877824 
4.0466329053198666E-7 0.9624867259427988 0.040330143563053436 
0.30957430959831156 0.7547715175397337 5.446484622428104E-4 
3.664703611043891E-6 1.0165874006592244 0.022966799312619687 
0.14167710712141057 0.21343385388900918 0.7032278922954978 
0.019604055842459164 0.6277398981574001 0.35905589227807927 
0.002702486921561644 0.9235211808850243 0.14449401281506033 
0.015275395960622872 0.6060461230933569 0.38009051594151666 
0.006249287342750151 0.5238786478731197 0.46973912016764846 
0.11221465879484417 0.2247513435505994 0.7124762647705525 
0.9845620665785799 0.029604801626577106 0.0 
0.938328288880916 0.0 0.7494859782479234 
0.6460073171181455 0.3880261363328761 0.0 
0.5034640162116196 0.43818167203069586 0.07358818413901111 
0.2742375389325197 0.7903594227389544 5.447769731402656E-4 
0.05400868065399827 0.5011004691768971 0.4491380220357389 
0.5343086157839213 0.42081231252610557 0.07731552272095525 
0.9316297421093682 0.07920360678253549 0.0 
0.002689368705468834 0.2990200781193239 0.7184779192769837 
0.5851202707424605 0.0018007390742367313 0.002690495725422621 
0.01474016466437109 0.5848110040242471 0.40184235473695684 
0.04114518370519931 0.3246915790674245 0.6503768402578005 
0.029186116174650667 0.5540842297916747 0.42074609608256813 
0.24204449436792483 1.3256123873235681E-13 0.7668484448254597 
0.16084700681257239 0.30722011558324386 0.5327160814714892 
0.0035526229777667322 1.0789966229279169 0.0 
0.3232777064687511 1.770504771693407E-13 0.68522443046377 
0.03224823590334307 0.3488718666774343 0.6592357189074812 
2.5239200515890823E-4 0.6705571899820445 0.3936569783884281 
0.00579744104125705 0.6445941270617448 0.37254849222702197 
0.14971413981021509 0.21438411888422013 0.6358906814032269 
0.1745322324514203 0.00993933927503968 0.43571349797375825 
3.7763196780978604E-6 1.0475496555974564 0.006777239345935671 
2.843170555078249E-6 0.7886944405292656 0.2505679872697925 
0.06613187305053647 0.3091060654427996 0.6254296351590997 
0.39639944981420955 2.283180936291461E-9 0.6578898511109202 
0.5423623294262626 2.97037213832365E-13 0.48654879610734453 
0.013760327099596365 0.5459362829418128 0.44456660333991926 
0.0018014399911464754 0.3671887605460778 0.6765783488484535 
0.0028502685040246584 0.9952554663770611 0.0019981237791533435 
0.1318100050791566 0.2598208859839723 0.6527526675424257 
0.9606473017991171 1.7468314203528156E-4 0.051892091513770826 
1.006478829680823 0.019944027067546232 9.363478466680664E-6 
0.9036182469337981 0.10738754827990558 0.0 
0.3720572831470811 0.003195198828859518 0.6254538755785407 
0.9707680695910487 0.05962472710195353 0.0 
0.6108387006576889 2.1536313287873596E-6 0.4109217734907028 
3.5997031194901544E-18 0.25112517415266644 0.804952215947707 
0.301336765307666 0.7638453790719562 5.450764236139718E-4 
0.10506214600134547 0.27017579249199064 0.6254296351590997 
3.4616671427739485E-4 0.6785863407318004 0.36653192681241353 
0.274485344749636 0.7845153665110477 5.419132524370439E-4 
0.6157529649953924 2.17095752901702E-6 0.4062436700828624 
0.022645718557979252 0.5092064075712806 0.471266902178093 
0.3349325189272098 0.0038434939063371784 0.6697794804499553 
0.006241115457586713 2.6144463140881714E-5 1.0046820942658796 
0.04625773586755233 0.4603346642290215 0.49742411845747747 
1.5128959254887857E-4 0.01761726569887 0.986638476253821 
1.0276733790471706 1.5706755638368768E-4 6.142756665516381E-6 
0.0059664741531352756 1.2250138140059282E-6 1.0182161118314417 
3.4337926511775557E-6 0.9525327874111482 0.07491188121744681 
0.6514420781810079 0.38253536171253255 0.0 
0.24267012162742793 1.3290387790174192E-13 0.7658320153051372 
0.10422989829150875 0.50713027694661 0.011398654411619746 
0.050593559823230036 0.48155459049076305 0.4709714699751566 
0.0023755153020867084 1.0664994440983986 1.4430250815784018E-4 
0.004090731971946689 0.5022050827859562 0.497719492890728 
0.5423623294262626 2.97037213832365E-13 0.48654879610734453 
