0.0 0.0 1.010203831566125 
13.090959383680778 0.0 0.0 
0.0 0.0 1.010203831566125 
0.0 1.5338520777515292 0.0 
13.090959383680778 0.0 0.0 
2.1198637417987 0.0 2.2118972937556578E-8 
0.0 0.005371029731369515 0.8550867647038399 
0.00364102287548151 1.3101988679774705 0.0 
0.39955001199097756 0.0 0.6866878935021257 
0.0 1.0523866221653488 8.006255145022969E-6 
8.734617826389794E-4 0.003062907268583172 1.0062706987270456 
0.0 0.64074394306358 0.11303575726651238 
0.0019975421562035186 2.724741787817694E-6 0.5580861119785424 
0.007110761414795553 0.7174076992337972 0.0 
0.0 0.8635682414983229 2.380463949528229E-4 
0.004641530539864874 1.018613199768491 2.2921807541799563E-4 
2.3735185900240007E-4 0.8354895731307102 4.316338678673478E-4 
1.470681885171901 0.010210943528707573 0.0014391358658431535 
1.4941979732140684E-4 0.5259646299213401 0.030599469542802817 
0.10537812363603845 0.1309157385962453 0.36299138659536806 
3.0777361603780705E-5 0.06675018131345603 0.46926960136768425 
0.09521222733563023 0.05858551922573377 0.4136984709647667 
0.0011634615955775267 0.0043180401814179314 0.5227447284484078 
1.0306891733379269 0.0 0.01390474184143198 
0.39044427703872187 0.06236270514418914 0.12903696794149405 
0.8938959040513841 0.0 0.1664451541383332 
0.00431806258838983 0.4113513555608961 0.11835734016134866 
0.8359048656028212 0.0 0.19493083967021502 
0.8243729259181871 0.0 0.23467053142959823 
0.09219576334513642 0.33003650921839395 0.09272220311185796 
0.10986253945225026 0.3922975801763085 0.012960580933262697 
0.09848222421241226 0.2288058249565404 0.2136365286300315 
1.7411835417963738E-4 0.37762924129479786 0.17971532753166908 
0.15373033819576434 0.34436988898451215 0.035932064631837374 
0.09165705251354303 0.2043464477853351 0.2489416993548006 
5.204482872883148E-5 0.11287522948849907 0.4249871604210341 
0.598042052125728 0.00933219492648571 0.03532566709384682 
0.22660415122184083 0.14627210346396516 0.186882298996315 
0.005553216820454791 6.739796099584089E-5 0.5360112734019737 
0.032669510908389834 0.44815658131182307 0.06316319200665124 
0.0010372643082892255 0.25180158997236374 0.284774109349665 
2.1954470867215564E-4 0.3371727717361597 0.22060704677434256 
0.003577525386712327 0.22280053161606164 0.2940235699651735 
0.06365155386074979 0.03965990037877116 0.43972923531297725 
0.002082595709818279 0.2648835899717256 0.26905376592252767 
4.23298829208458E-5 0.005791007644733996 0.5562976289890499 
6.723764663872656E-4 0.23675466081872867 0.3043183216784138 
0.005800145631721411 0.3174626728333088 0.21377663018400414 
2.0766979358424672E-4 0.4503958641267562 0.08505209645952014 
0.041093853153567034 0.47559294674760877 0.02397259001442248 
0.1365692494325234 0.08430787437811679 0.3226481384753081 
0.07261591075489521 0.16547720167964347 0.3035724237197841 
0.004641530539864874 1.018613199768491 2.2921807541799563E-4 
0.27378630889846195 0.273768313867311 0.003785191239895758 
1.1513322488910982E-5 0.024970183394820107 0.5299741570696552 
0.006777546093710442 0.36417898238393115 0.17656259526963336 
0.008346768804893816 0.46334677419781334 0.0754363959830833 
0.23343737769219727 0.29189851206939643 5.207085061768314E-4 
0.16216701952185175 0.10104274678084219 0.2647045559773709 
0.10882904841811002 0.1352029696751111 0.3587207720658341 
0.0010423627201766993 0.2530392573724088 0.27833025557133245 
0.3274038222558614 0.18357425370430036 0.03160929448150952 
0.22701981214355405 0.2820363976626178 0.10548655295411172 
0.0013792186430742303 0.4885471132429663 0.04434407332973445 
0.001754925535075903 0.09741962484429154 0.4479535551665342 
0.016249576176227756 0.17344630244672607 0.35433528786161667 
0.009402525156369771 0.5146337621591196 0.016724898709517422 
8.67864483249845E-4 0.21067885496154665 0.3260662441855215 
0.03964964092204542 0.43898202704900213 0.10302803800657385 
0.15100414626140446 0.33665888268462274 0.057318706219467504 
0.016653588710805543 0.17775869062871213 0.3495276850460688 
0.5238528603059687 0.015257868583004175 2.9140115312600216E-4 
0.8065762716125562 0.0 0.2539739579642167 
0.17303401946058555 0.25648892963435505 0.10970117960771229 
0.0013836574789364475 0.07836686025855012 0.45833858827417623 
0.0 0.21469584787018345 0.3345010816266252 
0.009079048515268777 0.5045201534721427 0.024646880794811397 
0.0 0.10241146256106866 0.44791694801865656 
0.0027987170777024066 0.14931667045862648 0.4145521133761584 
0.45219017344233325 6.168087405777503E-4 0.12903696794149405 
0.1510422905637673 0.052797582256999334 0.3450925171199147 
0.3153126567661692 0.19551026281393039 0.017012799928118317 
0.8914815343112172 0.0 0.16889001527906003 
0.7827620059784788 0.23712060536169347 0.0 
0.001146953395109949 0.15691080203683708 0.4242029467739249 
0.48254322456572113 0.031055977421690355 0.024646880794811397 
0.09122256473555776 0.431740516427148 0.005855623822617042 
0.08274853940350693 0.19014936169084132 0.25216174547958453 
0.14026712030702884 2.810896370182509E-4 0.4329710743970255 
0.4737730612177711 0.002385429104195393 0.07891764396433622 
0.022886887249952005 0.052592191149711 0.4651649616125425 
0.0013451322839429906 0.48682444211048354 0.05742918843851694 
0.8938959040513841 0.0 0.1664451541383332 
0.11922043429984051 0.41887823776481725 0.006716899569902127 
9.089533973492025E-4 0.4871005263793629 0.046110674113192814 
0.1279747370686015 0.08660247478771248 0.33431624398140347 
0.021303648608527518 0.07753850606517428 0.4216597097483605 
0.025986250956119058 0.5001660666060753 0.03060169524978266 
0.006661807499351678 0.36462450237089933 0.17671955991125785 
0.19250592916125045 0.42181589516006324 2.222562226773398E-6 
