2.0977094670651497E-17 0.5204248183445443 0.0 
0.5177325815279517 0.0 0.0 
8.717537981054199E-33 1.0096413223896457E-17 0.5084109460421367 
0.5177325815279517 0.0 0.0 
2.5200115918714812E-18 8.903244491551735E-18 0.5752249143793904 
1.0099945682060322E-17 0.0 0.5085888250925592 
3.6604883429117715E-18 7.030787015476905E-18 0.5383655857597365 
0.0139790705322765 0.33514097953234256 0.16203844908645698 
0.33022525168474753 0.05332993506584337 0.14047703996868183 
0.028168799718381186 0.06694348156207287 0.4156010776356383 
0.049739076689478606 0.1602401689304282 0.3041212529200749 
0.01839374917370428 0.498180415220113 0.006984507514579541 
0.047854233921416967 0.01772713536155837 0.44317070905348493 
0.09548583045269582 0.3493104633625054 0.06661950329325934 
0.1744569599744688 0.09279868763971381 0.25317192049158044 
0.27900834318444034 0.03213130161359522 0.20962344998576887 
0.058464841877299695 0.2368608210017838 0.21689360717728481 
0.3127328116179787 0.07469493751879318 0.14178866839682325 
0.00468760674185858 0.46131208576449384 0.045747696053960146 
0.01823909600637978 0.03824829388865494 0.4613382538708327 
0.1571009057725578 0.2245557508654084 0.12669951245790267 
8.970301399895784E-18 2.4491175806349758E-18 0.5750316947608631 
0.24747223115089292 0.09707005648593102 0.17780365168766232 
0.29871798486905915 0.18429518948656148 0.026683649988353684 
0.08734908559967654 0.18996315315206752 0.24744220214798837 
0.2767684177148043 0.1962276104343102 0.06418499823758667 
0.14155770976741403 0.031348908663966425 0.35750768727296 
0.12521040098849598 0.12580039939084067 0.2667076205834501 
0.06506763384602568 0.07126508895793188 0.3863643547956074 
0.49457324357492494 0.0079022449207661 0.020978058438069422 
0.26620519619682215 0.035900103893715535 0.20988579604180888 
0.010016875455031228 0.48437903691025225 0.017164755730205924 
0.06762406171007322 0.07555698073621016 0.3700542791257193 
0.08557312797099108 0.14632396913717333 0.2910502412784719 
0.14364032094776183 0.10823116538947289 0.2676221290570046 
0.13647913878414553 0.16707539957759915 0.22463652965295994 
0.026126863202218433 0.06209079558016126 0.4225028098589656 
0.48140667126280984 0.0237883148524774 0.004022307172801272 
0.055202356546258206 0.13537697925996606 0.32226048214010644 
0.08471246052423559 0.29087168008831027 0.1490856923496416 
0.038893291751885384 0.006881720143461768 0.4768893344451369 
0.1893741434549418 0.3238163308892144 0.008838833510087043 
0.24218563456565548 0.27339170229112847 0.0067464617955177745 
0.20105742763329892 0.02283165332762612 0.28525998498925076 
0.06887326602856277 0.25626114983716325 0.1871689704601921 
0.09725062149987507 0.3274463806611936 0.08816825492761025 
0.22219848904993428 0.1181937836265108 0.18021132740267148 
0.34436665510862 0.050624011029378496 0.12272116368901777 
0.04122165301948936 0.015270160297700192 0.45243524148898423 
0.1997777773061343 0.28351157298256724 0.035154001969433496 
0.4209703209853658 0.08146389421241584 0.020976335301965673 
0.2527962075092985 0.012413630512829562 0.25603287976792066 
0.030189502371982126 0.0011426563439677897 0.4918597680392229 
0.07265673765632448 0.3160251082185571 0.1212499290451096 
2.049464497882215E-4 0.5195828009837631 1.8588379443621472E-4 
0.11199067588468765 0.3866335169532403 0.011130701769133425 
0.12028572734084052 0.3810399246310504 0.009800054807256126 
0.10497025089266018 0.21953750932749255 0.18680822583799417 
0.029630095858869204 0.4084145713176466 0.08225683901522861 
0.4744346976415347 0.0 0.043815852735073726 
0.011831079784352473 0.4314526115455336 0.07004528113155993 
0.101258479250336 0.37042822101065886 0.03972995919956649 
0.5085483837018967 0.0 0.009184197826054903 
0.4000470376240651 0.10664548955563266 0.0028623214994962947 
0.04418500288598505 0.13996881044574344 0.32960447945172155 
0.03277517105847506 0.39375449804262985 0.09625784011225738 
0.009041133416080916 0.44222927966962355 0.07130729952214745 
0.0728175568014072 0.10020462423437727 0.3462926775188132 
0.4345003487544865 0.046056585050784825 0.053530265640437925 
0.3494103727803273 0.04474982641084023 0.1298196951512732 
0.2359247064036074 0.28546191527657866 0.0 
0.06643265983778751 0.2281055143502082 0.23013165877419178 
0.36042363754911166 0.08751183390574868 0.06162976000567953 
0.40617338958361326 0.06559522744386202 0.048774009884503776 
0.21367723350588208 0.28038609070515697 0.02438059535001188 
0.21075225108352888 0.2659959837296089 0.05063908244841345 
0.4576471264799462 0.05718221776183396 0.0027747145050871576 
0.13229214345798315 0.16284321571390162 0.23306631503265735 
0.4501179958686413 0.051214884866776965 0.020930355230817353 
0.2863217899924711 0.17664731021777705 0.0491488154584376 
0.20610970145956267 0.28609756454840224 0.027980749425743717 
0.11601610900889679 0.3983569871054795 0.010205289844286067 
0.1776017772485584 0.018769908628840523 0.3154558999466768 
0.18317338587875265 0.25206586306895007 0.08408488593357955 
4.8274330410376436E-4 0.45149602708937114 0.06911277137083159 
0.4612196069842012 0.008569459289801512 0.051539097160605805 
0.20043976041625447 0.028396669971042485 0.29549639924724663 
0.007891412117456859 0.41740707812825906 0.096959540142551 
0.35931031154499193 0.04812784433681965 0.11035382500073061 
0.14768021487942923 0.36477245227277083 1.6913405817727732E-4 
0.3822426932681639 0.06173052456583472 0.08006796787593459 
0.2095368554411192 0.13154242775321953 0.1812666561301475 
0.15617176370937946 0.30633108558066013 0.049125970916293456 
0.37003372482124086 0.010016304845007193 0.15451145519613516 
0.2896360456140757 0.007840050061313929 0.2370853891869936 
0.05767529845499959 0.14144156465878407 0.31372295483254703 
0.418638046159273 0.044375197473831375 0.05394650235621563 
0.01915310127304988 0.2470201516129777 0.2555953885373311 
0.36615878505451227 0.10552791520648258 0.03972995919956649 
0.3747823349582305 0.04309359313251987 0.10480566134828272 
