0.0 0.0 0.5038030874192518 
0.505474560953056 0.0 0.0 
2.44369485786251E-17 0.504040522269122 0.0 
0.0 0.0 0.5038030874192518 
0.3412992037135098 0.14141507979931156 0.0219786823141032 
0.20958202677232307 0.024524302332312668 0.27229280303278885 
0.0474714775648429 0.016690885824233778 0.4422989687681049 
0.445919429764977 0.05202359459211095 0.006645334175054706 
0.09092959960440093 0.3865659981653508 0.029362405366027227 
0.0026973706842110183 0.47086302219540516 0.08951329990911253 
0.042865185187066425 0.10283514498189415 0.36157770336936657 
0.10857498560852548 0.23286963557568532 0.16425913129260475 
0.0564543411573469 0.318554191989385 0.13230258488891475 
0.4903160370537729 0.002203220604976869 0.014193917615681199 
1.3869776002487022E-17 0.28608028197776836 0.21756691571524467 
0.2595264445933703 0.014338076999291224 0.23280990248023284 
0.014718183488229541 0.4913591740645456 4.6131867109509394E-5 
0.466265018740953 0.03706610658250758 0.0014524337833639702 
0.10331397017489888 0.30958594938830963 0.09311561461672874 
0.1778314976713574 0.14993258130010198 0.17722620712968815 
0.19500110448240873 0.303266169204951 0.005190638405170775 
0.003636919758649941 0.21430229044244214 0.288409134265064 
0.02933732436786953 0.27054887730183186 0.2060309751443839 
0.13468779700314804 0.20159907617718908 0.16830169905463876 
0.029704029800790697 0.01161295877080095 0.462908629879956 
0.07653329433374417 0.25413235495978415 0.17340778586649525 
0.19987847345785287 0.002381333885772248 0.30853230472260174 
0.005457330980782387 0.15869295660800828 0.3407207363707722 
0.1462393336536723 0.05619852713728225 0.3035506383440244 
0.27131149535996507 0.0032769128140110924 0.23342527231135418 
0.1711961653626242 0.17370392847552388 0.16059901918008884 
0.2645488055631372 0.22304533121147152 0.01588083060354995 
0.01959582029746839 0.19655113935239218 0.29053115918655126 
0.021239294134116765 2.6260481684599785E-4 0.4856127322762603 
0.30614804450782307 0.006823249613922725 0.19312861790130406 
0.23277711591350525 0.2439649411402226 0.02749996691640791 
0.01248723310053068 0.363654430393759 0.1285026945513238 
0.23577599125360724 0.08689403266769923 0.1833833020628058 
0.40321357496562166 0.03815831078963646 0.061906101870924254 
0.0039717579975267195 0.11572376929501936 0.38467324856541973 
0.002135095523796896 0.0960942534465551 0.40530125056406613 
0.05925463732742469 0.02083382352776993 0.4258439284724507 
0.31977459338527914 0.16324325774191734 0.021992504188419092 
0.07119924361428544 0.4077960971568045 0.024374537610497248 
0.2187529912320443 0.10493029869040868 0.1805115095245019 
0.35597557438826194 0.062482024297919395 0.08479852783383131 
0.31122858073677523 0.054470353935675384 0.1404501709419774 
0.012093695777662172 0.02952717559836318 0.466313281997831 
0.12436828159091717 0.18751698358088206 0.19245845014456917 
0.08721289286567412 0.28959445741560086 0.12761841283768988 
0.04493223129301974 0.25402097749714575 0.20538998055475866 
0.24692242709272294 0.20772904544506704 0.04961040055047265 
0.14137527991710008 0.3269075413523325 0.03636283243016499 
0.03639752591226649 0.037195301196012054 0.4305189652787841 
0.0246464912109071 0.3769362420220211 0.1042559715315433 
9.314171927099557E-4 0.17677886138010263 0.3261482101460316 
0.0025952137370891465 0.1168027958563361 0.3845848333240907 
0.00846382603045768 0.416364673743985 0.08030190337289267 
0.1566441054771399 0.017186723305333124 0.3293687147657649 
0.14390554773610198 0.11000285635940783 0.24964904719554878 
0.013003310377481139 0.447450739545991 0.04405827621766511 
0.24178162711659934 0.23986056093529246 0.025665141630257314 
0.035206365487904 0.11690437016861918 0.3521607682439761 
0.27705577858153957 0.08397181536740138 0.14620298757671138 
0.04893953143497699 0.3140714954724007 0.1450881463411325 
0.014859441454803876 0.43498280171207915 0.05237254521052522 
0.38312653075115577 0.012117470740145013 0.11102772606914658 
0.4302307156907959 6.700116783603684E-4 0.07604631635450335 
0.29195301145229 0.07214666964601481 0.1408490952765198 
0.3751713168666225 0.1275551384996509 0.004119139151994386 
0.042819427472870555 0.42066025875312096 0.04360395708326655 
0.4185060656065014 7.982080776116681E-4 0.08497010266866223 
0.19672427045158117 0.18760674294577492 0.12003723337276952 
0.059209750347278406 0.32935101722022875 0.11554642747234145 
0.065960298360762 0.177481430133316 0.25965578594202315 
0.3720572956439476 0.03393381860815487 0.09870441431750682 
0.14047536581596612 0.33700553367557085 0.029361501531928774 
0.010193772556034281 0.34237277145698475 0.15237142615005794 
0.2503049248167256 0.09699597306222621 0.15831243676770737 
0.22557153419979958 0.09707996597342788 0.18337277444685926 
0.0010808187971419623 0.39700804158050573 0.10815134520492724 
0.002082467747983841 0.09372563491359372 0.4077660998884831 
0.002736008117206778 0.46098317697150376 0.04075651834786885 
0.0803267529444003 0.27190806744405416 0.15184345398788565 
0.06886923068153658 0.18390535062072358 0.25015715078710166 
0.352760083602579 0.041942345467229816 0.11087559332523866 
0.11797752533065584 0.12405863940402283 0.26310276315619 
0.36192133943692406 0.08006716324543514 0.061992587556887545 
0.151423953913823 0.2816624299277537 0.07257150751376068 
0.4204011161193859 0.0731566326973704 0.012815191307176923 
0.04472643592298255 0.1073510758627427 0.3520838496503361 
0.42951030947704744 0.023280759591468015 0.052715860050776726 
0.45829431541401855 0.04525177849922432 0.00145305410590405 
0.02232300592749757 0.42892947352632105 0.05253673091077228 
0.20413956516388732 0.04524451946316133 0.25467333623650823 
0.08648409600895186 0.002603113002724818 0.4156994914195929 
0.024868979177761336 0.37237149729529573 0.10987497400279046 
0.4031970113982932 0.03191153681897058 0.07097016403802253 
0.15613978538160242 0.27479496989401003 0.07421993784753138 
0.12209388876977455 0.04625679581795316 0.3372832708209183 
