0.544417761524817 6.044251338597401E-16 0.0 
2.4988052979023056E-8 1.1506971022825345 1.0888474487041996E-8 
0.544417761524817 6.044251338597401E-16 0.0 
0.0 0.0 0.5161275968777019 
0.0 0.0 0.5161275968777019 
1.2175261348272292E-8 0.5606694513074149 1.3966040779697005E-5 
0.041362689640993516 1.0774079476506007 1.058636999459259E-8 
0.49128593118074615 1.440186904878677E-4 0.03839966639210981 
0.01901118096001619 0.029307539043617145 0.4769257365140035 
0.32868040279685284 0.001763489385160994 0.19714293721128626 
0.13336384106494362 0.3366885210457947 0.06523446173438817 
0.30358987466766174 0.0024992719081370703 0.21959936744545044 
0.15125757676567433 0.173943671847406 0.2040746059919572 
0.028387787811237585 0.04337564923275911 0.4579556643688761 
0.041362689640993516 1.0774079476506007 1.058636999459259E-8 
0.027193808937353802 0.07733352897888672 0.42190555488064996 
0.16576207806994026 0.0013646189801558458 0.35856181697115314 
0.515580025167328 0.011862678673248375 4.99092792363779E-9 
0.4045109404195895 0.025942994354540616 0.09483505327525774 
0.2206516062999158 0.03465429872882474 0.2940761751756338 
0.34674333052087064 0.09533057010772468 0.10791011218255973 
0.011033195509349789 0.40157141084698 0.13040331572756328 
0.2603311963983017 0.002177143829177499 0.26587372574223284 
0.16474787204292418 0.21354090564371042 0.15138562544898096 
0.11808584862587597 0.28606737407513944 0.12458686949887056 
0.09621249097884049 0.11976607942521138 0.31385507109561395 
0.04761768894016593 0.45317266153112024 0.040287749410699764 
0.03291451503542115 0.09360202567362134 0.40218275083088173 
0.006112675750690787 0.023237629198506013 0.5036229601173303 
0.03367847258423781 3.456702805668292E-4 0.4932372931452796 
0.4773757835523675 0.06274990524200068 0.005234211989679513 
0.36329383577243346 0.07946970672020383 0.10080995911753513 
0.422662664363268 0.05696753190554952 0.05026138957106318 
0.2509533636882893 2.489034215830283E-5 0.27894781704467836 
0.028784839413998328 0.1485367971739717 0.35027039761680084 
0.18980408047319314 0.3089483705853288 0.029146574830677757 
0.08351018413038065 0.3170768009957912 0.13823169590548853 
0.0946166009740759 0.26861623674414625 0.1775265497167521 
0.0758669699864147 0.39149208272447905 0.06040313841429756 
0.2731819309914348 0.00212238259949202 0.2729624035236044 
0.2023070673206749 0.005850941593665979 0.3450466925879776 
0.09266636556936285 0.1961867038121996 0.24293634148629265 
0.081163169553805 0.26035710632961717 0.19230376464127705 
0.07231423300902598 0.11770750345602683 0.3390191804080048 
0.2688595959032295 0.018466543176003374 0.24099468963023873 
0.04477829939573035 0.10801905063597735 0.3771768950998955 
0.28253767185353407 0.05125973159733087 0.22594918652074492 
0.10805691964486026 0.3749260882326315 0.05067513950154249 
0.006111042810287173 0.5422940767423002 0.00168074194813856 
0.012163059932309714 0.4963260079325124 0.053936176799066225 
0.02348688312187564 0.4273009859463017 0.08477940523869176 
1.1115367994521937E-8 0.5118614784768429 0.023204932444866887 
0.05534856365925869 0.1599785958081122 0.3012728254920048 
0.4664644106373726 0.07335820089719099 0.006527712968167183 
0.45194033704160946 0.0017028977423020554 0.07295631858982915 
0.3703366024178439 0.010245927966921989 0.14973308024341847 
0.08597812350178913 0.13994852531957813 0.30702887138846474 
0.0019262746442623194 0.07010995372280596 0.4482899575952589 
0.1599609318580535 0.3454985121958042 0.012486980864422686 
0.15150339720940453 0.2506689818869047 0.12053688010187444 
0.03476000454951913 0.12989702999324645 0.3682198769767538 
0.2165124606663449 0.030051501699903997 0.3003796030982589 
0.09427077422195237 0.0038007485083458334 0.43064882408590405 
0.47044282606087257 0.029652489357175866 0.030001501341379976 
0.5252729949121142 0.006027851884435813 0.013156014597565458 
0.29219723981498374 0.022335279248071632 0.22546696393085786 
0.052937035983550866 0.2600444929221342 0.2140354317795704 
0.3785210548504533 0.06025127136911839 0.1037894570363516 
0.39169468942931357 0.051018677247649226 0.09753597847005144 
0.05143219883270738 0.07999551013743471 0.3937938127777225 
0.44472653555691805 0.05192021532175003 0.06310165788818956 
0.38772268311836744 0.0247738419404656 0.11732320777230477 
0.09591702264487804 0.36463314871470104 0.0718028702857042 
0.0034085185688306676 0.4810065954582353 0.055669859231936514 
0.19687554445884214 0.01111182080605663 0.3337608605348216 
0.02133930455039529 0.5197881546362785 7.722013911415981E-4 
0.11111478082279434 0.015040867742172073 0.4010355127350222 
0.15474246464057617 0.3651674939991144 0.00742688028701527 
0.05458519766022346 0.08932497464135214 0.3860989776758413 
0.4484058602812865 0.001689579939038969 0.07669841932199242 
0.2020152145903931 0.021253883106180423 0.3229904790663013 
0.08316757304852111 0.37895026632278006 0.08353701819254704 
0.0025493590021239466 0.16599141359790193 0.36024297781943293 
0.13199915924548863 0.02887451819888114 0.3684279875955683 
0.15902157471450856 0.3420829187792311 0.01677401893477556 
0.0641505024846033 0.23096065800620608 0.23331333907540588 
0.34372431082434785 0.05398340464141412 0.1442292652631119 
0.06559182226826064 0.0754294935332646 0.3910419852683593 
0.2955720002439476 0.04803384685891474 0.21651195691726988 
0.5320007279976258 0.0012491240058549618 0.0 
0.003328218476263105 0.46967472990992615 0.06270507906133374 
0.05388894547218237 0.2113270255010774 0.2575482735667147 
0.3399413156661786 0.053389268725074115 0.1664233449630588 
0.08366011269639816 8.489676650309529E-4 0.43983417622743665 
0.23891974115769132 0.03220220077344798 0.25900247138173155 
0.19008675498287028 0.3094084862422369 0.028672905233966102 
0.0896858689916208 0.18987660633812667 0.252367235098033 
0.24522770880556072 0.0054484400549818955 0.2780525815505002 
0.1261371952709256 0.3042817674391058 0.11086480310645971 
0.04545686254708685 0.29755649807021256 0.18202365606644935 
