0.0 0.0 0.5103768966642548 
0.507209397901109 0.0 0.0 
0.507209397901109 0.0 0.0 
2.3617567482170643E-17 0.5205787204953577 3.230787912277522E-14 
0.0 0.0 0.5103768966642548 
0.29516293720869097 0.05629902904983738 0.17511842444336304 
0.4144940168663986 0.025088180857302203 0.0786543729497792 
0.37127078963952215 0.0021516022693516975 0.14703830702696863 
0.014076090726245317 0.4877518478521308 0.011470750804847043 
0.39231452820288676 0.09406026451947692 0.02756668589301208 
0.12118126176892988 0.3625347887986455 0.024580872318932856 
0.22358699718943986 0.020047390632940188 0.2707660108197314 
0.0696355995022621 0.2534386155052537 0.19746529661368237 
0.024061079223334354 0.19802070521167248 0.287612975415236 
0.06924016315929667 0.3862128047397707 0.05621743670887676 
0.31140890303439495 0.11093895557244962 0.09091633942593626 
0.008898918853369119 0.3691920442613038 0.13488946959939857 
0.04494189080035476 0.07212632422829686 0.3921249526044076 
0.0800233996921434 0.22900436060863533 0.2026897473643534 
3.3697375875424806E-5 0.4694662604152207 0.04764919938891135 
0.4298007350855753 0.023601454027550643 0.06879900620662274 
0.030783125229970097 0.1549508339690333 0.3227645273694278 
0.05249382384981725 0.2478494741277301 0.21756994459421805 
0.277485227313161 0.06968091612896525 0.16986529583445617 
0.2992462448792703 0.05297407134565897 0.16002011685273004 
0.27592310657148955 0.101662939817644 0.13475285976004495 
0.3860549634286063 0.03355786833941852 0.09960995761064521 
0.3088543061366632 0.17399833214885127 0.02804786556208512 
0.24488077636051905 0.13795775488780918 0.1314304099149253 
0.1446417054481032 0.2570927530296255 0.10969164997362243 
0.18681021837815687 0.030249986546806603 0.3014441702477153 
0.022390983765547982 0.05610553099113284 0.44400917209052654 
0.09167913902524963 0.21726319396943047 0.2026337160256986 
0.06306703282127867 0.3467137001124308 0.10400269432912726 
0.44779590225696525 0.011110147887810841 0.05263547235640338 
0.038399711942189906 0.2385111053385859 0.23497044308646553 
0.051023958866420284 0.4508635890135997 0.0094793886342033 
0.15962852662992333 0.26882083267598633 0.09011235256038429 
0.13447369232975034 1.6863143316190996E-4 0.38112727819876707 
0.06816824910454293 0.4044716577235949 0.03860665719597654 
0.3258730667632919 0.02825369468136858 0.1682346692949986 
0.10529521005140385 0.30764527079034176 0.09675695556542885 
0.46144251046248536 0.0 0.045823042310620454 
0.1660951892102345 0.012263655696123801 0.33283028913281065 
0.12259569617568646 0.0484317633377384 0.34805009376516544 
0.17983083749484902 0.08346847590772581 0.24858743400966268 
0.0033720746386953523 0.505524797490942 3.9549231721863365E-16 
0.0046950634288690125 0.16268905250404478 0.34346261265217615 
0.2865947610495413 0.1203269475762557 0.10553919281098684 
0.3548854915576891 0.07914876819582645 0.08100512665853682 
0.22967055218675153 0.2735144928526351 0.005264772445525733 
0.19626230170596573 0.0022307026785472355 0.31218490929283527 
0.06134364186177392 0.3520795713380835 0.09687006560305124 
0.0026925112152091923 0.4325568816441142 0.07832606947632316 
0.10053465999328319 0.40486394948867893 0.0015915887867460831 
0.007775037056616821 0.18306584437655757 0.3272298985092952 
0.055617705658581325 0.13072331251182173 0.3280244964271221 
2.0293551580036664E-5 0.28272640000348703 0.23826011818419884 
0.049723338282308564 0.4213315496118651 0.03690963442077792 
0.20396225121136755 0.05111452431750749 0.2608950340551394 
0.024194953223295953 0.3281890779144973 0.17391667016969792 
0.2362228910152514 0.013547471495065376 0.2656015430816154 
0.26640637698480135 0.0830752616150488 0.16031355004500644 
5.223638654338217E-4 0.09365319507004881 0.4227979414835659 
0.07495336374727282 0.03690132367707558 0.40824216533532837 
0.11255579636606645 0.3281796223162874 0.06631582530234764 
0.04430886465934201 0.18975781037323075 0.2910942322682302 
0.01031115218333324 0.051674618908617374 0.4577749850916449 
0.36990265409268264 0.03984226293555265 0.10245534867719569 
0.04857181216561601 0.20801437349543717 0.2685747216397498 
0.21237484768357343 0.2436994095804412 0.058863709621038915 
0.2512562764607407 0.14162697129694368 0.11774044839603763 
0.027444748882349868 0.038076565061655764 0.45437897318354437 
0.08328479311566082 0.003027901363218656 0.4312316915200893 
0.12581093244340566 0.2940998793382314 0.10422942958868144 
0.34796774065043307 0.15475451685993127 0.015586541178861765 
0.12416182036400718 0.015106674684557961 0.371705734532819 
0.4782923314226714 0.004818098447738116 0.02857507497770393 
0.3383622482395007 0.12611894447288943 0.05729118985969274 
0.048372941409792675 0.4268287960507881 0.0446974409800936 
0.09844121475833491 0.03509178699852191 0.377633140462442 
0.4739094259076546 0.0011848885935820945 0.035920225732696764 
0.07807977054986738 0.0889791766304782 0.34279538500821805 
0.26131934570460785 0.14729927544407223 0.10205203917634943 
0.44144743284527815 0.004446939771380563 0.06751004006752274 
0.17050557172061556 0.28489366410585204 0.05958269074287871 
0.19904013284273517 0.09238446956201411 0.2210008944632023 
0.32256783390188776 0.12743130043908868 0.060764419489918356 
0.04023813410503821 3.529190933158118E-16 0.47443479654714343 
0.012048289202465316 0.4597657974907629 0.036969121650071025 
0.15129572772271166 0.004124234451098455 0.3606947513867232 
0.0761230682631118 0.027135935936191673 0.4084584690856855 
0.03924273919467365 8.983056192969142E-4 0.4732900481864339 
0.4970435795421615 0.008982566492826576 0.005154977504983575 
0.3424741517485394 0.12334546362723783 0.05359818111877024 
0.21777949506282432 0.23241781161459402 0.061305175708798065 
0.020279913908741117 8.0976090410225E-4 0.48830898351183405 
2.3340390507441237E-17 0.5144691821204028 0.003684975178952034 
0.15129572772271166 0.004124234451098455 0.3606947513867232 
0.34808078334518094 0.11908952528698669 0.03815988387129337 
