0.9925206412480972 1.58491783482384E-5 0.0919579609074379 
0.0 1.5410473248472218 0.0 
0.7378186537446548 7.194828442451895E-4 0.3201852616630368 
0.14107974184301247 0.37345874078171054 0.019987609989017267 
8.844863021938355E-7 1.1085134736035822 0.0 
9.974787037167685E-5 0.7989859446127874 0.01618711257509411 
0.0011009103995710185 0.588749878302924 0.005920304911532737 
0.0022565974206857045 0.4474431803870858 0.11440748115769078 
0.6537750986744828 6.042223974846294E-4 0.3756240287229712 
0.1558888719486881 0.3586496106760349 0.019987609989017267 
0.002252079694439857 0.4465473955293038 0.11574165201063068 
0.99731929410031 0.01675869180512614 0.06165984838870718 
1.5584226099764483E-4 0.20687355582656455 0.3932790108713312 
4.175210574467516E-5 0.847876776090997 0.5265210590324061 
0.5063951975313498 0.5504111436087719 0.011510544759922543 
8.830853916525239E-7 1.1067577333433822 2.683995367286943E-6 
13.389043726090655 0.0 4.775919519972825E-8 
0.20239209825797702 0.014420688855260275 0.3749936685137709 
7.97977811541344E-7 1.1357230613922182 0.0 
3.835754543493571E-4 0.20513022872358172 0.39039994500354436 
0.008197916140590773 0.2014487386539716 0.37192363144424556 
0.623272477619345 0.044408939623419796 0.013524639706769568 
1.0065065199677434 9.30218639118929E-4 0.0015900319351913276 
0.5760744025744888 0.06021712615302799 0.0 
0.14323055446963037 0.06658660864279226 0.3882395775760565 
6.616173828508281E-4 0.6229863619594043 0.0010001347203537768 
0.27668254870067077 0.0013189939605387777 0.5280997420098913 
0.005672533059701028 0.4453222926163438 0.11666115038670781 
9.974787037167685E-5 0.7989859446127874 0.01618711257509411 
0.6240467247907774 0.017053659700999535 0.0 
0.49939650503012695 0.5573259360032253 0.011509630935036434 
3.4782935925729695E-4 0.6608182612172235 0.005156365174441627 
0.050031165797104885 0.13243982399130824 0.35208232678263784 
1.1956552464046846 2.256654772922992E-15 1.2995524482401877E-6 
0.5215458535351689 0.003221794204622082 0.0700266193263651 
0.7378186537446548 7.194828442451895E-4 0.3201852616630368 
7.97977811541344E-7 1.1357230613922182 0.0 
0.001845341094606333 0.5594563288317803 9.001508980723459E-4 
5.603999572174604E-6 0.002838430472290353 0.5718788944474837 
0.3782090578024432 0.006355325796976691 0.4507930678210617 
0.7378186537446548 7.194828442451895E-4 0.3201852616630368 
0.0 0.8705363740074717 3.4583813003349818E-6 
0.029677139476167704 1.0080286767771078 0.0 
1.050809352547867 0.0 2.422737042452213E-6 
1.1774966369133281E-4 0.30944934644792416 0.42864685323032115 
0.0 0.0 0.7353065202686633 
1.5584226099764483E-4 0.20687355582656455 0.3932790108713312 
97.07421044807953 0.0 4.1599598366161894E-8 
3.4829033741310485E-4 0.6616940434802002 0.004180184963809273 
0.07879740130604991 0.5997231776773724 2.4203070392215167E-9 
9.249928212964479E-4 0.1834096440960839 0.3806157562262453 
1.2068851533387188 2.2778498650353482E-15 0.0 
7.97977811541344E-7 1.1357230613922182 0.0 
