6.5121494727796745E-15 9.704759606443595 1.2565242150607017E-7 
3.651923519761018E-33 9.333368944883219E-18 0.7554646761079304 
6.3955024225963046E-18 0.0 0.5176668997835971 
1.0837790937261556 0.0 0.0 
2.8077853352925073E-14 1.6311977686760675 0.0 
0.8137238112542116 6.242597034596989E-14 0.0 
0.7717773416987734 4.9191300246459324E-5 0.0 
2.988483981486357E-20 8.529028199794198E-18 0.6927784067562222 
0.5492113241445032 0.0019735132648094037 0.0 
5.27441124483944E-18 2.098936542976603E-18 0.5968159869440655 
3.5626322297917744E-16 1.295257751915548 8.234049078212952E-4 
0.028460880545870544 0.5469470518629624 0.0 
0.2537482174785108 0.008607081629473563 0.26208165987357085 
2.0392364967235173E-19 6.975748102892945E-18 0.5811393964112561 
0.38132388383996607 0.04456615945952849 0.10680921561455387 
0.2285886196377215 4.580434198998592E-4 0.30676369428175065 
0.33993258559380574 5.108284352078762E-5 0.18591736958663008 
3.8687559964824366E-18 2.8350631008546684E-18 0.5426227713662186 
0.116342484975926 0.0018040795203107148 0.40310776838976375 
9.483205287829115E-19 5.960292800712308E-18 0.5591992947180486 
0.29827378373230773 0.06018547958518355 0.16936933501374524 
0.12919487451227565 0.09617467152350952 0.31850623830150315 
0.11453535828245826 0.1319986727799777 0.2779512325535894 
0.4000469975857735 5.7553734145593916E-5 0.13526057186413104 
0.4429363749550304 0.004406837524600386 0.08089961081677859 
0.7914003577454156 1.1483705848174355E-13 0.0 
0.2794693087684092 0.008233510776343341 0.24034329282286648 
0.24425853168804507 0.02860046179757935 0.2876730616071968 
0.3084103602443135 0.004966097537098537 0.2534848191249039 
0.13564040401693514 1.2790418590576734E-4 0.3917033530644456 
0.33164781033204155 1.9818028832501204E-4 0.21525728699400215 
0.35669204510097186 0.04050673732961774 0.1286245480467918 
0.07888530751453056 5.28138376013371E-4 0.4467469125299467 
0.4196444168742612 0.01037729723533832 0.10226729658243312 
0.1720506424091432 0.0 0.3593949549969225 
2.1394014716596706E-16 1.3042769855911716 2.957854328858138E-5 
0.06393742465616187 0.4673037658775587 0.012220233714172071 
0.27187841825137193 0.013191751856548284 0.24742642450469857 
0.02346230792300243 0.050200201542006745 0.4530017234546728 
0.03257957721259657 0.07054246188839297 0.4204355150577367 
0.10628691076921574 0.08187680564715048 0.3434974409248455 
0.09451158659607813 0.1089218576698941 0.32177052112676713 
0.19150845055221113 0.020473130446448932 0.33375366877483303 
0.07369158814404612 7.331681799977473E-4 0.4682401979264714 
0.14472292208100432 0.004818985961379926 0.3681202875646091 
0.08798936809355468 0.16224919340188798 0.2987681214226975 
0.1626932114217259 0.17205357572396 0.18996864282853437 
0.46735494217892815 0.036695661562836754 0.03824738728396547 
0.0037008899955158704 0.005905138784290354 0.5043742319808425 
0.35032136796161495 0.03583907363322679 0.1593515235133608 
0.010466958600294422 0.4354768238589447 0.06759957437561623 
0.18759096494715607 0.11535651869124927 0.23144968570145613 
0.17689565524178394 0.3233409986903012 0.02286753039691845 
0.21526679180036773 0.0860389410768454 0.22318280316913894 
0.44896940118938233 0.06295073626907942 0.030675912775516664 
0.07373064779124532 0.05679749157965711 0.4134665068754123 
0.47753152022265827 6.605241371746733E-4 0.0974593811317634 
0.028190872352049923 0.3498687159162346 0.15406743692664343 
0.43307667894671825 0.0877443912893781 0.021781060705241877 
0.0629900472998908 0.03873487494858524 0.4319902920985094 
0.022648362087742766 0.27865030751889647 0.22317757127225082 
0.29528947236768555 0.19206178021938639 0.046052776598807535 
0.5056248479610362 0.016424012490694223 0.005508619880521521 
0.20252255200960403 0.12579554778881538 0.19564446652175982 
0.04227962793027009 0.0010801043344720671 0.4874754847645037 
0.23517326851155365 0.22334297833287806 0.07512914172708099 
0.09194905962374061 0.0038386443910617594 0.43510158394328896 
0.3700681933548303 0.053117442585491545 0.10648164555770287 
0.4862665187782021 0.007638620046818443 0.037477548853129254 
0.013073313370727617 0.25666142676714004 0.24831844409047163 
0.10480887111308061 0.04210624387696886 0.38516194322570196 
0.5221526063155186 0.0 5.904454640203922E-4 
0.3912534663205564 1.2578500267493796E-4 0.1326777976856429 
0.2937136868007678 0.17073702350029743 0.06913850052736775 
0.42672377672968037 0.045659704534647405 0.05751974700541759 
0.04142512000360807 0.003954878338302823 0.4843746322441654 
0.5315729133265329 0.0033080067453669054 3.44503806782216E-4 
0.04446172550918565 0.20577683598625698 0.2987681214226975 
0.21007560910282408 0.03302589144257259 0.281999994368485 
7.640268672114941E-19 6.039776349804996E-18 0.5507157194791219 
0.03759121830732231 0.46686906464059524 0.04197880963561034 
0.42950365813351504 0.04385147822354206 0.05697897574627913 
0.32135052787573215 0.2030447882287899 0.007709880426418429 
0.3221708828257697 4.613281713444317E-4 0.206548948715063 
5.6008431747030775E-19 6.8132085614588764E-18 0.5968115424905491 
0.2519693477158475 0.03961198713195847 0.2335201600660757 
0.36123044304501073 0.02353768942247106 0.1587769784363714 
0.1552259894670671 0.34976384350724343 0.03290885020509423 
0.029124643111768513 0.0027376547438428315 0.5102699130998254 
0.04429948713206526 0.003935553940809404 0.47182619490994093 
0.5018688325386284 0.001970464293715173 0.038231353304161816 
0.48256366330907174 0.02513457565435873 0.02716637624288987 
0.15270703646929387 0.1715098920527998 0.19973083315994794 
0.15453999906385063 5.405853697793489E-4 0.37410178990254855 
0.5467444396763173 0.0 3.047111698283938E-4 
0.3217708387168046 0.06270017886823355 0.14315361733497117 
0.05528492946803226 0.10480059979746369 0.37199228008150165 
0.4763197453241277 0.0016431517306895952 0.09777451139331157 
0.0014298310037642052 0.21922124657316244 0.341578327482251 
0.2998796035769424 0.024225458570183364 0.19966191891670726 
