1.3439610990281314E-8 1.0 0.4999801754374561 0.5009875630841848 0.5016517371094164 0.5013394450525445 0.5001259268191891 
1.0 1.0 0.49997529484218994 0.5042715766641503 0.5007601628547116 0.4958307351750819 0.49955862565066267 
1.0 1.0 0.49997529484218994 0.5042715766641503 0.5007601628547116 0.4958307351750819 0.49955862565066267 
1.9745511533355874E-17 5.28760317323497E-19 0.5000226584886561 0.49790222430268727 0.49974599688945004 0.5984689053802984 0.4996096700730382 
1.9745511533355874E-17 5.28760317323497E-19 0.5000226584886561 0.49790222430268727 0.49974599688945004 0.5984689053802984 0.4996096700730382 
1.0 5.28760317323497E-19 0.49999278450933127 0.4999049958165279 0.5001176859822986 0.4998609228272027 0.4998822930135658 
1.0 0.9939155000220113 0.49997529484218994 0.5042715766641503 0.5007601628547116 0.4958307351750819 0.49955862565066267 
0.9999999999999991 1.0 0.5000231439621984 0.5041045073548064 0.5007880488645507 0.5011733302825633 0.49955862565066267 
1.53189710784342E-17 0.9837979664881752 0.5000097244761692 0.5999905907995724 0.5007611350867484 0.4998916111190986 0.4995765817292521 
1.53189710784342E-17 9.198140319632842E-5 0.5000217746474587 0.4984172652527982 0.5003336584719442 0.5005284721594497 0.4999412132082233 
0.9999999999999585 1.0 0.5000343895959302 0.504099124554359 0.5007836194183016 0.4999205647883589 0.4995038765651101 
0.9069347973457905 1.0 0.5000231439621984 0.500221943297756 0.5001366597696411 0.5012641518046215 0.49956466736242855 
0.9996039437153359 1.0 0.49999169957533757 0.5002639010571552 0.5001166451489881 0.4998482164242128 0.49686574649838716 
0.9996039437153359 1.0 0.49999169957533757 0.5002639010571552 0.5001166451489881 0.4998482164242128 0.49686574649838716 
0.001537514216670366 5.28760317323497E-19 0.5000354018853199 0.5004309637984714 0.499596270951416 0.49988015331957575 0.4995978581690791 
0.7991223055888839 0.025442705233903906 0.4999918608219932 0.49989781559236063 0.500112133280542 0.5001904612374992 0.49971626144653036 
0.5497682880884007 0.872570092521286 0.5000606957188983 0.5001818854160756 0.5002824023302999 0.5001779904925131 0.49971179517761044 
0.4258506989925405 0.1288880233670734 0.49999223088672395 0.49990296222107033 0.5001111695148962 0.4999163186113249 0.4998830171448966 
0.837390731509603 0.8994657499279962 0.49999250584572585 0.5003115225949443 0.5000063198795422 0.49989700056318526 0.4997122203007503 
0.8428882076534757 0.5197733058476923 0.5000641994223285 0.5001525786434261 0.500367793930134 0.49991032850105804 0.4997272112446575 
0.9875806110630789 0.14499532342365207 0.5000129534189478 0.49990296222107033 0.5001095703572391 0.4999129728398406 0.49955092823463604 
0.3453003462128701 0.015076036692423134 0.5000243324305694 0.500176263670643 0.5001118889094394 0.49980779432588096 0.49975636651090505 
0.8365977413788007 0.001337550902992618 0.499991659456886 0.4998190095798069 0.5002108949971774 0.49989182909135776 0.49971550668629283 
0.7768731351508161 0.7601101415010796 0.5000352430004054 0.49993386854312893 0.5002703516600319 0.4999223913211621 0.49957362547291434 
0.6637009433424885 0.010788651392928963 0.49997415584413457 0.4999159870028106 0.5001206673251508 0.4998826373632261 0.4998895684756295 
0.48251125831938413 0.015076036692423134 0.5000243324305694 0.5001752741987746 0.5001118889094394 0.49980779432588096 0.4997558068796482 
1.0 0.9875204299571112 0.49998587680058854 0.5000352111957319 0.5007601628547116 0.4956983580331198 0.49955862565066267 
0.8366093638013933 0.4475362368606596 0.4999910835842834 0.5001195331585533 0.5002088677564521 0.499807573680154 0.49971627934062374 
0.9875806110630789 0.1896904090151717 0.5000129534189478 0.49990296222107033 0.5001095703572391 0.4999129728398406 0.49955092648542576 
0.3327900182148298 0.003796049462759077 0.500021859877172 0.5008586142487709 0.5000317941419158 0.49991309890209656 0.49971513868236533 
0.9875806110630789 0.8942883569263447 0.5000133394545302 0.5002359370906435 0.5001239198208237 0.49991183278404544 0.4995167378778795 
0.807011901087565 0.4475362368606596 0.499992675299486 0.5001195331585533 0.5001122175050089 0.499807573680154 0.49989445308535485 
0.7902834098566082 0.0429243695989642 0.5000348124735738 0.5001491126054662 0.5001413398864502 0.49988940485279676 0.49971972199455217 
0.9385324863002064 0.040907797294861103 0.5000348124735738 0.5001498568890708 0.4997941486072423 0.4998912344675578 0.4997035744689202 
0.28916272299158796 0.4647940736923367 0.5000515159014787 0.5001050039496248 0.5001432811572574 0.4998403503367386 0.4997055784979051 
0.781069969652835 0.27680658722781526 0.4999910774921714 0.4999577823509814 0.5002050694454839 0.4999259409160292 0.49971607943743473 
0.34476826529062066 0.423377846030124 0.5000525074743216 0.5001064652505008 0.4995374034338929 0.49988741390563635 0.49983151719640256 
0.9898952113752426 0.024785465284133834 0.49999183724826324 0.49989993478544087 0.5001121939625796 0.5001904612374992 0.49971626144653036 
0.9975848986292539 0.6976844624040498 0.499994752526582 0.4999045153143408 0.500120671594991 0.4998613839602814 0.49988919033339785 
0.16903884848084322 0.15623932192879958 0.49999122716378114 0.5001849338705494 0.5003062186504219 0.4999129728398406 0.49974330679261064 
0.864043748866141 0.20167349616334024 0.5000144039283597 0.5001245808892476 0.5002059252091369 0.499887424520269 0.4997192826615066 
0.9511516456971348 0.7104316199749782 0.500050906289793 0.5001013460669136 0.5004245002616015 0.4998403503367386 0.4997056671827806 
0.9955767178683692 0.0944966489178395 0.4999925806198524 0.49990296222107033 0.5001110775602443 0.49988194894619686 0.49988945860109363 
0.4182552344154723 0.48562026229340327 0.5001316674216354 0.5001848739877822 0.5001189220629393 0.49979381446165416 0.4997427966646281 
0.8348348558453971 0.41821925462412635 0.5000144039283597 0.5004024633871755 0.5002059252091369 0.499887424520269 0.4997192826615066 
0.48129899556107897 2.563028936195804E-9 0.5000559168592439 0.500028711327351 0.4995778686952428 0.49987425992474654 0.4997550690097001 
0.9798088574660316 0.6667117688236293 0.49999278450933127 0.4999049958165279 0.5001176859822986 0.4998609228272027 0.4998812479873151 
0.7405654907385818 0.04499373561261866 0.5000352410451004 0.499892193846928 0.50010901662519 0.4999227542867883 0.49971626144653036 
0.3341940663240231 0.5038036847244478 0.5000515159014787 0.500106048508172 0.5001432811572574 0.49972575741827857 0.4997055784979051 
0.34933734262962723 0.005156314729079292 0.500021859877172 0.5008586142487709 0.5000265674275187 0.49991309890209656 0.4997057729189627 
0.987927740392836 0.1896904090151717 0.5000129534189478 0.49990248398800397 0.5001095703572391 0.49991334782228763 0.49955092648542576 
0.9798088574660316 0.6786774146158221 0.49999278450933127 0.4999049958165279 0.5001176859822986 0.4998609228272027 0.4998812479873151 
0.763668992985135 0.6667117688236293 0.49999278450933127 0.4999062759688983 0.5002639566783365 0.4998609228272027 0.4998812479873151 
0.8960833307362378 0.7104316199749782 0.500050906289793 0.5001013460669136 0.5004245002616015 0.4998403503367386 0.4997056671827806 
0.7580339229892992 0.7124853188945088 0.5000339642835047 0.4998980415037177 0.5002795300460505 0.5001904612374992 0.49971626144653036 
0.24050857968000489 0.2740306464060363 0.5001316674216354 0.5002045732330682 0.5001056385791451 0.4999322862472953 0.49970578043315667 
0.9458104828551123 7.562497312425933E-8 0.5000142226570248 0.5001358015649956 0.5002843000964238 0.49986034176983923 0.49988213207280413 
0.9922549287015434 0.331004871953553 0.49998889066981506 0.5000884031129549 0.5003047682276504 0.49991401177378886 0.4997113060409278 
0.15206413329627994 0.7601101415010796 0.5000352430004054 0.49993386854312893 0.5002703516600319 0.499922303523496 0.49956981295003544 
0.9434639730208908 5.28760317323497E-19 0.4999937605337483 0.4999049958165279 0.5001260782589855 0.4998609228272027 0.4998822930135658 
0.3272650162539297 0.01512909888116154 0.5000645098223396 0.5004137198653527 0.5000250696006853 0.4998769591992097 0.4996743595450033 
0.20008146183350717 0.4243067533278351 0.5000150933844626 0.5001789066121979 0.5001128730462767 0.4998414466492597 0.4997335234531405 
0.7865803695154964 0.4469012181201482 0.5000141828764298 0.5001229729119258 0.5001455906519054 0.4998893109259778 0.4997192826615066 
0.7241566735320135 0.025442705233903906 0.5000339642835047 0.49989781559236063 0.5002795300460505 0.5001904612374992 0.49971626144653036 
0.6956933209206179 0.1368954142536038 0.4999734230610544 0.5001848514318523 0.5001095516454143 0.4999129728398406 0.49955092823463604 
0.3815686896450018 0.2740306464060363 0.5001316674216354 0.5002045732330682 0.4998058364367093 0.4999322862472953 0.49970578043315667 
0.9069347973457905 1.0 0.5000231439621984 0.500221943297756 0.5001366597696411 0.5012641518046215 0.49956466736242855 
0.612894203327082 5.28760317323497E-19 0.5000354018853199 0.5004309637984714 0.499596270951416 0.49989125694498454 0.4995978581690791 
0.7938511905877945 0.15623932192879958 0.49999122716378114 0.5001849338705494 0.5003062186504219 0.49991306063750673 0.49974711931548954 
0.6278700470724036 0.38879169620932896 0.5000702498375658 0.5004099335798379 0.49999962612343546 0.49989683316979805 0.49971169565307577 
0.9999999999999996 0.9999999999999999 0.5000289020429133 0.5000634477482778 0.49998836566158655 0.49992370456150587 0.4995661604425899 
0.739721950962946 0.025442705233903906 0.5000339642835047 0.49989781559236063 0.5002795300460505 0.5001904612374992 0.49973081825102633 
0.866551717317083 0.32225840264145245 0.5000282553433213 0.5004060566917902 0.49999962612343546 0.499889299864734 0.4997154321824334 
0.9285374542201179 5.28760317323497E-19 0.49999278450933127 0.5001289828935517 0.5001130363005443 0.499864070968308 0.4998793683198463 
0.40009430998685336 0.015076036692423134 0.5000559310307451 0.500176263670643 0.5001118889094394 0.49987433236192896 0.49975636651090505 
0.9166955297561068 0.872570092521286 0.5000599161250748 0.5001818854160756 0.5002824023302999 0.5001779904925131 0.49971179517761044 
0.9066395970976994 0.8546494202137797 0.4996032498493425 0.5001849413358659 0.5000021621504576 0.4998901519558288 0.49971530863235547 
0.9246348278965912 0.9753795666878919 0.4999924054602727 0.5000083800895888 0.5001176859822986 0.49986423179795847 0.4998822930135658 
0.612894203327082 5.28760317323497E-19 0.5000354018853199 0.5004309637984714 0.499596270951416 0.49989125694498454 0.4995978581690791 
0.8660621652682521 0.38411970473428425 0.49959598873997946 0.5002414071652029 0.5003023219525754 0.49980645801348117 0.4994875025608043 
1.53189710784342E-17 0.0015341965054861129 0.5000217746474587 0.5000761981579259 0.500143779451949 0.5005284721594497 0.4997120235449276 
0.8535341294537523 0.4469012181201482 0.4999787678097884 0.5000335827235075 0.4995182782732679 0.4998895649544644 0.4998328856128242 
0.874443968672028 0.42562918168565744 0.5000240048398797 0.5004030891853032 0.49999787358888786 0.49987925664062083 0.4997118843774774 
0.8836220715911254 0.32225840264145245 0.5000282553433213 0.5004099335798379 0.49999962612343546 0.499889299864734 0.4997154321824334 
0.12153084495853789 4.552387600923542E-6 0.5000645633491876 0.5001229404196789 0.49948986051674094 0.4999130273886167 0.4995614222339231 
0.9718533771898357 0.4512410215791558 0.5000539113342389 0.5001064652505008 0.5001672666915387 0.49988744757401 0.4997171718828541 
0.7181067112040476 0.1462300180375475 0.5000129534189478 0.49990296222107033 0.5001095703572391 0.4999129728398406 0.49955092823463604 
0.9769921781579812 0.4829909899633602 0.5001316674216354 0.500070224117527 0.500117085743314 0.49992374841535425 0.4995262990128965 
0.7297167335217349 0.14253660005601915 0.500012952221817 0.4998245948955038 0.5002108949971774 0.4998936184725118 0.49971550668629283 
0.9287115212238377 0.030868527673178568 0.5000572376741156 0.5001455302790343 0.5001263217756705 0.49991188931037445 0.4998842450761632 
0.9287115212238377 0.9832387530979565 0.5000231981708501 0.5000114188514562 0.5001263217756705 0.49992054219585097 0.4995810979922596 
0.03288550795132683 5.28760317323497E-19 0.4999909014186312 0.49990308471777284 0.5001078630984876 0.4998612373169735 0.4995978581690791 
0.781069969652835 0.2809267882720627 0.4999910774921714 0.4999577823509814 0.5002050694454839 0.4999259409160292 0.49987841200055677 
0.0015098746511818806 0.4647940736923367 0.5000102399803146 0.5001050039496248 0.5001432811572574 0.49988841809710954 0.4997055784979051 
0.13863931052974215 0.1622807122986589 0.4999938066539974 0.5001197250305058 0.4994930364059171 0.4998029384401145 0.49971593820622895 
0.3773723309832524 0.30514469684646855 0.5000225439828099 0.5000973335830484 0.5001161210301621 0.49984251963296605 0.4997365612204467 
0.9066395970976994 0.44750532630729223 0.4996032498493425 0.5004207053228251 0.49999962612343546 0.49989148919819376 0.4997154321824334 
0.9999999108826263 0.2557068693837891 0.5000731206842549 0.5001842224949352 0.5000241793979497 0.4998908799492411 0.4997105861195111 
1.0 0.009489018248321046 0.49999278450933127 0.4999049958165279 0.5001176859822986 0.49986423179795847 0.4998822930135658 
0.39259259650331635 0.8889940542267316 0.5000619724804942 0.500176263670643 0.5001118889094394 0.49991028354180206 0.49971179517761044 
