0.0 0.9734094408159226 0.4999905164817069 0.49998817472467627 0.49998538159374956 0.4998369602384246 0.4999596985271829 
1.0 1.0 0.500058647700472 0.5000053894441895 0.5003982214648974 0.4997706164769967 0.5019739622574916 
0.9999999801113402 5.10425076729744E-18 0.5003995734546702 0.5000392206898828 0.4999352789706029 0.4998364914888815 0.4997101427378793 
1.0 1.0 0.500058647700472 0.5000053894441895 0.5003982214648974 0.4997706164769967 0.5019739622574916 
1.0 0.9660870401570633 0.50005798903067 0.5000053894441895 0.5004016496513521 0.4997491884485711 0.4999400467934401 
0.9988267370500105 1.0 0.4999911026182004 0.500299800439503 0.5004890637966174 0.4998378754302677 0.5016100504289892 
0.9999772800329233 1.0 0.500397601311319 0.5000076177704353 0.500488587934615 0.4998378754302677 0.5016100504289892 
0.9728286727167414 0.027356851353665154 0.4999918672973169 0.4998866926431859 0.4995541786907628 0.4997836432842914 0.4999968038460443 
0.8587651225005528 0.6511209979517673 0.5003124059103629 0.5000491145074564 0.4999660634225306 0.4998179855736689 0.4997336442699226 
0.7009815379825513 0.011779174937705333 0.5000426052755397 0.5000095680749246 0.4999474434818424 0.4998231419029039 0.4999887581911781 
0.5515956469728568 0.9751254440899051 0.5000175588021313 0.5000483533093267 0.49997125326604164 0.5003919373051299 0.49993921491921034 
0.5059042308407338 0.9717681349749138 0.500041487605269 0.5000206021218293 0.4995810710159085 0.49982294435138563 0.4999443181396507 
0.9990683544058093 0.6076447574641823 0.5000564338605535 0.5003048228105402 0.50035607903815 0.49980096047860784 0.4997195494393938 
0.6770126867984816 0.6365673093554253 0.5003838806478286 0.5000293260062294 0.49952117972979765 0.4998315236371555 0.4999350902120108 
0.23560533487636257 0.30409553744093876 0.5000548014927035 0.49998991156320177 0.4995222745467199 0.4997883391738493 0.49994075383578257 
0.9601707254483507 0.16455868781108254 0.5000643648071573 0.4998860362891905 0.4995491948740198 0.49982787672547896 0.49998795674993823 
0.16014819256790036 0.16532742680332707 0.5000590289283897 0.5000381116346042 0.5003731813852261 0.4998254595970978 0.500017311639566 
0.7866538116403021 0.29723227257247864 0.5004041497655651 0.500041773304163 0.4999419034285916 0.4998113137785428 0.4997090690796841 
0.9607278945768402 0.03171965441295335 0.5000090525898094 0.49988816931574415 0.4999941269281896 0.4997836432842914 0.4999849531626311 
0.6022889457240698 0.031533077819014946 0.5003863381735348 0.5000261334568368 0.49952858214727547 0.49994749403310956 0.4999855148775192 
0.7009815379825513 0.35653383530688165 0.5000426052755397 0.5000085898308764 0.5006544899174568 0.4998231419029039 0.4999887581911781 
0.8987613408353555 0.8749097053448197 0.5001985791086558 0.5003270546115094 0.4999478682587235 0.49976496829543426 0.4997336665845154 
0.6134409206098539 0.16856667760348865 0.5003863381735348 0.5000261334568368 0.49952858214727547 0.49994749403310956 0.4999855148775192 
0.8072616557265709 0.34878289864455764 0.5000235580801279 0.4999242050105749 0.4999903140923187 0.49978851043399014 0.49970579675856136 
0.43382671276290496 0.3470582202758088 0.5000535277548338 0.49996292950160354 0.4999327746562918 0.49994566721786715 0.4999575510372449 
0.8041102549983405 0.3024382356108024 0.5004041136583518 0.5000456678893848 0.4999358441651462 0.49981123413339135 0.49996928805068447 
0.5083645492290805 0.013839294925054906 0.4999912293151195 0.5000197950929962 0.4999707318472811 0.5003532284435918 0.4999685517829301 
1.0 0.019864822662275683 0.500058647700472 0.5003375565176013 0.5003793227834484 0.4997873771259163 0.5000023429212267 
0.7374342664775095 0.17393363365450681 0.5004039228752917 0.500014171833988 0.5003786680832593 0.4998432721660016 0.49997525821176475 
0.5107634665597416 0.1583903923878373 0.5000611338676535 0.5000400625476047 0.5006979298389793 0.49980445196628953 0.5000113798937798 
0.9566362831853334 0.3018403381637811 0.5000597646089395 0.49994355120225553 0.4999697826070131 0.4998155437985172 0.49972632238516407 
0.8940923681164424 1.2298395845668198E-5 0.5003994489875481 0.5000501091417906 0.4999352789706029 0.4998108920697466 0.49970710871247603 
0.8596624038417588 0.06423636025200277 0.5000673710166427 0.49996292950160354 0.4999327746562918 0.49994566721786715 0.4999519160930208 
0.3254685759164103 0.24658799511012858 0.5000135735347955 0.5000483533093267 0.49997125326604164 0.5003919373051299 0.49993921491921034 
0.3065597953468242 0.3422159924231419 0.5000169802913443 0.5000458744820014 0.4999651833536718 0.5003507141562673 0.4999688866698956 
0.9788033877828832 0.8147016784403087 0.5000342948885098 0.4998860362891905 0.4995491948740198 0.49982713360353453 0.49972403859867864 
0.4724978849516035 0.3464928380001587 0.49966105580826436 0.4999736172393461 0.4995450246185434 0.4998009584605132 0.49995729729469157 
0.7869020319278567 0.8305269247015723 0.5000341165305028 0.499990860069747 0.4999894942583293 0.4997882765728876 0.4997083757241687 
0.9304166034777349 0.9901732605760276 0.5000432110963435 0.5000183506878276 0.49957985087297885 0.49976722019246306 0.4999434426293927 
0.9238921051697018 0.04957602309640777 0.5000078196690828 0.5000372044619132 0.4999707318472811 0.5003517477120547 0.4999685517829301 
0.4181820582416632 0.8077220376798434 0.5000236888642529 0.5000121727402007 0.49993490959855574 0.499830589172418 0.4999588858981434 
0.7992854962783255 0.8305269247015723 0.5000341165305028 0.4999367133880191 0.5004009288642068 0.4997882765728876 0.4997083757241687 
0.6382565381201372 0.8826699954244858 0.5001985791086558 0.5003270546115094 0.4999478682587235 0.49976504135398137 0.4997336665845154 
0.17454616090946146 0.2644927057020951 0.5000135735347955 0.5000051722085546 0.4999796787492137 0.4998263145673724 0.49993733513415467 
0.9078257507404058 0.1947742708637566 0.5000493437437081 0.49996292950160354 0.4995472055918767 0.49982301203306656 0.4997396917675842 
0.06449554968778487 0.003154060950039006 0.5004166614296807 0.49997874273981674 0.4999894942583293 0.4998212349152799 0.49999225024125454 
0.3570050031305121 0.03442932203399615 0.5000381926096743 0.49998955828915487 0.4999946954181583 0.49978614654007225 0.49996950114243965 
0.2240441781405501 0.8305269247015723 0.5000341165305028 0.4999910368214406 0.4999894942583293 0.4997890952646862 0.49973014371425434 
0.9874898276686757 0.2538404774427382 0.49999615710202083 0.5003375565176013 0.5003793227834484 0.4997873771259163 0.5000023429212267 
0.9152102512834958 0.06421249521047645 0.5000077275089294 0.5000404214796091 0.5004054927850198 0.4997672283779741 0.4999582104975654 
0.6187864182630533 0.8370032913429968 0.5000516828712921 0.4998863644662496 0.49955392869853626 0.4997866569872249 0.4999753520893534 
0.6354060080443716 0.41971862215292655 0.5000435089646591 0.50005318188524 0.49996186451336166 0.4997747045642547 0.4999420479068661 
0.9078257507404058 0.2030910799440872 0.5000493437437081 0.49996292950160354 0.5003211753606989 0.49976102425467694 0.49994549660507714 
0.6573745660729287 0.6645813077728342 0.5000516828712921 0.4998863644662496 0.49955392869853626 0.4997866569872249 0.4999753520893534 
0.7343971851856376 0.3969690175007189 0.5000749412740355 0.49989057047679014 0.49993558585114906 0.49979077734778554 0.4999680280628722 
0.5241392967871812 0.7276062120759365 0.5003859413827558 0.49997969469614506 0.500004591812401 0.49982163009810443 0.5000196925328407 
0.8739753089389637 0.990970553045038 0.5000236888642529 0.499989630634459 0.4999907367229491 0.49982294435138563 0.49994653258149635 
0.10100156064154653 0.9734094408159226 0.5000096799419982 0.49998817472467627 0.49998538159374956 0.4998232389478453 0.4999873422457035 
0.43538735254557687 0.9483200148196748 0.5004039228752917 0.49998092638146074 0.4999377406305133 0.49976553405955637 0.49995883543970876 
0.9868127299081217 0.22684962778783502 0.49999541349046467 0.4999580232083338 0.4995810710159085 0.4997883913137788 0.5003900456765229 
0.834220778546743 0.17268964865258463 0.5003201317389528 0.49998326382540925 0.4999829626077116 0.4998174397058438 0.4997340927100832 
0.3026781546690629 0.3768526171220412 0.5000405686529976 0.4999929100466098 0.4994863945597221 0.49980790373885176 0.49997397312688974 
0.7343971851856376 0.5345847913558432 0.4996503751754641 0.49989057047679014 0.49993558585114906 0.49979077734778554 0.4999680280628722 
0.7009815379825513 0.8168261164812448 0.5000423930556647 0.5000085898308764 0.5006747320733562 0.4998231419029039 0.4999858341162373 
0.5828897573789433 0.7276062120759365 0.5003859413827558 0.49997966302517416 0.500004591812401 0.49982163009810443 0.500008344967541 
0.8492903223164663 0.05154584919783655 0.5003154170398139 0.4998741050702642 0.4995545934518523 0.49981807439000464 0.499732216785256 
0.35137703989833136 0.8305269247015723 0.5000341165305028 0.4999899388329925 0.4999894942583293 0.4997882765728876 0.49973014371425434 
0.8494403847690248 0.18698181783465845 0.5003201317389528 0.4999610912077748 0.4995545934518523 0.4998172332958681 0.4997340927100832 
0.37393773773712835 0.8305269247015723 0.5000339437917557 0.49998955475512963 0.4999894942583293 0.4997994244925327 0.49973571664091687 
0.30525781441443767 0.9920360115015199 0.5000592531383766 0.5000054613759254 0.4994863945597221 0.49980811956256344 0.4999282014652235 
0.9850280023164801 0.3231278681997384 0.5000426052755397 0.500014521341575 0.5006544899174568 0.49982301220080183 0.4999903295570389 
0.5037333665097077 0.1583903923878373 0.5000611338676535 0.49996050624612903 0.5007114935406173 0.49980445196628953 0.5000113798937798 
0.5493760253606593 0.9915284852508456 0.499593823242711 0.49998874354989936 0.49962140084224943 0.49979815285587204 0.49999683422912194 
0.11611039950714616 0.18193421416204214 0.5000474592768045 0.5000381326362962 0.5003731813852261 0.499844275212668 0.4997463152743162 
0.20442253182259534 0.25034258441546614 0.5003246793228378 0.49998326382540925 0.4999829626077116 0.4998174397058438 0.4997340927100832 
0.31981444135863485 0.3446442861832312 0.5003847820694848 0.5000458744820014 0.49996577993227037 0.5002182865528378 0.49993921491921034 
0.8330478644119326 0.007349417048988366 0.5003822043563532 0.5000501091417906 0.4999352789706029 0.5003523014591299 0.4999684664112296 
0.5087874936357104 0.7055984606340846 0.5000338453291662 0.49997965190737714 0.5000207473189017 0.49982447434071736 0.5000055248576677 
0.9800862810527601 0.7309353105868327 0.5000615723349301 0.5000075493219488 0.49952117972979765 0.4997721984860146 0.4999456156281028 
0.6571465431076922 0.33804397744600706 0.5000516616557663 0.4999011110296188 0.4999888661283232 0.4997880588890537 0.4999383631697452 
0.3813579920801007 0.8318296067703088 0.4999932600461535 0.5000087193844006 0.49998442253005504 0.4998368717499132 0.49992568749726235 
0.014724857175149153 0.8331786926089642 0.4999905164817069 0.49998817472467627 0.49998538159374956 0.4998369602384246 0.4999596985271829 
0.6219318122466734 0.6325323987321656 0.5003995411110874 0.5000392206898828 0.4999352789706029 0.4998364914888815 0.4997101427378793 
0.2530866850041684 0.37023457963149553 0.5000343287503778 0.4999899388329925 0.49996925210242976 0.4997882765728876 0.49973306778919513 
0.8615099070906179 0.9942708136420721 0.5000446940992479 0.5000480191737195 0.4999658614908264 0.5004220972240342 0.49994117454272535 
0.47641758276497126 0.03128509061822585 0.5000078196690828 0.5000223112167277 0.49959002335239616 0.5003517477120547 0.49996892343636196 
0.11070469592578738 0.18193421416204214 0.5000312005396971 0.5000381326362962 0.5003673285529904 0.49984405002515925 0.4997463152743162 
0.3571647467998368 0.3431107212256135 0.5000169802913443 0.5000394272824995 0.49996454954102815 0.5003507141562673 0.4997097413570904 
0.7642314181922057 0.7266995703513428 0.49965915832762775 0.5003321792451253 0.5003325291094717 0.49976599738864075 0.4999492119900413 
0.6406136183932735 0.3543001898425537 0.5000478794015797 0.5003088653702086 0.4999888565009884 0.4997754948813516 0.4999376674771069 
0.050471527575098485 0.8758154767981139 0.5000524291475243 0.49997393795036355 0.49998538303913403 0.49977270588297357 0.49999949786247105 
0.767937629860703 0.9518522982479167 0.49965915832762775 0.4999736232652623 0.49953224543776303 0.4997709450399175 0.49994075383578257 
0.9152102512834958 0.9995992778637931 0.49999731797415087 0.5003399086282501 0.5004054927850198 0.4997672283779741 0.4999577525765329 
0.3254685759164103 0.2644927057020951 0.5000135735347955 0.5000483533093267 0.49997125326604164 0.4998263145673724 0.49993733513415467 
0.8159059479937971 0.17612384943056936 0.5000548259212152 0.49994355120225553 0.4999711814244125 0.5002214175308096 0.49972632238516407 
0.8180614012495243 0.7276062120759365 0.5000316963677925 0.49997969469614506 0.500004591812401 0.4998333552045519 0.4997263468708586 
0.2479918870811497 0.8720115376801046 0.5000376371312847 0.5000140146702011 0.49997104554055055 0.5002193609055242 0.4999407417162052 
0.975917726205247 0.3464645941506315 0.500041417003199 0.5000085898308764 0.5003984525472837 0.49976997771509296 0.4999887581911781 
0.7831034716135687 0.8524366493279676 0.5003986369940727 0.500203433419676 0.499542853550143 0.49976309637386757 0.4999901554342606 
0.8159784008200026 0.965023945052957 0.5000744978040794 0.49989057047679014 0.49993558585114906 0.49979077734778554 0.4999680280628722 
