0.9152066100528837 0.9999840316416564 0.3993672615269859 0.5004860837597902 0.4999918052796132 0.4996169371315466 0.4999092509320596 
1.0 0.0 0.3995014380294191 0.49995920424390805 0.5000120559057852 0.5001473374759147 0.40035999611407475 
0.6975742085310515 0.9990258013654267 0.40071694567799204 0.5000242204622951 0.5000033113937881 0.4996325380020318 0.5001332370025804 
0.9626068581773412 0.27418695900712353 0.500231413740396 0.500035246545342 0.5000098467552979 0.5005347842584947 0.500093741067197 
1.0 7.979024319702284E-7 0.400794184907077 0.499936967302665 0.500011987291441 0.5005582497853563 0.5004827441356736 
0.9801451581916344 1.2482750136810772E-4 0.49830168756620696 0.4999404458200977 0.5000102599486506 0.5005336161659056 0.5001512013594884 
0.9900627859005052 0.0018664218488080864 0.5007807949967233 0.4999551668914401 0.499999809418163 0.5005457302837687 0.4997539250698838 
0.7971884258899504 0.005018008751719483 0.49958998734353477 0.4999405177478773 0.500002838827112 0.5005445883036101 0.5004254755432288 
0.6353176629981315 0.999076648087695 0.3995294183902261 0.4999600109956257 0.4999942197888874 0.4998476251941251 0.5000995313523118 
0.9626068581773412 0.30296834389039307 0.500231413740396 0.500035246545342 0.5000098467552979 0.5005347842584947 0.500093741067197 
0.7949810094835137 0.005018008751719483 0.49958998734353477 0.5000890614037056 0.500002838827112 0.5005445883036101 0.5004254755432288 
0.9426813425883027 0.983473961531506 0.4004956728692246 0.5000336440657039 0.49999969848073844 0.500552850909511 0.5005145860027478 
0.3448717275951713 7.527542582707603E-4 0.5008086176010696 0.4998795692587689 0.499999809418163 0.5005357910952143 0.4997539250698838 
0.6169194601751353 4.924070456800711E-5 0.39954107909116976 0.49994528383098313 0.5000102125943223 0.5001703662592235 0.4981273559291326 
0.9892255332553084 0.4791750179933931 0.39935722164336374 0.5000114501287624 0.5000022306519125 0.5004509317324617 0.5001008981072859 
0.9999975749103567 7.979024319702284E-7 0.400794184907077 0.499936967302665 0.500011987291441 0.500542112620791 0.5004827441356736 
0.9999999964329644 1.0 0.3994326062224801 0.499894601235149 0.5000033167506099 0.500558471629017 0.5114124765552065 
0.36635759047867783 0.9334878304584101 0.5007807949967233 0.4998795692587689 0.499999809418163 0.5005357771849616 0.5001366408856652 
1.0 7.026160496302077E-7 0.3995014380294191 0.4999399200192124 0.500011987291441 0.5002673589715892 0.4989997312595007 
0.3448717275951713 0.0018664218488080864 0.5007807949967233 0.4998808273459276 0.499999809418163 0.5005357910952143 0.4997539250698838 
0.3604837794420535 0.03910349129407337 0.5003012321112696 0.5004840119280851 0.5000003822369643 0.500551755741108 0.49955651112874977 
0.9801460372103363 0.9334878304584101 0.49879175924060337 0.4998795690102773 0.5000032820207536 0.5005357623536312 0.4997272368368698 
0.9984241925173728 0.999076648087695 0.40030285482553146 0.4999600109956257 0.499994367656571 0.5001372173647538 0.5000995313523118 
1.0 0.905362363894027 0.5003329303016684 0.4998908686115216 0.499991632882434 0.5005464734517309 0.49902066194245076 
0.3508315329259268 0.6826446051645721 0.5007807949967233 0.49988144173043075 0.499999809418163 0.5005357771849616 0.49971291654854205 
0.9983988829905384 0.0010608827491890831 0.4991696110024286 0.499862091087334 0.4999995986865819 0.5005471915034159 0.5005045133543804 
0.3448717275951713 0.9952554437363458 0.5016556324934723 0.49987561692469823 0.499999809418163 0.5005340775512107 0.4997539250698838 
0.7944861759478574 0.012577822930003368 0.49958998734353477 0.5004573262016443 0.5000028577899553 0.5005445883036101 0.5001065911557334 
0.9801451581916344 1.2482750136810772E-4 0.49830168756620696 0.4999404458200977 0.5000102599486506 0.5005336161659056 0.5001512013594884 
1.0 0.9733993924921468 0.500341317985284 0.49989123322596757 0.49999139113848906 0.500453755678155 0.49895355933160396 
0.9892255332553084 0.4725900441196034 0.39935722164336374 0.5000114501287624 0.5000022306519125 0.5004520712164089 0.500091064194369 
0.9922614567017247 5.260846922049787E-4 0.501174086157108 0.49995479399994086 0.49995782030210417 0.5005418461202965 0.5000953958146414 
0.34135227325665596 0.27418695900712353 0.500231413740396 0.5000131028371639 0.5000098467552979 0.5005347842584947 0.5001006664137786 
0.9999989131055631 0.9999999999999981 0.4005484575025991 0.5004860837597902 0.5000083512547224 0.5001520282956045 0.49878449424943855 
0.8822674944871713 0.9938605319544782 0.5007807949967233 0.4998795692587689 0.499999809418163 0.5005357910952143 0.5002211651673981 
0.6975742085310515 0.9990258013654267 0.40071694567799204 0.5000242204622951 0.5000033113937881 0.4996325380020318 0.5001332370025804 
1.0 7.026160496302077E-7 0.3995014380294191 0.4999399200192124 0.500011987291441 0.5002673589715892 0.4989997312595007 
0.9983988829905384 0.00328761019871604 0.49942414628553594 0.499862091087334 0.4999995986865819 0.5001560352607654 0.5005049766436142 
0.004948531420540636 0.00197044010106692 0.5006044419672032 0.49989480575943507 0.5000081533877679 0.5004476670012022 0.5004241436518135 
0.4603590749630452 0.983473961531506 0.5014638311458466 0.49994178933946415 0.49994842853290616 0.500541873217818 0.5009775083091157 
0.6975742085310515 0.9990258013654267 0.40071694567799204 0.5000242204622951 0.5000033113937881 0.4996325380020318 0.5001332370025804 
0.9999960273141197 0.0 0.5018652524404813 0.5000330269727858 0.5000098211375602 0.5005164532101734 0.5000968320306203 
1.0 0.02859879843722908 0.4000238847980061 0.49994051800224615 0.5000140415977214 0.5002593536508508 0.49944077845802476 
0.9999976944138813 1.0 0.3994326062224801 0.5000092919605307 0.5000032478087266 0.4996326741846821 0.4999862319202769 
0.41934603970511763 3.8036879620073627E-4 0.498467483919615 0.49995922183572195 0.5000014328664908 0.5001477908628567 0.49979483872837993 
0.0 3.8036879620073627E-4 0.498467483919615 0.4999340509979407 0.5000026745951253 0.5001477908628567 0.5000997777075296 
0.3448717275951713 7.527542582707603E-4 0.5008086176010696 0.4998795692587689 0.499999809418163 0.5005357910952143 0.4997539250698838 
0.999999999571466 1.0 0.40001916794405123 0.49994055257013603 0.5435057027148577 0.500558471629017 0.4992622092399923 
0.9937255423736574 5.260846922049787E-4 0.501174086157108 0.49995479399994086 0.49995782030210417 0.5005419054734335 0.5000895766892993 
0.9999999964329644 0.11613118856926385 0.5011805871840945 0.499894601235149 0.5000015242403807 0.5005266175570197 0.49964458243532567 
0.3262846422526827 0.005018008751719483 0.49958998734353477 0.4999405177478773 0.500002838827112 0.5005523735327277 0.5004254755432288 
1.0 0.9999999999999981 0.5012974289496238 0.4998688812764619 0.5000083332265021 0.5005331386557141 0.4003880260099936 
1.0 7.026160496302077E-7 0.3995014380294191 0.4999399200192124 0.500011987291441 0.5002673589715892 0.4989997312595007 
