1.0 1.0 0.5000873683188012 0.5000750279505614 0.5004390657491908 0.4999966589814465 0.5000180426742233 
0.0 0.5546841780785989 0.5000831745273677 0.4999539013311653 0.5000590281848111 0.5000031537808851 0.5000202345699527 
1.0 4.125018433847426E-17 0.5001664246833061 0.4999493402004682 0.500049524752656 0.500152784937988 0.5001417893758588 
1.0 1.0 0.5000873683188012 0.5000750279505614 0.5004390657491908 0.4999966589814465 0.5000180426742233 
0.4244139897073984 0.08838495373235529 0.5001374538266626 0.4999585500037816 0.5004453545012136 0.49999662188843824 0.5001352993685448 
0.8350351680779116 0.5532430054925239 0.500153485530353 0.49995698796738125 0.49993442471823124 0.4999957768224108 0.5001366000020957 
0.7143167523978531 0.7962611277616779 0.5001495158723653 0.4999554764861496 0.5000352258569138 0.50000315616972 0.5001346653601124 
0.9134827071802014 0.6555147868725102 0.5001682136369521 0.49994641373543264 0.5000642429333096 0.4999966589814465 0.5000180426742233 
0.7353289281887874 0.3549075744709817 0.5000875168160707 0.4999596761004675 0.5000721196898634 0.4999937743657977 0.5001374676240732 
0.9701391287858175 0.9920296929280543 0.5000873683188012 0.49997305974199324 0.5000349911288178 0.4999966589814465 0.5000182607194315 
0.9244088355776869 0.5216978184411765 0.5000887056276088 0.49992695521263447 0.5000179013444143 0.49999123905276766 0.5000214440027182 
0.898873348176629 0.6176682093677922 0.5000873683188012 0.4999393189796106 0.5000085641864475 0.49999278561305366 0.5001282230976886 
0.5624934803169335 0.7131446860571063 0.5001584123290058 0.4999392064169696 0.5000270643626711 0.49998600382459424 0.5000208555130776 
0.6764565877562323 0.01824966681403417 0.5001778805886233 0.49994232721671156 0.500008245121613 0.49999952019332716 0.5001359839128766 
0.5836020963774462 0.6548513937389189 0.5000882837693499 0.4998090904636688 0.5001233644549323 0.5000101456351297 0.5000054743766229 
0.9090136472996763 0.9895817000716143 0.5001375040027167 0.5000816091204422 0.5004390657491908 0.4999966589814465 0.5000180426742233 
0.9909885939662888 0.09693031599745094 0.5001649055847246 0.49996033300315246 0.5000542802768473 0.4999929782634743 0.500040583412158 
0.4651589634491586 0.011570437972262482 0.500138271952535 0.4999523434426146 0.5000274599677693 0.4999930922762964 0.5000427644135781 
0.3064190045588933 0.9459908369018944 0.5001715943598111 0.4999440718480533 0.5004709644273428 0.4999929790217944 0.500108321965472 
0.3575061368177524 0.42425638150190165 0.5001521142146941 0.4999594835955884 0.5000493609286994 0.5000013054657826 0.5001374812463821 
0.7579682540471058 0.5653612547588169 0.5000905525811166 0.49994273702387526 0.5000191779574474 0.5000101456351297 0.5000054743766229 
0.2077214210726911 0.18718414544171316 0.5001668718918962 0.49995243330847317 0.49958258516338505 0.5000075596844175 0.500144547587931 
0.0802883946255763 0.5716997492777891 0.5001652003846054 0.499952486430133 0.5000276485195364 0.4999932131394058 0.5001550406682409 
0.8443996058357652 0.17174654771044223 0.5001657824724127 0.49994251325373495 0.5001209627056377 0.5000030200869763 0.5000381256530361 
0.5242466973482452 0.7141205536621633 0.5001584123290058 0.4998224602213353 0.5000278719698686 0.49998882021171126 0.5000208555130776 
0.2096331039744107 0.10431545040618778 0.5000862250811094 0.49995992497797065 0.5000373047050559 0.5000030774153078 0.5000339780187126 
0.12430442551163723 0.09172530758965791 0.5000848354285685 0.4999438498821181 0.5000468250006975 0.4999929808821728 0.500020435527473 
0.8784803478572232 0.17877478817968698 0.5001472495869356 0.4999773259476661 0.5000183597821938 0.5000029007876223 0.5001293630632597 
0.9653823430199039 0.34709736109977973 0.500149965360819 0.49996000408943875 0.5000538587598399 0.5000227814443873 0.5001347102486247 
0.9535730914465542 0.9309965960206431 0.5001385434161213 0.4999392064169696 0.5000189890982769 0.5000190231594074 0.5001553935262862 
0.1686882670663456 0.7068039646391755 0.5001584614917217 0.4999397138451692 0.5003955656657314 0.49999846435841 0.5001553491991446 
0.8010240283293807 0.9265765266104087 0.500198285868499 0.49995245187688686 0.500026573163911 0.499993248167732 0.5001366732837444 
0.8433032869058614 0.3627545488602641 0.5001406777952121 0.49982324393966265 0.4999973500998875 0.4999888782293627 0.5001522904269059 
0.898873348176629 0.05955428653535905 0.5001668846530568 0.4999356085072698 0.5000078368267282 0.49999281977427573 0.5001265315318668 
0.7579682540471058 0.6566789404349745 0.5000905525811166 0.49994273702387526 0.5000191779574474 0.5000101456351297 0.5000054743766229 
0.6150862317886795 0.804868034354072 0.5001626146892292 0.49995647735280807 0.49955335338191176 0.5000108569072348 0.5000404200582076 
0.6622184343483456 0.6265515849279981 0.5000875168160707 0.4999591984786444 0.5000721196898634 0.4999934623150989 0.5001374676240732 
0.8456720579623223 0.9694282412362997 0.5000873683188012 0.5003068257707656 0.4999967586494304 0.5000111206714517 0.5001491981395851 
0.3321831062983025 0.8470299851142103 0.5001586624960978 0.4999392064169696 0.5000637039845867 0.4999860345678526 0.500114968512002 
0.7856048485470961 0.27986031379641746 0.5001629941849346 0.4999585693110038 0.4995533741320073 0.4999828226254036 0.5001560136517085 
0.9244088355776869 0.9694282412362997 0.5000887056276088 0.5003068257707656 0.5000179013444143 0.49999123905276766 0.5000059311174206 
0.5432089957682192 0.5334168458448856 0.5001645503618677 0.499956323617075 0.49999723286149594 0.5000019880689225 0.5001546531350718 
0.28317852747450034 0.09693031599745094 0.5001694999339714 0.4999423391758267 0.5004617389906484 0.4999965841588553 0.5001089454386924 
0.6508997062762216 0.9820895822679788 0.500200503307818 0.5000765586670366 0.5000711050406041 0.49999472693830416 0.5001359610675643 
0.11331304862273134 0.35710878920249156 0.5000714264522292 0.4999646135550606 0.5000551499137359 0.4999928169455253 0.5001526640100982 
0.3491780168182367 0.8776804032138832 0.5001389798240418 0.49994049659183404 0.5004497539076507 0.49999232783721037 0.5001088513707419 
0.9837398854778151 0.020747176876264685 0.5001373278431105 0.5000750279505614 0.5004390657491908 0.4999966589814465 0.5001538936174911 
0.8215486473145799 0.7471142558167719 0.5001653881501862 0.49994251325373495 0.5001209627056377 0.5000031321292626 0.5001566568308385 
0.7939615640818787 0.18365187222597157 0.5001472495869356 0.4999773285887776 0.5000114598885853 0.5000029007876223 0.5000115525854402 
0.35556247463420726 0.39065526585580684 0.5001521142146941 0.499946959913287 0.5000484765195573 0.5000013789657981 0.5001368696495009 
0.5328399753451245 0.8362237951767034 0.50016678217321 0.4999627707090636 0.49999723286149594 0.5000106972022949 0.5000266885111925 
0.9541523868972785 0.0024446584115582837 0.5001379979631959 0.49994920283506306 0.500008239538452 0.5001495823537341 0.5001360633725515 
0.49071284366624307 0.5542171241765723 0.5001773101064928 0.4999503335713585 0.5000474907982979 0.5000967694358929 0.5000211580227732 
0.20186518353657212 0.10339149380459028 0.500164535124242 0.49994235178252827 0.5000274380537862 0.5000017749766316 0.5001542323927155 
0.9834413636543873 0.5271859090129831 0.5001489665171553 0.49995711736051507 0.4995699034361127 0.4999969031480188 0.5000068012066992 
0.2381287238543395 0.1009640099011721 0.5001488846052242 0.4999598576582129 0.5000681806202355 0.500002896379839 0.500141029526282 
0.8854103554754487 0.8669219969797545 0.5001659021967134 0.49996051389250223 0.500068598562638 0.49999232783721037 0.5001338660001983 
0.9701391287858175 0.9970042624736449 0.5000873683188012 0.5000735355283432 0.5004390657491908 0.4999969766469978 0.5000180361075326 
0.8350351680779116 0.9619907471514002 0.5000857302315532 0.5003108927077782 0.500016716481809 0.49999540186740615 0.5001363904797863 
0.7818669967298156 0.30329940530066185 0.5001647998978 0.4999585693110038 0.49955335338191176 0.5001503426282462 0.5000401098933253 
0.7828315857474072 0.5686732565921011 0.5000869204288039 0.4999539013311653 0.5000427675667827 0.5000031537808851 0.5000202345699527 
0.9386960873734348 0.6711306472162668 0.5000859652410028 0.499950458052523 0.5000461922748693 0.5000026872490319 0.5001135322593727 
0.8460587447422979 0.2828199845656445 0.5001652495543555 0.4999584963536948 0.4999962986007825 0.5001484249958412 0.5000401326555773 
0.3064190045588933 0.09693031599745094 0.5001694194702656 0.49994236021385907 0.5000660552634649 0.4999929790217944 0.500108321965472 
0.07006595840257862 0.014858517350952394 0.5001652003846054 0.499952486430133 0.5000276485195364 0.4999966485172527 0.5001550360928521 
0.3276670777944415 0.10984894917124244 0.500087250070872 0.5003108927077782 0.5000190156113533 0.49999540186740615 0.5001341838588803 
0.9904934508386031 0.10947632569350646 0.5001373536846369 0.49994246646583423 0.5000547151152386 0.499993197135659 0.5001101867655975 
0.14253944797652918 0.10178091912226817 0.49997906495977756 0.49995893848002015 0.5000765544746177 0.49998687662329744 0.5000207134572167 
0.8868536387464074 0.07746237900518271 0.5001649055847246 0.49996058504061125 0.5000622706310301 0.4999929790217944 0.5001287934621272 
0.6233733183434227 0.09641092183335345 0.499975800276939 0.4999605937810637 0.5000286640247921 0.49999647439367334 0.500130790632821 
0.8594319196314848 0.09693031599745094 0.5001649055847246 0.49996058504061125 0.5000622706310301 0.4999929790217944 0.500040583412158 
0.7828315857474072 0.997728374470525 0.5000869204288039 0.5003337718892963 0.5000427675667827 0.5000031537808851 0.500004721684655 
0.9243903084066671 4.125018433847426E-17 0.5001664246833061 0.4999493402004682 0.500049524752656 0.49999227131208274 0.5001358486402189 
0.886404974667808 0.19802334854609852 0.49997855733419894 0.4999588080348957 0.5004453545012136 0.49999662188843824 0.5001352993685448 
0.49071284366624307 0.05386231795245444 0.5001773101064928 0.4999503140175623 0.5000474907982979 0.5000967694358929 0.5001291337659515 
0.8456720579623223 0.07715393368099355 0.5001611074140921 0.4999572080912093 0.5000555706249877 0.5000111206714517 0.5001483563324857 
0.6250812917889463 0.08636628107005717 0.5001493233106586 0.4999640540783241 0.4995746513316643 0.4999997295734956 0.5001540348524397 
0.9819248640922115 0.3626006195784713 0.4997120136885339 0.499828468986496 0.4999973500998875 0.5000003148454281 0.5001273470911938 
0.8084107450075383 0.9644618675762006 0.5001493233106586 0.499979619293772 0.5000430661685271 0.4999932788749929 0.5001327283132583 
0.9536681639441107 0.8669219969797545 0.5001659021967134 0.4999643176394025 0.5004497539076507 0.49999232783721037 0.5001089524113318 
0.6875920750305388 0.2828199845656445 0.5001652495543555 0.4999584831474608 0.4999962986007825 0.5001484249958412 0.5000401326555773 
0.9832525551901379 0.22032250406207904 0.5001489665171553 0.49995711736051507 0.5000509077560067 0.49999701421471116 0.5000067926368988 
0.8443996058357652 0.8471657619675304 0.5001654852554344 0.49994251325373495 0.5001209627056377 0.5000030200869763 0.5000381256530361 
0.42791495433354465 0.001242155522578281 0.5001391760129705 0.49994780900734137 0.5000198647782026 0.49999462642039844 0.5000352584293831 
0.5348505579090121 0.01824966681403417 0.5001778805886233 0.49995579834808734 0.500008239538452 0.499992709268008 0.5001359839128766 
0.036755007885931334 0.6308904363028184 0.5001698352816145 0.4999640139063296 0.5000467361935854 0.499993468737785 0.500022492564442 
0.8156589466323431 0.09287528547871216 0.5001460288475706 0.49996008579040624 0.5001209627056377 0.500004579696934 0.5000382360903202 
0.6790136288314232 0.997728374470525 0.5000832892291741 0.49995085796105626 0.5000076177286913 0.5000031537808851 0.500004721684655 
0.3430143480762364 0.5253315971899057 0.5001659021967134 0.4999625663144489 0.5004702907416189 0.49999232783721037 0.5000117111556686 
0.8677693883501714 0.28391203383300356 0.500164861297762 0.49996058504061125 0.5000638472230855 0.4999929790217944 0.5000405832385572 
0.830349920892339 0.09287528547871216 0.500165938518795 0.49996008579040624 0.5001209627056377 0.5000045904562848 0.5000389138479752 
0.7015538123725723 0.9903816496547859 0.5000906346278614 0.4999697166704919 0.5000187989440019 0.5000031537808851 0.5000047082599814 
0.8891967410650982 0.0866543459255586 0.5001667014226149 0.49995719859795 0.500049524752656 0.500152784937988 0.5000234898856347 
0.6875920750305388 0.9502611093851976 0.5001652495543555 0.4999481498728121 0.5000426499020313 0.5000035561131679 0.5000401326555773 
0.9704066940298468 0.7471142558167719 0.500166155840763 0.49995577834786814 0.5001209627056377 0.49999520505242073 0.5001360763570113 
0.6073093344506942 0.6147586579461694 0.5001523258936353 0.4999506570423475 0.500024980998601 0.5000010020114077 0.500136724966022 
0.9539545397144379 0.3627545488602641 0.5000971596096112 0.49983013852699976 0.4999973500998875 0.4999944098669933 0.500126874654763 
0.9701391287858175 1.0 0.5000873683188012 0.5000750279505614 0.5004390657491908 0.4999969766469978 0.5000180426742233 
0.6233733183434227 0.002606579804070447 0.4999704480164045 0.4999605937810637 0.5000286640247921 0.49999647439367334 0.5001096288025684 
0.3247101885592997 0.8669219969797545 0.5001659021967134 0.4999625663144489 0.5004702907416189 0.49999232783721037 0.5001338660001983 
