1.0 1.0 0.5000015942562959 0.4993186061087433 0.49992470785231297 0.5000310671466777 0.49984369239389037 
1.0 2.869532723774428E-17 0.5000043453257772 0.49977283324283567 0.4000580276255403 0.5000853548336156 0.49987644105638024 
1.0 1.0 0.5000015942562959 0.4993186061087433 0.49992470785231297 0.5000310671466777 0.49984369239389037 
0.0 0.09188914283503169 0.5000044819818262 0.5000068641637576 0.4999276277021046 0.49999943425618193 0.4998407195549724 
0.9194360659333989 3.79226974414143E-4 0.5000041625607621 0.49977433346110517 0.4000580276255403 0.49999680544508407 0.4998783505739646 
0.9999708084533191 0.058911505151339194 0.5000071684170223 0.5000251209955886 0.49877521157929894 0.5000221867767589 0.4997947516155773 
0.9870800106950761 0.009062001865862646 0.5000183682563015 0.5000177150313391 0.4999235135235972 0.5000125125450092 0.49986948240686263 
1.0 0.080962123176618 0.5000089412198218 0.5000326483779453 0.49893136905300034 0.5000847315507088 0.4998767311140632 
0.7364899466866605 0.4334685146182766 0.5000031490789717 0.49996343073694927 0.49994316851737597 0.5000011180091856 0.4998220886685043 
0.3116263849389717 0.003585792818797673 0.5001007978771924 0.5000645665350144 0.49992260737550276 0.5000077187394296 0.4998677858017149 
0.7624594639973182 0.11464990727283794 0.5000182851106211 0.49996686440010213 0.5001280880323165 0.5000015499998676 0.4998800238079255 
0.47941843775481796 0.9392879094354737 0.5001691464314407 0.5000467154747781 0.4998672254944478 0.5000798954592324 0.4998688672819449 
0.8876520465899056 0.4009135183930437 0.5001963372271265 0.4993362857016287 0.4999254818895133 0.5000255448246242 0.499873936980146 
0.20261183819719736 0.0030993571484985716 0.5001027901713765 0.4992054469484396 0.5003981532037444 0.5000251823546368 0.4998679797887101 
0.43577414981298473 0.9719805941273252 0.5001691464314407 0.5000468067222987 0.49992384613424123 0.5000798954592324 0.4998688672819449 
0.3708030315158152 0.9845036431969139 0.5000148319185208 0.4999471140581482 0.5001246418708851 0.5000017650525271 0.49987820672056654 
0.8637277057956578 0.5986164039930487 0.5002589910223103 0.5000470397182126 0.49984971609351864 0.499995666725247 0.4998402421867387 
0.44525961014931636 0.3616138761712641 0.5000002921088421 0.49995223849877163 0.49988359921077796 0.49999770676960775 0.49987963312206923 
0.9475693315772408 0.4337535323501782 0.5002476161256744 0.5000036367147515 0.4998967372046422 0.4999751925241342 0.4998784684899991 
0.5748861369735923 0.9893892266202985 0.5001991919516217 0.5000470523302896 0.4998337629784836 0.5000164200795619 0.49987819290420027 
0.6229440047832551 0.9886733743221023 0.5001036149510235 0.499966813207591 0.49992370861143387 0.49999396522073397 0.49987963514716155 
0.7120586782742075 0.9229976295704168 0.5000080846694019 0.5000468450051705 0.4998337629784836 0.5000009724124056 0.4998701000392266 
0.6325562587189131 0.07935927438487698 0.500252823233008 0.5006016139504206 0.49990051925150786 0.5000075714305565 0.49986684652278596 
0.5056552719949227 0.34702567559289 0.5000088724477142 0.499971442096263 0.4999266432972968 0.5000028329534125 0.49987905481554024 
0.9106529304991272 0.022610459716402798 0.500100487711941 0.5000055179808195 0.4999155267884502 0.5000916509629919 0.49982311183778094 
0.9297573727853053 0.9994286392732601 0.5001653472560507 0.4999794317910326 0.49992470785231297 0.5000120308561357 0.49984414127251525 
0.5987590556272439 0.9808805578346483 0.5001670219790667 0.5000254161583388 0.4999258570028832 0.5000161932285621 0.4998259431528294 
0.27597841633430653 0.8899623119314596 0.5002509716080616 0.4999778526341183 0.4996096780400716 0.5000027580195474 0.49988182541630716 
0.5898333221595443 0.9283810992673756 0.5001975023872759 0.5000254161583388 0.4998337629784836 0.5000161932285621 0.4998256796074564 
0.21482058512816765 0.26973598110370717 0.5000145571352621 0.5000390537467404 0.5001159701311281 0.5000023171499599 0.49987709578588135 
0.6801168096374965 0.04387100618001528 0.5002629700870758 0.500612895961512 0.49964235436908966 0.500094407257654 0.4998665431577892 
0.9942899052305416 1.0 0.5000015942562959 0.4993186061087433 0.49992470785231297 0.5000310671466777 0.4998422121508304 
0.12187721339663887 0.9916773870510132 0.5001999057484671 0.5000524696682398 0.4998311122042575 0.5000163362211808 0.4998739768181429 
0.12187721339663887 0.999952447038071 0.5000014594151115 0.4993054323169307 0.4998315766971612 0.5000163937460038 0.4998739768181429 
0.9983281592310675 0.0030993571484985716 0.5001027901713765 0.4992029549282943 0.5004094626906986 0.5000251823546368 0.4998679797887101 
0.974361089959622 1.0 0.500008912199557 0.5000164095769407 0.49992654442642076 0.5000309182709348 0.49984420516949946 
0.5560780068244936 0.42720309360136566 0.5000125397520521 0.5000371474156905 0.4998925128946897 0.5000799309624918 0.49987879352393894 
0.8033756025908229 0.4247043105215114 0.5001962128652709 0.4999339877834393 0.49992351145083913 0.4999969516313595 0.49978618934816504 
0.9989685403675548 0.26973598110370717 0.5002356561457159 0.49933058012799053 0.5001159701311281 0.5000122534718934 0.4997927390452319 
0.06877145523351424 0.018808595144456708 0.500257031915742 0.5000177150313391 0.49992351145083913 0.5000125125450092 0.49986948240686263 
0.285751300478719 0.36142383970482933 0.5000148319185208 0.49996655362417275 0.5001246418708851 0.4999972142294202 0.49987820672056654 
0.5489814612931555 0.9893892266202985 0.5001990731911043 0.5000438006437667 0.4998310233783442 0.5000161932285621 0.49987008181340903 
0.1670547924299826 0.42628644297171786 0.5000143136511922 0.5000295108889774 0.5002483036529735 0.5000027672656546 0.4998766683727539 
0.9987745426148698 0.9948702765410902 0.5000031490789717 0.49996343073694927 0.49992559967583833 0.5000005366284579 0.4998220886685043 
0.3469399693540941 0.39666458882633027 0.5000144855261448 0.5000430310765206 0.5001383908042991 0.5000018844882239 0.49984437535975657 
0.7635224336945055 0.36142383970482933 0.5000097990571771 0.4999668625100081 0.49992774650591465 0.5000028364832969 0.49987820672056654 
0.20438995685772426 1.0 0.5000018772207736 0.4993186061087433 0.49992470785231297 0.5000031234308526 0.4998784672681406 
0.9042560027908215 0.8374228993201646 0.5001004730881695 0.5000055179808195 0.49989483701392057 0.500006151881737 0.49986785581252546 
0.9998477093915834 0.9982475816647404 0.5002571831195921 0.500111171360816 0.4998329327956816 0.4997204539908955 0.49982179596859383 
0.7163861253827094 0.9486627696533616 0.5000071637945942 0.5000470329278808 0.4998347015212074 0.5000008014677352 0.49987157641010527 
0.9976688284777663 3.675989536270439E-4 0.5001990521220246 0.5000637111093834 0.4000580276255403 0.5000097015243365 0.49987644105638024 
0.9823362753995369 0.8995353630325102 0.5001672909345334 0.499962096227255 0.4999221889324474 0.5000127178982186 0.4997882301843232 
0.6903847778948885 0.4467187255503821 0.5002601067902073 0.5000353903117687 0.49988634932782117 0.5000127035875882 0.4997860035007009 
0.9465875063572272 0.04230726967517978 0.5002570103472022 0.4999790369654182 0.4999006912823017 0.5000121527582745 0.49988185461988555 
0.8204621711111821 0.04230726967517978 0.5001057110617785 0.4999790369654182 0.4999006912823017 0.5000150524709897 0.499824527514602 
0.2064705959435577 0.9006936815479598 0.500101629921977 0.5000254161583388 0.4999258570028832 0.5000250080371528 0.4998259431528294 
0.9786923919947711 0.47565873365983236 0.5002569568414841 0.500047039474249 0.49992351559868475 0.49999906956548695 0.4998684352246688 
0.49909459291832364 0.7713484213236979 0.5002008528995108 0.5000520971270629 0.49983816646861484 0.5000767090754763 0.499870697563226 
1.0 0.04387100618001528 0.5000971181362978 0.5000466003846157 0.4000580276255403 0.5000853548336156 0.4998665431577892 
0.9370365327017237 0.0026079711331098987 0.5000012521700726 0.4998062607517222 0.49992901228159625 0.5002711878826188 0.49984542868610055 
0.3958770804559574 0.3624129289154509 0.5000156339960858 0.5000607606329069 0.50012891441818 0.4996984925121399 0.4998423709902729 
0.8991762369696402 0.047043092015415205 0.5002580734626804 0.5000420465721355 0.49992351145083913 0.5000126985731109 0.4998451906146704 
0.9643523341177906 0.8374228993201646 0.500100558497771 0.5000055179808195 0.4999262146485833 0.500006159920748 0.49977815682406834 
1.0 0.042771776953636875 0.5001011691206197 0.5000326483779453 0.4002177042258042 0.5000077187394296 0.4998674867232085 
0.785979336847745 0.42651190658246785 0.5000167212137036 0.5000371474156905 0.4998925128946897 0.5000788734056059 0.4998252223422601 
0.3958770804559574 0.4286125344253535 0.5000156339960858 0.4999271020030267 0.50012891441818 0.500020427550554 0.4998423709902729 
0.5217490604668841 0.9989050950288371 0.5000178867669632 0.4999402914581197 0.49984989877403874 0.5000134253087022 0.49984599756118575 
0.5333594803970477 0.9392879094354737 0.5001699192810348 0.500052101714118 0.49992384613424123 0.5000798954592324 0.49987054485835763 
0.8524888243376848 0.07874670480349977 0.5001027829146969 0.5007069840144303 0.4999327395894415 0.5000077187394296 0.4998677858017149 
0.9475693315772408 0.8700140888614043 0.5002580768620258 0.5000055179808195 0.4998967372046422 0.5000120711946422 0.4998784684899991 
0.6547666040427434 0.982257867674738 0.5001691413920678 0.5000467182848979 0.4999258348094071 0.5000161932285621 0.4998674015137768 
0.6846364565172182 0.0026988947744678027 0.5002601209720162 0.5006060516977393 0.4998869313657487 0.49968457303070823 0.4997859540099246 
0.8534061900835447 0.8234687295740488 0.5001056840325178 0.4999790369654182 0.49989641490308356 0.5000077011535476 0.4998706401355882 
0.024248001490608073 0.9866903641692072 0.49999640354167435 0.4999215712497481 0.49989980489756514 0.500018903957428 0.49979015676334876 
0.8868138208844365 0.9134824834734148 0.500260036449189 0.5000542037193978 0.4998004123273724 0.4997081368936098 0.4998228509264517 
0.8868138208844365 0.9930117419025388 0.5002602203998078 0.5000542037193978 0.4998004123273724 0.4997101871519461 0.4998228509264517 
0.9926122934674352 0.9982475816647404 0.5002601669897363 0.500111171360816 0.4997997488780199 0.4997098022731587 0.49982179596859383 
0.7163491537012148 0.3716211522853811 0.5000071637945942 0.5000364500544658 0.4998349374799931 0.500001254426845 0.4998733550474093 
0.6975491221320084 0.42651190658246785 0.5000167212137036 0.5000371474156905 0.4998925128946897 0.5000788734056059 0.4998252223422601 
0.9999908937280266 0.06458825980358734 0.5000071684170223 0.5000251209955886 0.49877521157929894 0.5000221867767589 0.4997947516155773 
0.9786923919947711 0.49398678512795247 0.5002569568414841 0.500047039474249 0.49992351559868475 0.4999963887057508 0.49986844337187086 
0.27597841633430653 0.9119158436095496 0.5002509697483873 0.4999780312824371 0.49961965731871233 0.5000027580195474 0.49988182541630716 
0.7087287100588735 0.0030993571484985716 0.5001027901713765 0.49932291755887503 0.5004094626906986 0.5000310303978189 0.499868025434178 
0.18430375407179284 0.42628644297171786 0.5000098151071836 0.4999654354106894 0.4999298838316698 0.50000276623509 0.4998766683727539 
0.21639110686900687 1.0 0.5000018772207736 0.4993186061087433 0.49992470785231297 0.5000031234308526 0.4998769870250806 
0.8583602136339373 0.910072923759208 0.5000031437329822 0.4999296254941436 0.4999004941217069 0.5000008773126364 0.49978618934816504 
0.9823362753995369 0.39883070721004027 0.5001683494571795 0.5000621692435573 0.4999221889324474 0.500013800845082 0.4997882301843232 
0.6316156768874609 0.9867506135624112 0.5000031437329822 0.4999303446846167 0.49992351145083913 0.5000013917991175 0.49978618934816504 
0.8867220623259753 0.8039062821967053 0.5001026745460734 0.4999790369654182 0.4998966744318922 0.5000062173220253 0.49977504997596756 
0.9194360659333989 2.869532723774428E-17 0.5000043453257772 0.4997789329006085 0.4000580276255403 0.5000290280712987 0.49986800750843724 
0.4114089874023312 0.07731191185339614 0.500015856046868 0.5000432575981062 0.49994845414027594 0.5000098899205478 0.49986789683860694 
0.957125355520746 0.8996319932147344 0.5001972829188804 0.499962096227255 0.4999221889324474 0.5000127225554714 0.4997952514285964 
0.14667513183217307 0.9829892832977094 0.5002509697483873 0.4999776814087524 0.49961965731871233 0.5000027580195474 0.49988182541630716 
0.2715383874898131 0.002295821017518407 0.5000101555891765 0.5000464285839217 0.4999224776065274 0.5000011927970309 0.49987410895545115 
0.7163861253827094 0.3896660312955263 0.5000071637945942 0.5000523709646435 0.499835950817271 0.500001254426845 0.49987280322161265 
0.285751300478719 0.7062066230058042 0.5000148319185208 0.5000545827881047 0.49984474673627144 0.4999972142294202 0.49987808460242006 
0.19916689419174782 0.009284160445900164 0.5001066884399733 0.4999665085077279 0.49961965731871233 0.5000247362483563 0.49987859817861824 
0.8309983259861458 0.2551125309412532 0.5000147490617896 0.4999663627894619 0.4999231621696227 0.5000126749725963 0.49988559214695044 
0.3469399693540941 0.39666458882633027 0.5000144855261448 0.5000430310765206 0.5001383908042991 0.5000018844882239 0.49984437535975657 
0.4682111724752093 0.41386202189114885 0.5001792671473031 0.5000369612085418 0.49992384613424123 0.5000798954592324 0.49978674418630786 
