0.9999999870524954 6.71026355815743E-16 0.5006437896004653 0.3905503564205283 0.499971767905125 0.4997615707605162 0.5001397295228924 
1.235447432561334E-17 3.9127602705163497E-16 0.5008537306590866 0.5007311702881588 0.499970605911635 0.4996252285365789 0.49891232391167506 
1.235447432561334E-17 1.0 0.500414321296733 0.5000468150160264 0.4999754492160403 0.4999779873142584 0.4999369040726935 
1.0 1.0 0.5004801717946202 0.5004989377472737 0.49767463934918665 0.4998619997195096 0.5001253768880773 
1.0 1.7213028298655337E-14 0.5009137454645142 0.399705875582028 0.40034736635591106 0.5005038070382124 0.5001958654645352 
1.0 0.9999999999999233 0.5004147830766842 0.5016290808543225 0.5005606436220195 0.49985873354048366 0.5001385927856803 
1.0 0.9999362663783333 0.500417774831267 0.5014967255441164 0.5005575158640141 0.500101701952177 0.5001363277311409 
1.235447432561334E-17 0.0034916629806334143 0.5002820622044978 0.5007370336646216 0.499970605911635 0.4996252285365789 0.4989097067323228 
1.0 0.996419507339706 0.5004184562008532 0.4998547459225942 0.5005360694370671 0.4998435147129105 0.5001016042395856 
1.235447432561334E-17 0.7153346616248113 0.5004708261826175 0.5007627806214252 0.4999730717941571 0.4995865613215949 0.4999263577708396 
0.9993646964902727 2.750519905804865E-16 0.5003242521166331 0.5000371476179404 0.4971776937534027 0.5000901573214206 0.4999481468450211 
1.0 0.04946209279167324 0.5004157789478701 0.4992661353274598 0.4999914753052499 0.4998609830279115 0.5001814745601738 
0.5002608885870142 0.967193033040545 0.500467773865509 0.500039160985834 0.5000165644352348 0.49985338419005704 0.5000732949295265 
1.235447432561334E-17 0.028402921010906912 0.5004962541957025 0.5007339720228953 0.4999731980100845 0.49985057643995084 0.5001174068866913 
0.7994943416435508 0.89535759250378 0.5005474425936557 0.49997373585249166 0.4999931255573602 0.49984507025501257 0.5000821039331085 
0.4274771099890247 0.998000217886673 0.5004201210514192 0.49965596663788125 0.499996844448858 0.49975274697949146 0.5000816240502778 
0.646478412963009 0.9998497491254342 0.5004804706978208 0.5001338958538721 0.49997537060868413 0.5000921780365373 0.49993341493227167 
1.235447432561334E-17 0.577097314278541 0.5004602067136505 0.4997007803680655 0.49998369188921543 0.49967250220422715 0.5001510571523677 
0.22665819167794937 0.9847301567506165 0.5004136528014969 0.4999004824414249 0.5000216528883049 0.49997642473048687 0.4998177491559046 
1.235447432561334E-17 0.13726640695524364 0.5005759518141929 0.5002584647795593 0.5000768986165978 0.4995771471287255 0.5001277353643737 
0.6791205790114119 0.8320995277729045 0.5004862497076576 0.49990019738082475 0.5000607353616907 0.4998530041727316 0.5001007104175808 
0.41437687156893294 0.5732579081104486 0.5004832117918041 0.49962535854143597 0.5000000201635951 0.49974699455438604 0.5000805834437521 
0.4700494907382623 0.46458234503719126 0.5004836677613712 0.49998611384879876 0.5000041552183185 0.5000276314778933 0.500114332531593 
0.7473489287840094 0.9998561532630516 0.500483666338035 0.49980548161485966 0.5000164315142657 0.4997407645512278 0.5001375452775751 
0.8468514719955146 0.990148866906523 0.5004818886405544 0.5000548132646963 0.5000027566987311 0.49985806971479824 0.5001750998205209 
1.0 0.9999999999998549 0.5004176321703215 0.5015583908668542 0.5005575158640141 0.49985873354048366 0.5001385995328421 
0.5448441202507281 0.9713818905585574 0.5004814568452276 0.5000411606998793 0.4999636731457854 0.4997972596612754 0.499909873940849 
0.48678570833998136 0.8951822645380895 0.500476546227889 0.49962849499083445 0.5004888583206631 0.5000494800135902 0.4999193377324695 
0.5528274210079853 0.9841529335922148 0.5003189401810803 0.4992661353274598 0.4999914753052499 0.4998609830279115 0.5001323773136898 
0.25739450698952876 0.9990579231073965 0.500469631601427 0.5001267058557339 0.49997396652115406 0.5000327573041203 0.49980034332529866 
0.6065509094870961 0.999402794386774 0.5005315238506817 0.49998911112065547 0.4999970306868924 0.4995671401045811 0.5000839014447312 
0.7553844787943949 0.8980189791072779 0.5004832843813176 0.50002622868818 0.4999360917658685 0.5000427446556565 0.5001461764207847 
0.1509301197242215 0.9933495093923854 0.5004835669369775 0.4999004824414249 0.5000243752382579 0.5000285567610229 0.500140689046804 
0.8078726133205818 0.9758679692330758 0.500542909666413 0.49998472407447103 0.5000751123787743 0.4998528978596751 0.49993105080097494 
0.3237408367834933 1.0 0.49978583876859894 0.500039160985834 0.5004946641873598 0.4998552782241882 0.500073716035925 
0.9999773223994252 1.6402968811797084E-16 0.5004173500232552 0.5000376537797784 0.4971776937534027 0.49985048759656264 0.4999481468450211 
0.9775140733657703 0.12035479513914582 0.5004843820826819 0.499625258425388 0.5000038264776419 0.49975023944813945 0.4999479715184078 
0.5353464660469864 0.9537245449022105 0.500503015501133 0.4997829760906872 0.4999961103575437 0.5000456748242342 0.4998360202702833 
0.1398661706276206 0.318510842128551 0.5004840004021476 0.49998608553671414 0.5000180606546564 0.49984991774775045 0.5001128971164721 
0.19696409359748474 0.31593224393760017 0.5004696824992146 0.49991581628086335 0.5000216528883049 0.5000327573041203 0.5000967092434433 
0.3539166136517393 0.5648640066931153 0.5004862303597565 0.4998937354792126 0.5000038264776419 0.49974948854846224 0.5001008422963192 
0.3873417903725229 0.46458234503719126 0.5004229816020681 0.4999718644145435 0.49996561581885923 0.49975069630414476 0.5001105099454402 
0.38843300132553804 0.9034202389188788 0.5004834090055932 0.4997812617316489 0.4999953622204749 0.49958838869481514 0.5001105099454402 
0.13714678963714044 0.990148866906523 0.5004818886405544 0.5004135296519299 0.4999545396893333 0.5000301807314803 0.49983908357482965 
0.2888793296312403 0.9677750135432664 0.5004143176423577 0.5000395486312044 0.4999744425182021 0.4999774678160903 0.4999329891648664 
0.45580239600244465 0.3516219385522528 0.5004120718664594 0.5000115236883661 0.5005331365728944 0.4998351412959952 0.5001223823264681 
0.637958725860477 0.48601873914601557 0.5004824091851038 0.5000142988720226 0.5000150463420823 0.5001008010470022 0.5000836683736877 
0.9294716412066687 0.9271984572770462 0.5005455919895117 0.4996749050770637 0.500003289206576 0.49985917052158424 0.5000719937732764 
0.0186894896811603 0.38526742739891373 0.50028368475276 0.49990284362885534 0.5000703405394498 0.5000482333461791 0.49978931041161834 
0.7078862908501863 0.9071912351114695 0.5004833365096086 0.4997810258903362 0.49997324840062807 0.49958950625333093 0.5001007104175808 
0.8683663735964657 0.02347147558055962 0.5003251538366144 0.4999740649863478 0.49996903329609765 0.5000820148580355 0.49984809785547846 
0.5668957491160275 0.6192194194656606 0.5005494570002026 0.49989945526473284 0.5000216528883049 0.5000285567610229 0.49981272065568066 
0.9562849407785734 0.3536239374929936 0.5004142697705263 0.4998964018392947 0.5000701255797548 0.5000482333461791 0.49978931041161834 
0.5744753453497504 0.7144463855524859 0.5004676403015806 0.5000262795911867 0.4999262553319637 0.5000427446556565 0.5001461764207847 
0.943464548327824 0.8770301622014481 0.5005455919895117 0.4996749050770637 0.4999928357987271 0.49985302506588736 0.5000799523479464 
0.23994379406410687 0.5648640066931153 0.500484439763788 0.49962535854143597 0.5000039556853619 0.49974699455438604 0.5000805834437521 
0.8306972295803232 0.9986187052984979 0.5004198501036046 0.4992661353274598 0.5000032154855639 0.49986416073902745 0.5001814745601738 
0.7104686857988359 0.07456727253282802 0.5005351844105536 0.5000169002623467 0.5000711043269885 0.5000841274099265 0.49983710122698216 
0.9598581364443689 0.8315268019982329 0.5005455919895117 0.4996749050770637 0.4999928357987271 0.499852878076215 0.5000800670261939 
0.19059775609533475 0.6192194194656606 0.5005431348721902 0.49989945526473284 0.5000216528883049 0.5000285567610229 0.49981272065568066 
0.5744753453497504 0.07516914069787084 0.5004676403015806 0.5000262795911867 0.4999271044403954 0.5000427446556565 0.5001461764207847 
0.9136624883222261 0.605906870660865 0.5005438698327948 0.49997188173568374 0.4999928455888853 0.4998465624301718 0.5001346549512468 
0.9895582565201194 0.9685393193340515 0.500475326066071 0.49992149353635684 0.4999979600846632 0.5000327573041203 0.49978571881443445 
0.6266060228390308 0.6168485750068264 0.5004824443312883 0.5000142988720226 0.5000215453838281 0.5000471784406918 0.5000839014447312 
0.08168209431808156 0.9750896908708463 0.5004786465070908 0.5000135018131088 0.4999991611753867 0.499760580107286 0.49983975312340106 
0.8592152329317597 0.5129006226715991 0.5005400713386855 0.4999002908037333 0.5000757618422446 0.4998536581906667 0.5001094527459843 
0.18042877524091971 0.9599254995143368 0.5004786465070908 0.49997298281836555 0.4999991935939515 0.499760580107286 0.49983975312340106 
0.7989650309217751 0.8744819339922439 0.5005437213931412 0.49997373585249166 0.4999931255573602 0.499986246824082 0.49993747177541437 
0.9294716412066687 0.9845342365439032 0.5004171977219032 0.4996792905501365 0.4999767512579238 0.4999739318054153 0.4998007576506365 
0.5206699781985671 0.04846729555134627 0.5003189401810803 0.4997898008885845 0.4999914753052499 0.4998609830279115 0.5001323773136898 
0.27611623677726205 0.7133974684645572 0.5005438698327948 0.49997201732523894 0.4999928357987271 0.49985302506588736 0.5000815017638963 
0.9988704862513038 1.0 0.5004707872030649 0.5000354284880071 0.5000204763317617 0.49997833170209827 0.49991906659759094 
0.7468256596556224 0.9996786109579144 0.5004828673879892 0.50002622868818 0.4999360917658685 0.5000436946486935 0.49993834783210406 
0.8704274765600571 0.6323893586261874 0.5005400713386855 0.4999000151179441 0.5000757618422446 0.4998536581906667 0.5001065642295919 
0.8914523559457589 0.9033418687451986 0.5004135852478288 0.4996843153165816 0.49997551355342684 0.49985408398484205 0.500101203048168 
0.08566229669706946 0.9128497469632942 0.5004834079174754 0.5000135018131088 0.4999991935939515 0.499760580107286 0.5001007760243114 
0.9993563388594554 0.9938154332651794 0.5004718333594441 0.4996749050770637 0.5000209795891709 0.49985302506588736 0.5000799523479464 
0.45580239600244465 0.17767735413550717 0.5004120718664594 0.5000115236883661 0.5005331365728944 0.4998351412959952 0.5001223823264681 
0.4629609759257419 0.8641477269022231 0.5003158096134954 0.49973871323171964 0.49997089428539626 0.4997396756455226 0.5001326143020773 
1.235447432561334E-17 0.11229408653393191 0.5005017020913949 0.5002584647795593 0.4999993103338539 0.4995771471287255 0.5001277353643737 
0.9231775138247571 0.0745176965917917 0.5005474685446426 0.5000580926462196 0.5000705322453942 0.49960398075751716 0.4999263577708396 
0.8925602286447365 0.9073602991592672 0.5004135852478288 0.4996774424827217 0.49997551355342684 0.49985408398484205 0.500101090916534 
0.9855106086603119 0.6128020560192815 0.5005438698327948 0.49998413253213425 0.4999928455888853 0.4998465489785692 0.49992574821821434 
0.6096819682178303 0.9985701112423999 0.5005318889590838 0.4999846274123433 0.49997521327045563 0.5000857523162396 0.49993341493227167 
1.235447432561334E-17 0.07596121931774508 0.5004708261826175 0.5007627806214252 0.49997392090258874 0.4995865613215949 0.4999263577708396 
0.5552856689079246 0.8641477269022231 0.5003158096134954 0.49973871323171964 0.49997089428539626 0.4997396756455226 0.5001326143020773 
0.7078862908501863 0.9388263022939918 0.5004675176232525 0.4997810258903362 0.49997324840062807 0.49958950625333093 0.5000725497877613 
0.9388196118819682 0.30738438544952573 0.5004840004021476 0.49966241275789136 0.500018167741049 0.49984991774775045 0.5001128971164721 
0.05877219101122627 0.9140785527695173 0.5004775033360869 0.5004175590806171 0.4999749896926894 0.5000249547171645 0.499848057958111 
0.09274877213588073 0.9184088195371602 0.5004135852478288 0.5000011152615446 0.49997540646703414 0.49985408398484205 0.500101090916534 
0.9294716412066687 0.9960891016121538 0.5005455919895117 0.4996792905501365 0.4999767512579238 0.49985917052158424 0.5000719937732764 
0.9492088736653281 0.9504930808787596 0.5005454735573021 0.5000413181759674 0.49999293133689027 0.4998537698880144 0.49981994073095065 
0.618796285112952 0.47100266221567055 0.5004824443312883 0.5000142988720226 0.5000177278632033 0.5000471784406918 0.5000839014447312 
0.293056972330508 0.9965141647372969 0.5004689387767154 0.5001267058557339 0.49997396652115406 0.499861986590707 0.49980034332529866 
0.9994429912387999 1.0 0.5005311601499166 0.500039160985834 0.500023622718502 0.4995653992726291 0.4999416597957376 
0.7286828402986263 0.8369183215367713 0.5004862497076576 0.49990086346004103 0.4999705740577655 0.4998500078223376 0.5001007104175808 
0.3008686444976232 0.3453462016316556 0.5005438698327948 0.49997188173568374 0.4999928357987271 0.49985302506588736 0.5000815017638963 
0.8301751632626099 0.9965621772300431 0.5004198501036046 0.4992661353274598 0.5000032154855639 0.49986099257572414 0.5001814745601738 
0.3924573769913403 0.006480054479977404 0.5006476298308868 0.49962535854143597 0.5000038264776419 0.49974699455438604 0.5000803436321496 
0.618796285112952 0.9252543036208847 0.5004824443312883 0.500013237865978 0.5000177278632033 0.5000471784406918 0.5000723733283086 
