1.0 1.0 0.5000387400355897 0.5000010230994062 0.4999601241777675 0.6004442196768492 0.40005016071284183 
0.0 0.9895911726257276 0.4999876404408788 0.5000049102433527 0.5000606374670602 0.4993186349184672 0.3999659712229276 
1.0 1.4334298150856783E-17 0.5003871638179404 0.5000026087257291 0.49962291487904054 0.6002418209469234 0.39997021749535633 
1.0 0.9999999999994543 0.4999580816929649 0.49976660968313924 0.5000329292423201 0.5006793753763795 0.4000340131601689 
0.8608821637373357 1.4334298150856783E-17 0.5003800088428322 0.5000139563212526 0.4996033234415617 0.6002418209469234 0.39995754663219113 
0.9999731489462955 6.442482569356278E-6 0.5000048087125996 0.5000009188464636 0.5009490722536477 0.49935143934799453 0.399947236651944 
0.9857957360863193 1.7219262040420066E-7 0.5000539594091501 0.5000139563212526 0.49959033169294326 0.6002418209469234 0.39983326885084447 
0.04434912204512165 0.8508280862827662 0.5000207251821142 0.4998169660113365 0.5000615280941682 0.49997129217733666 0.39995835437575267 
0.6653844465389389 0.9999999999994523 0.500379968175666 0.49977704263997175 0.49999718160460477 0.4997062382996522 0.40002796829624465 
0.4364599542567108 0.9999999999999982 0.5003662332445202 0.5000134166290976 0.4999924070164951 0.6002534219724158 0.4000505325544279 
0.7314063085671997 0.0061350715982296244 0.5003840100222402 0.5000348267943822 0.4999607449065148 0.4993649717555432 0.3999735400799291 
0.1810405145571708 0.1513862620915556 0.500039318734936 0.500013280370701 0.4999470081421565 0.49938114425124275 0.39997479807519093 
0.8439778287790399 0.9999999999994523 0.500026771396483 0.49941451073697335 0.49999920535990827 0.49973778564297444 0.4000319805732659 
0.7860063763520476 0.7419428445471232 0.5004437848132541 0.5000135583389057 0.49994438316852785 0.4993584087718257 0.5005444977979816 
0.4988281824704459 0.999999999999997 0.5003662332445202 0.5000133149739369 0.49999339946781857 0.6002534219724158 0.4000442793388786 
0.9994592416349276 0.17030230784686673 0.5000384265107338 0.5000009188464636 0.5000603377242262 0.5000249079808176 0.3999463582493634 
0.7417992086738407 0.9999999999994523 0.500046887428841 0.5000145343396674 0.49999727104776065 0.4996798605887578 0.39995840196031135 
0.44213953386426946 0.9969764028582901 0.5000571149385242 0.49979124443349016 0.49996376508874485 0.5997642934632486 0.5000674419102329 
0.21721847132219768 0.15443679230525548 0.5000388722125835 0.500013280370701 0.4999470081421565 0.4993648538095376 0.39997479807519093 
0.8615018521586844 0.0028793003668973896 0.5000389402940643 0.5000008862778668 0.49996125700030297 0.4992683965623007 0.40004422969223685 
0.41650650804335904 0.33616747048692047 0.5000063447613597 0.5000005172222978 0.5000289169139435 0.49933474760165336 0.3999563685447244 
0.9251135286401903 0.5209732974888209 0.5000405464160227 0.5004804486566334 0.500040480913511 0.49969482344992283 0.3999416393378692 
0.8018984343063003 0.9999999942402016 0.5003797463258098 0.5000178323276315 0.5000315981759188 0.49926248261045375 0.3999666048698257 
0.8899081366372632 0.9999999940737876 0.500379968175666 0.5000146863859708 0.49999718160460477 0.49970866198385605 0.40002796829624465 
0.8029488269146031 0.9999999941658655 0.5003751041136824 0.5000159057452177 0.5000315981759188 0.49926248261045375 0.3999667311588274 
0.46770081730695956 0.9999999999994523 0.500026771396483 0.49977704263997175 0.49999920535990827 0.4997062382996522 0.39995915212183775 
0.4390442677479651 0.0390248579787737 0.5000408297764765 0.49977704263997175 0.4999981319567696 0.49970671117059157 0.39994182221792807 
0.4993380218490459 0.9999999999994523 0.500379968175666 0.49977711424512733 0.4999976838769622 0.4997062382996522 0.40003124662312356 
0.9954368330669721 0.007862638914362674 0.5000001714319413 0.5000134114461161 0.49960559241264724 0.4993166410777877 0.5012416979742095 
0.23481395761935964 3.604894569613306E-6 0.5000390358531516 0.4998855873421473 0.49998385538943624 0.49948603057234064 0.40005113345474025 
0.20229385001550748 0.9999999999994523 0.5000136405146431 0.49977711424512733 0.4999976838769622 0.4997062382996522 0.40005569433341315 
0.6375128922761913 0.9710929821897527 0.4992466111992455 0.5000135167483141 0.4999441466858502 0.5005466664914964 0.5005444977979816 
0.5729760859914166 0.16923744961279708 0.5000229931404243 0.49981422271506654 0.5000615280941682 0.5000255696054972 0.39995814571505595 
0.959783158306215 4.2043501431251915E-7 0.5000426847824959 0.49989047223423355 0.5000724259820872 0.5000155983124277 0.39994206557225903 
0.9994885403947896 0.2908587619784597 0.5003783964525607 0.5005391283776505 0.49960445996153846 0.5002464058764071 0.39995713796803545 
0.9779071467851481 3.604894569613306E-6 0.4999985183712265 0.5000002598899345 0.5000609630137085 0.4993683019691293 0.4000292544682713 
0.33553616585195273 0.3989657393798482 0.5003760192909229 0.5000005172222978 0.5000315783201744 0.499333666233914 0.39996670936007983 
0.6432273975338839 0.030283832453100235 0.4999972300727408 0.49976457229789906 0.4999986572959712 0.49994776685646086 0.3999546552657057 
0.8650493818957311 0.0029177476407631353 0.5004200646930561 0.4999995309060643 0.4999906670493584 0.4992683965623007 0.3999667292081878 
0.6204454283962885 0.024585332218786005 0.500022669301087 0.5000161334176327 0.5000779266835048 0.49997040273337523 0.3999550272947024 
0.5301984222417739 0.01178826265815519 0.5000228043268984 0.5000014337717705 0.4999891334929289 0.49998375180980487 0.40003293207516183 
0.3210905572456787 0.3330147789800063 0.5003783964525607 0.5005391283776505 0.5000002282103498 0.5002464058764071 0.39995713796803545 
1.0 0.9708087470073137 0.5000047824812196 0.49981046513662636 0.5000614078971519 0.4996873543520507 0.39995805737673806 
0.5559428588532536 1.0 0.5000381002403498 0.5000010230994062 0.49996072703135314 0.601223990818132 0.4005800023410788 
1.0 0.6247450843704686 0.5003792376488597 0.4998240409250443 0.5002717515625363 0.5002941419950194 0.3999407239266261 
0.9275160274485296 0.5346639638433328 0.5000405464160227 0.4997796700477081 0.500040480913511 0.49969482344992283 0.3999416393378692 
0.9994885403947896 0.2575975216968045 0.5003834672215001 0.5004786528222079 0.49960445996153846 0.5003429810696496 0.3999408765570625 
0.5527614768375119 0.09729380369689655 0.5000228900194705 0.4998169660113365 0.5000614903753351 0.5000254366453263 0.3999662439049887 
0.9251135286401903 0.5594146248363723 0.5000405464160227 0.5004675810317268 0.500040480913511 0.4996881162046653 0.3999416393378692 
1.0 0.9216452376948583 0.5000050073782027 0.5000005083547211 0.5000347381042474 0.4996873543520507 0.3999353228865061 
0.29573925030815706 0.00891377029712494 0.5004036894622881 0.4998163192384558 0.5000288920858182 0.5000302687616741 0.3999581391860654 
0.9954368330669721 0.9969318885435723 0.5000001714319413 0.5000134112471952 0.49960559241264724 0.4993166410777877 0.5005337455668104 
0.5987168427429695 0.024585332218786005 0.500022669301087 0.500025678504833 0.5000779266835048 0.49997040273337523 0.39995814571505595 
0.3599998678247088 0.11246869612929528 0.5000440565575581 0.500013280370701 0.49994816032088 0.49960476468206483 0.39997479807519093 
0.580937045987063 0.050038745114492245 0.5000229931404243 0.4998169660113365 0.49999926460762156 0.5000255696054972 0.39995814571505595 
0.23991098060567406 0.9999999999994523 0.5000418933920319 0.5000145686400634 0.4999974029804757 0.49971360910561397 0.3999577317158952 
0.46770081730695956 0.3436408991711956 0.5000265316501051 0.4999994232568645 0.5000287544759809 0.5000243968794265 0.39995915212183775 
1.0 0.003281719507175429 0.5003792329124783 0.5000220087117982 0.4996241659831516 0.5007355293027714 0.3999406705447215 
0.3205523266932868 0.9999999999994523 0.5000418933920319 0.5000152886037059 0.4999974029804757 0.4997062382996522 0.40003124662312356 
0.3663363002434823 0.08461436614067908 0.500026740853654 0.5000130202648553 0.49996312516513547 0.4993649717555432 0.39997450963978465 
0.6301837999969548 3.762498508313242E-4 0.5004368580166563 0.49977524483452024 0.5000606702437475 0.4993649717555432 0.39996589588525006 
0.6358061369628741 0.00891377029712494 0.5004368580166563 0.4998163192384558 0.5000288920858182 0.5000302687616741 0.3999581391860654 
0.3641022856301553 0.4111915842362233 0.5000050073782027 0.5000005083547211 0.5000328477747533 0.4999667640554188 0.40003504781896504 
0.29744600561833723 0.9461199404221587 0.4992134426448773 0.5000135167483141 0.4999441466858502 0.5005466664914964 0.5005444977979816 
0.9935719983012382 3.604894569613306E-6 0.49999827368317196 0.5000002598899345 0.49962378305538324 0.4993683019691293 0.399939981152754 
0.7588989122709568 3.604894569613306E-6 0.4999985183712265 0.5000002598899345 0.4999725520174599 0.4993683019691293 0.4000292544682713 
0.37498760664714853 0.17623983682479089 0.500006509456347 0.4999972649340393 0.5000313217821287 0.500035121352174 0.39996661118317567 
0.3759873602920054 0.9999999942402016 0.5000118316847884 0.5000178323276315 0.5000315981759188 0.49926248261045375 0.39996661130234934 
0.5271226211545984 0.9999999999994523 0.5003750219579568 0.49977704263997175 0.49999500612203507 0.4996954420087766 0.3999400695509039 
0.5573206332600047 0.024585332218786005 0.5000229931404243 0.4998169660113365 0.5000627597591774 0.5000254366453263 0.3999662439049887 
0.35290866462464265 0.004882080848010877 0.5000449041436918 0.4998855873421473 0.49996320575792946 0.49933628326194707 0.39996625750926446 
0.9980020837217546 0.002855677915090067 0.5000027451899692 0.4999999064306794 0.5000571021319039 0.5000137104886971 0.4000380055717076 
0.37498760664714853 0.3365669258656859 0.500006509456347 0.5000005172222978 0.5000315778513585 0.499333666233914 0.39996661118317567 
0.948759385575618 0.9998181940621956 0.5003544504972107 0.5000063459380881 0.5000616285305154 0.5000374136883355 0.40002939567364176 
0.9999908776456135 0.9805693852816885 0.5000571149385242 0.5000156971590699 0.5000024275413125 0.5997642934632486 0.49951782206651385 
1.0 0.8937814710971006 0.5000425190046195 0.5000005083547211 0.5000342097477658 0.4996873543520507 0.3999353228865061 
0.37498760664714853 0.9914852026773153 0.5000219538996065 0.4999972649340393 0.5000305649718657 0.500035121352174 0.39996661118317567 
1.0 0.9421339829885105 0.5000047824812196 0.49981046513662636 0.49959002239280453 0.4996873543520507 0.3999579582759649 
0.5978304918201681 0.9999964743168148 0.5003743866453653 0.5000215474436261 0.5000615280941682 0.49972029654747335 0.4000329469686139 
0.23779050333498625 1.4334298150856783E-17 0.500019784058412 0.5000009832740293 0.5000184151103388 0.4992512811749058 0.39995445330631346 
0.9994885403947896 0.2828969363574612 0.5003926598541167 0.5005336946569063 0.49960445996153846 0.5002464058764071 0.3999408765570625 
0.37498760664714853 0.27998806949849847 0.500006509456347 0.4999972649340393 0.5000313217821287 0.500035121352174 0.39996661118317567 
0.6494075601219463 5.098691114077906E-4 0.4999970810144939 0.49977346348928764 0.4999986572959712 0.4993649717555432 0.39995873266904136 
0.9994885403947896 0.2591927860207722 0.5003834672215001 0.5004788770356292 0.49960445996153846 0.5002464058764071 0.3999408765570625 
0.6025008369054412 0.9999964743168148 0.5003747177982582 0.5000217356203159 0.5000769499673077 0.49972029654747335 0.4000329469686139 
0.5301984222417739 0.04257897533058935 0.5000227070216533 0.49981867410521835 0.4999891334929289 0.4999819873955062 0.40003293207516183 
0.3359022037851495 0.9886547637355139 0.5000418933920319 0.5000152886037059 0.4999974029804757 0.4997062382996522 0.40002036538928326 
0.006199380705643881 0.9958284061182121 0.4999583337453467 0.5000174875080107 0.5000665190768894 0.49968642917116746 0.3999575880653943 
0.5045658021903365 0.09131154722955581 0.5000229931404243 0.4998169660113365 0.49999885301738684 0.5000255696054972 0.39995814571505595 
0.01769059229312908 0.008514456581731333 0.5000229931404243 0.4998169660113365 0.5000615280941682 0.49997129217733666 0.39995814571505595 
0.9999940236057666 0.9998471853437474 0.5003583654716286 0.5000027111735968 0.500294937438018 0.49973780321733635 0.40003314889834257 
0.005826785292702363 0.9997947259438293 0.5003748910174434 0.5000009176388249 0.5000600004180517 0.49969604389327593 0.3999459980110527 
0.9270893770294458 3.604894569613306E-6 0.5000405261745393 0.5000037704371724 0.49958850952158435 0.4996874915665515 0.39994154531338294 
1.0 0.6300350984912022 0.5004156799066833 0.5000030032987823 0.5002717515625363 0.500296421576794 0.399940391083597 
0.24062430087221054 0.9999999999994523 0.5000418933920319 0.5000152886037059 0.4999974029804757 0.4997062382996522 0.40003124662312356 
0.9816965189910984 0.17048853116890095 0.5000335334815699 0.5000475153051835 0.49995091232634137 0.5000472098829828 0.5011116018189379 
0.5304932129237001 0.09507420028309296 0.50002299456628 0.49981867410521835 0.49998946744445083 0.4999819873955062 0.40003293207516183 
0.9998650141177997 0.002222444525615135 0.49999827368317196 0.5000224677344506 0.4996237812196069 0.5007398199864828 0.399939981152754 
0.5042710115084104 0.008079727014734986 0.5000227055957978 0.4998169660113365 0.4999985190658649 0.5000255696054972 0.39995814571505595 
0.5271226211545984 0.9999999999994523 0.5003750219579568 0.49977704263997175 0.49999500612203507 0.4996954420087766 0.3999400695509039 
