1.0 1.0 0.49973899864334337 0.4011771612009643 0.499959273472373 0.4996975183551004 0.499971421866772 
0.0 0.0014775130975686196 0.500309828782544 0.39998849394557295 0.49994645445458563 0.4996892885297946 0.5000106892585033 
1.0 0.0 0.49977071510423976 0.3999991728722826 0.4999797221979208 0.49970395888502334 0.5000198157912298 
0.48896145388791296 0.9613605603414408 0.5003937771424023 0.400011188265536 0.4999553080311679 0.49969321079019446 0.5000410072288985 
0.4079755838644382 0.5868561650028641 0.4998686466621536 0.3999946561503167 0.4999722016100201 0.4997889956276335 0.5000374155935511 
0.5839395877704882 0.12169817748777323 0.4997500255347891 0.400037399545119 0.49996289363255375 0.499597959680745 0.5000194405350452 
0.9999980577489325 1.0 0.49977733115891027 0.40048204867348847 0.4999732720833117 0.5002764484043828 0.5000312718177417 
1.0 0.9863844692848299 0.49972432377325177 0.4011771612009643 0.499959273472373 0.4996975183551004 0.499971421866772 
0.5955414371067173 0.2236095369316528 0.50099340407356 0.40009460394154256 0.4999690225178629 0.49968884644633593 0.5000183686570698 
0.8522192691400449 0.0 0.49989433514152043 0.40054126843049825 0.4999772555261566 0.4997655627162584 0.5000095811040378 
0.6819836165354172 0.5873997208215754 0.4998559619333875 0.4000947168155252 0.4999110868976847 0.49969376630266904 0.5000073592221761 
0.15756883554317114 0.1654648023169572 0.4998660162158123 0.39999160619577684 0.4999725211020417 0.49969027574141794 0.5000477666475329 
0.6775816723145207 0.18749342016488046 0.4996926990850814 0.40000097775790927 0.4999004017739976 0.49969377749917815 0.5000070482467093 
0.9903849233570194 0.7904465257310663 0.49977351650931945 0.40046516670320714 0.49995322395234687 0.4997319275070029 0.5000435082898873 
0.2967585087276575 0.5917073233754697 0.4997513453493209 0.4000366769015561 0.4999632992025516 0.4997016963714664 0.5000448946471568 
0.341769472376852 0.9551606318203943 0.4997551285651052 0.4000367321216918 0.5004360483970668 0.49970112580946224 0.5000473804938962 
0.3140404123896674 0.9951202236659259 0.4997222825109428 0.4000767687249566 0.49990978427356614 0.4997046245503566 0.5000388412056714 
0.38630288934214835 0.9818923800160484 0.49988502206512436 0.40056710786236444 0.49997335718166463 0.4996872392765098 0.5000476800670374 
0.6597782340377797 0.019743476424565656 0.4998848563602143 0.40005252591290524 0.49996920064999995 0.4997344619334367 0.5000428877564086 
0.7041407894500077 0.5275230882018802 0.49975787790575216 0.4000952600941366 0.499933964298447 0.49969388873136344 0.5000073592221761 
0.8302868289687612 0.1217303349286452 0.5003324369276316 0.4000149666902744 0.4999783116359079 0.5002101191948224 0.4999644273216521 
0.15268371252703966 0.5298847189898803 0.49987504097569435 0.4005669393467582 0.5003632614004537 0.49977850107702687 0.5000481954486788 
0.36025355174122453 0.7818363027674129 0.5003072296116822 0.3999619077623226 0.49995287690777374 0.49973683553303194 0.49996512107892416 
0.9198772470489816 0.5364788501754196 0.4997509758538287 0.39996489826420617 0.49996921467539324 0.49960321770040167 0.500037644161677 
0.6777421231667152 0.03174551735702863 0.4998819514548136 0.40064109368915024 0.4999771955577287 0.499699197655185 0.5000194884865964 
0.7295000243371657 0.6053997428655604 0.49970669011773566 0.4000006977602549 0.4999004017739976 0.49969756465539367 0.5000351434292103 
0.9373738354257858 0.8948827418809389 0.4998679866459752 0.4000110011816142 0.4999771955577287 0.49969938142703374 0.5000194570738633 
0.6954653802408111 0.1654648023169572 0.4997649151428304 0.4000380327168699 0.4999800086338626 0.499701207366228 0.4999664109011442 
0.3323667330100422 0.7817601938220813 0.49976519075374704 0.40008284915725206 0.4999795651255829 0.49969651732340953 0.4999664435773959 
0.11488617411346419 0.5346435800686438 0.49986619465422844 0.40056694216152916 0.4999426716608553 0.4997766629922419 0.5000377022225942 
0.8986931063188417 0.5263469715351836 0.49969304843815726 0.40056881599426986 0.5003565654431661 0.4997754250210507 0.5000467995507439 
0.8872684423913223 0.08447768030534429 0.4998651992194902 0.40007147576501734 0.49991079166618624 0.499537072939993 0.5000388229088442 
0.5351682426252652 0.9951685180644851 0.5003423880139999 0.39999130133024535 0.49997507026344196 0.4995969488381891 0.500040734128693 
0.869450491403136 0.6208808145079415 0.49988805357942884 0.4004994733021744 0.4999622309791623 0.4997294320876152 0.5000349193697217 
0.9074103516219418 0.24095044035616878 0.4997477585602745 0.40007075941479375 0.4999690181728996 0.4997325876379177 0.5000388229088442 
0.6402767736941511 0.9466437284845186 0.4996927813750128 0.40056263038037465 0.4999807937364625 0.49953700778828775 0.4999780393850272 
0.2440946462693736 0.8562421546948443 0.49975974551452074 0.4000217413598917 0.49995879216820327 0.49980329664294365 0.5000200088143151 
0.22552101358973264 0.1654648023169572 0.4997728711033581 0.4000782715262643 0.4999683855446951 0.5003289725375594 0.5000477666475329 
0.38630288934214835 0.6212486617161278 0.49988502206512436 0.4006818475499379 0.49997335718166463 0.499686726871423 0.5000476800670374 
0.9940415107125958 2.387520698889621E-6 0.4998963313160701 0.3999992499611386 0.49993090616113245 0.4996989304270528 0.5000094225766363 
0.7945040841803314 0.9483187173131238 0.4998816676049873 0.4000445546303414 0.49993200209746447 0.4993722431481604 0.4999643827396728 
0.9985527356297853 0.045750346684824236 0.4997500255347891 0.400043105671493 0.49997287287523906 0.49973134066680663 0.5000194405350452 
0.8347178553911209 0.07954486123754399 0.49973376337947023 0.400043105671493 0.49997882646041014 0.49973134066680663 0.5000200090925742 
0.8967630737448079 0.0014425689474107661 0.49977083592180144 0.4000360279026549 0.4999325059749167 0.4996554973865036 0.49996324595396746 
0.8952351960904111 0.7346400993023212 0.49973952985471276 0.4005689559399839 0.4999738637728528 0.4997003713132505 0.5000464040633951 
0.8190572290322472 0.7810562041428666 0.49985606196390414 0.4000843002645895 0.499975124480935 0.49969376630266904 0.49998721831536713 
0.7734704666535317 0.9340565769878201 0.49985606196390414 0.4006501385424392 0.49996279232957 0.49969376630266904 0.5004992588661838 
0.22099358645614103 0.23744212670238043 0.4998660162158123 0.4005694502085246 0.4999692221825937 0.4996038861507772 0.5000477666475329 
0.7417597780683663 0.5607349889922889 0.5003094964653291 0.4000839451441803 0.4999757977593818 0.5002411230516594 0.4999675702211845 
0.9620143116735387 0.8984130423940405 0.49975031822179344 0.4000383627213642 0.49993575700414683 0.4997323156389175 0.500044887397902 
0.7190960116696786 0.18749342016488046 0.4996926990850814 0.4000006977602549 0.4999004017739976 0.49969756465539367 0.49996489834204677 
0.05250425596517469 0.009149719817047746 0.49969021102651556 0.4005707086191206 0.4999733579666451 0.49969840396244547 0.5000194405350452 
0.8347178553911209 0.045750346684824236 0.49973376337947023 0.400043105671493 0.49997882646041014 0.49973134066680663 0.5000200090925742 
0.9854629063135039 0.5273810246331605 0.4997552944418202 0.40001295389943053 0.5004316521100254 0.49970112580946224 0.5000368023115621 
0.9993796756936572 0.1672787972456622 0.49969372727583855 0.3999995837754997 0.4999797221979208 0.49970395888502334 0.5000198157912298 
0.8926831772039574 0.7346400993023212 0.49973952985471276 0.4005689559399839 0.4999738637728528 0.4997003885610356 0.5000464040633951 
0.7237209717764418 0.9951202236659259 0.49972201325680793 0.4000767209613537 0.49997708029747917 0.49969744936518534 0.5000500984582259 
0.9074103516219418 0.21352895606120428 0.4997477585602745 0.40007075941479375 0.4999690181728996 0.4997325876379177 0.5000388229088442 
0.7248454380006899 0.5862462661918861 0.4998875932144717 0.40008223018851635 0.4999757977593818 0.5002411230516594 0.5000501692237709 
0.7951018508352237 0.601280835529122 0.4997513453493209 0.40003671512333683 0.499963951901159 0.4996967499572126 0.5000466060977408 
0.9794148232139442 0.6137532649120181 0.49988656088121686 0.40068578549284795 0.4999622196696133 0.49969942828746894 0.5000378829591408 
0.9075770904401225 0.13367124639385847 0.49975031822179344 0.4005544274302384 0.49996922675408023 0.4997323156389175 0.5000448951291762 
0.7497680770007743 0.7279914673036315 0.4997414119062223 0.4005657827481239 0.4999738637728528 0.499701139516157 0.5000208396360855 
0.9621434506187003 0.03178412929822694 0.49972145202689294 0.400076953762485 0.4999089612724762 0.499767554348946 0.49991617895037155 
0.7080115107775212 0.7277036046283103 0.49973952985471276 0.4005657827481239 0.4999738637728528 0.4997003713132505 0.5000208396360855 
0.6402767736941511 0.010415315903355427 0.49969200653814616 0.4000988044090897 0.4999733164625282 0.4996977754519081 0.5000194148889869 
0.8872191851877919 0.5839377669201007 0.4998649326520798 0.4000980635201328 0.49991079166618624 0.499765021996832 0.49999577001497175 
0.9854629063135039 0.5343599104386194 0.4997551285651052 0.40001295389943053 0.5004316521100254 0.49970112580946224 0.5000368023115621 
0.1559325051723649 0.9397217083537449 0.5003144257494911 0.4005299115267487 0.4999725612660496 0.4996890187295413 0.5000501322328625 
0.9985527625188597 0.9331857314918308 0.4997500255347891 0.400043105671493 0.4999808043528762 0.4997428350245298 0.5000194405350452 
0.9494265768061569 0.6196553102461094 0.4998875932144717 0.40008227795211926 0.4999085017354688 0.5002479340775445 0.5000389119712163 
0.6842958992601599 0.9510836777454588 0.4998639044574184 0.4004618744621032 0.4999540752929009 0.4995885966050771 0.5000467232099512 
0.7577729389653085 0.5862462661918861 0.4997527318490374 0.40008223018851635 0.4999757977593818 0.5002411230516594 0.49997654064461605 
0.5464152139627616 0.8929594431383201 0.4998860230062753 0.4006477975155362 0.49996184569545765 0.49959780600573156 0.5000410345607388 
0.9854629063135039 0.599862559842429 0.4997551285651052 0.4000367321216918 0.5004360483970668 0.49970112580946224 0.5000473804938962 
0.8287711922592755 0.1735413185996134 0.5004093734353454 0.40053743854614693 0.49993455888688265 0.5002411230516594 0.4999675702211845 
0.9756504561956089 0.8849478939587192 0.5003423880139999 0.40065350364191016 0.4999726670694816 0.49973118699179325 0.5000410072288985 
0.8135258496950523 0.5364788501754196 0.4997551041070609 0.3999662271962539 0.4999461686891464 0.49960356576901377 0.500037644161677 
0.9538526196196303 0.9737905665953771 0.49988656088121686 0.4005710458052744 0.4999622196696133 0.49969994069255574 0.5000378829591408 
0.9688615259058717 0.03466455311004779 0.4998655192117059 0.40003736676145163 0.4999737052476419 0.4997327025295617 0.5004525308813772 
0.08277902293130374 0.009436208422968856 0.4997068558516634 0.40004764661391456 0.49997279945053724 0.49968753364547225 0.49995964824431316 
0.7789112371395469 0.9981627587778794 0.49985606196390414 0.4000725838653434 0.49996279232957 0.499693826942809 0.5005034704798963 
0.7714709398150937 0.21840474232012838 0.4997477585602745 0.40007075941479375 0.49996869100761676 0.4996945228568609 0.5000388229088442 
0.8496983364482332 0.9483187173131238 0.4998816676049873 0.4005138325954379 0.4999326208753592 0.4993722431481604 0.4999643827396728 
0.2271772921757275 0.9818923800160484 0.49988502206512436 0.4005613856828768 0.49997335718166463 0.499687421071494 0.5001410801935077 
0.0590302417146627 0.0101888163034628 0.49975909682516817 0.39998883816350866 0.4999733579666451 0.49969842003666737 0.5000194405350452 
0.7743201741126867 0.5506838187244812 0.49986445311487965 0.400037465682536 0.4999530890760868 0.4997319116602523 0.5004701693162346 
0.8072640361503307 0.8680593879335514 0.49969085971586813 0.40002701871356355 0.49995827766357603 0.49969718491220655 0.5000200088143151 
0.3323667330100422 0.8594004408165308 0.4997557313665021 0.4000830713272342 0.4998973072003614 0.49969651732340953 0.49996043417024744 
0.7229908188642556 0.017984879452490166 0.5003616688518758 0.40056263038037465 0.4999807940796376 0.4996040148775255 0.4999658684769658 
0.869450491403136 0.994061016706811 0.49975575938374645 0.40049782741348644 0.4999761631367977 0.4997294320876152 0.4999756128400594 
0.2440946462693736 0.8562421546948443 0.49975974551452074 0.4000217413598917 0.49995879216820327 0.49980329664294365 0.5000200088143151 
0.9279145410693046 0.18749342016488046 0.49969530732298595 0.4000011649974053 0.4999004017739976 0.49969378053359853 0.5000070482467093 
0.9604479319761848 0.05041424059127092 0.4997393260108389 0.400039669121942 0.49997269639002706 0.4996975183551004 0.4999714041561143 
0.6777421231667152 0.08378035762845115 0.4998819514548136 0.40048914126560853 0.4999771955577287 0.499699197655185 0.5000194884865964 
0.5663551907362914 0.9613605603414408 0.5003423880139999 0.4006477975155362 0.4999626878267963 0.49959780600573156 0.5000410072288985 
0.05250425596517469 0.03611451026791366 0.49969021102651556 0.39998463769596154 0.4999758304849571 0.4996894749568733 0.500018394303128 
0.2967585087276575 0.5750243054732194 0.4997510947176964 0.4000383627213642 0.49996928252835526 0.4997296661047504 0.5000448946471568 
0.6870402271390463 0.8948827418809389 0.49986537840807066 0.4000108139421182 0.4999771955577287 0.4996993783926134 0.5000194570738633 
0.3800048441615277 0.5187728745803151 0.49987504097569435 0.4005669393467582 0.49997809481114525 0.49977828202450214 0.5000481954486788 
