0.9999999988905135 0.0 0.4996386780945622 0.5001660046044821 0.5009755760977038 0.49876417551333657 0.5001354000649115 
1.0 1.0 0.5005439390184123 0.49975892783129844 0.4999516191145039 0.4999444165394698 0.5001102689932027 
3.7670165224247565E-17 1.0 0.4997075200072078 0.5001679953940315 0.4999508207619008 0.49993808956438235 0.5000535242059821 
3.7670165224247565E-17 2.305220039868012E-6 0.4967158086276563 0.4934275145267878 0.5003748274155106 0.49988408950905994 0.5001451680643126 
0.9999999988905135 0.0 0.4996386780945622 0.5001660046044821 0.5009755760977038 0.49876417551333657 0.5001354000649115 
3.7670165224247565E-17 0.04547652690334604 0.5030528785000605 0.500341349477756 0.5003663292993645 0.49988408950905994 0.5001451680643126 
3.7670165224247565E-17 0.00949976023185578 0.4967158086276563 0.4934275145267878 0.5003748274155106 0.49988408950905994 0.5001451680643126 
0.9993495021876759 1.0443248553625932E-9 0.49960967195811007 0.5001169770705826 0.5000604270366287 0.4987787501456429 0.5001182422215815 
0.918556923601052 0.0 0.49962359058047423 0.5001783621532754 0.5009171537480742 0.4999392019654923 0.500457473354022 
0.02302422414068117 0.0 0.4996161440399369 0.500765729886148 0.5003678052844929 0.4980600155262538 0.5001350328885295 
9.457468553264884E-7 0.0 0.49773308785812764 0.4997353156627215 0.4999716913622512 0.4990692272080366 0.5001294754546298 
0.8395947285443748 0.05682821561123884 0.49954562311711315 0.5000134676597318 0.5003115376248883 0.49988557019876434 0.5004418514309219 
3.7670165224247565E-17 0.992969511525189 0.4997075200072078 0.5001679953940315 0.4999508207619008 0.49993808956438235 0.5000535242059821 
0.7722865336462408 0.11672520476462817 0.4996787070277794 0.5001524546343094 0.5003701781591903 0.5000517768582051 0.5001415028909275 
0.9997645195878248 3.757532847718705E-6 0.4996220787045216 0.5001861762825321 0.5000068893523801 0.5001161877347581 0.4996505533172275 
0.8372964114630873 0.08782512965249689 0.4996747838454237 0.5001506118711763 0.5000217532324948 0.5000392581792001 0.5000921977875528 
0.9999991939497707 0.7609074692930757 0.4996572728071677 0.5001840312841278 0.49997430278875 0.49999128813040267 0.5001368074298157 
0.9934376639537357 0.549570322509471 0.4996666360649982 0.4999505955637145 0.5004018792102056 0.5003545190768007 0.5001406909859555 
0.969678155616485 0.549570322509471 0.4996666360649982 0.4999505955637145 0.5004018792102056 0.5003545190768007 0.5001419563888431 
0.6460421721321052 0.23084098501830996 0.4996137095850045 0.49976627121941386 0.4999372684882064 0.4999885750314256 0.5001464836063518 
0.7969241588181588 0.3410685878862484 0.4996043205387617 0.4997698872136264 0.49992245892965126 0.4999884357794219 0.5002059618081093 
0.9032173442034396 0.7897309500849439 0.4996751876132447 0.5001809793625265 0.49997449823080936 0.5003856575423713 0.5001402151984724 
0.9896465819734602 0.0 0.4995531422399792 0.499941935058275 0.500994713833256 0.4997959063759512 0.5004427923113225 
0.7684568058609296 0.9957232025534751 0.5005954154714384 0.5001850635354524 0.5003460041105245 0.5000082702951533 0.5004430547014224 
0.9374978660541022 0.0 0.4995531422399792 0.499941935058275 0.500964526619141 0.4997959063759512 0.5004427923113225 
0.7946388165712314 0.050250452798025314 0.4996658891572661 0.5001178463743982 0.4999819176864366 0.49999642781454845 0.5001536033863928 
0.9959783790017419 0.4146262151868447 0.5006303814280121 0.500210446867297 0.500000928611578 0.49999547197719535 0.5001297441649746 
0.9998887097229225 0.9981921489770723 0.4996451676751422 0.499793205325497 0.499937399269496 0.49999859846978434 0.5001291401081004 
0.48686833340006025 0.716560982471069 0.49957482252884317 0.4999375099549097 0.5000038887055663 0.5003550162617852 0.5001338677886211 
0.8145195106871979 0.9894129970489839 0.5005954154714384 0.50018200476381 0.5003460041105245 0.49999584692332016 0.5001367366661863 
0.6451110034843169 0.5419522546567688 0.5005634971082845 0.50018200476381 0.5003832787816288 0.5000355163625433 0.5001480169398288 
0.8727025519415395 0.5144141496430759 0.4996658891572661 0.50018200476381 0.49993770751606337 0.49993720372866807 0.5001483045155604 
0.9998635654134134 0.13256593001535222 0.4996786521558964 0.5001497691982687 0.5000058639194749 0.49997535641672564 0.5001351713585824 
0.6595580041976374 0.9981921489770723 0.49968021638996213 0.499793205325497 0.499937399269496 0.4999990565108518 0.5001286086773139 
0.28871743108960995 0.8906677937163221 0.4996972731457539 0.5001497691982687 0.5003538790834534 0.4999621519975313 0.500101325264783 
0.7882064746772406 0.6274398141040868 0.5005957759603967 0.5000333347217515 0.5000459343665872 0.49998200423264616 0.5001610285284366 
0.5213133462320034 0.7224999283491768 0.4996574330694789 0.5001156803141384 0.4999771743619607 0.5003546270175988 0.5001238402807255 
0.9998635654134134 0.09968909096650436 0.4996786521558964 0.5001497691982687 0.5000058639194749 0.49997535641672564 0.500101325264783 
0.40716497274480334 0.7165365341135868 0.49962877809362605 0.5000190175904526 0.49996616344883665 0.4996021648204245 0.5001252538581792 
0.7091293824935784 0.8380329533028258 0.5005563302819939 0.5002068603706166 0.499940077230256 0.4999457171687423 0.5001092773023291 
0.6486264063332222 0.9613989465083417 0.4996785491227595 0.4999354536806215 0.49997465608330866 0.49979069541283955 0.500147390204446 
0.9995288761543633 0.8912374913425599 0.4996658591270057 0.5001832687981613 0.499985965563738 0.4999958368501601 0.5001367366661863 
0.7874607877156231 0.3879819728013488 0.5005491375383065 0.5000284303452697 0.5003431064260194 0.4997933662523038 0.5001367147973843 
0.7894829075019939 0.5410297301206942 0.4996658891572661 0.50018200476381 0.49993770751606337 0.49999644535801624 0.5001480203089683 
0.9652567143736037 0.7137412409794435 0.4996267662902784 0.49978802827371926 0.49992450364033814 0.5000212876197159 0.5001272810670966 
0.6066335717807951 0.06808327845872247 0.5006098078478244 0.500013962915957 0.5000293507844082 0.49997396242233283 0.5001116002030208 
0.9999980636251692 0.6831564384774824 0.4996753931173722 0.49977933748095577 0.5003941267748321 0.4999958993608667 0.500453273803038 
0.9431817200427035 0.7196717520322673 0.49967604985146946 0.49975892783129844 0.4999516191145039 0.4999444165394698 0.5001103203619048 
0.376147547817787 0.5706890101261091 0.5007261333731806 0.500210446867297 0.4999934927382574 0.49999709952438737 0.5001313902048188 
0.9999999988905135 0.3879819728013488 0.5005491375383065 0.5000284303452697 0.49995808317918444 0.4997933662523038 0.5001349058041402 
0.548697992856157 0.3454754186533704 0.5006173339896176 0.5000312071413127 0.4999460677312477 0.4999627211164042 0.5003980540708339 
0.18372512916607803 0.9201339024762526 0.4996765357449345 0.5001472077456144 0.49997247728402233 0.49959239925798815 0.5000524457159566 
1.0 1.3601112548523704E-6 0.4996403706373393 0.5000174169430847 0.49911489356196215 0.5000500534733638 0.5004133698733749 
0.6569058534103972 0.7342809173803899 0.4995931816635074 0.5001128838747828 0.5000029685162075 0.49999904393668365 0.5001878972191733 
0.6460421721321052 0.007888218566705185 0.4996137095850045 0.4997661998940832 0.49993770751606337 0.49998534029138236 0.5001464836063518 
0.9999897761130387 0.9894129970489839 0.5005954154714384 0.50018200476381 0.4999609808636897 0.49999584692332016 0.5001349276729421 
0.8936629972029737 0.7607822348559059 0.5005655777665057 0.5001809793625265 0.4999742771873472 0.49998843105930024 0.5001402151984724 
0.8172806660548297 0.741171790451861 0.4996884121754713 0.5000635547430528 0.4999668945616642 0.49997142265327005 0.5001262340984745 
0.968633005672836 0.0 0.4996386780945622 0.5001660046044821 0.5009755760977038 0.5003337681197072 0.4995021654347649 
0.8444285582542471 0.9248264338693966 0.49968766470425013 0.5001462187456449 0.4995354330338539 0.49996294260017815 0.5002096733930266 
0.900913719753785 0.7196256748960973 0.49962295544313323 0.50018200476381 0.4999368201017008 0.5003537185172611 0.5001291513776025 
1.0 6.66658024526496E-4 0.4996403706373393 0.5001476175019095 0.49995815753101425 0.5000336262741819 0.5001107864498374 
1.0 0.5277527124906936 0.4996444369712879 0.49975892783129844 0.5003875077068435 0.49994463764164454 0.5001102689932027 
0.9195966736338239 0.05927511520273887 0.4995531422399792 0.5002073816449589 0.5003662725878127 0.4998854309196571 0.5004427923113225 
0.8444285582542471 0.9991943319023815 0.5006609824029382 0.49999332288374254 0.4995354330338539 0.49999358305764485 0.5002085742316259 
0.12999485245738357 0.8478846444408252 0.500589089784191 0.5000478104545537 0.499978523903146 0.49994453578403 0.5001407092560909 
0.35468180292878265 0.5706890101261091 0.5007261333731806 0.500210446867297 0.4999934927382574 0.49999709952438737 0.5001313902048188 
0.7894791875172849 0.9894129970489839 0.4996658891572661 0.50018200476381 0.4999368201017008 0.4999958368501601 0.5001367366661863 
0.812641152688335 0.9222554949592203 0.49965217009664264 0.5002023373679302 0.5003454359495677 0.500420572954316 0.5001296254643252 
0.5152585675019041 0.9006844554674848 0.4996788748709367 0.5001120558483901 0.49997465608330866 0.49999109911207484 0.5001115665221322 
0.9999991939497707 0.022908341084028946 0.4996658591270057 0.5001840312841278 0.49993472473024575 0.49999128813040267 0.5001367366661863 
0.8404089532643355 0.5410297301206942 0.4996859470966276 0.5001764384818138 0.5003832787816288 0.5000390900703602 0.5001480169398288 
0.8936629972029737 0.033730862249786664 0.5005654591985673 0.5001807271271261 0.4999742771873472 0.49998843105930024 0.5001403100211314 
0.9995288761543633 0.908958446240263 0.4996658591270057 0.5001832687981613 0.499985965563738 0.4999958368501601 0.5001367366661863 
0.9998766592769989 0.07009295161709767 0.49967533657060226 0.5001758595993917 0.5000058639194749 0.49999889462015007 0.500083207148053 
0.9959783790017419 0.44816100143627746 0.5006303814280121 0.500210446867297 0.500000928611578 0.49999547197719535 0.5001297441649746 
0.35837651145700083 0.9242248441670884 0.4996972731457539 0.5001497691982687 0.5003538790834534 0.4999621519975313 0.500101325264783 
0.548697992856157 0.3943204363429436 0.5006173339896176 0.5000358623223088 0.49997567627292955 0.49996257460858134 0.5003847855917295 
0.9956877222037516 0.9211458018585286 0.49965157344950906 0.5000144607385322 0.5000211591840914 0.4999739307666716 0.500101325264783 
0.9520656696862271 0.03267947436832552 0.4995563756090521 0.49994012068693067 0.4999102492866938 0.5003537185172611 0.5001293858361828 
0.9856529949539343 0.9613989465083417 0.4996785491227595 0.4999354536806215 0.49997465608330866 0.4997955700660974 0.5001115665221322 
0.8397000200246585 0.9256396429435293 0.4996451870611965 0.49978751987235326 0.499937399269496 0.5004215087999321 0.5001291387900506 
0.5362995681863982 0.5419522546567688 0.4996557710085903 0.5001144332873073 0.4999803935668689 0.5000403910158011 0.500112193257515 
0.990669827817773 0.9981921489770723 0.4996467949553314 0.5000210690325912 0.49996614895894714 0.5000058024143993 0.5001291059306313 
0.9998635654134134 0.958138974836949 0.4996459540197652 0.5000333347217515 0.5000058639194749 0.4999739307666716 0.500101325264783 
0.7882064746772406 0.6334666866693714 0.5006256062245418 0.5000333347217515 0.4999377021433751 0.4999739307666716 0.5001609994059142 
0.7092351237947055 0.050250452798025314 0.499666797900256 0.5001178463743982 0.49998274539811116 0.49999642781454845 0.5001106264520552 
0.8253502525375355 0.5410297301206942 0.4996658891572661 0.50018200476381 0.49993770751606337 0.49999644535801624 0.5001480203089683 
0.35473181226941863 0.7327894327881255 0.49965998911005843 0.5002065338506947 0.500059188288339 0.5001183411860584 0.500171888119996 
0.19891535873344626 0.9056916740017917 0.4996787642582475 0.49975282370760193 0.49997452700415695 0.49966689141132753 0.5001100108526094 
0.3934719997327569 0.9896676789398746 0.5006625280242768 0.49999332288374254 0.5000016982620931 0.4999934456115069 0.5001017360217902 
0.18959276989867407 0.4146262151868447 0.49971854216797873 0.500210446867297 0.500000928611578 0.49960175897233156 0.5001297441649746 
0.9707337674290788 0.9201339024762526 0.4996782123706484 0.5001857665262369 0.4999746362691217 0.5000949433231948 0.5001100303152274 
0.40690132957340625 0.29005971804013425 0.49962877809362605 0.5000345174867692 0.4999777993473822 0.4996021648204245 0.500119932138867 
0.6112085272672252 0.08664214021953393 0.49967155140517405 0.5001497691982687 0.5000058639194749 0.4999621519975313 0.500101325264783 
0.40124886665610143 0.00563366284061831 0.5005628628803503 0.5001870541859673 0.49997880969676295 0.4999529053079025 0.5001259407186939 
0.8172806660548297 0.741171790451861 0.4996884121754713 0.5000635547430528 0.4999668945616642 0.49997142265327005 0.5001262340984745 
0.548697992856157 0.9587672489469286 0.4996370113457607 0.5000374875142437 0.4999746683537067 0.49996257460858134 0.5003824496906653 
0.404965662454238 0.4966034524447056 0.5007261333731806 0.49981318250458956 0.4999934927382574 0.49999708123139297 0.5001313902048188 
0.9679243492417637 0.3410685878862484 0.4996043205387617 0.4997698872136264 0.49952359761065096 0.4999883933912727 0.5002059618081093 
