1.0 0.9999999999999989 0.4995732362250586 0.4996637604949487 0.4998143066825396 0.4996606323176816 0.4999292804780821 
0.9999999905374976 2.1715577789173617E-8 0.49755791872364863 0.4994959024273951 0.49978452394204975 0.4996720500516012 0.4995209650114144 
1.0 0.9999999999999989 0.4995732362250586 0.4996637604949487 0.4998143066825396 0.4996606323176816 0.4999292804780821 
0.0 0.22608775738117898 0.4996306883296331 0.4999903573382098 0.49986374220030244 0.49994082203483076 0.49993087756563565 
0.0 0.22608775738117898 0.4996306883296331 0.4999903573382098 0.49986374220030244 0.49994082203483076 0.49993087756563565 
0.9999750910406046 2.1715577789173617E-8 0.49956822850999955 0.4994959024273951 0.49978452394204975 0.49966563476569786 0.49987427451133637 
0.9999999905374976 0.03697155454591433 0.49755791872364863 0.49997778810788895 0.49978500812668253 0.4996748487527237 0.49959777802483 
0.9275244999271165 0.9997069395332425 0.4996420599501474 0.5000826852469662 0.49978602814337547 0.4996597613679711 0.49992523053808363 
0.09199282239737616 0.39345373715584026 0.49966822051646 0.4999897583439099 0.49981442033523926 0.4996731596721623 0.49993510384574225 
0.6263308213398896 0.9946632713544312 0.49965987357270214 0.5000286831313113 0.49976247796745 0.49967855324440885 0.5000559196705261 
0.8781317625833018 0.28372124430155465 0.49959472195288096 0.5001151575957756 0.4997862262608236 0.4996522678442174 0.500115044730987 
0.5822633335363804 0.9918348234947358 0.49964656280727104 0.5000311113872294 0.5001734669642424 0.4996847981351997 0.4999305220609194 
0.6144267602302694 0.46511991393255186 0.49963075231569154 0.49999497743341365 0.4997972656569716 0.49967777161680527 0.4998767721910038 
0.13547451253426285 0.3955745290437192 0.4996830543429375 0.5000071089939269 0.49977897101876645 0.4996200746034122 0.49991471372413104 
0.9999999905374976 0.03697155454591433 0.49755791872364863 0.49997778810788895 0.49978500812668253 0.4996748487527237 0.49959777802483 
0.19855776367030603 0.2601597771402602 0.4996524669412087 0.5000051423475602 0.49980219935829684 0.49967600869218115 0.49994714755425385 
0.317919628434835 0.9918348234947358 0.49964656280727104 0.5000311113872294 0.5001734669642424 0.4996847981351997 0.4999305220609194 
0.9999999905374976 0.9775090666969697 0.49964960973992784 0.49997778810788895 0.49978500812668253 0.49967461517243433 0.4999494249558699 
0.8194611814966483 0.9397310786155235 0.49965696967940704 0.5000083092084234 0.4998142105323786 0.49968524761460514 0.4999308348137693 
0.46471465711761983 0.8642636223986923 0.4996228533668302 0.4995572726804199 0.4998035027886381 0.49965685963012024 0.4999257534753634 
0.8037940927937259 0.7843560319390674 0.49966766844398053 0.49949849626695925 0.49980236702016395 0.4996832980856044 0.499929950238148 
0.7598500676986139 0.026740359509756423 0.4996049132681382 0.4995227393188069 0.4998517986377355 0.4998370116498236 0.49994373237857287 
0.49681538631654987 0.9917063822532615 0.4996892755925032 0.5001260774288032 0.4997537162673987 0.49966999342070767 0.4999263256258094 
0.7141911624333849 0.43550821954173163 0.499629630090333 0.4999951005045575 0.4997787673808242 0.4996706390570931 0.5000768296934829 
0.7643702996296118 0.292180890793573 0.4996625731985196 0.5000060996539464 0.4998660409131625 0.4996110190209363 0.4999110213865696 
0.40763468660226265 0.4454723947790123 0.49962320917943237 0.49999497743341365 0.4997972656569716 0.49967777161680527 0.49987668398647805 
0.9255417112252614 0.09508507680979406 0.5001673569057585 0.5001151575957756 0.49978657541675886 0.4996735270311351 0.49952817991367215 
0.23929773073941923 0.2601597771402602 0.4996674962378908 0.5000167083139972 0.49978164760600075 0.49967600869218115 0.500164802783756 
0.055069000403863075 0.20826617513076526 0.49965725013068446 0.5000979328623522 0.4997795815347753 0.4996090780261371 0.4999261062648715 
0.06452992868637164 0.9898404411849446 0.49965718074131465 0.5000286831313113 0.4997796453916372 0.49967855324440885 0.4999234942004357 
0.9904022793348861 0.883823512667826 0.49976679688099135 0.4995031822077427 0.4997727126792357 0.4996869767560237 0.4999076444802472 
0.814542175402377 0.8205143398374419 0.4996815313533898 0.4999882845456842 0.4998335861433429 0.4996122165667673 0.49959793172687306 
0.9051477869923172 0.8812261355754569 0.4996311730690951 0.5000312238564413 0.4997882814730406 0.49965966113624954 0.500071129354143 
0.4736099386868385 0.999900826698096 0.49965597295682285 0.5001260774288032 0.4997613420244323 0.49967551971203555 0.5000810873963766 
0.3360961217984336 0.1623312302315575 0.4996474791011829 0.5000570949575123 0.4997944396519529 0.4996764460544848 0.4999295695507232 
0.944787594973143 0.38055768963213005 0.49965784892500165 0.5000456890254332 0.49981952761514126 0.4996746565795593 0.5001580138510217 
0.7434541511426064 0.2084695390292764 0.49965699806772973 0.5000435459068622 0.4998500311606907 0.4996753702166088 0.49961828027672917 
0.6717087972178764 0.2604847115928288 0.49963791588242407 0.4995066778947359 0.4998377103790766 0.4999185272243857 0.49992687091766086 
0.8855485682187316 0.1623312302315575 0.4996474791011829 0.5000552689070936 0.4997944396519529 0.4996764427700016 0.5000829860780619 
0.5021357397724666 0.9922907760804444 0.4996426456683215 0.49959795874416724 0.49978863484776964 0.4996142142238195 0.49992271361259966 
0.3762766447014162 0.97189182571364 0.4996297185508445 0.4995875746971917 0.49975354917137677 0.4999176597411689 0.49959489724860434 
0.5431719088015836 0.3208079656822153 0.49959483697809914 0.5001002057204236 0.49981531745539615 0.49967309136247723 0.49991772686903835 
0.6397618877331557 0.2376525649724821 0.49963484925566987 0.5000284871490727 0.49979339361977054 0.49959878732043156 0.49993110711290084 
0.35918154986611023 0.38055768963213005 0.49968783778274073 0.5000598018275269 0.4997884539462918 0.4996220875500795 0.5000742728524271 
0.5438478353789002 0.9357296790498025 0.4996892755925032 0.5001240247166732 0.4997537162673987 0.49967015523626623 0.4999263256258094 
0.28831089705833735 0.2930567800190134 0.49965784785696 0.5000060996539464 0.4997815202501656 0.499663951607753 0.5001605966058024 
0.5963366448874571 0.8464346005469263 0.4996228533668302 0.49958328603264845 0.4998035027886381 0.49966874695289565 0.4996246992011681 
0.9050419453906507 0.223728201370324 0.5001658023665692 0.5000435818587807 0.4997827665867662 0.4996686112946524 0.49960697352007655 
0.9969445825356187 0.011143300075814072 0.49969759107431844 0.4994971951496619 0.49981940735756775 0.49966984888927274 0.5001461839761178 
0.9041007186096366 0.02392000281025347 0.500160007597338 0.4994757109526084 0.4998489808332976 0.4996170071632141 0.4995971986528984 
0.8417016697885187 0.05210185263065159 0.500160007597338 0.49999055507553875 0.4998489808332976 0.4996134015069426 0.4995971986528984 
0.9566316788175153 2.1715577789173617E-8 0.49956822850999955 0.5000871581381535 0.4997949102070878 0.49966563476569786 0.5000851369266649 
0.41681603897898634 0.25704404310244855 0.49965664179798747 0.5000715876220885 0.499819256955975 0.49991255922455585 0.4999308680618368 
0.9880521477238831 0.8641068393029068 0.4996278152345485 0.49958340958986713 0.4998035027886381 0.4996686347748764 0.49990551859217264 
0.8614576899611416 0.9962461740598574 0.4996903118567316 0.5000313168411856 0.4997535790630235 0.4996728046683637 0.4999313427614741 
0.7176528896329255 0.9730783019479022 0.4996548606598738 0.5001260774288032 0.4997613420244323 0.4996706581635377 0.5000810873963766 
0.4239127661768412 0.38055768963213005 0.49965784892500165 0.5000696840144342 0.4997884539462918 0.4996222031894494 0.50015603473977 
0.1384443649205152 0.026740359509756423 0.4996078525120604 0.4999863323476955 0.4998517986377355 0.4998370116498236 0.4999420698014372 
0.9758913658562411 0.3164664024776028 0.5001650165153618 0.500088511619365 0.49981717550345917 0.49967201513215165 0.4999246073663222 
0.7693997609937626 0.37671258665211227 0.49977021042082403 0.49999186553442554 0.4998633220392585 0.4996092920380048 0.49992395986024274 
0.3089963760547246 0.21110549358576647 0.4996572352024748 0.5000064028330314 0.4997815202501656 0.4996186364107037 0.5001491851282643 
0.45080329660126317 0.8781188401926103 0.49969018989786046 0.49953913872230565 0.4997925681145615 0.4996561721838537 0.49992384864242567 
0.18548845967600064 0.9612451361768075 0.4996674962378908 0.4999778100396501 0.49978164760600075 0.49967600869218115 0.500164802783756 
0.9434037323129306 0.9407063244885863 0.4996892755925032 0.5001240247166732 0.4997537162673987 0.49967015523626623 0.5001530146842675 
0.9758364426451002 0.9886545411685669 0.4995732362250586 0.4996637604949487 0.4998143066825396 0.4996606323176816 0.49992653425260464 
0.5824681855604679 0.928988966499855 0.4996874356152744 0.49962882114278934 0.4997740083712824 0.4996646311138817 0.49992206446459325 
0.5938737313097663 0.1691378918386685 0.4997655802033617 0.4997650302317625 0.499769895851741 0.499675774522587 0.49992669594928574 
0.8087048143835175 0.8626821525226108 0.49968922935640653 0.49999168220206286 0.49984924125966124 0.4996122165667673 0.499598390580588 
0.8194611814966483 0.8847591216172239 0.49969496816162395 0.5000127510364525 0.4998142105323786 0.49968524761460514 0.4995747611848937 
0.25023290845502455 0.3913345156491453 0.49966822051646 0.4999897583439099 0.49981442033523926 0.4996731596721623 0.49993691870265833 
0.8872678208640121 0.8954584617136975 0.499662917036703 0.5001281234640728 0.4995209451915249 0.4995088699709226 0.4999338982292643 
0.7785601394168956 0.9399416954192955 0.5002035759288109 0.49973773739084815 0.4998154715745189 0.49961659253157725 0.49989647773690926 
0.8651217055813353 0.20826617513076526 0.4996572460561672 0.5000979328623522 0.4997789535094197 0.49961751411716376 0.4999263579534249 
0.8969238879282065 0.007036358837970158 0.4996369266039166 0.49966108907336965 0.4997821748482766 0.4996723415751226 0.49993318769940287 
0.3839188673998351 0.9465745393144228 0.4996269754483494 0.4996624440834343 0.4997813803219887 0.49965858250599093 0.49992687091766086 
0.9985750103804859 0.03943489502910963 0.4996940679454654 0.5001260256533342 0.49978500812668253 0.4996731170319228 0.49959777802483 
0.23929773073941923 0.88077531277225 0.49969131747503576 0.5000167083139972 0.49978164760600075 0.49967600869218115 0.500164802783756 
0.9859162498449164 0.29763319988224385 0.4996527133315987 0.5000060996539464 0.4997736396732228 0.4996884760430124 0.4999110213865696 
0.2715239393654005 0.37930048159372426 0.4996881622734544 0.5000939594690466 0.49978093472092644 0.4996200167337348 0.49992607416362445 
0.8544052518215977 0.9962461740598574 0.49968715082275744 0.5000313168411856 0.4997535790630235 0.4996728046683637 0.4999313427614741 
0.4087234479616128 0.9048059793072447 0.4996882591752388 0.49953577079332157 0.49979299265476596 0.4996707033044395 0.4999328168304574 
0.8469050224064537 0.17997048796399712 0.49965724553330976 0.49975590502115264 0.4997931894559716 0.49967604802862675 0.4996290769863264 
0.31873288932636556 0.015126066902363039 0.4996903118567316 0.49998990754938993 0.49977948343343287 0.499616865372992 0.5000086763698975 
0.30393571014410314 0.8205143398374419 0.49968311781514413 0.5000056926349754 0.4998335861433429 0.4996113036807966 0.5001323769554279 
0.9676101276028691 0.317342144760662 0.5001650165153618 0.5000885510162337 0.49981716101569845 0.49967307579584025 0.4999246434056676 
0.558473652779284 0.21737741933552235 0.499650277827582 0.49998925740694733 0.49981956619022333 0.4996730187246772 0.5001611511637818 
0.7338634003733573 0.8642636223986923 0.49963421236949573 0.5000405810075843 0.4998035027886381 0.4996686347748764 0.4996246992011681 
0.26504612424490936 0.46511991393255186 0.49963096093467 0.49999497743341365 0.4997972656569716 0.4996228713796526 0.4999280575883548 
0.6134528212399265 0.8602065498479854 0.4996228533668302 0.4995787990446581 0.4998035027886381 0.49966874695289565 0.4996246992011681 
1.0 0.9976575258274112 0.4995732362250586 0.5000280278943718 0.4998143066825396 0.4996606323176816 0.49993541515582984 
0.8829491516860344 0.007036358837970158 0.4996369266039166 0.49973305170833504 0.4997821748482766 0.49967345555885845 0.49993318769940287 
0.5073338005483643 0.20318891533728822 0.4997508415472376 0.50000797046706 0.4997748419372029 0.49966447067430275 0.500071553997205 
0.7026848116009979 0.8642636223986923 0.4996228533668302 0.49958328603264845 0.4998035027886381 0.4996686347748764 0.4996246992011681 
0.16117129246823164 0.989954124912967 0.49968428807115056 0.5000108265869158 0.499846114655281 0.49965978968164126 0.4999144620355777 
0.5114307794972791 0.8812261355754569 0.49963087763728337 0.5000061085953753 0.4997740155881328 0.4996644052510851 0.5000714093053633 
0.945712543578794 0.38055768963213005 0.49965784892500165 0.5000456890254332 0.49981942863338236 0.4996696066781128 0.50015603473977 
0.5255628137501889 0.3208079656822153 0.49959483697809914 0.5001002057204236 0.49981531745539615 0.49967309136247723 0.4999095031104241 
0.47411107897553184 0.9782650240968358 0.4996674962378908 0.5000167083139972 0.49978164760600075 0.49967554890160987 0.500164802783756 
0.7951817325627207 0.2930567800190134 0.49965626139520564 0.4999886915646552 0.4997815202501656 0.49966486449372377 0.49962615137724753 
0.6533127183752653 0.13252213402207136 0.49971219358440255 0.5000288955142408 0.4997754910167821 0.49966182071886645 0.500071553997205 
