0.0 0.22189529774089395 0.5000775559574945 0.500023018920084 0.4999994789373707 0.49969530047196214 0.5998686553973296 
1.0 1.0 0.5003279804044192 0.49977805798054054 0.40505430413021576 0.4095373068462654 0.5997561770819544 
0.0 0.22189529774089395 0.5000775559574945 0.500023018920084 0.4999994789373707 0.49969530047196214 0.5998686553973296 
1.0 0.0 0.5000843678624975 0.4999658476500094 0.4002696827870013 0.4996177143688298 0.5995678430504708 
1.0 1.0 0.5003279804044192 0.49977805798054054 0.40505430413021576 0.4095373068462654 0.5997561770819544 
0.9999999895658517 1.0 0.5003279804044192 0.49978683740323454 0.40209629325896695 0.49864668181096755 0.600296840399318 
0.0062420606404001155 0.0 0.5000538495349943 0.4999571294418909 0.4997988503116642 0.49971649783040284 0.49812146999911905 
1.0 0.0027712835489549174 0.5000862310340374 0.4999556549848447 0.4002696827870013 0.499697144358884 0.49825794874762014 
0.3678291928227268 1.0 0.49910854291454587 0.5000303738990234 0.5000000181679978 0.4997573511058396 0.5998023731647733 
0.9999923923451063 0.0 0.5000727843868465 0.4999568382376816 0.4996873583650873 0.4994358849830168 0.6002811347443967 
0.0038965962294040812 0.22189529774089395 0.5000791373492214 0.500023018920084 0.4999961175845501 0.49969567785602886 0.5998686553973296 
0.8500413884626872 0.0 0.5000819817438295 0.49995821782333344 0.49974765715474284 0.4996320355064117 0.4984623630594367 
0.0035713543007484527 0.99863781088886 0.5000548647034211 0.4999571346753101 0.5004568649451381 0.49968866877579615 0.5005459307473257 
1.0 0.009814465470527778 0.5000845222437401 0.49996640038068724 0.5001638188704841 0.4996278657007795 0.498550323946814 
0.9997244215534326 0.0 0.5000844546191959 0.49995821782333344 0.4997621854641511 0.49971649783040284 0.49811782512427677 
0.9997760413577761 0.004536046013162487 0.500086387246063 0.49995874209855307 0.4996873583650873 0.499693461867217 0.5997505749515728 
0.9994837894520184 2.840064761648331E-4 0.5001417395055785 0.5000226719167428 0.4999957628737931 0.4994504744002936 0.4982436312454927 
0.9990291406376951 0.993104873404197 0.5000628039532699 0.4999576416884796 0.40209629325896695 0.49982721614307496 0.4991794400061582 
0.9450355191959483 2.840064761648331E-4 0.5001417395055785 0.5000226719167428 0.4999957628737931 0.4994504744002936 0.49949821553554286 
0.39429280579579123 0.44596217032691554 0.5001173284946114 0.4998144611576364 0.49993728721460684 0.5001661296910923 0.5009622996188582 
0.12457958941360825 4.608703171443823E-4 0.5000556429807297 0.4998265607476993 0.5004381161301474 0.49962863345962427 0.500045454287147 
0.27101105137195436 0.6190742677601024 0.5000518164774702 0.49980392915439387 0.5004249687178545 0.5001700369510792 0.4993419978660873 
0.010377185878589192 0.2122523430458957 0.5001501894701799 0.500025189789386 0.49998970607922766 0.49969791115651413 0.4995861108696081 
0.9866888542625251 1.0 0.5003270065811829 0.49996635651852744 0.39954797946084786 0.4997229444955331 0.4998707793158075 
0.7782275334926066 0.8622753014020491 0.5000548647034211 0.4999571346753101 0.5004568649451381 0.4994367098372572 0.5005459307473257 
0.8430267762879058 1.0 0.5000352597525518 0.4993169563371293 0.5000151412338316 0.49964816684624386 0.5998013567253383 
0.778368146690316 0.010388213324943274 0.5001399021374195 0.4998137392950833 0.49999648678227954 0.4998582158445912 0.49948016109175214 
0.8109001864476707 1.0 0.5000351080431182 0.5000099058484105 0.5003890600210131 0.4996072795006676 0.5998603459426115 
0.7784127461423583 1.0 0.5000352597525518 0.4993169563371293 0.5000151412338316 0.499645169028788 0.5998678359777359 
0.8199409705290003 0.21835318931303235 0.5000778261101768 0.5000271488334695 0.4999950136971334 0.49968651361629807 0.49978469753566634 
0.9748397202459014 0.21877989740307163 0.5000778261101768 0.5000236232270415 0.4999994789373707 0.49968651361629807 0.4997803590174713 
0.6050530195922765 0.3009038199301123 0.5000859638077341 0.49996311132661403 0.5002717725697202 0.4997238571953258 0.4994944288529328 
0.6776514731004202 4.608703171443823E-4 0.5000551783200599 0.4998265607476993 0.5000013886717715 0.49962863345962427 0.49935850765308165 
0.9327155582485278 0.308633342863594 0.5001579525295335 0.499771934979144 0.500147753966845 0.49972175725370516 0.4995895804033505 
0.5431803059958928 0.3096485427401901 0.5000864012679477 0.4997876668833023 0.5002717725697202 0.49972253601811784 0.49949821553554286 
0.20993538567556003 4.608703171443823E-4 0.5001492278997924 0.49982741975735845 0.5004381161301474 0.49962863345962427 0.500045454287147 
0.9450355191959483 0.9846351817322221 0.4990562214643975 0.5000304972381747 0.4999957628737931 0.4994504744002936 0.49949821553554286 
0.6661376628065914 0.6077194467981949 0.5000551783200599 0.499770241357804 0.5000013886717715 0.4996286659649507 0.49935850765308165 
0.010377185878589192 0.988008791988686 0.5000491046256442 0.500025189789386 0.49998970607922766 0.4996973646422407 0.49942824514427675 
0.8838889039948261 0.06794454676437894 0.5000582584741669 0.49977396844646277 0.4996999698274518 0.49972253776231085 0.5004733003456522 
0.4702990280839173 0.004102471952897931 0.5000768383963828 0.500023614145867 0.4999857090191309 0.49969135746283216 0.5005282124639543 
0.6046464184087408 6.507104577411268E-4 0.5000555282621874 0.49995916241064486 0.5004249101787709 0.4996476642950569 0.5005272189699796 
0.43500643593629085 0.01580332225692921 0.5000946843209225 0.49996149713975757 0.49996499723368687 0.49963079241144526 0.49975786931075095 
0.19024624899592052 0.6161132309025267 0.500077435497336 0.4998276352280108 0.4999877366135399 0.4996149584306902 0.49949821553554286 
0.4980527028567346 0.00780097188901124 0.5001505886988287 0.4999568382376816 0.49998885529261117 0.5001808408619492 0.500554470649294 
0.010377185878589192 0.007256546140209985 0.5000742166712046 0.500025189789386 0.49999216866820984 0.4994557978744172 0.49942824514427675 
0.43826316803038734 0.002831928806742585 0.5000862858008097 0.4999562530652957 0.4997361306721128 0.4996966746203234 0.49949821553554286 
0.6019349589275493 0.01794250776894979 0.5000555282621874 0.499803462874515 0.5004249101787709 0.49962638563651796 0.5001151917783421 
0.8412187016512729 4.608703171443823E-4 0.5000551759240697 0.4998222941013344 0.4999868087633403 0.49962863345962427 0.4995659590918315 
0.9556604574681209 0.07953339075321231 0.5000556548825835 0.49977396844646277 0.5004530186356811 0.49962704487767845 0.5001151917783421 
0.40637876311706167 0.6183041823272082 0.500077435497336 0.4998139436089094 0.4999877366135399 0.4996149584306902 0.49949821553554286 
0.43955743266395475 0.3049895480486032 0.5000850798955129 0.4999562530652957 0.49973714227770594 0.4996966746203234 0.4994982842056886 
0.9997760413577761 0.004536046013162487 0.500086387246063 0.49995874209855307 0.4996873583650873 0.499693461867217 0.5997505749515728 
0.9931345584996029 0.5000164321790035 0.5000527710046662 0.49977407063769835 0.49998850895286523 0.49962704487767845 0.49942824514427675 
0.0450156468245832 4.608703171443823E-4 0.5000544807790634 0.4998265607476993 0.5004440882081516 0.49962863345962427 0.4995659590918315 
0.6775225054036076 0.018270459133108208 0.5000803423301637 0.49977396844646277 0.49998847152884196 0.49962704487767845 0.4994666278434246 
0.862123436120277 0.017695321313410287 0.5001490087680454 0.49977396844646277 0.49998818272039497 0.49972253776231085 0.49942824514427675 
0.9990097899163154 0.4443583281510332 0.5001190227801374 0.499826238392141 0.49995157410678115 0.49973316741253215 0.4996205871738688 
0.49858424974319604 0.6161132309025267 0.5000770759271148 0.5000281278152445 0.5002852493849599 0.4996149174330473 0.4997848013408548 
0.4048625275194921 0.44596217032691554 0.5001190774531872 0.4998144611576364 0.49993728721460684 0.5001644511086738 0.5009804588886223 
0.4772275595388355 0.004102471952897931 0.500143949386384 0.5000236232270415 0.4999856806440169 0.5001666365278474 0.5005282124639543 
0.9417434017017771 0.6407394713376848 0.500059852795497 0.4998276352280108 0.4999957628737931 0.4996176227205223 0.49949821553554286 
0.8283495318042511 0.44596217032691554 0.5000568004020403 0.4998144611576364 0.49993728721460684 0.5001673884625066 0.5010443956435815 
0.9170006931006682 0.0028151551637666293 0.5001417395055785 0.4999552494358965 0.49999577486879104 0.49972948101545656 0.49949821553554286 
0.1812638564425697 0.017695321313410287 0.5001490087680454 0.49977396844646277 0.4999889963246335 0.49972253776231085 0.49942824514427675 
0.34868568256619153 0.08566119777713244 0.5000836018171793 0.4998276352280108 0.5002722803818291 0.49961753435753575 0.4995654789854292 
0.969071562194658 0.01794250776894979 0.5000642522869666 0.49977396844646277 0.5004530186356811 0.49962704487767845 0.5001151917783421 
0.393492593661234 0.004102471952897931 0.5000768383963828 0.500023614145867 0.4999857090191309 0.49969135746283216 0.5005282124639543 
0.8228723135748074 0.08283956866064246 0.5000548647034211 0.4999571346753101 0.5004577451557624 0.4994390860357112 0.5005459307473257 
0.8948245371891931 0.3096485427401901 0.5000864012679477 0.49978755492911986 0.500272365169862 0.49972253601811784 0.49949821553554286 
0.3574149576582744 0.08566119777713244 0.5000580228550743 0.4998276352280108 0.5002722803818291 0.49961402172735975 0.4995654789854292 
0.9994597701104679 0.9716980802544064 0.5000907902029158 0.5000303465276866 0.49999587585413036 0.4996284039765303 0.49949821553554286 
0.7605262335706924 1.0 0.5000352597525518 0.4993169563371293 0.5000151412338316 0.499645169028788 0.5998013567253383 
0.796557361274526 0.40285162835930005 0.5000352753956832 0.4998088016033917 0.49998970607922766 0.49985455599927425 0.4994184508855493 
0.14821061576325245 0.017349824404789563 0.5000556548825835 0.499781236542335 0.5004213357114583 0.49962111922728825 0.5001171176193254 
0.3909268904086818 0.0 0.5000597984039901 0.4999568382376816 0.4997006209723592 0.4996475653777014 0.5005281792033838 
0.954208898897303 0.017677302612887056 0.5000555282621874 0.499774507715068 0.5004249101787709 0.49962638563651796 0.5001151917783421 
0.18609154205429207 0.0 0.5000774008815023 0.4999568382376816 0.4999890253650568 0.4996475653777014 0.5006144450520456 
0.2684385239869626 0.018398645416684123 0.5000518164774702 0.49980392915439387 0.5004167470144028 0.5001656492235366 0.4993419978660873 
0.7782275334926066 0.99863781088886 0.5000548647034211 0.4999571346753101 0.5004568649451381 0.4994367098372572 0.5005459307473257 
0.37133875966545526 0.7409850117821479 0.5000582271861196 0.4997718232903744 0.49970425929961765 0.4997274750585 0.5005276182410539 
0.9677687596739966 0.6172641138055408 0.5000773491646182 0.5000307226386296 0.5002835070520887 0.4996149174330473 0.4997848013408548 
0.8407256255184153 1.0 0.5000352597525518 0.4993169563371293 0.5000151412338316 0.49964816684624386 0.5998003172019909 
1.0 0.7675020608007953 0.5000826806590808 0.5000258819083804 0.4002696827870013 0.49969712639330244 0.49976188217972733 
0.2714553031539848 0.007256546140209985 0.5000762307240426 0.500025189789386 0.5004278456380129 0.4994372112823527 0.49942824514427675 
0.954208898897303 0.9395326602893523 0.5000555282621874 0.499774507715068 0.5004249101787709 0.49962638563651796 0.5001151917783421 
0.9889269729542196 0.17443404328416892 0.500081759644109 0.4999571346753101 0.4997006209723592 0.49962334540711034 0.49977231979105935 
0.5197464761861526 0.303221604386391 0.5000862816872312 0.49978535407866864 0.5002671064052979 0.49969434697975207 0.4998115924311163 
0.24506274467392264 0.9980000482600941 0.5001471643418413 0.4998144611576364 0.49993728721460684 0.5001644511086738 0.499189066698725 
0.8578255502449124 0.9949902623754909 0.5003232474482542 0.4997780104603975 0.49998818272039497 0.49972253776231085 0.49942824514427675 
0.13960956343467507 0.303221604386391 0.5000870962245075 0.4997752158858408 0.49992130994261025 0.49972391228714075 0.49947932884581797 
0.8947409848579493 0.0027554611235483585 0.5000534527395336 0.4997720423778236 0.5002562765344473 0.49969645275023883 0.4995008375326741 
0.8430267762879058 1.0 0.5000352597525518 0.4993169563371293 0.5000151412338316 0.49964816684624386 0.5998013567253383 
0.9876712415730886 0.2215586852173369 0.500081759644109 0.4999571346753101 0.49969974076173496 0.49944597226664206 0.4997803257569007 
0.9136698479220888 0.0018625732388745653 0.5001417395055785 0.5000226719167428 0.5000012643759805 0.4997295119672579 0.49949821553554286 
0.3909268904086818 0.5964041379859872 0.5000597984039901 0.4999568382376816 0.4997006209723592 0.499651953105244 0.5005281792033838 
0.18989779178495525 0.21553201342944442 0.5000777476976085 0.5000202314575865 0.5001834834792943 0.49965465148495203 0.4997803590174713 
0.9450355191959483 0.04938921694105686 0.5001417395055785 0.5000303989095465 0.4999957628737931 0.4994504744002936 0.49949821553554286 
0.6775225054036076 0.01794250776894979 0.5000803423301637 0.49977396844646277 0.49998849295615083 0.49962704487767845 0.5005379744907105 
0.9999963821012086 0.3133633244658463 0.5000582430320781 0.4997686270901105 0.4997558128408017 0.49969633131394425 0.5009743160298978 
