1.0 1.0 0.4000608989881164 0.5004944422505316 0.49999521089706755 0.4999983721429319 0.4996021436480381 
0.0 0.34090781018740185 0.39996881558647185 0.5004595051291671 0.5001931212837238 0.5000092400141205 0.49959289651313615 
1.0 9.072970744595775E-19 0.39996914983482823 0.5004216126147686 0.5001859484716981 0.4996422189739471 0.49960739514841757 
0.661384555025033 1.0 0.4000627618992162 0.5005114713624346 0.4999973278638392 0.4999983721429319 0.4996021436480381 
0.9777920695169668 0.8567292617883004 0.499615205027805 0.5004929919710497 0.5005470311169229 0.49999522345076614 0.4995822542567304 
0.9940594257947442 0.749908871829966 0.3999385117686402 0.5007578388964318 0.5001978595750204 0.5000956125583504 0.4995935470032094 
0.852231067318899 0.9985581909935847 0.5018375406049356 0.5004597257619225 0.4999926053029193 0.49992188967332557 0.49969974652369836 
0.9898532865321845 0.8567292617883004 0.40003039213633473 0.500493762039393 0.5005470311169229 0.49999573021841 0.4995822542567304 
0.5126347402748415 0.07658790365599416 0.40001076089351006 0.5004994170197659 0.5003888146814902 0.5001174845607016 0.4996654439764104 
0.5521340565482401 9.021691824752653E-4 0.3999614636215227 0.500509085430356 0.4999896870075311 0.5001739682606168 0.49952686831105997 
0.982192385076935 0.4151833764780021 0.40006664036963935 0.5004253765685882 0.500553452384219 0.5000053222055022 0.4995931369945083 
0.4537075424431157 0.03323969190607784 0.4000585057408213 0.5004217816744686 0.5002029627615973 0.49963580421800924 0.4996076780426615 
0.6158304520293836 0.26892087005581666 0.39996155756187973 0.5004928356363977 0.5002152716150134 0.5000088875557112 0.4995639792646043 
0.9491699587722564 0.9953212736171428 0.40006093871358733 0.5004968881354956 0.5000121989362528 0.49992287066846086 0.49952577709576335 
0.22384913034327875 0.19905331962872644 0.3999366662529919 0.5004454377855907 0.5002499312486877 0.5000024371468117 0.49956457405461485 
0.28368475826881445 0.19314451965722562 0.4000547195330946 0.5004944400532054 0.5005441315140056 0.5000095315386206 0.49958772799730616 
0.2255696463947668 0.2786027356889577 0.3999321323286482 0.5004330538967734 0.5005751135745662 0.49996109165888575 0.4995895433613864 
0.677782649727139 0.0033217972052489234 0.4004745361750968 0.5004732015516731 0.500383495551746 0.4999185506676821 0.49949499503566924 
0.9266054533886677 0.9463339946500867 0.5002333775554837 0.5004946015020486 0.5001577092134787 0.49999731670408654 0.49958250474559535 
0.5307163401109657 0.004771219899965651 0.3999614636215227 0.500509085430356 0.4999896870075311 0.5001767755104132 0.49952686831105997 
0.13319209711197627 0.17565456116147465 0.3999598910395799 0.5002867583983712 0.5005188879834402 0.5001334509254642 0.49961753407874016 
0.6519383377356993 0.4284062932517802 0.4000626914224349 0.5005114713624346 0.4999784212192768 0.49999839837001836 0.4996021436480381 
0.9990734200170797 0.11840578814938979 0.3999682810321093 0.5004940888982717 0.5001870107369975 0.4996578309660479 0.49960772143084264 
0.18402780053471202 0.19872985838959523 0.40006312867180277 0.500494643433909 0.5002784069121124 0.500145377726862 0.4996692208058419 
0.7452644114072362 0.3501586826508828 0.39979200970820933 0.500421034568497 0.5001586103135485 0.4999736528188954 0.4996038020650364 
0.3651752862488823 0.0036464478208951684 0.39993362304437885 0.5002759589186883 0.5002518230102891 0.5000232933139522 0.4995626143962781 
0.6162167222429519 0.35499708437813876 0.4000626914224349 0.5005114713624346 0.4999784212192768 0.4999984633555363 0.4996021436480381 
0.8489022992096803 0.02460764028250799 0.3999827555192918 0.50045206734003 0.5002774740730304 0.5001720663390321 0.4996701280890589 
0.6158304520293836 0.2879628170694922 0.39996155756187973 0.5004931959689488 0.5002152716150134 0.5000088875557112 0.4995639792646043 
0.9894530363024262 0.26905119847639536 0.39991909062366965 0.5002838214753965 0.5002481476340185 0.4999973220314839 0.49958518185521317 
0.854008788563851 0.025043878152480492 0.40052281680070934 0.50045206734003 0.5002785605742563 0.500145377726862 0.4996673943228885 
0.9195437247808279 0.9796433976867592 0.4000627618992162 0.5005086206383045 0.5000056470244931 0.4999983279626183 0.49959319749325976 
0.6479640828025632 0.10621390735890812 0.4000318248397565 0.5005066848296561 0.5003897282263895 0.5001174845607016 0.4996001196028618 
0.6078716243210018 0.17723663579115834 0.40001075186110824 0.5004511571226928 0.5003821951286443 0.4999975556930771 0.4996077364776796 
0.3436832805822091 0.07383881821711397 0.39998354209131226 0.5004316859954002 0.500227292419247 0.5000226025803839 0.4995661405703023 
0.22199186966636875 0.708280539411829 0.5002483962760413 0.5004462953042828 0.5001566990094096 0.49999731670408654 0.4995916555594874 
0.7917275390118036 0.005939884780577914 0.40045939120157054 0.5002834133231715 0.5003835156718246 0.5001360266826438 0.4996016045957638 
0.2985858047948642 0.09345370004759729 0.4000547195330946 0.5004944400532054 0.5005441315140056 0.5000095315386206 0.4996171360422336 
0.15783156907379603 0.09267108372856558 0.39993321091740663 0.5002933141871335 0.5003897282263895 0.5001174845607016 0.4996157875121367 
0.8047898928053278 0.09359341971443336 0.40045939120157054 0.5002834133231715 0.5004111690878972 0.5001360266826438 0.4996016045957638 
0.322117011294343 0.09323432102626224 0.39994797503526125 0.5004476342670616 0.5002342960368812 0.5001426969021302 0.4996020751635805 
0.3967959738586449 1.0 0.4000585057408213 0.5004944422505316 0.5000105326592934 0.4999983721429319 0.4996021436480381 
0.31996931658616456 1.0 0.40050739121969625 0.5004924584612337 0.49999521089706755 0.4999189332289311 0.49958520687457403 
0.616918373420326 0.9791152733683051 0.49922094631579544 0.5004296993580392 0.5003849501933683 0.5000079806387515 0.49959283829623397 
0.7643830724421415 9.072970744595775E-19 0.39996914722496596 0.5004886173081979 0.5001859484716981 0.4996380430925148 0.49960739514841757 
0.7227100064044347 0.09359341971443336 0.40045939120157054 0.5002856182367181 0.5005188879834402 0.5001360266826438 0.49958229099913365 
0.8927101219297364 0.9947256383477902 0.40003280472957636 0.5005348186224869 0.5001990982870467 0.49999570025663553 0.4996674345953655 
0.32215498419791955 0.17676411463190944 0.3999481066062291 0.5004476342670616 0.5002538115894705 0.5000017750905258 0.4996020751635805 
0.08759694129588338 0.989813075782803 0.400052806686645 0.5002829447585777 0.5004027915144016 0.4992317991961074 0.49960149854198693 
0.41475685108446586 0.03323969190607784 0.4000585057408213 0.5004217816744686 0.5002029627615973 0.49963580421800924 0.4996074695662858 
0.7187318428859217 0.28888218904497964 0.400469230092833 0.5004579094549976 0.5002691707209174 0.4999635074784847 0.49960537726534704 
0.24881507586719617 0.0018371517670087711 0.3999616851032285 0.5004580641136714 0.5002446067332627 0.5000047935545494 0.4995263862758804 
0.7300212793094849 0.11365089998561756 0.3998434152515577 0.5004952368759708 0.5003116493620169 0.49997645431386767 0.49949304485785695 
0.9532431626840857 0.7648569991742539 0.5000960148042073 0.5005062902214635 0.5000107342927504 0.49994860133205776 0.4995945717941945 
0.36816495804237587 9.072970744595775E-19 0.3999614636215227 0.5005310009307847 0.5005245239008891 0.5001785908284696 0.49952631759475563 
0.29966104433998925 1.0 0.40050776807416616 0.5004931003739136 0.49999521089706755 0.4999189332289311 0.49959052337155635 
0.9977273732890488 0.019978311093089354 0.399973403533362 0.5004526178912346 0.5001993998006264 0.5000102044293288 0.4996675127158684 
0.807332562403052 0.011935513638551498 0.399928111533459 0.5002161649442515 0.49998703232168845 0.4999190961599631 0.5004321273338587 
0.9335897551674355 0.004271177460582365 0.39993362304437885 0.5002759589186883 0.5002518230102891 0.499918118820969 0.4996020751635805 
0.9747932418470427 0.36984551765298757 0.40005505336952396 0.5004936286165549 0.5005469041171713 0.5001279553049978 0.4996072964700719 
0.3318853020294064 0.0050949574219875116 0.4005081289569942 0.5004925217273481 0.500383495551746 0.4999185506676821 0.4995841152178103 
0.4246303634543581 0.11909930242296857 0.3999366662529919 0.5004189511353242 0.5002507587804917 0.5000024371468117 0.4995657193521215 
0.17629612461142008 0.10807934015216222 0.40001076089351006 0.5004978593372162 0.5003897282263895 0.5001174845607016 0.49956573865112497 
0.9312980839280713 9.021691824752653E-4 0.3999614636215227 0.500509085430356 0.4999975176883559 0.5001762772194652 0.49952756185642805 
0.4151303617728496 0.18820758115479336 0.40001265722386503 0.5004502701849309 0.5005302256090325 0.49964415165532355 0.4995818087533783 
0.8715609162131044 9.072970744595775E-19 0.39996914983482823 0.5004557747965526 0.5005439484695137 0.4996422189739471 0.49960557131976296 
0.7035694956473347 0.0951754943441355 0.4005102520230989 0.5005038668603463 0.5003821951286443 0.5000001314502567 0.4995810262264068 
0.253714828526349 0.19905331962872644 0.3999366662529919 0.5004454377855907 0.5002499312486877 0.5000024371468117 0.49956457405461485 
0.97975308048326 0.11840578814938979 0.3999682810321093 0.5004202496131911 0.50019684329192 0.4996505919243336 0.49960772143084264 
0.9986450011748603 0.8729360236885255 0.4000817682747848 0.5004800248234066 0.5004823342763163 0.4999610007695789 0.4994746547420188 
0.8047898928053278 0.0035895449348674682 0.40045939120157054 0.5002834133231715 0.5004111690878972 0.49996743063811194 0.4996016045957638 
0.11404309418374897 0.1526631288836025 0.40001073293090517 0.5005050070219995 0.500373517101034 0.4999975556930771 0.49961626930601327 
0.6826206300564142 0.26905119847639536 0.39993095850028154 0.5002838214753965 0.5002481476340185 0.49999964049852674 0.49958518185521317 
0.9863612910458802 0.22462745039131776 0.39992933147289805 0.5002816966882863 0.5004021496375636 0.49992456307502764 0.49960149854198693 
0.8028040097978325 0.36541432513725836 0.399932721754366 0.500489406549854 0.5004162116809765 0.5000102038030372 0.49964680517293436 
0.08880052307363356 0.03323969190607784 0.400055074138267 0.5004941627195116 0.5002029627615973 0.5001322698423769 0.4996074695662858 
0.9990734200170797 0.3675494609932703 0.3999696519840556 0.5004940888982717 0.5001870107369975 0.4996578309660479 0.49960771470639004 
0.24975088637770132 0.19905331962872644 0.3999366662529919 0.5004454377855907 0.5002499312486877 0.5000024371468117 0.49956457405461485 
0.9221860742591464 1.0 0.4000627618992162 0.5005114713624346 0.4999973762718252 0.4999983721429319 0.4996021436480381 
0.6901589837216497 0.12291102784270633 0.39984496993352536 0.5004725436572498 0.500189701138786 0.5001265876799501 0.49949574261499446 
0.9795518628651314 0.9367382467782851 0.40006495288150573 0.5004315625071941 0.5005250546462339 0.5000067643902006 0.49960740823557814 
1.0 9.072970744595775E-19 0.39996914983482823 0.5004216126147686 0.5001859484716981 0.4996422189739471 0.49960739514841757 
0.048789532818858394 0.004629747719359922 0.39992882986067646 0.5002090052913746 0.5002563031502518 0.500010068728566 0.4996187863519337 
0.2653284771765557 0.9143900497227284 0.4000134131881918 0.5004730200954729 0.5003814313293398 0.4999975556930771 0.4995877881630962 
0.3108948266935806 9.021691824752653E-4 0.3999614636215227 0.5004930572273623 0.4999975176883559 0.5001762772194652 0.49952756185642805 
0.049711114110955135 0.7904136277417866 0.39996866635123024 0.5004595051291671 0.500013169911196 0.5000082476283719 0.49959283626215223 
0.38053597478429524 0.009053364001124303 0.39994797503526125 0.5004476342670616 0.5002342960368812 0.4999741008575985 0.4996020751635805 
0.8875217876090423 0.9999322401121986 0.4000772545794268 0.5004944422505316 0.5000110803758481 0.4999983721429319 0.499669975967304 
0.8321592165896443 0.41720279508702257 0.3999356247785803 0.5004253765685882 0.500553452384219 0.5000044353841515 0.4995931369945083 
0.027357141184467082 0.004629747719359922 0.3999675768116663 0.5004609252618154 0.5002563031502518 0.49997119588553074 0.49960384642419303 
0.9457325602392711 0.17383273144407374 0.5012350879414083 0.5004974245494347 0.5000060099373496 0.49992650297193025 0.49952382881763707 
0.09072063332488173 0.8250531515451763 0.4000128750761515 0.5005049951504607 0.5005310187117678 0.5001222691746064 0.4996159960190705 
0.014261951631895586 0.00933713121510149 0.39996881558647185 0.5004595051291671 0.5001931212837238 0.5000092400141205 0.49959283626215223 
0.637895245171477 0.01990514684348069 0.4000642251306856 0.5002836474120688 0.5000051736452144 0.5000034447011328 0.4995858640966636 
0.9772984152131269 0.004629747719359922 0.3999296275920638 0.5002132328502775 0.5002563031502518 0.49997119588553074 0.5003905902114252 
0.9457325602392711 0.1362241724927828 0.5012501066619659 0.5004961608549672 0.5000097301357785 0.49992287066846086 0.4995243779759211 
0.8696493862423225 0.025204455079754454 0.4005228152737334 0.5004556164192611 0.5005450603440713 0.5000102915390531 0.4995637068503365 
0.9895293990406482 0.9333409024551075 0.39996172366608695 0.5004473781749583 0.5001990789609457 0.4996496845308242 0.4997228941670556 
0.9784503361347545 0.19872985838959523 0.3999823778924612 0.500494643433909 0.5002784069121124 0.500145377726862 0.4996692208058419 
0.2979452946044015 0.9989247807342138 0.400013197433182 0.5004925358662127 0.5000190534678753 0.4999975556930771 0.4995895006157035 
