1.0 0.0052244425866341815 0.4986490612711913 0.49992530184420986 0.5000400803679121 0.5001644141757406 0.5002524382563975 
1.0 1.0 0.5002997548273923 0.499847745904162 0.5000600714519405 0.500145047096725 0.5001852433556423 
0.0 0.9383885643685327 0.5002703403066988 0.4999276835377669 0.4999769214451457 0.5000940488960949 0.5001867915377631 
0.950676231143711 1.737184204843832E-5 0.4994385051349629 0.4994182894297303 0.5000008105388173 0.5001470946812688 0.5001987835041477 
0.9981138028144093 0.011684356344121516 0.4986376746777602 0.4999291322458588 0.5000400803679121 0.5001644625289966 0.5002522695919376 
0.9583240696085622 0.99999703097594 0.5002842330480254 0.49970601980622326 0.5000204367944804 0.5001164054963282 0.5002103696164862 
0.9112058209735142 0.796103726920979 0.5002657173068182 0.49991144330636417 0.5000390906824621 0.4997398504132432 0.500183841141082 
0.38489008146939774 0.6976592700381178 0.5002958419028694 0.4999291429863514 0.4999842801921691 0.5001627229631254 0.5002760661645391 
0.04120825177146853 0.8152265579395606 0.500290884296989 0.4999351554536062 0.5000357050940267 0.5001193110470499 0.5002093240832031 
0.6306209316553155 0.0991761143499918 0.5002822214681986 0.49989950087515317 0.5000239056563283 0.5001410668377185 0.500257712754368 
0.7117095629081001 0.8876178397418465 0.5002934703586571 0.49989536927425693 0.5000194807520538 0.5001141303645037 0.5002097950207249 
0.9783927479615059 0.9431875769171099 0.5002806024934522 0.49989545014103376 0.5000289029792173 0.49973570898851805 0.5001842132195897 
0.6978742279714504 0.7748279103389201 0.5002693311733015 0.4998925644861632 0.5000069635903429 0.5000900544208795 0.5002065558699742 
0.9663934477155923 0.8920386730290408 0.5002697555324487 0.4997033778852098 0.5000376551109397 0.4996947201135785 0.5002570587852754 
0.6523532272951569 0.9232039384068587 0.5002727035704129 0.49978674497809056 0.5000223548707189 0.499710593727971 0.5001872081822679 
0.7354008962113465 0.9055631446803136 0.5002815512351703 0.4998987336749278 0.5000240626458134 0.5001170958710788 0.5001900807486753 
0.5930921572130421 0.8601680540337304 0.5002924609096135 0.4999018340456021 0.5000350146281282 0.500206151591991 0.5002673443611245 
0.7673952907903192 0.09817475832161782 0.5002695532822781 0.4999322443727166 0.5000084207328015 0.5000964571661606 0.5002609215227766 
0.4790471953257368 0.7192580687142156 0.5003151892242652 0.49989536927425693 0.5000194807520538 0.5001140652271985 0.5002097950207249 
0.8276871494858294 0.204300129092877 0.5002053569562656 0.499895383612414 0.5000191999650089 0.500124920964765 0.5002167873668231 
0.2574972320110801 0.9545636514105679 0.5002817761102366 0.5002745268626788 0.4999907608217573 0.5002117698327595 0.5002111722422121 
0.9270397884637902 0.863267405100964 0.5002651071420485 0.49992410616956673 0.5000354392646824 0.5001708668955784 0.5002148875780789 
0.8560585915539172 0.11960750439918277 0.500262040888941 0.4997859053779226 0.5000085967860759 0.49971406335182167 0.5001885304153464 
0.6718840076483256 0.5160922283443115 0.4996990242306659 0.49978793192054016 0.5000327710148416 0.5001645590330435 0.5002560179785523 
0.43575942585732674 0.07115867178732893 0.5002693028257653 0.4998988172943576 0.5000360672142833 0.5001583436282122 0.5001867116690512 
0.4186923091161324 0.7296270680930443 0.5002478344854817 0.4998988172943576 0.500022343320513 0.5001583436282122 0.5001860044188107 
0.5734245943897296 0.8399150897471128 0.5002924609096135 0.4999018340456021 0.5000350146281282 0.500206151591991 0.5002673443611245 
0.9405935139302323 1.737184204843832E-5 0.4994385051349629 0.49961789789398514 0.5000008105388173 0.5001470946812688 0.5001987835041477 
0.6228947197088418 0.6836856989309487 0.500321626332204 0.49983954533734437 0.500274883320142 0.5002053403546851 0.5001881191381597 
0.7845258494591663 0.23844615365885863 0.5002050430053564 0.49978604663894205 0.500009004540012 0.49970059100835496 0.500288400304019 
0.9954828400503655 0.7067545616268127 0.5002762436838989 0.4999220348906002 0.5000400803679121 0.5001644141757406 0.5002524382563975 
0.1868087077815907 0.7611916900962823 0.4996781943957203 0.499915018597507 0.5000368679940602 0.500208212850694 0.5001884063763349 
0.6211035146909375 0.1103737995727706 0.5002095202954683 0.49989783350871253 0.5000240759144822 0.5001061979848399 0.5001900986611653 
0.8189470125800705 0.7181532409020688 0.5003151855268025 0.5002941570004861 0.5000101868979796 0.5001134097314728 0.5002522728010659 
0.22957844765945595 0.9602350163184179 0.5002921202833776 0.4997052014719341 0.4999822410146491 0.5001075319322665 0.5002161730605911 
0.9931695859774375 0.0991761143499918 0.5002822214681986 0.49989545580443995 0.5000286916016053 0.5001410668377185 0.500257712754368 
0.37313274977468885 0.07321737103046608 0.5003022523947338 0.4996253066666869 0.50000792601615 0.49976468524037937 0.5002925325797621 
0.9729525135694911 0.6027942476024686 0.5002062224926244 0.4998914205994024 0.5000195169469192 0.5001496518484149 0.5002626296991989 
0.541172724763297 0.8642968355566213 0.5002709973926281 0.49992957372588975 0.4999916797363036 0.5001655616139896 0.5001830933546331 
0.9941306931498733 0.8540066063626157 0.5002002557936579 0.4997896243294001 0.5000351829076992 0.5001641096139925 0.5002559965456633 
0.524298646576722 0.9028795395218798 0.5002755080875417 0.499768933978243 0.5000247477605947 0.5001643699636908 0.5002002164261979 
0.5443273814392414 0.09325773203135262 0.5002623612150557 0.4998926494172625 0.4999957124483896 0.5001399207988857 0.500292519066752 
0.6907412619744192 0.09208945929081287 0.5002921425452348 0.4998925788010722 0.4999910930934555 0.5000904430496727 0.5002653321376649 
0.1795938830965216 0.9883609284895146 0.5002957570632923 0.49964402403446434 0.49998237672496715 0.5002066168000675 0.5002037085138747 
0.6847287431938189 0.8087820693283418 0.500265627539051 0.49989225362619966 0.5000381619063567 0.5001404250844038 0.5002866745393393 
0.50278709482725 0.006814459489922098 0.5003213124065972 0.4999303648886685 0.5000357625450338 0.5001025485625823 0.5002860129635267 
0.5446297979633224 0.23844615365885863 0.500206997663151 0.49978604663894205 0.500009004540012 0.4997086827231164 0.500288400304019 
0.7498419279588248 0.019739257053335457 0.5002200422078701 0.49988585389409396 0.5000231209176341 0.5001476996726094 0.5001844302398274 
0.8627484090428884 0.23313854364229739 0.5002053569562656 0.499895383612414 0.5000191999650089 0.500124920964765 0.5002167873668231 
0.32237957777288506 0.7296270680930443 0.5002478344854817 0.4998988172943576 0.500022343320513 0.5001583436282122 0.5001860044188107 
0.7913757123965373 0.8152265579395606 0.5003152393921454 0.4999314279059376 0.500035885111441 0.5001192647722501 0.5002534163197673 
0.9036393425847784 0.9232039384068587 0.5002727035704129 0.4996074547112628 0.5000408851471264 0.499710593727971 0.5001872081822679 
0.666145479562969 0.11260130868417778 0.5002872221704934 0.49989796380071744 0.5000098119121272 0.5001180172371527 0.5003276780784066 
0.6082796031917046 0.600822431280154 0.5002613413894997 0.49978604663894205 0.5000087207790579 0.4997086827231164 0.5001870082556126 
0.25847456999378765 0.8074463371732769 0.5002721095584116 0.49989506758367214 0.49998940496588756 0.5001027176361742 0.5001864756493253 
0.8913467233601158 0.7711692852984499 0.5002690165842655 0.49992019912693625 0.5000253061878295 0.5000943439302166 0.5002081253059476 
0.9390276135571198 0.0991761143499918 0.5002822214681986 0.49989950087515317 0.49999722420446535 0.5001410668377185 0.500257712754368 
0.42028988828912617 0.9299301456564568 0.5002712189320473 0.4999350564086607 0.5000106839893929 0.49971808401589163 0.5002110007813004 
0.9036393425847784 0.987826904290151 0.5002726453374284 0.4996172329814996 0.5000408851471264 0.49972441356632485 0.5001872081822679 
0.46781229438552807 0.010607851399208112 0.500282488147086 0.4999303648886685 0.5000357053147907 0.5001257750218675 0.5002860129635267 
0.6632386985873283 0.2035000305981433 0.49972233116368026 0.499895383612414 0.5000191999650089 0.5001252922794247 0.5002167873668231 
0.5944811897730082 0.7188973525428941 0.5002815512351703 0.4999120264954298 0.5000240626458134 0.5001134030271785 0.5001900986611653 
0.37313274977468885 0.10484519675086318 0.5002940710086469 0.49993212968342254 0.50000792601615 0.4997698507508085 0.5002925325797621 
0.4779379169075404 0.9232039384068587 0.5002727035704129 0.4996074547112628 0.5000408851471264 0.499710593727971 0.5001866717136052 
0.11809247278173407 0.8724712365802133 0.5002748435025048 0.49978218044059725 0.5000253924814247 0.5001642438508912 0.5002075519151152 
0.8479298949257155 0.887413154046281 0.5002843848318039 0.499932181469575 0.4999910397407195 0.5001625008724262 0.5002055564860205 
0.8194448607854405 0.09099151811539996 0.5002623834268013 0.49989846403442106 0.5000533917703558 0.5001241008458757 0.5002170137003651 
0.4189472870218206 0.839887769520318 0.5002930720343299 0.4996256519364788 0.5000107099937924 0.5001473432211891 0.5003160432099121 
0.9663447881007695 0.836747523689272 0.5002697555324487 0.4997033778852098 0.5000350622407048 0.5001634807915529 0.5002559965456633 
0.97572050348052 0.004961847233170613 0.4994385051349629 0.4996117137117363 0.5000008105388173 0.5001470946812688 0.5001987875441627 
0.32670816880022857 0.9602350163184179 0.5003025116885577 0.4997065399415369 0.499983948445101 0.5001032447597155 0.500215074736804 
0.43575942585732674 0.9315013966071344 0.5002727813497392 0.4996008359016798 0.5000406647658694 0.5001470834384595 0.5001872172360105 
0.9053263665790225 0.8920498937368181 0.5003160961551315 0.49993126677443767 0.4999908925449987 0.4997049477858063 0.5002074877149787 
0.2183758509281261 0.6976592700381178 0.5002957534651349 0.4997016897342379 0.4999842801921691 0.5001627229631254 0.5002760661645391 
0.12841775551592305 0.7833302229949792 0.5002961671875733 0.499925243352748 0.5000071004568551 0.5001580321654773 0.5002069279239177 
0.9270397884637902 0.8087958322699154 0.5002651071420485 0.49992410616956673 0.5000201212136922 0.5001708668955784 0.5002148875780789 
0.5751983994908068 0.8641404299860871 0.5002924609096135 0.4999018118954056 0.5000350146281282 0.500206151591991 0.5002852161514724 
0.4977932741341659 0.15538265097672527 0.5002719258251419 0.49993998826248015 0.5000312176050465 0.5001155776710126 0.5001813771523531 
0.8560585915539172 0.07343744156080773 0.5002690552107952 0.49969965893373225 0.5000089605505122 0.49972633793832316 0.5001885304153464 
0.8818056634883442 0.8768294349527586 0.5002479721518557 0.4999308659824628 0.500021219699082 0.5001464727624525 0.5001882980522544 
0.38489008146939774 0.8612993462173458 0.5002709973926281 0.49992963632709997 0.5000316068285363 0.5001654608390346 0.5002779270687008 
0.5446297979633224 0.18126154685697385 0.500206997663151 0.4996236605669271 0.500009004540012 0.49976486370478995 0.5002885723446034 
0.3601403582837449 0.07321737103046608 0.5003022523947338 0.4996253066666869 0.50000792601615 0.4997556111642819 0.5002925325797621 
0.2943949884994442 0.10644451928705867 0.50031918667824 0.49988515733063926 0.5000313354294292 0.5001654608390346 0.5002779270687008 
0.4189472870218206 0.8891184415572388 0.5002930720343299 0.4996854802410412 0.5000107099937924 0.5001473432211891 0.5003157381266404 
0.25847456999378765 0.8351264995107183 0.5002699138809769 0.49989506758367214 0.49999075623039035 0.5000904430496727 0.5002639259323192 
0.8147305538158658 0.7847044157612996 0.5002961671875733 0.499925243352748 0.5000069454895345 0.5001580321654773 0.5002853689663396 
0.3596106540390094 0.9052067862749018 0.5002701929537695 0.49991799003439624 0.4999770425211002 0.5001414274118058 0.5002824844551886 
0.939064892058725 0.0016333894017129258 0.5002727100571301 0.4999308659824628 0.4999958210799327 0.5001467166275507 0.5002795278419245 
0.4649035192138724 0.09748469907362525 0.5002692420919295 0.49966313512773614 0.5000277110789731 0.5000941585078401 0.5002499644348987 
0.8850055893918582 0.7711692852984499 0.5002752990619029 0.49992019912693625 0.5000253001609213 0.5000943439302166 0.5002081253059476 
0.4740401582349132 0.09748469907362525 0.500269455117173 0.49966313512773614 0.5000277110789731 0.5001661409044867 0.5002499644348987 
0.6697374402265328 0.8422872075972196 0.5003160961551315 0.4999276835377669 0.5000222095510765 0.5000942333975489 0.5001867915377631 
0.8498760986783207 0.8210870092589434 0.5002843848318039 0.49978130126845893 0.5000355656623027 0.5001641806129783 0.5002534302367122 
0.4123324488914915 0.07115867178732893 0.5003198042812751 0.4998753538006264 0.5000360672142833 0.5001583436282122 0.5001867116690512 
0.3101262829115111 0.11597370160836046 0.5002816134351897 0.49989783350871253 0.5000243809324408 0.5001180172371527 0.5002826971309451 
0.2352960318578 0.09421989745268067 0.5002623834268013 0.49989846403442106 0.5000533917703558 0.5001394759590899 0.5002679674802305 
0.8566037008600765 0.9028795395218798 0.5002748435025048 0.49978218044059725 0.5000252375141041 0.5001642438508912 0.5002859929575371 
0.091704019305013 0.8089203576749443 0.5002909788509533 0.49992992523694557 0.5000205652538234 0.500117171903219 0.500291940494843 
0.8662848282985134 0.023517202303914186 0.5002709973926281 0.4999308659824628 0.4999772058795538 0.5002107197818287 0.5002826260835938 
