1.3613565139237634E-11 1.00064218230245 
0.9996801388977735 0.001732259808408227 
0.4499545966398837 0.7985249742631166 
0.7913808388576637 0.37490319995856264 
0.8068110092162316 0.35025133597095 
0.433746498994513 0.8133531872944066 
0.5636894947785036 0.6835285541793122 
0.9702869202215253 0.05965222219760381 
0.41706202459603703 0.828102487864014 
0.4738390686102236 0.7770169321411409 
0.6523078161543826 0.5757608721340991 
0.0627998088945505 0.9968792709467842 
0.5959009102596033 0.6462871105627848 
0.8174717788571455 0.3330345526252032 
0.11489533993298129 0.987798272827261 
0.31177279413454717 0.9034912822131834 
0.49275253124803053 0.7582062724470909 
0.6627798953822575 0.5618941612396686 
0.9559438617519912 0.08751941400220208 
0.5491168844497721 0.6990646459694824 
0.9444154693158227 0.11103639042156863 
0.9926410778173905 0.016429139589163567 
0.9161524919037064 0.1617202166320735 
0.8700676584401812 0.24431454423092144 
0.8339464439686611 0.30597768393429314 
0.13462443988130274 0.982735944555399 
0.7784609642925866 0.39535256114515627 
0.8253331787676972 0.3201617815929711 
0.7126866443915226 0.49325371938167684 
0.9597411671914443 0.08013178045163222 
0.2879124056280577 0.9179295609868477 
0.9772134803999241 0.04629313393214642 
0.7392066347905708 0.455565586611038 
0.1493602719900162 0.9783136828559839 
0.7316963092905089 0.4667451443525703 
0.8837095956254142 0.22094856242500835 
0.6971342812777129 0.5147842043427928 
0.7226280787913516 0.47897203417431417 
0.6411540696933543 0.5900495932175718 
0.4765701238172183 0.7744609765621421 
0.013612061801585085 1.0004208795624192 
0.242248453940455 0.9444675299867856 
0.5814735226647505 0.6634476004611614 
0.5325027948923767 0.717617816636488 
0.5479205453414288 0.713681832617213 
0.6218403073345398 0.6143160519290011 
0.17236535240571826 0.9709787932434232 
0.26405332622407013 0.9308600308383809 
0.36297946244567103 0.8690751846973239 
0.08372761583509714 0.9936323086184291 
0.9306025932095808 0.13519058031558387 
0.19020864044465602 0.9644854545776467 
0.7474827588151863 0.4422148906205835 
0.7552871540153306 0.43089112987730765 
0.8681198455656904 0.24972784974603796 
0.34949545333415116 0.878787833729755 
0.7637065386832738 0.41792851404055364 
0.6320859217094307 0.6015298129447809 
0.16586252851531474 0.9737377682398165 
0.887920984920006 0.21263873583686813 
0.6164594085756641 0.6206223414845913 
0.03996692163757834 0.9993440704388659 
0.21383992783388073 0.9550021306475809 
0.3888371948384076 0.8495621415801967 
0.6746689192670972 0.546539969816135 
0.09506468205961643 0.9916231655332034 
0.6039171731401396 0.6365564575575261 
0.3343913500814099 0.888775411257137 
0.6086828752600679 0.630542754174949 
0.3966998944311457 0.8437693908164885 
0.8417770690681374 0.29266897760159555 
0.9037374648472474 0.185800104020112 
0.9358935180196356 0.1268368746771334 
0.03633197921846315 0.9995742938562547 
0.6850843684790607 0.5316863163208894 
0.6727433776539187 0.5483052869021099 
0.36855989902017916 0.8651780195350428 
0.19973981966612853 0.960889550119501 
0.3343913500814099 0.888775411257137 
0.9283322458303572 0.15079005810183263 
0.859360726166049 0.2646650242622749 
0.8443990132182411 0.28803686242069404 
0.3481605443664163 0.8851609206435757 
0.987200381546669 0.03388650761360629 
0.5003882237213952 0.7502178485730651 
0.9402355319683089 0.11738125947904275 
0.7153058676548607 0.48983677509244555 
0.857756636205747 0.26553975699804955 
0.6896117898753583 0.5268138265160186 
0.22735055413260744 0.9492424645170956 
0.921533965387792 0.15231387575205096 
0.8961774743941406 0.19898118701778833 
0.3056835425314564 0.9084371117609084 
0.7678863890390444 0.4128269024271275 
0.986476599588469 0.035140226291744785 
0.2741421864923582 0.9255854982634223 
0.8952117416334615 0.20007158598308192 
0.9058942251234683 0.18108075024241335 
0.2783377422946801 0.92301096231599 
0.40557790270454763 0.8361901453133178 
