0.9999912949557459 0.0017189836095969936 
0.9999912949557459 0.0017189836095969936 
1.0676686951583583E-11 1.0006184926904695 
0.10941929339835649 0.9891842038615454 
0.9553318808241901 0.08920699708095743 
0.8114642214883865 0.344084937142152 
0.05638446824618171 0.998239108066314 
0.2858966509407117 0.9189928806717158 
0.03392943118210276 0.9999617745852841 
0.14526847198223775 0.983118690898273 
0.9707864009968195 0.05954198714861532 
0.5593599534081745 0.6888076134742334 
0.5068246833940081 0.748545169679057 
0.38631424423768956 0.851902178253225 
0.3961758822556125 0.8445386766236971 
0.3307282658377275 0.8917179972589445 
0.199549291857795 0.961616485149393 
0.3661592950777472 0.8671859113308052 
0.7708069010684103 0.40739812701630324 
0.6984744069068314 0.5133761647268554 
0.26714359476507854 0.9295043524033081 
0.932512068898635 0.13278622968054749 
0.4541057107921329 0.8013306174360648 
0.9485546374760337 0.10273166557825561 
0.7168053365659237 0.4884646703615366 
0.8263006556989573 0.3213412521875069 
0.30837722677305623 0.9063471484080032 
0.17839365172730115 0.9696248663974576 
0.8484753665388595 0.2816428916427104 
0.4153606358255034 0.828886263682416 
0.7863658138459416 0.38338120063278947 
0.7792270505523061 0.3951917181300697 
0.35734705596806615 0.8733852826016671 
0.6861614753180042 0.5307026957832632 
0.7595421036856613 0.4250292075536915 
0.6301766298178642 0.6044029757868009 
0.7401882254437133 0.4536643429182676 
0.4785982408644658 0.7730884406147462 
0.9801390141365958 0.04313687515517313 
0.8651809037988707 0.2529538435667137 
0.7275491600967203 0.47316320419266006 
0.08858446916484891 0.9934189110814866 
0.4606580589761313 0.7895735396002936 
0.5430516402129765 0.7062313651072869 
0.6091973010870012 0.630608279495137 
0.8013377845350946 0.35973077399344633 
0.15499919115950245 0.9770456773497018 
0.3059763640443489 0.9077618981202306 
0.9402791054169162 0.117903570188197 
0.9209175429137652 0.15438716372143005 
0.4698247615866469 0.7811737679696679 
0.25873752692550467 0.9378162261906245 
0.5729078898774296 0.6729865478515252 
0.5159273667876616 0.7348355462175648 
0.49015418288561774 0.7618602551512338 
0.9057055178148676 0.18216957980741477 
0.7313618612972712 0.4665000655411413 
0.43734277590043646 0.8103368103004662 
0.6603229279685021 0.5663023971246166 
0.6689640660075402 0.5540956682428656 
0.24491065968603037 0.9416665344535335 
0.1700556605992054 0.9726720429539127 
0.34326119018327367 0.8838681644829304 
0.840385032938745 0.2950812418761066 
0.6491556357336623 0.5798344187646557 
0.62065411793337 0.6162405188421396 
0.5685801300211714 0.6787354996494822 
0.42444474131610754 0.8211560581885318 
0.7944154382103908 0.3705823795326976 
0.594994608678894 0.6474254547350823 
0.21461808980071784 0.9548711813616719 
0.987230104712768 0.02709615754955165 
0.5318732922939636 0.7186859026429462 
0.8341115737927446 0.3071316767561383 
0.8836021019933673 0.22075294499968778 
0.5838400070335675 0.6605493257958477 
0.6825323396273275 0.5363578598310083 
0.7061397991491878 0.5026439837650417 
0.9746824044444617 0.051368079092625245 
0.08858446916484891 0.9934189110814866 
0.7098717228753955 0.49854287686018983 
0.8983919359962789 0.19478515386986714 
0.8898396598128251 0.20967096075539915 
0.9183590471024342 0.16150987692746774 
0.585473836057793 0.6588521942306431 
0.8802795620546051 0.2268299085295972 
0.23014986144360527 0.9481830727161981 
0.7557063400844373 0.4307995116524047 
0.6402846800678257 0.5919008863373725 
0.8581193595180531 0.26511619579058426 
0.434010579574003 0.8131713307212262 
0.8730461626830456 0.24334321097070685 
0.6048797569908754 0.6359182325615925 
0.4888417270875648 0.7632628398070018 
0.936370916006252 0.12562857761567212 
0.6390740660288159 0.5935544413073501 
0.21925222929244248 0.9533293786207205 
0.8288591515091263 0.3184898509016214 
0.7462455214855397 0.44432927066944833 
0.5403081533311634 0.7092523946171145 
