1.4402187972431744E-10 1.0006458128232258 
0.999914554474288 0.0017015643417264547 
0.39365625891184863 0.8458744904056688 
0.702842709920226 0.5075228194481881 
0.9169661566676843 0.16029064205215948 
0.613281186923863 0.6252888168362306 
0.29846970264832895 0.9119559683337104 
0.6307243095465334 0.6030166848954664 
0.6661769498179797 0.5606615574884778 
0.4119248789867106 0.8311884553177321 
0.030113592345128337 0.9998565583039607 
0.5630872939158911 0.683992449968877 
0.04814983370067605 0.9986605231371338 
0.4420588322074122 0.8056077337584697 
0.10771422330660074 0.9892325451333092 
0.9044262527195707 0.1833441537844794 
0.6898151292271266 0.5254741365559561 
0.7143014561479057 0.49120775537027517 
0.24205196914070454 0.9422415525212269 
0.0747503656312094 0.9950226132049559 
0.6830139485170367 0.5347746597794863 
0.8064511408102462 0.35102888151713124 
0.5233390273667594 0.7271872157422288 
0.7419585354721112 0.45056376852574564 
0.66686717002971 0.5566201666928876 
0.8947409713421873 0.20076745014441275 
0.5799719981241118 0.6644992878599562 
0.7199362243928022 0.48287444996351275 
0.455997181234315 0.7929034256603623 
0.27502990159507135 0.9252809227988226 
0.865703338849138 0.25184185336750653 
0.2259842605674266 0.9533888536573257 
0.33308810649658965 0.8901726790943717 
0.4231806396648645 0.8221623531504768 
0.7809162086761173 0.39160040117071176 
0.5565998712322928 0.6910800667002337 
0.4315993687647175 0.8149126113004935 
0.7721097640892264 0.405434872518664 
0.8830569798737625 0.22136062712191842 
0.7861887859817881 0.3833973603889781 
0.14826150538090302 0.978774228375762 
0.7298244257793063 0.46877579040484896 
0.9251115966186829 0.1454327790470627 
0.3790170973834445 0.857181253330907 
0.8875412263329939 0.2137850729014717 
0.7969887198581679 0.36624341184527376 
0.8427262873886385 0.2910646109606699 
0.319855509990021 0.8987849847305653 
0.18748994225121085 0.9656189463114336 
0.5952813616322814 0.6505259738025406 
0.34243795388235165 0.8850950979353754 
0.9756206126155043 0.050149663712971776 
0.4776775245279055 0.773281887558454 
0.26204616675750514 0.9322775755539797 
0.9699612748798502 0.061104177619929055 
0.46454284147714897 0.7902035803943518 
0.471750712196404 0.7784255371971966 
0.20515254827063256 0.9588400818500267 
0.9905739473068066 0.020362440110750696 
0.980534568720971 0.04009168606531581 
0.12509372576045164 0.9852627659330333 
0.9426881039802533 0.11307131343498296 
0.5461349029882846 0.7027433347267705 
0.8249645431867314 0.3214410484275555 
0.5806549572914234 0.6635953206841665 
0.8613571745848331 0.25988499159358003 
0.35190445953151095 0.8776242242136442 
0.08741674383470158 0.9930952877240732 
0.18238965592435621 0.9675513061068215 
0.7940650577379155 0.37071056328468943 
0.1666924364681745 0.9730957560248173 
0.6430935209874541 0.5874100333577584 
0.7500828813395645 0.43903859172496373 
0.23427582678319064 0.9457752494987436 
0.90135788460643 0.18874401708218594 
0.948259434288571 0.10233846144806458 
0.5355357502331677 0.7141605219941891 
0.7582255470668327 0.42668253293178976 
0.20939957354262476 0.9574671213206382 
0.6377998114323851 0.5941486832324201 
0.8747201472522138 0.23635021516379512 
0.502066446665179 0.7487975082416255 
0.8356379513682392 0.30290856013144674 
0.6047747526064182 0.6354007471768556 
0.936796754247003 0.12928958100558038 
0.31151489426251233 0.9039290124145839 
0.487650092103177 0.7633904551033998 
0.16496511184610363 0.977686903457767 
0.6430935209874541 0.5874100333577584 
0.49976929435162004 0.7509835453404657 
0.9547635732018135 0.0906580624275962 
0.8751960915801809 0.23553421836963503 
0.9618946701836559 0.07699988595160663 
0.9290051265469998 0.13952580725826624 
0.8318352338892968 0.309022220284436 
0.7721595311516051 0.4052994852146175 
0.375359181703006 0.859928096400542 
0.9949845977536206 0.011488110096188591 
0.5163346477310923 0.7343398915290816 
0.7582255470668327 0.42668253293178976 
