4.060548835616413E-11 1.0005439201104198 
0.999990306301685 0.0015985354445504367 
0.6207238627815536 0.6158412985402194 
0.8150855644612757 0.3371063376215751 
0.19425079604720374 0.9631844724472511 
0.44054113560898456 0.808449877148064 
0.3569520258421184 0.8737318086686978 
0.8892122738180072 0.21117041419393776 
0.28274189008015405 0.9214183074890678 
0.9125048478413603 0.16965210511005785 
0.9436211151614805 0.11154395567401328 
0.7344707399326714 0.46192711326063984 
0.0706883972821194 0.9960392797769929 
0.7853798051984757 0.384497765677399 
0.9039950710883475 0.1846731057996275 
0.36864596970426067 0.8648986351400592 
0.7993917426731593 0.3623471369616774 
0.7080821795444683 0.5001843487494179 
0.3844784616544494 0.8536885130757688 
0.10463863410910024 0.9900398143427962 
0.6055142568726781 0.634515782403877 
0.4960020374699668 0.7554008833698778 
0.8320623299204858 0.30979609069412345 
0.6534598432493983 0.5743469035558453 
0.3034130131381021 0.9086341344357166 
0.6339599607031255 0.5995571866042315 
0.4688165063684774 0.7813570969070612 
0.39543360249558485 0.8444887966926361 
0.1672462560409428 0.973401370018322 
0.4286052098059972 0.8171916490467543 
0.23002517510973042 0.9480183449592492 
0.01942879020057469 1.0004036592673407 
0.40746147901971524 0.8351862014078669 
0.08292849266124158 0.9942423408075167 
0.5136317681341468 0.751231928596979 
0.9373402987824984 0.12367863480787779 
0.3380785062700766 0.8865589538968324 
0.4178506292516425 0.8268181818328437 
0.8570811372556135 0.2669415174928952 
0.5672105315284335 0.6799206907097323 
0.3201256669827892 0.8985204963120317 
0.26776545535343993 0.9351455181283554 
0.9827284153737857 0.03673811547506074 
0.9545436920065634 0.09043475975672897 
0.6612471081223478 0.5685110637090467 
0.9297373444317483 0.13716813930418184 
0.5414136652958543 0.7080287676750067 
0.45903615017583405 0.7923059681461485 
0.8410372756937097 0.2963085286925826 
0.5245729000958554 0.7259425713913114 
0.9762965084683908 0.04962583523561781 
0.7809093264918323 0.392132043233385 
0.5368200292296967 0.7136436006771552 
0.5884919695172813 0.6560855464681807 
0.7017694001451334 0.5090528517227726 
0.6938256600948053 0.5201063264943058 
0.2108048197814092 0.9567681940046572 
0.5540356647500695 0.6946762628087066 
0.03896455683861999 0.9993840731787941 
0.7211933384992776 0.4812494131186409 
0.7216689496570617 0.48113262312284244 
0.6693511285377861 0.5534631387813772 
0.8496906958821917 0.28164427004258036 
0.5755604916281076 0.6702146692983152 
0.3337020517125476 0.8897796977946646 
0.8089814106202325 0.3474509983512757 
0.48391730258482224 0.7672116069609602 
0.4811723897316864 0.7701035018207348 
0.9619501280103351 0.07615921151458963 
0.2710833742544405 0.9275282168672822 
0.7718258970312291 0.40589472452358927 
0.12193106842543167 0.9860608786760737 
0.97053834950462 0.05999646885685072 
0.21793730779721038 0.9535904936424758 
0.5572992059055435 0.6909245354198907 
0.9243796562091161 0.14718257849078353 
0.2461080519743325 0.940646907786893 
0.8714415798866061 0.24206501457743712 
0.8668257053929607 0.2597298478088163 
0.5838507270888293 0.6662323097355822 
0.7623680222392887 0.4208289196462377 
0.3100430211016878 0.9046643208984616 
0.12770919363177094 0.9846346151294448 
0.988784623733576 0.024305850284678056 
0.8816838899894196 0.22422512340064585 
0.7446236448481074 0.44720986482741826 
0.5970482303314335 0.6448754451828317 
0.687721506253761 0.528922678140439 
0.7524127571061326 0.4354880443336909 
0.15766572689922032 0.9763023078704705 
0.515553360062097 0.7354181354074922 
0.7444375022758601 0.4537421563873383 
0.9664099732200839 0.06818132790913349 
0.8088641306250122 0.36069955895966505 
0.7697792558974743 0.4096249356052369 
0.640223997018841 0.5918620900423488 
0.24579541289124401 0.9408446179728326 
0.846145754018902 0.2876419982288801 
0.998145626169388 0.009391446268226713 
0.03896455683861999 0.9993840731787941 
