1.0229479003055905E-14 1.000543183533115 
0.999278582039481 0.003067345808991874 
0.3904531682769152 0.8483493074580459 
0.5570786769151479 0.6907342836077722 
0.6568672152138493 0.5698136298130244 
0.33668169001662274 0.8871733948862789 
0.1476299800501139 0.9789871412804982 
0.10654062158997221 0.9891320778887216 
0.41625898563746644 0.8277139045870867 
0.9458828622255727 0.10703937044432 
0.7766048739254345 0.39810708955568136 
0.5429488758821052 0.7059760129611704 
0.41888300781268906 0.825505157887051 
0.9846578975683138 0.03216120349952903 
0.5271721091216487 0.7231521049172052 
0.3518348931567399 0.8770678985468291 
0.571056766871129 0.6750481887994817 
0.9979297374602518 0.005651860590100144 
0.7377737868187081 0.4569555430131394 
0.25465746330010985 0.9358897805922898 
0.4414866529021486 0.8063048649517975 
0.592274329003506 0.6501788902725023 
0.9360720802568017 0.12511380843311387 
0.8260940100024271 0.32873621855790847 
0.08983417370217589 0.9929295520411866 
0.762623452226357 0.41995438026221593 
0.6728867660613599 0.5485614594509373 
0.9664270196416902 0.06740931167098432 
0.6474353853472644 0.581824085992199 
0.802308123115353 0.35768336761995934 
0.17839036041784162 0.9692360673800187 
0.058140125135356824 0.9974220958082571 
0.6983711724455679 0.5133585390664014 
0.8099226663024207 0.34549109290266816 
0.8940647524437212 0.20171355444855693 
0.4933313901505063 0.7572017449244439 
0.32083329874793554 0.8976377474527636 
0.7126226300524109 0.4932657067384035 
0.9010131181704826 0.189470211043537 
0.7467535524199823 0.4438002725278169 
0.9543938526883935 0.0943863687384822 
0.8660968537931941 0.2511837646879071 
0.469695467342662 0.780259342352164 
0.5102668884769945 0.7426828882455789 
0.6110949201402929 0.6277263488436696 
0.794881893163648 0.36961619710967925 
0.19626673652486284 0.9620843737227337 
0.5120265290942285 0.7386854250258399 
0.07155406016933913 0.995678497505104 
0.7266455425465478 0.47301917344175415 
0.36324859830042294 0.868734934959039 
0.8732660606322398 0.23970522339549552 
0.6872757311963276 0.5331553015234324 
0.8791158705881889 0.22831664766724868 
0.7880111416296692 0.379935404499478 
0.9188039055818906 0.1573046556868361 
0.7144339832375577 0.49097138800528334 
0.2249918564539975 0.9547532430061975 
0.47283345074013466 0.7771156133763167 
0.832832960112319 0.3075644433535945 
0.4523225879959547 0.7962218347025821 
0.6208199595102349 0.6186165460662627 
0.4890951282069601 0.7616891058835109 
0.90770054348266 0.17705454390362413 
0.5400535550245826 0.7212320311298263 
0.8169844199496448 0.333501623443459 
0.9743031647861341 0.05187293185469681 
0.8564668998839587 0.267747287576246 
0.036162901626251964 0.9993103754295146 
0.9252233015737024 0.14586019132036823 
0.8388633170951573 0.29768347828558206 
0.38068944095530705 0.8558624061601272 
0.5785341122881197 0.6660105568688107 
0.9128197604842011 0.16828327863913706 
0.6317797404837222 0.6015644402508125 
0.3726880827472252 0.861793650625189 
0.20485366317883974 0.9591888815126082 
0.6740763787691912 0.5466226367430196 
0.3133314564226814 0.9025163066236747 
0.7846062298621436 0.39418818884865875 
0.011807323455098606 1.0003348733701953 
0.6027396868409574 0.6376998392000613 
0.29968253689123114 0.9113641822138054 
0.6274195489078938 0.6106087127571184 
0.7290600053704694 0.46946836997378394 
0.6890353718135617 0.5260497337116142 
0.1664084456334997 0.972962645012925 
0.8591421277635013 0.2629710075420282 
0.8474269773795428 0.28329503545012846 
0.24106847373211365 0.9429132932004386 
0.02847046824620847 0.9997366186385531 
0.14769233110023727 0.9787591218851277 
0.2214357152898109 0.9573757025801541 
0.27512713810617806 0.9265867967701102 
0.8870915201653813 0.21434738847747914 
0.9775857934399657 0.045918355989107956 
0.24106847373211365 0.9429132932004386 
0.8468018735870106 0.28415248737992455 
0.598152250394791 0.6435788946445341 
0.9587936234604129 0.08224046621831914 
