2.9850462643442835E-11 1.000779653788917 
0.9998894742147164 0.001853256742587667 
0.5434140156472881 0.7060131966323533 
0.695489061591602 0.5175353426327401 
0.4957763938447046 0.7551391406755995 
0.8085383367297276 0.3483246742568715 
0.36590959184937244 0.8677722892476948 
0.7435678262276986 0.4483302430215929 
0.7934566651368256 0.37291286808082474 
0.6559378766843441 0.571706620732634 
0.10434394876554395 0.9898024015149234 
0.520473897671501 0.7306684437776294 
0.897725353784584 0.1963123000352887 
0.4534827959521786 0.7951978126745985 
0.908016348553475 0.1780703937598736 
0.482327729988624 0.7702845272777631 
0.9651694203266721 0.07024697927930763 
0.6142902850116208 0.624196889683592 
0.9196652858072392 0.15573557686654907 
0.23918712949639637 0.944105016692987 
0.6039040266883282 0.6373580996939864 
0.8367989028087437 0.30435928541630597 
0.930454867507235 0.1361967183266322 
0.957960720383696 0.08505813035553567 
0.4283442554605452 0.8226503901480343 
0.3418418228625867 0.884202263364195 
0.8437056199397942 0.2905872289329675 
0.828329508123943 0.31864649250829663 
0.7235305915711846 0.47838510966917486 
0.7115236702839183 0.4957765640029757 
0.9734045034811112 0.05462981357550788 
0.5146722846721917 0.7417077808080288 
0.2570925778977296 0.9355765789819073 
0.9506036059205237 0.09843625056929871 
0.2274749150771069 0.9506759858706119 
0.594594037495085 0.6480771601043339 
0.7363992540222949 0.4688845645479816 
0.991104932120167 0.01925174075745133 
0.8898644344121291 0.20981716785201607 
0.07864265444574997 0.9947055386950672 
0.7090003973883736 0.504528891861141 
0.37612583288447876 0.8597074195787687 
0.4372579043798914 0.8096319868118734 
0.31359818385769206 0.9027310343178685 
0.8730186538428288 0.24023544670588126 
0.7705025962506657 0.4082635880929415 
0.12196857328878868 0.9860835464855122 
0.18828239146452908 0.9655574162810169 
0.47122065153376713 0.7792048743119616 
0.7563184690609933 0.4305111326734876 
0.9144937598143645 0.16525466682271936 
0.21053567642633006 0.9568412617408631 
0.4140178100165223 0.8343905039868524 
0.3186434309646461 0.9000924285341311 
0.5570199172377884 0.6907915729240779 
0.6688216748881886 0.5543178603448767 
0.8672699562655986 0.25027884602620804 
0.05539860259376085 0.9982570129395805 
0.7637171435982567 0.4185805291476303 
0.336283994436941 0.8926778242403726 
0.8164015207888531 0.33593748942477464 
0.4458991718133474 0.8030926396098729 
0.015473256041343642 1.0006531922422282 
0.8807641834195763 0.22704306756381823 
0.1457376301141554 0.9798096752115019 
0.16740334474168417 0.9729917657270488 
0.5597432787317914 0.6896236740449971 
0.5718682012186148 0.675342540541864 
0.944334848431304 0.11107379512187004 
0.2652347856894015 0.9304267631882055 
0.8205929447443308 0.32939916218801846 
0.1624747819081066 0.9747127901598076 
0.1852196667857604 0.9669969087740528 
0.03747037777593157 0.9996495584289927 
0.5913119788275432 0.6719303010026975 
0.6796087626397267 0.5395958724976695 
0.593865897122054 0.666534300385504 
0.6332732764031067 0.6007422491990854 
0.6454304461237745 0.5853607597178472 
0.8840764756358412 0.2208049288699093 
0.41448024280455376 0.8295756457796626 
0.935188377045644 0.12828610127687348 
0.6364585884840457 0.5963223398083343 
0.284998885170497 0.9197934164919103 
0.2968583243452785 0.9151226976722985 
0.3963324968641677 0.8442097856181776 
0.6796087626397267 0.5395958724976695 
0.8514695262837264 0.2772311786165847 
0.21203159410125716 0.9562547437824539 
0.6237911820249611 0.6119833217132676 
0.03020801401557488 1.0003243200213232 
0.573479309359593 0.6733796734465938 
0.27874612170708146 0.9273633979448758 
0.9863796666420501 0.0290653304371757 
0.7285341207639864 0.471785109054967 
0.8564482437070314 0.2739570850166157 
0.7859492649319785 0.38409750977573986 
0.979867898882097 0.042370819482398445 
0.2968583243452785 0.9151226976722985 
0.13424248090095742 0.9832523416523996 
