0.9998033338862893 0.0020314295327643612 
3.723437978496354E-14 1.0008320260750894 
0.5612946119843121 0.6862315013982251 
0.5978558684321758 0.6439819268756817 
0.3036942670189457 0.9098574063527985 
0.1450619123966125 0.9796103322470385 
0.6156256871129592 0.6225754929749785 
0.340027242824107 0.8854430600482966 
0.983162831945779 0.0360798259919572 
0.6906637938836976 0.5250033267968603 
0.5807745903404508 0.6644013315827831 
0.9756160041187973 0.04965136947261286 
0.271107149440649 0.9275237616787347 
0.31941396942959976 0.898763432740809 
0.08354731125467019 0.9937751808659674 
0.7295495723985778 0.4699015371178786 
0.7196284479117606 0.48792643172530115 
0.6761673461933454 0.5454381765357134 
0.2600276955276558 0.9338012765181609 
0.8635296030266177 0.2556962404945195 
0.1160841860349465 0.9876051840622618 
0.18775646658798478 0.9659507185564283 
0.8750989637384652 0.24370105348833113 
0.9577594650727144 0.09258230574778159 
0.4305315052801395 0.8155696979048145 
0.762878427209247 0.41895345725156147 
0.8555766527103432 0.2693621099365183 
0.7547609725398841 0.43219663070959274 
0.45209443388394693 0.7967006159140914 
0.24049988351417556 0.9433940599387298 
0.6981508410090937 0.5139898276392979 
0.8050302981181703 0.3533081984451196 
0.52301994396404 0.729016442531808 
0.7798165787951797 0.3935006866066423 
0.9063339553128359 0.18041458064623023 
0.737309075041113 0.45809421070483686 
0.02964124152421929 1.0002939288290262 
0.8374701875542635 0.2998413297160268 
0.48378375333774276 0.7674500426246279 
0.11307425385471526 0.9928081146229162 
0.6458584081619173 0.5845564614571754 
0.6601338501552685 0.5667987999912313 
0.9939744275130837 0.014458186193543596 
0.5892238699850243 0.6612965327300977 
0.6710768806068511 0.5525107204510604 
0.9198792348018316 0.15550187478554597 
0.40605112334160415 0.8365364372101399 
0.06851478552364829 0.9964588470420866 
0.6234319976156149 0.612606304006763 
0.49572288503375045 0.7560760007727367 
0.893478579602538 0.20418951653030365 
0.16392376630423622 0.9741475861016405 
0.8828907917754355 0.22226209751459916 
0.9655889705887781 0.07075435193637092 
0.6373944154738004 0.5946001252382566 
0.7883434049250103 0.3800352656133371 
0.5424659688521246 0.7068617122749324 
0.4236969688426805 0.8214555367175366 
0.6593375838657984 0.578477548004209 
0.6311544654742239 0.602798591254704 
0.9349720660111913 0.12760204999490443 
0.8156405203342852 0.336711958620558 
0.500700143906895 0.7504995648459672 
0.9002806675831908 0.1991743602136215 
0.3707653774200597 0.8639044342108113 
0.3883644863417042 0.8502455571887998 
0.19711570147030183 0.9625520821475989 
0.3551369336571198 0.8752219287782091 
0.3883644863417042 0.8502455571887998 
0.3735462874241756 0.8620441983355791 
0.46203279501012867 0.7881693799909358 
0.7092375280467552 0.502009378702509 
0.4120497469204698 0.8310243155230176 
0.9632954848347536 0.07426153506556066 
0.5496828461002734 0.6990684611235866 
0.8449228852872528 0.2875826604809866 
0.8270699702467674 0.324459444453759 
0.9287310884098259 0.13992872065383744 
0.3096419799090471 0.9053792023333426 
0.00760945597778015 1.0007691534756133 
0.051740710017976865 0.998173470494659 
0.20842547721237237 0.957679938450863 
0.9464176470228974 0.10614029454944485 
0.8312035873344593 0.31268610985878975 
0.8793073106936198 0.2288369330202153 
0.7102395539613636 0.497817970620651 
0.9257478388107083 0.14554491959730692 
0.21518556596747462 0.9547109143888978 
0.1628146566910969 0.9744464935945675 
0.7928570397812285 0.37368087340993716 
0.5119435154052259 0.7389535124388191 
0.044919475522693375 0.9991859099403242 
0.22614770132836232 0.9510563036642153 
0.7723939320941726 0.40757937962729257 
0.9127233027343068 0.16884386422575598 
0.35260331891550367 0.8765800379099357 
0.7465028799040613 0.44448959235007873 
0.46799172544770407 0.7830650524554813 
0.7453707306176905 0.446108822433608 
0.5105883564822314 0.7408184646732009 
