0.9998039872044445 0.0017628548980848258 
1.1982510976102165E-9 1.001275159656298 
0.7086288102047408 0.499433373486074 
0.8616617664184235 0.25853918754081634 
0.6842737888839032 0.5329584239813396 
0.06890540189401603 0.9962285591615356 
0.6309655505166732 0.6033882478061052 
0.8485556451381576 0.2872484540654672 
0.10050050786912451 0.9909102034753426 
0.6092452174408561 0.6300666984114489 
0.3697689045967196 0.8642418593659473 
0.5205925354427423 0.7298870197872661 
0.9409697897814049 0.12028761414248221 
0.29662831895896663 0.9127854180917467 
0.9175663245451718 0.1639744150943914 
0.6146483238520941 0.6233780990320895 
0.8712965005202628 0.2433204670701322 
0.355817069440902 0.8742996807321445 
0.9715899889725814 0.0577257494622223 
0.31636972861573864 0.9008635932591671 
0.7247475511386203 0.4759756180593194 
0.4116153691957659 0.8318587502352026 
0.3426209318158746 0.8840525611453319 
0.2674255767737445 0.9296598033094465 
0.5458230415097476 0.7030668291315119 
0.15112781238191578 0.9783152517868205 
0.9013222799265781 0.1970013806622649 
0.6529033821871856 0.5747329789441176 
0.7951400556021024 0.3694663697956547 
0.9461501186942608 0.10681792658986626 
0.49319781182522443 0.7576267317115515 
0.7164888663235103 0.48777355614615525 
0.38815982796211373 0.8505853820876902 
0.5892861507652598 0.6541578109992777 
0.6724966268161866 0.5487564284308444 
0.40001566586308696 0.8408762563150175 
0.4449829792425839 0.8037553268310541 
0.8183950164409046 0.33134882661343085 
0.7722107399153266 0.4123424927301278 
0.7810904517090305 0.3911928427159539 
0.8079056439535754 0.3517926437983631 
0.5370593185848875 0.7122059243101498 
0.510080247885965 0.74122174089719 
0.9272842724040616 0.14186843297125673 
0.7908617109134908 0.37601474051587064 
0.21600019505261533 0.9539891882602612 
0.46741670648002387 0.7824118097227128 
0.5892861507652598 0.6541578109992777 
0.561621184366531 0.6856472006359684 
0.046007742162134435 0.9987458618416175 
0.8398341047034356 0.295857986740696 
0.5030015892179637 0.7482729979004096 
0.9051081947740888 0.18242976322398077 
0.7625085206835993 0.42018391346175227 
0.23546790307839033 0.9456874525880061 
0.4532461660380186 0.796030561813051 
0.9272842724040616 0.14186843297125673 
0.8087728998421425 0.3468893618329386 
0.9131163769527268 0.17613951212839923 
0.576641280458738 0.6687022090112429 
0.6622453827835266 0.5629371949228547 
0.2040786952167407 0.95946399126612 
0.17121550569608063 0.9716694630250837 
0.17399137813107726 0.9706192197351455 
0.9886584273517267 0.024007928922734588 
0.8381958988104916 0.310375444661735 
0.7768523798805157 0.39823608314591064 
0.13802529746216258 0.9816370888999679 
0.4250575222253559 0.8200834015042774 
0.8285341368089977 0.3146593625739979 
0.3294937928033068 0.8924321134135489 
0.7540243036810677 0.4327782066833863 
0.19344473331645812 0.9633541473663984 
0.561971028562559 0.6854456184074035 
0.5748444472218632 0.6709571491521441 
0.22892640069114017 0.9489114447534531 
0.6818540463899005 0.5363742347495618 
0.7355285350988952 0.46044866274895246 
0.6440852372090795 0.5862907850135658 
0.9844537534158044 0.03855113747517579 
0.12779565148656014 0.9845705264842805 
0.8897191920876293 0.20989188881411228 
0.4829480305905689 0.7678883814254823 
0.8847480136158028 0.21837710790151374 
0.2838203691106127 0.9210390102229159 
0.2515083798699964 0.9374732185149834 
0.0016763234595818521 1.0006508349619831 
0.28034513588005505 0.922144616457528 
0.4829480305905689 0.7678883814254823 
0.9615561760223097 0.07653538650464758 
0.8794781121709991 0.22867314301201377 
0.6663769531487663 0.557518545785157 
0.0244619604803921 1.0004603000904808 
0.7453456843264326 0.4461236801884612 
0.25048141248043604 0.9382041763720868 
0.9814604649466868 0.04948899893701113 
0.9536326385165992 0.09176369884943843 
0.7444172000264855 0.44743626424764976 
0.46097947718194965 0.7884301362455421 
0.9557388523918785 0.08796878747745898 
