0.39086199216668455
0.347156377227693
0.390358981782182
0.4692185090441353
0.371142296663998
0.365259685228188
0.31765750435833834
0.322452245025015
0.40484661142200634
0.3943609968555794
0.41422387519686177
0.43121327400180026
0.39512460721449505
0.3328582802953854
0.3597858019523193
0.37191500652281273
0.3787670630807146
0.34332642614383463
0.3749023939662686
0.3920191565348395
0.34481959369917026
0.3775331335878535
0.3845481285717757
0.33624432487639694
0.43429927387835315
0.38141983188171813
0.36684302285020676
0.36445338907967617
0.34476468241887337
0.3462890934614053
