0.010711716897022994
0.012104464668207263
0.013769090525487138
0.021801762986450368
0.012091154983791874
0.01469867401771996
0.014484864386860696
0.013004964150115539
0.014007477284114306
0.011566471224453256
0.014322296283943936
0.012250369631725988
0.01254003477927823
0.018669936834682967
0.013876004180086055
0.013805112337470171
0.018059450733182825
0.012663831328223574
0.015960151922287058
0.01504753262906855
0.01529464036825956
0.015358652583398635
0.01094349991324417
0.01354061362176634
0.010652423776844944
0.015759954280106153
0.012423866828541574
0.01364337779782221
0.012981821041330388
0.012236363172322434
