0.9998825273394961 6.124014808462791E-4 
0.9998825273394961 6.124014808462791E-4 
5.65603119895286E-13 1.0012875728268458 
5.65603119895286E-13 1.0012875728268458 
0.33145806002183154 0.4252277206557839 
0.013607411945337699 0.8844066623428416 
0.30639290076742554 0.44778143201644566 
0.9356825343267711 0.033642538006694006 
0.7592763087425012 0.12965416200039198 
0.5659064632103145 0.24834481178567833 
0.19879555530571064 0.5567223673137102 
0.12249608226186182 0.6537034489713824 
0.3851187567847176 0.3806086513484434 
0.8880910546521921 0.058374177675845046 
0.02483315649038567 0.8439434401831014 
0.6469064538205498 0.1972270338979252 
0.03466810408817761 0.8208021651345754 
0.22437212459613246 0.5294682251582625 
0.7398421821143804 0.1408992035179456 
0.24575018351060612 0.5063146050746544 
0.23843145463804832 0.51364935751334 
0.2606990153258817 0.4907802418179995 
0.8468154772945824 0.0808217370224966 
0.5928080253646733 0.23101960242086242 
0.5152864055241483 0.2829297331892608 
0.002388044072367791 0.9530974992615161 
0.4227878379664821 0.35612759117157694 
0.46992950299941616 0.3159003282737383 
0.05472079143402958 0.7673864315637053 
0.3522716882536231 0.4077316344505743 
0.2759000126618669 0.4760277601997102 
0.5260723798035448 0.27533214197547573 
0.098257960477451 0.688249128128583 
0.043427391840048235 0.7927791801391988 
0.9714003490843233 0.016002142555238002 
0.03710125360677052 0.8087012829016436 
0.048072402011088644 0.7822945141853191 
0.6260428116905974 0.20978558624216856 
0.7777119641017051 0.11912555459991031 
0.21418747629490326 0.5401207048789983 
0.2888949718055505 0.46475254130910165 
0.5383965825460861 0.2672738113507536 
0.005134994306829791 0.9305754231006895 
0.3744330971597757 0.38928100876578314 
0.40630372652716473 0.3696335354717276 
0.4907493902577521 0.3029302513803737 
0.29416028520119203 0.45829467505144295 
0.02483315649038567 0.8439434401831014 
0.48064725843898826 0.3081891039672572 
3.6962273210059543E-4 0.9828075030946849 
0.09234888351785236 0.7000908795195335 
0.8655559396309291 0.07057401414794019 
0.1067849130863942 0.677092803471596 
0.13803549353831285 0.6299444327174777 
0.8989217815552953 0.05303524513415908 
0.0012981387371680392 0.9692524826984175 
0.8184962590601224 0.09588527296305054 
0.9606362022467783 0.02157649865323651 
0.8130555104047434 0.09889229075562947 
0.8655559396309291 0.07057401414794019 
0.08623348484512511 0.709274597863742 
0.26793404490720807 0.48439160012205384 
0.7147732644942028 0.15587986183964 
0.061407174149725074 0.7542016581395173 
0.6977146447467842 0.1656294975378508 
0.7989854356799857 0.10683584903525672 
0.8475441082264228 0.08063448166043835 
0.6563943991835137 0.19087944880353525 
0.6091650834311404 0.22060173036955757 
0.07240445677830931 0.7322223002605138 
0.40630372652716473 0.3696335354717276 
0.4563150209826395 0.32584368525501267 
0.15998414777798292 0.6017717032021676 
0.11624349064890123 0.67364534579547 
0.7055631254188615 0.16096406491021695 
0.4563150209826395 0.32584368525501267 
0.13803549353831285 0.6299444327174777 
0.7947089272305636 0.10981919268521965 
0.6241979955055419 0.2108283636832761 
0.11681741178145383 0.6603083295137819 
0.43908911772044407 0.33898879835764884 
0.14627946281811272 0.6190768630855702 
0.724579545335522 0.15007041596362544 
0.6640711037967449 0.18616972920804303 
0.610002660847789 0.22010193919284857 
0.14627946281811272 0.6190768630855702 
0.7305908247618276 0.14648373041873608 
0.007200213630302557 0.91678661001741 
0.5477045689527116 0.2613210317927849 
0.43908911772044407 0.33898879835764884 
0.15998414777798292 0.6017717032021676 
0.9090344288534733 0.04750048733366157 
0.5021501877327442 0.29508253208262064 
0.687127349228794 0.1719764060657536 
0.5825236619375211 0.2377882600653731 
0.9959313192526462 0.002683316847793091 
0.353747846684189 0.40656411464012704 
0.9149320745566183 0.04506117508435835 
0.187394757586005 0.5683585445307386 
0.18447137432707467 0.5719625268759143 
