6.752493825687433E-7 1.0006182128060288 
0.9999727943373826 7.6833624611197E-4 
6.752493825687433E-7 1.0006182128060288 
0.15895466402830716 0.6026143406208653 
0.1739306162547667 0.5843728110347525 
0.005900484231670722 0.924549935447829 
0.09806691452912691 0.6900601210966832 
0.3975547567989496 0.3726602032878946 
0.9135470969400774 0.04538354798088367 
0.4718371115538846 0.31372408166216065 
0.7837508217727703 0.11581127806348238 
0.6189523633367782 0.2146126308153708 
0.13916294815597663 0.6283870666815982 
0.29826753336023504 0.45505419097096267 
0.05681820159322895 0.7628585660886864 
0.7046426191166029 0.1617959689233362 
0.03768371837396245 0.8071507677745271 
0.41118130994486385 0.35985088393436876 
0.8762790231273647 0.06477332885543131 
0.10709942180076154 0.6747951158670903 
0.3789712049849692 0.38547554847913273 
0.6743607427732822 0.1796533488058241 
0.6557169854107888 0.19139581071712783 
0.3260066959580844 0.4303489444814647 
0.45239037438927854 0.3284429135078272 
0.9711672806204998 0.015526204639827497 
0.010245274202066876 0.9001684862056476 
0.5243014788591553 0.27679645945618836 
0.06473764278190221 0.7466861556650193 
0.2522290798143306 0.4997331231011775 
0.20278057439799466 0.5513410707734276 
0.26295693920659247 0.4885341260224397 
0.7203251466459794 0.15230905265147685 
0.21572717384940804 0.5372149881932214 
0.2316082001019532 0.5198290698519001 
0.5157534860071629 0.2826790993107937 
0.8082929727292734 0.10199344872869479 
0.7953678262564348 0.10926820604805149 
0.8239892251324888 0.09332013350479057 
0.4233848807637727 0.35037653964235754 
0.33734597925232074 0.4207236863746701 
0.04585038650541012 0.7885114468619533 
0.04881369463984764 0.7813115801844465 
0.08443255204920219 0.7110032586525288 
0.07137532676914021 0.7349120476256246 
0.34625152134260934 0.4130291583613611 
0.7307651533882717 0.14659512655440146 
0.37110919184806246 0.3934007984275888 
0.07773851608709335 0.723179706174679 
0.6509026141058161 0.2028678657786506 
0.5987936566204836 0.22755840914477823 
0.11599894205701933 0.6607764373414713 
0.44576430287584773 0.3335163909777758 
0.8453494406294406 0.08160746660655441 
0.5549677426502958 0.256008631628318 
0.5437614336161184 0.26810086254118903 
0.026772442735002816 0.8375676378465917 
0.1920194292635416 0.5627715388647367 
0.018754113786678073 0.8660041689043095 
0.891084591970727 0.05693369307273009 
0.8600760480186812 0.0735008889717431 
0.2854548740072337 0.4669498194156171 
0.7485748608029383 0.13577669661291147 
0.023329893203301463 0.8484132467043887 
0.1271232608582632 0.6604827002115512 
0.18630040998113934 0.5698049161558141 
0.24023242425815133 0.511104360304111 
4.3218256599966524E-4 0.9808890252925515 
0.7427636937383623 0.1394062938462672 
0.017100812128247822 0.8882722157075276 
8.709064206808004E-4 0.972813120640644 
0.002470615726287706 0.9516938094717102 
0.21219693340782486 0.5410331718209894 
0.5011229208439119 0.2934019721432577 
0.3119469569600571 0.44236181707872385 
0.5703029742131106 0.2459775498072788 
0.9861367242773309 0.0075759933672557775 
0.891084591970727 0.05693369307273009 
0.4862017587882548 0.3037467162121801 
0.31213210215216397 0.4421577277801412 
0.5710110210007762 0.2453695490858482 
0.6889135742630862 0.17105512777891402 
0.356824710370368 0.40378564395769334 
0.6306164353111609 0.20703496736899316 
0.35981095467666113 0.40149972583459265 
0.6347897402905202 0.20541058597807185 
0.8207000389513552 0.09507679506227125 
0.4845427628866651 0.3059015993099277 
0.9314021228278104 0.03584837210966206 
0.4996035716307572 0.2946240250740179 
0.586918874871756 0.23662731532345063 
0.4332639731437122 0.3434227298700719 
0.03168487276325471 0.8236006820788859 
0.6850177936484664 0.17364324846393872 
0.956658222004839 0.02283194299907312 
0.002176848007193276 0.9546139615856778 
0.8600079136643238 0.078700813803846 
0.28258176416291675 0.4695177816367115 
0.12815711646480882 0.6432902166429495 
0.019840920363300794 0.8605205035727508 
