0.9998180382450688 6.057358873066039E-4 
5.863116375101607E-9 1.0013438895942615 
0.9762605695212254 0.013138466989627071 
0.34237206128661735 0.4160574577074801 
0.3235045012165077 0.43284111395748176 
0.1611643984036475 0.6000373452412524 
0.17709722945862605 0.58073869716708 
0.7418879743477714 0.14075116973652033 
0.20548648625440963 0.5482315584250166 
0.6596069709848424 0.1896786249560251 
0.803303531825503 0.10477167040294778 
0.0556615404492167 0.7664720873186844 
0.8324079861265634 0.08847300127523632 
0.6840240180638502 0.17440810006491128 
0.4852177995410223 0.30451587681031317 
0.583280929198247 0.23769152304889815 
0.43405053199005306 0.3433041308137455 
0.6320786645527235 0.20589190143559127 
0.3125347074334285 0.4452403554388743 
0.048548527846702175 0.7820275729533874 
0.7035786264799968 0.16210749419676215 
0.6498010994854453 0.19575872500841446 
0.08244851124522073 0.7140479788721007 
0.7810527653610322 0.11750003205975933 
0.002390092203970212 0.9538852719700363 
0.300782388980714 0.4571498686690574 
0.8569333430570043 0.07515534633158814 
0.13946787011821477 0.6283112298474357 
0.5505618674090178 0.2591442465475054 
0.4086061303375708 0.36249346029187585 
0.0739481881591475 0.7305370813159753 
0.02245737400714458 0.8516699348074979 
0.02918934448026228 0.836850466314595 
0.19260158958904466 0.5630467450355205 
0.13264387405051647 0.6416046902053028 
0.8896453349048623 0.058344467015336555 
0.10913111837765535 0.6712808024312125 
0.37483968035032345 0.3891925828118958 
0.23269373522591102 0.5208033782677862 
0.1166617325227371 0.6598727930466702 
0.26574338951110743 0.487171320722803 
0.06430485054857343 0.7480620843239723 
0.6042217116955889 0.22371826229363767 
0.5389411333918248 0.2667686711113491 
0.1018976001498646 0.6820193906118253 
0.12972106843056758 0.6559029914298595 
0.8165412432304473 0.09807270351741117 
2.9266288377471916E-4 0.9845380980765335 
0.18775213191844614 0.5686137802810566 
0.09545191814761363 0.6923243480684258 
0.7172751353407263 0.1540361759871923 
0.45117616870265165 0.33016122045137414 
0.39704434850984444 0.3712770543427591 
0.6900180690044717 0.17065737991084937 
0.9023132098491432 0.05130264774106445 
0.47012688756344134 0.31661807048715684 
0.45117616870265165 0.33016122045137414 
0.2412163979456559 0.5106193765606841 
0.6199262768191944 0.21353168217216695 
0.1513648782644832 0.613391631260195 
0.008978399510817303 0.9068210300758534 
0.2211591736648742 0.5347953421986028 
0.005021034644667216 0.9318031194142371 
0.9417755706949894 0.03339978230312658 
0.2779242659724041 0.47409760751982344 
0.01954543072100126 0.8656795899485683 
0.47012688756344134 0.31661807048715684 
0.3942869451146205 0.3802075213111263 
0.8718693745347113 0.06803986514808688 
0.5249280982934472 0.27634989348503 
0.5751094707821762 0.24306834171530892 
0.9099168279292842 0.04716649327278533 
0.8784580049793447 0.06459611615765742 
0.7172751353407263 0.1540361759871923 
0.14907664302017096 0.6182352086900699 
0.5627796019555981 0.2512665380265747 
0.419327987836966 0.3546161356657113 
0.35665962539341256 0.4043842975718029 
0.9550543478619937 0.02376258466342639 
0.42347172693004353 0.35081248643418017 
0.03332968123071178 0.8243163629137413 
0.7636924762812247 0.12749053812520636 
0.753580914795297 0.1334768211426838 
0.8251670354292027 0.0929497646499973 
0.6135409808290766 0.21784955141301493 
0.27232563316060604 0.4809376914234948 
0.5104470538511667 0.28649783398926404 
0.36139868790672414 0.4005632463686637 
0.2211591736648742 0.5347953421986028 
0.014893815919184206 0.8835972278407651 
0.3748144862456769 0.3970330329619228 
0.5132302065612327 0.28435369117341397 
0.03583596710788095 0.8118820025945462 
0.2540521855244036 0.49837824890020443 
0.2540521855244036 0.49837824890020443 
0.924289200897001 0.03990111472036789 
0.007519965953476926 0.9152259615269287 
0.04209955831325443 0.7970301697712626 
0.5298848176136813 0.2733017410925836 
0.290076653715423 0.46309789520121736 
