0.9996785110037414 7.494046736788515E-4 
1.0402514914634171E-9 1.0017187445031477 
0.9996785110037414 7.494046736788515E-4 
0.3334608407195907 0.4246132939932432 
0.09559720970171548 0.692398171533074 
0.36219002256364374 0.3990670723988381 
0.625249693904678 0.21029724457598029 
0.011198846083291525 0.8957021098013339 
0.1056350687098982 0.6775413636212981 
0.9264549854195471 0.03823192574379267 
0.40169735319776323 0.3746903965155281 
0.5897426279536291 0.23328893866382544 
0.2910994875788005 0.4619923956409495 
0.2597153046317645 0.4944719071632641 
0.3082835136566055 0.4457495228443109 
0.17783778460877542 0.5794062328273638 
0.5728695940063855 0.24433325140448722 
0.0015561727916451606 0.9644033472477761 
0.4359928836902477 0.3409606996538542 
0.8723604190603411 0.06754907125863406 
0.7612855076177889 0.1286035946016967 
0.07817504556265363 0.7221649310779966 
0.8919800118219905 0.0563624570675285 
0.5094343169300554 0.28751769429423535 
0.8594606348669436 0.07384019243486907 
0.1622399376537933 0.598377170981666 
0.11858363516961551 0.6567488945499244 
0.19731135742180506 0.5569070821091547 
0.02877169389371803 0.8315335057177167 
0.4602845970802376 0.32266599698324744 
0.942058741675753 0.030955012615681007 
0.7756363722556345 0.12020508445804583 
0.2825736328590627 0.4810766060304953 
0.24859469135176585 0.5025363502565399 
0.02492707009373006 0.8601924044580518 
0.004287342951913006 0.9362910449148597 
0.2272094295922002 0.5244949600398827 
0.7247550561070318 0.1498047816923918 
0.001008397697897928 0.9852815266395715 
0.005890373615440703 0.9256682091675555 
0.6542240736957696 0.19206355179478724 
0.9749109990049615 0.013430237296536333 
0.4897711078798358 0.3011662515357606 
0.15112451228597337 0.6129728717282095 
0.37035507310911986 0.3925328123794154 
0.47639337461034914 0.3108050078750864 
0.20804266391065446 0.5451674388536236 
0.7872866944200323 0.11320312883845698 
0.5580174748355435 0.25402432279453224 
0.6869586914599661 0.17245962895696723 
0.060752756808385544 0.7554229580906695 
0.07177711113381649 0.7513705484015777 
0.14193940389740467 0.6255657927157966 
0.4227670243099273 0.35041226677252924 
0.9624071422898868 0.019725272993346036 
0.9538645688972085 0.024114588115467902 
0.137253361895085 0.632337219723506 
0.5216008837224301 0.278953151407134 
0.8422093462952833 0.08323211067299927 
0.6071504498346245 0.22169718517435 
0.7200890707026518 0.15274006538589885 
0.07203307628649619 0.7328637250434732 
0.7446954364049498 0.13798765720526382 
0.9030306805414521 0.050532058271953534 
0.12840476775939785 0.6429377276171823 
0.6071504498346245 0.22169718517435 
0.052911267005304186 0.7711606787402281 
0.7446954364049498 0.13798765720526382 
0.3903292071869928 0.3760377474077612 
0.2849047452039273 0.4787862389826835 
0.7062296444881899 0.16089107263672894 
0.4227670243099273 0.35041226677252924 
0.21898918218647973 0.5339033555590765 
0.5356985437250967 0.2691208490626479 
0.46491695132327504 0.3190193481272507 
0.04566255547895812 0.7877234656826941 
0.01567960886467329 0.8758215249179457 
0.6447173871876293 0.1984425762532034 
0.16149165536025112 0.608865726893955 
0.7062296444881899 0.16089107263672894 
0.9870568572739276 0.007286914050744325 
0.6683860427377338 0.18472748515802262 
0.8199379855402547 0.09666971777578935 
0.3204680858277366 0.4351498350711267 
0.55153200171271 0.2597174455448311 
0.03516044139778263 0.8142245000407162 
0.6683860427377338 0.18472748515802262 
0.03275384297890441 0.8236492509249452 
0.05457290151543154 0.7680648039084165 
0.8279399542262637 0.09126860419248745 
0.9030306805414521 0.050532058271953534 
0.019411366787273232 0.8622422544586175 
0.31988032491902374 0.43566901535226743 
0.43140720975564617 0.34424259553988834 
0.21458664390319587 0.5390331839739143 
0.2381399551017943 0.5132269620616428 
0.2381399551017943 0.5132269620616428 
0.6447173871876293 0.1984425762532034 
0.18720908291270622 0.5688640226445506 
0.8002508373455883 0.10625568130587489 
