0.9999976666479728 4.3770308618651366E-4 
1.368974378301857E-13 1.0015698008322076 
0.1189484952855646 0.6572099689785937 
0.31216499976816836 0.44250505558967446 
0.34111585859986326 0.4205469275841844 
0.03407032172986546 0.8171602274607104 
0.780451109692532 0.11743326613648412 
0.981451697173576 0.01177926895285293 
0.5985607578706125 0.2273788795595397 
0.951328595776578 0.025339256477922713 
0.10219493899415216 0.6846065553456004 
0.04517350999185914 0.7886056258531865 
0.6685949673717515 0.18338917644144218 
0.8275434646070062 0.09205873846660113 
0.23555367744723418 0.5165465375232485 
0.023535769799069073 0.8508683281994411 
0.2919014137287851 0.4623083314521129 
0.8060993925452735 0.10309920647810256 
0.4140179487436236 0.35963203666431093 
0.07098551449714799 0.7354967534513582 
0.2205671812446578 0.5324403800412525 
0.8561505989491687 0.07944493302574379 
0.2742073816224391 0.47760303420253486 
0.009454873317427878 0.9074556122351637 
0.6253218155684834 0.22041460132205243 
0.39867897700748944 0.36992653114042723 
1.569852133490035E-4 0.9886648968834298 
0.028878690079756908 0.8379323795387926 
0.24698602506711054 0.5073548273839604 
0.7102112116172524 0.15811909237379151 
0.6846303322780622 0.17319484779020142 
0.001946756114739101 0.9586843122665263 
0.7675677736574027 0.12658442780341575 
0.2122279779406256 0.5410483374120931 
0.1469604894489598 0.6175518498904476 
0.6505557545263435 0.19419956326716095 
0.3005355322136059 0.45315772352334005 
0.6263389945884194 0.2093520406720816 
0.0635761009072261 0.7616247464619599 
0.39206492932682857 0.3834167587642969 
0.6434548219823754 0.19867132214678096 
0.08291981805273262 0.7140202228321852 
0.4413374618691305 0.33674636419225135 
0.015328816087383068 0.8777543728995264 
0.3510581813671696 0.4113807425472235 
0.923914238920552 0.0397039148148531 
0.49199956300726144 0.30228046002660286 
0.13797367311894004 0.6301401600782954 
0.015906986679548735 0.8757991989191181 
0.7397220575465522 0.14125114951398196 
0.0703637437482094 0.7501688197001606 
0.004641947945949604 0.9334661268021087 
0.9096890666134501 0.0470452729960572 
0.17853566674107624 0.5792794968614221 
0.20024307843040656 0.5536486858111102 
0.42613823763270176 0.348401308732616 
0.3640222967034792 0.39819438277926916 
0.4770042131758473 0.3105040745693712 
0.09089830069862703 0.7001667192666376 
0.05275157289862534 0.7723503276232588 
0.4522726902981956 0.32857161274907437 
0.0031675410047334873 0.9494107970468044 
0.9381556504447746 0.03595386064553522 
0.1999972726394969 0.5600816991721645 
0.5828258940347361 0.2378197294099076 
0.15675875779509937 0.6083177133917622 
0.47298253634606363 0.3224753398076913 
0.433174003307473 0.3477804834561434 
0.09696988929611744 0.6921104415459508 
0.45714309821071775 0.32458003167784755 
0.5432574206764383 0.26906553652042164 
0.3765910029896736 0.3873646792804547 
0.3620127235786475 0.4037499200959894 
0.16153852217909848 0.5996213251993153 
0.17034150481203675 0.5882975713805129 
0.6958820806846657 0.16654143810336702 
0.7267690306108356 0.1545503457349715 
0.555259284182393 0.2599872100277257 
0.4979927280258349 0.29509345155779376 
0.050501672410359355 0.7773481796659423 
0.9447621865466541 0.03278377094222479 
0.18745739127351224 0.5681999035717404 
0.1333090501301502 0.6391689308612283 
0.1333090501301502 0.6391689308612283 
0.8215684308347302 0.09650690803969164 
0.7538595740747152 0.13284730844866036 
0.5045302924617892 0.290833498585814 
0.7317749273064893 0.1474675801364888 
0.8123605324242914 0.09935041980338842 
0.08497182934937142 0.7103325790345342 
0.511207249511242 0.2861110732944017 
0.9918810893360834 0.004566975350328521 
0.519894176219744 0.28477621149590854 
0.5461016970525516 0.2619726454105702 
0.5609331857381568 0.25275480078872614 
0.0066837828970012225 0.9195147361576894 
0.8707635504621207 0.06781244049309208 
0.8598162816273236 0.07366220927159953 
0.5304373029351355 0.27284765640600994 
0.5233820680464728 0.2771235548018091 
