0.6614793209237503
0.6615872025416536
0.6616145552327073
0.6607004518525426
0.661256005241824
0.6613168394443697
0.661126217925553
0.6614931249280944
0.6613890165359697
0.6608758056799301
0.6607028798552272
0.6616118079261702
0.6612594032087195
0.6612072159456911
0.6613649575812688
0.6610588393547803
0.6604226457647671
0.6608530667088893
0.6607192010519874
0.6610241211110004
0.660869876406588
0.6607702396707886
0.6613453709693016
0.6613974104026243
0.6616345112818488
0.6610083387783651
0.6614493045601024
0.6613643675690583
0.6618488746701241
0.6609292472014511
