0.4546132045364881
0.41929111261125007
0.36985408201096914
0.41969925614742226
0.3840887101851538
0.40582887486439106
0.43138549528983705
0.37210137602090243
0.411144961795582
0.4504893393607593
0.4748473544755527
0.3694903012463748
0.4171024314256587
0.423180724220072
0.41983948373241003
0.49548774841404286
0.4713460255839015
0.4111838454990701
0.4225390250087614
0.5035584479026289
0.3918783628494274
0.4199723878660706
0.3409914587561958
0.4606531754536807
0.34727188352917304
0.41622134913788605
0.42660230101098123
0.4260067372885513
0.36235934695416033
0.45116555391424956
