0.8518945696954073 -0.7723701912119462 
7.001053792254908E-9 1.0021564816834927 
0.6184818626908178 -0.1242538409056896 
0.82339091838763 -0.4582177143736565 
0.6522223227879261 -0.45722806993792703 
0.4532339737793596 -0.12267125291136585 
0.4094364241222369 0.24183377931079017 
0.25738550271828586 0.24363623292685552 
0.08293325430335718 0.6710809053731873 
0.18304448423150993 0.6666333167567874 
0.20667825902045078 0.5042521105832194 
0.44542708774547984 -0.09665996003447755 
0.6259002521925852 -0.2441476989347357 
0.03294085562740709 0.7928049580571775 
0.637161106434464 -0.38260064422000484 
0.03981051237067815 0.7646192386261307 
0.20281398925892985 0.5328327860578587 
0.21086141773467337 0.47191022292381424 
0.18777864099665434 0.6386704375957486 
0.243011066866392 0.27158680366145754 
0.8366257049302197 -0.6763120310300957 
0.6238314243879153 -0.2073202150050117 
0.01465746005353774 0.8750028342090505 
0.834781306851426 -0.6528804198763294 
0.8245148578657117 -0.4811185639036697 
0.4341515194054557 -0.03847431502107248 
0.19368505190283986 0.6001366439872045 
0.06535441168664372 0.694092849642436 
0.8263355349098346 -0.5059651897920567 
0.8281763569292298 -0.5496624858806258 
0.1904652102258384 0.6214109428690119 
0.42981518369624333 -2.651205764465352E-4 
0.41585412104365077 0.15809396848132481 
0.4389985842734463 -0.07432691524078648 
0.017029532650606187 0.8630694417881083 
0.6344986476118063 -0.35621743802651223 
0.8297826783223312 -0.5734087985564017 
0.8469663033982415 -0.7622561096420963 
0.6229575846850387 -0.19543455468662083 
0.8271377551150725 -0.5274550036712161 
0.43205946287033786 -0.012891801122601397 
0.6402725120333167 -0.4090956436726711 
0.21268276784025258 0.4583535598010362 
0.6208276648367747 -0.15871480222408804 
0.4239541182196218 0.061163538734683685 
0.004704301634870123 0.9381153288987136 
0.04943886366088329 0.7303141550589699 
0.4507344638943746 -0.12044995279069398 
0.8437321640100506 -0.741262153495392 
0.04334556409869972 0.7512690385601831 
0.41382879066424255 0.1841231585023859 
0.2302003004748956 0.3346740594153675 
0.6208836899963546 -0.1654337764807238 
0.21560082075375692 0.4355532258997924 
0.009903862131557093 0.9030514547589796 
0.2257881886665163 0.36363923305057505 
0.627405161897778 -0.2663735064940835 
0.021765903670699582 0.840194923303471 
0.8418823394699039 -0.7307034718209121 
0.00258732669973355 0.9514961672020474 
0.8334607624827914 -0.6285848279219484 
0.18339862554583064 0.6648697590863967 
0.4282712649844621 0.029942531287866038 
0.6417016696960001 -0.41991570571485703 
0.4131346612615568 0.19403970974659124 
0.42577765658315203 0.048193313788745536 
0.8386377435730272 -0.700271625560373 
0.832442733991389 -0.6198574908215816 
7.318167055470615E-4 0.9753100798260796 
0.24757617953054722 0.2571473069233646 
0.22021431327349625 0.40453726582022526 
0.2566497327029776 0.24384414671105512 
0.047982074011992976 0.7400179677236121 
0.23390272999014322 0.3136038857192709 
0.026020901368826732 0.8231971926098414 
0.42182671730189536 0.08493451928672319 
0.030473211684472423 0.8109275772135118 
0.6453652603451668 -0.4408800561319785 
0.07465555724514919 0.6793737959477182 
0.20045623484122807 0.5508171238122657 
0.23782570176313975 0.2952261640499165 
0.6296526803607919 -0.29705074659312986 
0.8310055063310042 -0.5979300475750781 
0.006991431194400738 0.9163085010124183 
0.22295904430792252 0.38230244951822545 
0.41097715388808576 0.22136244132167224 
0.218712354845566 0.43000535168176807 
0.6313445411256913 -0.31922146805761725 
0.19641554310782594 0.5806496947752161 
0.2191478354201477 0.41365000680531594 
0.6446294902267914 -0.4373031418499925 
0.22239561905721328 0.38607161104794663 
0.002476945331400998 0.9715719505754475 
0.07465555724514919 0.6793737959477182 
0.6509932577917119 -0.45623223778364036 
0.830810541504453 -0.5931470665959487 
0.19844844350196766 0.5654312905325908 
0.23446615524085246 0.3107085466418322 
0.23782570176313975 0.2952261640499165 
0.6333986726259322 -0.33991100366387544 
