1.7845902688202672E-7 1.0010608852733571 
0.8516535630052977 -0.7723318030709361 
1.7845902688202672E-7 1.0010608852733571 
0.6525211565430252 -0.45717080150680606 
0.8235280776935127 -0.46112228612697215 
0.45301448703346525 -0.12301071536206226 
0.6184874305202042 -0.12471216117071408 
0.4095973586530003 0.24017999192359019 
0.2576285138557801 0.24337557774720858 
0.18246542008277877 0.6695019101243099 
0.08392053383461767 0.6709315520469674 
0.24232913155184102 0.27548911051774944 
0.039224496506284456 0.7667919736562039 
0.41797693253430146 0.1313806293905991 
0.4283022722903391 0.01454766016464085 
0.22514257656020611 0.36726855814832404 
0.031858891675874926 0.7972386328855952 
0.43315011857712815 -0.02513080146122164 
0.4158087162075471 0.15870492982141357 
0.8395747585837806 -0.7098855485933833 
0.20942794062250622 0.4830001058984255 
0.6329267391199178 -0.3386308210760339 
0.825303335906432 -0.4966291228217625 
0.826671170535014 -0.5222247531871748 
0.002438616265727306 0.9522060297195696 
0.835988193700401 -0.6699020972816575 
0.6361048830956466 -0.3725309481747037 
0.8337073922010123 -0.6391203628445149 
0.4457491335892269 -0.10811600001851411 
0.4394871733600986 -0.07702674764200756 
0.2288983493997065 0.34257017680613755 
0.1884611761784255 0.6359134572134463 
6.437315535971905E-4 0.9764608045189137 
0.22158178099568254 0.39166473931197937 
0.6246876304058496 -0.226546793393054 
0.235479864089501 0.3047790840493952 
0.20167318715641563 0.5419699912203507 
0.20428812752124967 0.5220052977122163 
0.6428930559146793 -0.42750917948005274 
0.04800400218630341 0.7351359070297221 
0.19177778620635738 0.6126502452229823 
0.4248034719117597 0.050883628518400885 
0.42057547275282936 0.09943864997859962 
0.20697234620692156 0.5015864718932571 
0.2481315424924049 0.2553702645168221 
0.8483244171366051 -0.7626963399267724 
0.8376949192557068 -0.6898628132607457 
0.18528334160693344 0.6535474666806509 
0.053865941203364465 0.7172917622803899 
0.03548914254535207 0.7828519696073667 
0.8326882296585514 -0.6188227231174996 
0.41191713286501347 0.2134995362191555 
0.0251891059345134 0.825487226106615 
0.19850428160754643 0.5894307431962005 
0.020561012746512286 0.8464858637561876 
0.4268166671597583 0.029556424113403687 
0.6195621903063129 -0.13457898901050774 
0.8432367361706709 -0.7416649690366275 
0.6274792104832777 -0.26779683084011174 
0.6477765400707814 -0.449988270870962 
0.6314334417511085 -0.32001077579674614 
0.016649153365668468 0.8645370906899894 
0.831093393121535 -0.5992629169389959 
0.21343325387180578 0.4527388736132827 
0.42303097398096046 0.07186803153259624 
0.8237873171940784 -0.46632565444696217 
0.6207485839375801 -0.1633271790043905 
0.061179216090765265 0.6990884054609886 
0.19409995803260155 0.5969428853269216 
0.6407852140027233 -0.41324165766993204 
0.005608211844007949 0.9260102264761011 
0.00887297716045432 0.9053377541678412 
0.8292575671707703 -0.5692149486754264 
0.06914040605611899 0.6814998819627144 
0.830115221127353 -0.5836845648815502 
0.6279567479376141 -0.27468871148020585 
0.6297505223643727 -0.29639182466705866 
0.6232161023137923 -0.20362537791053312 
0.6211389514755132 -0.17000679879763342 
0.23283750149875349 0.32711589106209776 
0.6391213166626087 -0.39836542391051544 
0.4140000687034801 0.18662685649904653 
0.0730325201962922 0.6773860258079533 
0.6376588213886676 -0.38737481458595435 
0.25245434668683875 0.24694896658041884 
0.828338241526646 -0.5518558578629037 
0.4140000687034801 0.18662685649904653 
0.06258730032106823 0.6939468613353197 
0.44828932123482534 -0.11560520772404094 
0.08377190127838244 0.6709879645006491 
0.051213562593379836 0.7242662216228855 
0.8432367361706709 -0.7416649690366275 
0.023247920938222588 0.8343123347451064 
0.19886244582391424 0.5625936041311494 
0.005988269935466306 0.9234763938466427 
0.2135391164660772 0.4513834620278661 
0.630090757485244 -0.30321314332527294 
0.21626421623603204 0.43139254049444364 
0.21771568722074044 0.42003298784809334 
0.198918442755882 0.5623879342935498 
