8.494717207430114E-8 1.000954870343474 
0.851367730954351 -0.7724036910950429 
8.494717207430114E-8 1.000954870343474 
0.8234645503566332 -0.459672968782714 
0.6519235567577327 -0.4572316501908367 
0.6184488454328488 -0.12425139505573414 
0.45430599598922305 -0.12287559823445675 
0.4093697705098361 0.24252037536883678 
0.2586609083015884 0.24342369230712926 
0.18265119666778196 0.6690476844572402 
0.08442378413183814 0.6708221510077147 
0.8268489730058866 -0.5254577159433915 
0.6285736539164967 -0.2825962492501407 
0.19689962368855163 0.5775448503401178 
0.42438594950940556 0.055603073983208746 
0.2180749126133924 0.4176617126083849 
0.06037485553428176 0.6987809051789248 
0.44228424906639674 -0.09138750334013188 
0.4364192076100215 -0.05638960459844725 
0.03740970819399411 0.7740203033889996 
0.4124290091748462 0.20261086312439114 
0.031125945922224035 0.7996987574189028 
0.4168836515377352 0.14483482761053207 
0.22177065473612234 0.39080652045330083 
0.4192028948591349 0.11614071180019338 
0.18641892475991761 0.6469371505999117 
0.6238192436755808 -0.21009764727889654 
0.24016959131084653 0.28365338777640187 
0.1941841239067556 0.59883181309325 
0.6218506849453155 -0.1785687213620256 
0.8281062065426911 -0.5485687217723254 
0.6355855930992276 -0.3673162965106126 
0.2094696323758805 0.4828804134051659 
0.24419188997882088 0.26780184041517496 
0.019538168785371735 0.8507729272732907 
0.2137005188150608 0.45980671273213486 
0.20778761720070987 0.4961457133573395 
0.410769368951158 0.2246086264434761 
0.8470167550794777 -0.7626706888460387 
0.22725810338956742 0.3587174555146192 
0.07725906755165318 0.6730646979226191 
4.8706528747059774E-4 0.9826034021174774 
0.004452018214960191 0.9348599149694161 
0.22471140334331913 0.37712577700964106 
0.42735433865976313 0.024197917580102462 
0.6317998128689323 -0.3242761955169553 
0.6420557387925215 -0.4222279812522429 
0.19290104052743035 0.618980545461282 
0.6455561585234184 -0.4416897248831459 
0.06488946686272018 0.688956626959323 
0.20135984729759968 0.5469572209772593 
0.05198770082563854 0.7218171874758661 
0.18900106926479665 0.6308970384084839 
0.022537899288597785 0.8372540733831796 
0.8293393288741584 -0.5694663182472661 
0.04032147157524635 0.7628192517554797 
0.2487025219051074 0.2540487202015406 
0.6271740554751748 -0.2634320495876489 
0.44850601450249994 -0.11638675614324115 
0.6260917403810715 -0.24773060673356845 
0.6336942308678821 -0.34699712040274877 
0.025776003593652327 0.8226403880081581 
0.008625663751210932 0.911712608666926 
0.42176650108623703 0.1028642769908764 
0.8343071718640064 -0.6471669512673589 
0.8325762637453903 -0.6223850773431876 
0.8313078876087538 -0.6026330306512034 
0.41548395714542813 0.16294897587952914 
0.04750113762203029 0.7363085289663097 
0.2157628595091894 0.4388818524817862 
0.011798681766924154 0.8905073614831897 
0.6376741370762421 -0.38738115562213654 
0.028563289959984584 0.8105794308269888 
0.20470311856606468 0.519258464136249 
0.4332451145266707 -0.03137935203124165 
0.4292436385523321 0.0057219076673012716 
0.6403336952912064 -0.4093518268671869 
0.4226088407739904 0.07586153244559547 
0.6198483218901759 -0.14789271297411 
0.8360797364531676 -0.6687929746415289 
0.2042419454574641 0.5225035165043936 
0.843463386030975 -0.7430328677681678 
0.23624370507401715 0.3014248819587304 
0.8377855250357809 -0.6727638173481992 
0.0019122584687716881 0.9590766404706067 
0.8381682804348267 -0.695412372234547 
0.20137971546394312 0.5446441499616127 
0.22994752354564002 0.3362918436021609 
0.6518285036336394 -0.4445652852561714 
0.4220852757773014 0.08386460466338692 
0.015605971190533585 0.8694152613856951 
0.8335135918015276 -0.6358990092385168 
0.43196448112572794 -0.020217532020693044 
0.41438807772967967 0.1768140791797962 
0.2292363150847267 0.3412769206035785 
0.2341208933607266 0.32186446136755764 
0.6386008984610214 -0.3959099295866653 
0.012766129452895458 0.8840363280741356 
0.6248451801011419 -0.2288326949101775 
0.4393564974088781 -0.07625654285762783 
