1.3870344595101614E-9 1.0016284274245975 
0.8517341759124698 -0.7726661940296512 
0.8233594093370841 -0.45798093222443 
0.6527336143489482 -0.4572780393589948 
0.4544141721917812 -0.12329752178202198 
0.6184306885741393 -0.12337216512738954 
0.4093353414863778 0.24277873464713035 
0.25861499087700157 0.2433266187331244 
0.18234421009959162 0.6707211072582367 
0.08155442581483513 0.671440416273255 
0.8418039826772374 -0.7286325882773073 
0.022398741136379217 0.8383969189213255 
0.6363059720130045 -0.37415119222723187 
0.6388901259018509 -0.39826268058327247 
0.8251465561766476 -0.4936474152485533 
0.42226193097285736 0.07989350377518224 
0.19715552381656198 0.5772953792299397 
0.8497906393742883 -0.7704331046829631 
0.030423629530738905 0.8059441134412184 
0.43017058690521315 -0.003940190154856733 
0.43601114004970953 -0.05366539897446324 
0.06393651827450447 0.6908449542787557 
0.42662292191164464 0.030898423493800942 
0.07136225950550125 0.6787985711772602 
0.011190047949967752 0.89212822575385 
0.8274614135643138 -0.5372447741939695 
0.627797775865621 -0.27206113315221897 
0.8368795955860451 -0.665931288807225 
0.18704029572574424 0.6432535256378548 
0.6206520977354426 -0.16182777453489894 
0.03864438810882817 0.7688526625740802 
0.002042186874649979 0.956955758737334 
0.008109272493042927 0.9099052809047522 
0.8344170014757248 -0.6465653263853968 
0.2246905886976983 0.38127919033792 
0.6487045399351441 -0.4491330189561328 
0.2195335656012462 0.40688142038696967 
0.4148165436658121 0.1752014806927026 
0.8327708100803533 -0.6251756041164392 
0.23198483596723063 0.32402812952062093 
0.015371325890129024 0.8702064045345727 
0.04463515280817504 0.7466498399299007 
0.05748292055050723 0.7059733334730512 
0.1923226774178058 0.612313154560491 
0.2277579945818254 0.35063328420306805 
0.017932696948484594 0.8582571994715533 
0.43326326504569945 -0.03144570462756436 
0.424455140919048 0.05457674535432426 
0.6330824257048288 -0.34063089433612503 
0.4464758929246222 -0.11090451447635456 
0.2428578533918212 0.27226869732711984 
0.20883474380459513 0.48766563990579354 
0.036041844459252514 0.7788401399658426 
0.6289904423083807 -0.2875064576927029 
0.20156893058901476 0.5431297270038763 
0.8301558979613352 -0.5796677378637601 
0.4394214473940955 -0.07654059549272034 
0.6252393766081379 -0.22483508962566442 
0.4160346615218836 0.15585220900474483 
0.41991773820156175 0.10874914799113654 
0.19125490184127525 0.6192354848852927 
0.21451907263361814 0.4453630895611841 
0.8249569602041724 -0.47506791500108836 
0.8407288488919539 -0.7064809116671806 
0.031832639090224685 0.7964496926486527 
0.6429384702747629 -0.42776615863057355 
9.099668667391925E-4 0.9742561620313771 
0.625917458297371 -0.24153156930441771 
0.6191464555917664 -0.1328895864648762 
0.4440901206532307 -0.100751153012161 
0.18475310179291943 0.6567227934756499 
0.0469649945090686 0.7385772984406923 
0.6231842371350966 -0.20275697751394497 
0.22456766657414104 0.3932166066423828 
0.6218225789128848 -0.17756059315452188 
0.05131513793841941 0.7238196778503051 
0.22885836062585435 0.3429492334374991 
0.4173000342379659 0.139757376715417 
0.23621974741783988 0.31010664319639863 
0.21716075320961206 0.42642148848181055 
0.6306199552420093 -0.30791549044987765 
0.41084466332071323 0.2231370736362633 
0.004715022649495859 0.9322509352738905 
0.4315699853055521 -0.01705119012030893 
0.44077053729130944 -0.08522214261559015 
0.8378281777831469 -0.6906833727732841 
0.6311624099469195 -0.3173519922534574 
0.6429929961574679 -0.428406119076627 
0.23683214823462878 0.29934790997044536 
0.21182131434497153 0.4649367955795932 
0.20378535468122239 0.5258713870355888 
0.05380323364356014 0.7173077977297426 
0.41276163927862397 0.19820974283859652 
0.005505967010966006 0.9298930549340282 
8.657474317776692E-4 0.9930475539291307 
0.8319127001278095 -0.6035053833011415 
0.211199489273179 0.4704755173092016 
0.08101290816299539 0.6714412557849341 
0.4264195212049702 0.043983218719150965 
0.6225829096160234 -0.19369828085415441 
