0.8517917701996358 -0.7728160540308205 
1.0027324753115801E-7 1.0013329681551477 
0.6523522352843838 -0.45744796442900726 
0.25785085797046486 0.24322658033510136 
0.8233600375752543 -0.4579465565600655 
0.6184591351644636 -0.12446136139915283 
0.45383545480484827 -0.12350289562736871 
0.4095461313536127 0.2397494938806068 
0.18250973256621023 0.6696702646155032 
0.08343218999001464 0.6707133261867964 
0.4124928136037512 0.20108037639763673 
0.41559766064626785 0.1609722567568872 
0.43234755706791683 -0.0239450364901059 
0.0708588991969055 0.6790190444846996 
0.01726945349106882 0.8608746160997326 
0.4373826934124013 -0.06375546314238131 
0.825184966090888 -0.49390819257801954 
0.19522500098213505 0.5887006638557521 
0.24520187784979602 0.2632568954729335 
0.6230487679449459 -0.2010463602851384 
0.004793063000123221 0.93121279198928 
0.6250620382790191 -0.229037125623985 
0.010737199493825511 0.894342982701242 
0.6297705057281363 -0.2994221685774799 
0.6324924182606249 -0.33355620002924147 
0.19875867581459325 0.5710069544220535 
6.522362897036422E-4 0.976001127619672 
0.0023966883012449492 0.9520071456457265 
0.8471267298727514 -0.7634357770303238 
0.44392651413373807 -0.1010006434596659 
0.030761674967313912 0.801016973003866 
0.6396630614969532 -0.40293130605348415 
0.03853350402875269 0.7777014645580371 
0.4355650122960377 -0.05027436863865529 
0.8304956042760742 -0.578993416740664 
0.6213852123164486 -0.1738696773333402 
0.18624120870423502 0.6480090822729431 
0.41765949451488493 0.13508643477012575 
0.009004658052239628 0.9037967194714468 
0.060901866611308905 0.6967465794332739 
0.6443529331564082 -0.41167753924319633 
0.842780010625219 -0.7383399598627272 
0.22500780199241283 0.3876227428359249 
0.6365100207605999 -0.37702373563432784 
0.4205828532832929 0.09892581314225637 
0.8267537668376748 -0.5241482446725709 
0.20275519317388793 0.5333619688619514 
0.21916705317286278 0.40906625677682557 
0.201465448433626 0.5428934835925734 
0.8326927829756338 -0.6241786105016882 
0.22725115885692498 0.3527254112291779 
0.042131191211627894 0.7549876946520809 
0.41046856733338716 0.2274027264283849 
0.19072853974813905 0.619221608714836 
0.20886638366152155 0.48701209298159903 
0.4301473389078412 0.01058138058292302 
0.4259293474696533 0.03838889501101194 
0.8287265397434632 -0.5598720824106236 
0.6459564342183681 -0.4386452957956545 
0.8235995825489233 -0.4629800843122014 
0.05871464392931942 0.7027168249947008 
0.23494459884158925 0.30702373205813893 
0.8359804284640702 -0.6695914862035206 
0.025481526044107777 0.8234447108943966 
0.05274134546105419 0.7191013802934925 
0.21867111253650073 0.42922592994965936 
0.4488622590612201 -0.11432772455366341 
0.6269115801174694 -0.2542577106726837 
0.4280468573635393 0.01655767451897284 
0.23096469026693436 0.3297400979505724 
0.21355297312077817 0.4510403944706374 
0.08287133950523588 0.670856887943449 
0.22183055049544415 0.3896400636508266 
0.4229156221169382 0.0782099787255944 
0.8413343139723014 -0.7267160498935327 
0.6188617375183788 -0.1313196864002252 
0.21541316229065488 0.4379198736379163 
0.6479859393967189 -0.4440036525743754 
0.831407355532437 -0.6045609145279979 
0.23271131516911622 0.3229151695977968 
0.8391290575082726 -0.7059416009142326 
0.22795306985668456 0.34820293998192714 
0.2069608441153346 0.5081323313100071 
0.2385837128925973 0.29611756293077496 
0.2069608441153346 0.5081323313100071 
0.2117588460593779 0.4648557673520767 
0.6201766776327777 -0.15379538301288512 
0.21059979599284612 0.47328797732639083 
0.8372961519477213 -0.6856977529422716 
0.8344053611145242 -0.6488524452132858 
0.24208908384242603 0.27405192488402724 
0.6352626037289436 -0.36431669492138213 
0.8278436470366826 -0.5444085309738418 
0.04862371505668511 0.7323723330944645 
0.8396773981033845 -0.7115257121480654 
0.023405231152544226 0.8322416946884373 
0.18868831488213544 0.6326628009891566 
0.6339032025350728 -0.34988536610696686 
0.4230019161292032 0.07065842366690205 
0.8344053611145242 -0.6488524452132858 
