9.465661106496104E-10 1.0010112919461533 
0.8515896341971434 -0.7728612900543993 
0.8235513790114064 -0.46196016645739973 
0.6184230907156509 -0.12393565935930104 
0.6527415391068931 -0.4575799612796392 
0.45323465393127305 -0.12367594699111852 
0.25809243741308646 0.24277871205859813 
0.4094085422724987 0.24155977859030184 
0.18241697333541051 0.6693123566441287 
0.0827496217380027 0.6702762824071627 
0.4178434005474836 0.1372254365599164 
0.4226209558714217 0.0748579957518512 
8.16199840062648E-4 0.9727462158820358 
0.22002034715327345 0.40274763006493564 
0.8382928532777107 -0.6971697142889155 
0.43424066192038735 -0.03757088403687983 
0.8257009452486633 -0.504545100888339 
0.19696793267446927 0.5757778087668897 
0.8350932861117036 -0.6584090367905089 
0.028716613229451127 0.808933061672175 
0.21618661954460255 0.43107995662250176 
0.24643708454154728 0.2594388676837893 
0.6281411808090417 -0.27760293865858016 
0.8423935038590539 -0.7357195847542352 
0.052334995472413326 0.7200136128795083 
0.8296158885836983 -0.5685372986528803 
0.6395519651937762 -0.40443655079854063 
0.20079635733554282 0.548121970081053 
0.004074110317519974 0.9369719989335091 
0.008535973621227336 0.9066232093161065 
0.189350484780748 0.628090544787806 
0.4441192187638633 -0.10223662488690415 
0.6450801014596828 -0.4400763219716385 
0.8327198940315305 -0.62506917749542 
0.8307446752656051 -0.5942512234297305 
0.034490895098548024 0.7884825050863613 
0.021738415839109126 0.8406503098520257 
0.23609499747253038 0.30120644307056105 
0.4368672613579186 -0.060445280631265245 
0.43022317446907343 -0.00499229302972672 
0.8235679346032674 -0.46260030496758264 
0.0663223590929442 0.6862596311804544 
0.012004544153644436 0.8869939028328456 
0.6319882300397913 -0.3199403327504451 
0.6331698425649415 -0.34160604097385827 
0.23958070365704973 0.2873520580208718 
0.8367876106460321 -0.677799404841601 
0.21038380222593595 0.4747540712325859 
0.23197450182330348 0.32342128603264847 
0.6362056077337406 -0.3732674436284151 
0.8465279657191794 -0.7611303466647124 
0.6237490564688115 -0.21224334167732342 
0.07290005900116445 0.6763168720846228 
0.19336372236408783 0.6011072136812556 
0.8277045750339297 -0.5422020402918033 
0.4118765708448622 0.2088133338965648 
0.45054158030519703 -0.12055446144930076 
0.6220254248560488 -0.18473172829092369 
0.05771650554977864 0.7050142833620918 
0.005271098540598734 0.9273967467689462 
0.01480494734546961 0.8728078200609342 
0.4138360593105196 0.183049303782388 
0.18529457834956095 0.654826325245132 
0.6254418516960019 -0.23828901393597302 
0.224729404491527 0.36963558978860994 
0.620805504364197 -0.1648406451512171 
0.44113134418828265 -0.08768234454223849 
0.046230091384593996 0.7402517523185914 
0.06056682243649808 0.6975162598085471 
0.42452853071316654 0.05346946132366473 
0.20289982283514435 0.5321044570185807 
0.43906916133467333 -0.07539387198942447 
0.415516367813168 0.16153712422709735 
0.18752069474740635 0.6414159592955375 
0.8320101227581058 -0.6140521742741339 
0.41117737913332186 0.2179506741737385 
0.4276921083838818 0.019728358410795458 
0.8448471344018824 -0.7433470130465649 
0.039617996858649585 0.7675704876126673 
0.652132679230955 -0.4574699997735091 
0.6200312944332704 -0.15111645253045597 
0.19397256675774266 0.596828350987952 
0.625967258327976 -0.24609470992322996 
0.031228269902846238 0.799659663549204 
0.6348639246217181 -0.36063660387340984 
0.8265990988892842 -0.5215549289046274 
0.21311171150837488 0.4537434153406338 
0.6229999584247855 -0.20045167441369527 
0.2102806802503162 0.49246694452211337 
0.6190805527618222 -0.13523822079260225 
0.22815315233102462 0.34739173401106327 
0.4296380789952339 6.69594589949125E-4 
0.044706992899085155 0.7460082117201419 
0.0404608287600451 0.7619574065571959 
0.42704828644093074 0.029407472307946544 
0.21365498639870018 0.4501250012249711 
0.2072345175385528 0.4990795977426933 
0.6425878437737066 -0.426198046066352 
0.22371626584434434 0.3766023124292675 
0.6415114536594333 -0.41917898823992084 
