0.8519361882345168 -0.7723349409362288 
1.3922241898776163E-8 1.0018934992271877 
0.8233640845372575 -0.4579974887282533 
0.6520204965570716 -0.4570260281612579 
0.6188848333852299 -0.13134433586939118 
0.25912008732377007 0.24336346502467612 
0.45401077863173556 -0.12307454199049421 
0.4094976337574008 0.24085773052039838 
0.08422140434581288 0.6715597183243884 
0.18293089879831953 0.6678874512357229 
0.41452112254855467 0.17588201863222738 
0.4209613874395586 0.09552287463686653 
0.19331723920817845 0.6023489710598379 
0.20532073302362042 0.515579500325366 
0.03852583399503573 0.77347682024243 
0.6359175296110837 -0.370925514383861 
0.42530567783492046 0.04584113562608077 
0.1969854681908311 0.5770582180263695 
0.8361616830745147 -0.6716926308292055 
0.8429473049128651 -0.7394276729698703 
0.2335138651622034 0.3148810180399526 
0.011140156766612327 0.8956252829867754 
0.8303429681558332 -0.5858453986677604 
0.23867781689579004 0.2929186593430797 
0.18922282325556994 0.6321373763371202 
0.8271008029524242 -0.5208107226809853 
0.6329029703626149 -0.33857854683593175 
0.20743572008490718 0.4983942998671219 
0.07086650845170239 0.6801157088127817 
0.8353466940683107 -0.6568280238946838 
0.007609564323570267 0.9130324678878698 
0.4293647048674527 0.004057178507623208 
0.4348868235706619 -0.044294096729757676 
0.43863972123755857 -0.07115696141015136 
0.2004105672186084 0.552293137976156 
0.04655902818306307 0.7401674445851187 
0.8279279161807903 -0.5455047545688753 
0.6219833282239033 -0.18312995920011213 
0.04241949898783598 0.7549786812612664 
0.016755313597492882 0.875392135930912 
0.031680250377919605 0.7969904852298996 
0.4264256939677629 0.03408638896081782 
0.1869974891328371 0.6437994979526777 
0.4168205487143909 0.14614004635088193 
0.2141815907571198 0.4467309907648359 
0.41220367857944007 0.21334021537999315 
0.8455265333860136 -0.7552993241087735 
0.6302099014569913 -0.30474310846414443 
0.8329908451702648 -0.6254632475414398 
0.8291758591527393 -0.5671123913876366 
0.8323812854481706 -0.616624591281368 
0.8393048490469095 -0.7072841329267068 
0.22411707458475336 0.3750884934051444 
0.2417151393463373 0.2771958909134461 
0.24957141119359688 0.25268662081271936 
0.05585601005605685 0.7118134253421604 
0.22681201052201905 0.355920788579862 
0.8252160266690258 -0.4932939768602403 
0.21064347640611678 0.4734659032590779 
0.024809383227388182 0.8268011810036948 
0.6407649121573049 -0.4132176079123513 
0.628992018138794 -0.2853704701326046 
0.004720964323094712 0.933858457110498 
0.218289196752892 0.4161918810772738 
0.6454094393535279 -0.43380504828892463 
0.8401810047847094 -0.7078708067460924 
0.6319119649133169 -0.32588289194236225 
0.2167908952739947 0.4268554826152549 
0.6236804985955183 -0.21102418563622558 
0.620886532707333 -0.16425906707277538 
0.6189341401388093 -0.13233623762747562 
0.6481017831064358 -0.4503702002119894 
0.23030203095721258 0.33353654379282877 
0.06626214889161927 0.6873012319854347 
0.001726281193314222 0.9602644998906135 
0.44869145985525916 -0.11585922917922505 
0.21179874994606557 0.46478879438599396 
0.22108461961965406 0.3954564015015283 
0.4112847074445246 0.21729735594396793 
7.775175930648248E-4 0.9748693197290155 
0.02883614587923683 0.8096712580170629 
0.0032732570672726613 0.9445319651071307 
0.6254732545802352 -0.23846367564150883 
0.8253567274673123 -0.49661545427933695 
0.6241253624122822 -0.21747139156092574 
0.6259609517756987 -0.24590551852604886 
0.8502114780069144 -0.7712662034531828 
0.6433926481357117 -0.4200945040448867 
0.6379741496759443 -0.3903590116392461 
0.41786260831251065 0.1340193567783273 
0.05189826993009561 0.7238885671325557 
0.43067749401224564 -0.008511723375855753 
0.22943747452323499 0.34292411873312334 
1.7320600058001734E-4 0.9900351281965956 
0.4444598940742994 -0.10268365033692632 
0.1997332431365904 0.5566128297735212 
0.44137005728418044 -0.08341461094830592 
0.06140629286177736 0.6980336209293289 
0.01770110492886351 0.8599541816696603 
0.6273459629881288 -0.2656705828549947 
