2.6149505650131626E-8 1.0014473633989638 
2.6149505650131626E-8 1.0014473633989638 
0.8515214143031166 -0.7726505267621664 
0.8234692784291999 -0.46038050019560744 
0.453654402454845 -0.12337101555187913 
0.618664573703274 -0.12817833024589262 
0.6522144753819175 -0.4573070377410338 
0.4099019073951463 0.2353611980572727 
0.2573671972634259 0.24304776134283748 
0.18263108298715963 0.668743720879589 
0.08301208416590457 0.6708210836172516 
0.4250482632616024 0.048152857322814636 
0.6247863532262375 -0.22822209366204277 
0.4205467564879971 0.09957168493885467 
0.06586996898398079 0.6938690305835106 
0.8264647819469431 -0.5025505653465352 
0.6392454494117578 -0.4013581344412706 
0.04586634078164245 0.7467314304486357 
0.6272642464736006 -0.26505928916677496 
0.4184874662578493 0.14687858406202234 
0.03077616618918111 0.8011055905457326 
0.07604407178920704 0.6733413036056458 
0.04078206050502681 0.7754434665397311 
0.42885536878877917 0.008528273404004505 
0.8279392817496659 -0.5457087378257586 
0.8307221262216373 -0.5933393528559164 
0.44379013295752767 -0.09975884380889279 
0.24954209149832163 0.2555017800681521 
0.8362879855700114 -0.6734789118576717 
0.43351924028572253 -0.03423136554278192 
0.6352083716917948 -0.3583983734520005 
0.24003297810565688 0.28309363374828855 
0.8295192765548188 -0.5732632002408836 
0.8440193003831287 -0.7430924197730735 
0.4318073249362269 -0.01839730757463197 
0.6371503598280303 -0.37938379134987615 
0.2071401077175757 0.500626341738203 
0.8325941856493893 -0.6230424034634735 
0.01702076250030768 0.8626035240906461 
0.6212256833820383 -0.1662650430902745 
0.04963661243870729 0.7295061241907018 
0.20962061675832888 0.4809005515233957 
0.4268419384610085 0.029155165066764632 
0.23174417833507382 0.3256132207875088 
0.037364789290643394 0.7871403205975458 
0.8267381988166478 -0.5212813320083798 
0.6326554821230126 -0.33527079478470534 
0.006283705925053409 0.9213906468151092 
0.45044270418133436 -0.11340239592640322 
0.025682220110261944 0.8237604987669649 
0.21994086356815648 0.4040706198135064 
0.6197948325832051 -0.1469888883972243 
0.6437826344352751 -0.4302851140896602 
0.8402169246270343 -0.7165866361298764 
0.6230088423096847 -0.2005801078453549 
0.8347847688627342 -0.6539311773937706 
0.19301958240386613 0.6041838856120939 
0.20448151981858995 0.5208730720231258 
0.41973942970474404 0.10908680625525514 
0.6502761137589679 -0.45503715164078945 
0.22796942828890326 0.34797469478499304 
0.05817506235119106 0.7038468954610896 
0.4152281896672474 0.17190275913362332 
0.4370202151995354 -0.06128465626375081 
0.1979383323203167 0.5733912543948583 
0.6440904957231584 -0.4341896074243375 
0.22260107819919797 0.38420663524692006 
0.6224082630926436 -0.19078480083956612 
0.22403143331106834 0.3743207951359398 
0.0050180943084314755 0.9473088840049767 
0.2349743053230319 0.3076777391797822 
0.1853141567013248 0.6537451533089232 
0.8335644073547543 -0.6368056006139653 
0.2391070561091399 0.28723537153955253 
0.21636433262813237 0.42977040590901944 
0.8386331054200693 -0.7007280021394503 
0.6318230397185866 -0.3201094594937614 
0.2269468593608224 0.35547556698215205 
0.8427102865956528 -0.7378083321538903 
0.6286469609645269 -0.28414867658290127 
0.41551280213448344 0.16192549618865393 
0.01271016992105685 0.8843393675955503 
0.6302539409463734 -0.30569113164638256 
0.20077649679753828 0.5574147095271368 
0.054668504958186454 0.7167010358801376 
0.0014746026391520006 0.9689640028247515 
0.023858906575870253 0.8307244036477887 
0.002751307566702166 0.9509461432208927 
0.18987513065310335 0.625519172169364 
0.40993915235051204 0.2350219573491035 
0.019815406767004648 0.8497551173599254 
0.2028804480723588 0.5330885772151776 
0.021064213871324566 0.8431924288910542 
0.2506179281836044 0.2501833122122738 
0.1957425424424026 0.5855416493784823 
0.411746394648352 0.21077518876119536 
3.3909073073513755E-4 0.9830806418199015 
0.21790916259060789 0.41822632746914756 
0.41288588559931416 0.1957681957629652 
0.21205049964847697 0.462978353291671 
