0.8514001760018242 -0.7723648581449403 
3.5607111321165447E-9 1.0019457849025581 
0.8240604932551264 -0.4715624118753411 
0.6519210990018599 -0.45670080433395555 
0.45304537211412144 -0.12322703645493527 
0.6186689663288849 -0.12762077706344369 
0.40949892136245275 0.24079280439920867 
0.2581081912886653 0.24372030032224715 
0.1824481088301121 0.6699662228899333 
0.08284419763468405 0.6718226703358771 
0.6449574402069572 -0.43836540421852377 
0.6388430168691357 -0.3975837108448542 
0.8260133756046234 -0.5101187895305674 
0.836030104795597 -0.6684683235280261 
0.8387135828341744 -0.7006265968625622 
0.1924960225533494 0.6084370982284316 
0.2075897898733895 0.4970769926955688 
0.1856606114654071 0.6516651762736326 
0.2230196479159224 0.3818024325111684 
0.017211963132171774 0.862081230219973 
0.03497361135536692 0.7843316459331146 
0.21014173644816783 0.4776873740390639 
0.2423216661958496 0.2737831415570472 
0.19668477242175392 0.5786191851104847 
0.8412348177092547 -0.7245602779334711 
0.23272714210083567 0.3293646391921569 
0.4486459682115027 -0.11623736715068254 
0.411741909447352 0.2113447805334838 
0.43241286074373547 -0.024587749892796374 
0.19918387981987978 0.5600665213372223 
0.23548357031188183 0.3054397184883535 
0.8321741607391915 -0.611768547973642 
0.012469829752914857 0.8872368668492437 
0.02904608754609317 0.8085755008421466 
0.6213724780333704 -0.1733897372758469 
0.44217884749898323 -0.09086995042911035 
0.4359384605572827 -0.050967846942037945 
0.6305821170454602 -0.30941875414719655 
0.4158889406585434 0.15741163264629274 
0.2035864286312607 0.5269383739680505 
0.07003098296902449 0.6818328086057575 
0.22618653906140446 0.36038123545104883 
0.24063044726327723 0.2930581037064836 
4.660439423809781E-4 0.9807692746312857 
0.053964295178772215 0.7156273376372437 
0.843808466508833 -0.7451863492020432 
0.6275793493262096 -0.26904241961583253 
0.21696470462262724 0.4262419394599405 
0.22833698436855385 0.345718320778644 
0.8297895528294715 -0.5779222384767999 
0.6330028325708806 -0.3392068752011923 
0.8478135994119022 -0.7562537992781054 
0.8276070622436428 -0.5398709259947103 
0.002444774989985382 0.9522389179644275 
0.41413345310226274 0.17984886514219436 
0.42004909263234774 0.11860182901049555 
0.42327375980802473 0.06884059078186834 
0.8342524864485856 -0.6426883436237146 
0.6336577003207879 -0.34680439346660324 
0.24888046326747568 0.25411155634673066 
0.8304000180501543 -0.5877809957665342 
0.19314363837341664 0.6034198428117741 
0.005566759103970087 0.9261093225739165 
0.07821866008978398 0.6730557977165472 
0.025252120961274827 0.824852795771268 
0.04325911513981373 0.7516866109233458 
0.8333810972217375 -0.6337995986134511 
0.4211886999852342 0.10503235171377884 
0.21969451283804045 0.40592958827339864 
0.4300160596534113 -0.002636781028373713 
0.44063458119153054 -0.08281097184470976 
0.21457908126605063 0.44385357702171824 
0.4278271359320358 0.020863047421439462 
0.6226656101357747 -0.19463945583246312 
0.0018246068488236844 0.9602459891165805 
0.202382401101787 0.5367123668208644 
0.6259070578759311 -0.2447515567682146 
0.6360547682022919 -0.37254135950590006 
0.05835973306199216 0.7041650312966764 
0.8280988820943491 -0.5482522138037764 
0.03975991556710578 0.7641624248339779 
0.03799621904653672 0.770995212563371 
0.6360547682022919 -0.37254135950590006 
0.021503848390657804 0.8435322203557734 
0.6296721979252076 -0.29697600347999115 
0.2502646663790703 0.2512767987328418 
0.6519210990018599 -0.45670080433395555 
0.6199562639832201 -0.14986458685454848 
0.0493795261603614 0.7308726264672454 
0.425662914817444 0.04955074169197576 
0.42684916850800864 0.028975932679760424 
0.6273980104815206 -0.256430027745205 
0.007817963711145598 0.9126912231062544 
0.02077956206619904 0.8455494154617629 
0.21336921418385613 0.45293640278425745 
0.4306792467029696 -0.00755687509197679 
0.219326304339431 0.40853676186885923 
0.4377453243209979 -0.06577510218150293 
0.1850376109571326 0.6555162099757169 
0.41757926611325247 0.1382327746080772 
