1.1597432823112763E-9 1.0011110111675092 
0.852015070901475 -0.7727921005965118 
1.1597432823112763E-9 1.0011110111675092 
0.6528863973097363 -0.45719334026289665 
0.45402843557439293 -0.12316094510677929 
0.6184126136843049 -0.12366093187893408 
0.8234232177692978 -0.45808056279670445 
0.4096891881055485 0.23812318844415958 
0.2576287827838252 0.24310004057181492 
0.182335568588116 0.6700967158809061 
0.08139784017181437 0.67056800195597 
0.004522131175748401 0.9337339686712482 
6.246555112387475E-4 0.9765169130938214 
0.6370459898427765 -0.38151779196927377 
0.2022360047535593 0.5367393244064597 
0.8306532037966459 -0.5926317379243009 
0.6341436086601866 -0.352605847001129 
0.190075633464858 0.6237644562258307 
0.19876733449059256 0.5630489567126254 
0.052660689070487654 0.7190552523162451 
0.06258911385219157 0.6936031574842191 
0.632067289960105 -0.32835326027121386 
0.2352152693008815 0.30606078333394543 
0.42401835560804974 0.06017303116246344 
0.6463496024138126 -0.4452162380097378 
0.4115392565895136 0.21372085129834667 
0.8334404417970396 -0.6289104110326083 
0.42079243500594177 0.09677408320085307 
0.6409246273728415 -0.41426952487729063 
0.1939264063126483 0.5976880087981271 
0.8290306855148257 -0.5649335193428561 
0.013554010947417983 0.880333942563494 
0.6299603377544343 -0.3019361203851844 
0.22754260789753286 0.3505356663149153 
0.2439737649135504 0.27600708592099016 
0.2389417838332774 0.2877189366254156 
0.1868501523864286 0.6436193977329386 
0.022565853676436112 0.8361096027338605 
0.4280730399044356 0.029064215945658174 
0.6263744702226176 -0.25190641653846735 
0.21979674821441703 0.4039738049615264 
0.22296530020591174 0.38737840723267286 
0.2252906926993417 0.36853264218984577 
0.042811468575938705 0.7528427639741239 
0.24746507660263067 0.2571633529039705 
0.8280168916622841 -0.5460654904857054 
0.19593361510038254 0.5836296714025575 
0.008382347362113851 0.907588799907755 
0.0276574367845797 0.8144624374530754 
0.6253445309253954 -0.23674724830259444 
0.8407823381998443 -0.721996307515413 
0.41798373718807735 0.13107302501414228 
0.41329118411537474 0.19068984200482478 
0.4289630587571642 0.009855377785968147 
0.8455368781275745 -0.7538343594002843 
0.8394402583764174 -0.7090892257641508 
0.62059290363562 -0.1605946158014644 
0.2100455953290255 0.4872464702154975 
0.6422476777937537 -0.423355462623753 
0.6197342951587838 -0.14641337215536207 
0.4455171892344432 -0.10748186977458496 
0.2064022155696735 0.50569192348392 
0.8273534129038495 -0.5158058011346285 
0.4251753626255588 0.04961883259300514 
0.43063459340096005 -0.008753872454682784 
0.03188255306155896 0.7963331732716441 
0.009691820136455254 0.8998449953697215 
0.8249065960932126 -0.48890880336648185 
0.8347236768788794 -0.6532949946278475 
0.6281928933946561 -0.2780718439979026 
0.1842245062230128 0.6592697957055587 
0.437810108848802 -0.06682447696117592 
0.03585871878607905 0.7804628911178205 
0.25224447830528585 0.2478314029747394 
0.06998709165113914 0.6807340023472109 
0.6220162019960012 -0.18440394689842754 
0.8362218382068991 -0.6726582053574262 
0.07631039646237658 0.6737261176288664 
0.41440669639504435 0.17652342244029204 
0.048628609225861624 0.7326022877748951 
0.23119869731350798 0.3282927517217684 
0.016910422120337 0.8629612845263259 
0.4349314642800414 -0.027275921234141902 
0.8376188908626487 -0.6831421844670907 
0.8278466515368201 -0.5225988648113168 
0.21410027962476563 0.44983966325615377 
0.41588795587718885 0.15725613275325828 
0.21539116118439053 0.44071886535958416 
0.8470687273488846 -0.7625672206675244 
0.43528344849771655 -0.04811386486631219 
0.022022114292661137 0.8503951250718469 
0.04044425374140953 0.7611083030930943 
0.6238086659945659 -0.21304068299511503 
0.4200141484205038 0.12186458145664844 
0.23109617071567756 0.3296082037934898 
0.6224337888932384 -0.19134767392895022 
0.0375639044207847 0.7724024183810163 
0.8246548113023047 -0.48378255866444436 
0.06904295882283512 0.6933241387015641 
0.8235840629821847 -0.46277481073533466 
