1.2415883321459376E-9 1.0017480522625866 
0.8522435289301157 -0.7721996123569557 
0.45386578707468006 -0.12313515881790077 
0.6184377070450486 -0.12409076519716132 
0.40952282040228427 0.2406502245698096 
0.8234247519826841 -0.4592972402292766 
0.6534533357772454 -0.457146460484658 
0.2569330391737889 0.24346783332734107 
0.08138708571374564 0.6711510022284707 
0.18249881831066755 0.6694551898768873 
0.19195657255537046 0.6115893270760465 
0.6209507147886424 -0.16664995150472983 
0.18676883073071043 0.6474394711431665 
0.8283224428061275 -0.5527548734843134 
0.20158786913503948 0.5426428946895085 
0.8316103486851407 -0.6077665705045883 
0.842741533485144 -0.73798328360351 
0.8260380090195235 -0.5100613921304445 
0.1981008588833221 0.56795703646793 
0.23889752356683625 0.2881297356657486 
0.8342145473833245 -0.6462357881391847 
0.23362291253480183 0.3147403359612592 
0.6234478436890412 -0.20678151173235845 
0.6241235429367409 -0.21739277181998515 
0.4126170689891996 0.19999992027472846 
0.6326726723020808 -0.33351617497903285 
0.4327597983860142 -0.02715211568940769 
0.24234178737049117 0.27426931007847194 
0.4234379926334917 0.06669593419426063 
0.03321526292554866 0.7905456816249292 
0.22809444322753836 0.34749136758146476 
0.8394475037782767 -0.7055502241239323 
0.42871919279223236 0.01009934096654453 
0.019932356183444216 0.8485296809068652 
0.04697757034819944 0.738431729852823 
0.4472739315985206 -0.11261081800469365 
0.052628583573521015 0.7200337674069588 
0.6195363641717062 -0.14267810513551948 
0.6374787451016833 -0.3859188234786689 
0.028044554779966896 0.8122057771876532 
0.007477710272295268 0.9136018625597783 
0.4308810958556361 -0.005635569411134074 
0.43538261139726675 -0.04906909540954632 
0.4215518233980678 0.0880684971776034 
0.24825260946097483 0.25506429481655285 
0.20861803146617602 0.48869706807310614 
0.03620280949447325 0.7781044674785258 
0.8305283827108906 -0.5904241996253438 
0.013745282126844838 0.8793317917649752 
0.8293199225555539 -0.5699797710926624 
0.6469595137295274 -0.4469652053070803 
0.42629449795710933 0.03480488720835751 
0.6348157780218693 -0.3597323280471565 
0.41312810159194735 0.19286311540443576 
0.21516450519428973 0.4390811367723633 
0.21123306420279342 0.47796688787489455 
0.626729146663536 -0.25684875815784985 
0.22379599588624433 0.3755873446540014 
0.8247179178546366 -0.4847706006319297 
0.023524826937087406 0.8322950607110672 
0.4393649762297822 -0.07680467008537309 
0.42572641691357516 0.045503852964819125 
0.056289286618522574 0.7098896668599881 
0.42020087871365586 0.10411749597167513 
0.6402676130934302 -0.40979475304588975 
0.43797708201141156 -0.06128417931723726 
0.4172494091018746 0.14403465006297345 
0.205964264373946 0.5100091334610068 
0.8470588122637396 -0.7529331611348773 
9.663748689612309E-4 0.9721136282025873 
0.2127430288304078 0.4574416473453317 
0.20486101215268177 0.5178522944522373 
0.630289662728095 -0.305725399546784 
0.44318366059508046 -0.09694776582386491 
0.0737903541370426 0.6777900428849952 
0.6427000975572675 -0.4262620681219908 
0.4152910385338972 0.16503154115904184 
0.8367007293165581 -0.6716965579804866 
0.04413636161458946 0.7516891806328433 
0.6341924452741688 -0.3522187507016398 
0.8354020636027736 -0.6584920725428137 
0.23102844192072636 0.3297215561951926 
0.041887938841459194 0.765647833888382 
0.6272917379053128 -0.2635147739702747 
0.6388397689062771 -0.39823776889087376 
0.25132296419999606 0.2490373586759615 
0.6440236222065294 -0.43424102636024425 
0.06043639118372057 0.6989333344924417 
0.1952313712020385 0.5899356220025076 
0.002499244974796422 0.9528883497078782 
0.8373365161631953 -0.6862497632601188 
0.19507197826789785 0.5907360888119493 
0.21813684295014565 0.4167016125118674 
0.8234943775863096 -0.4605156540517117 
0.4419915296384364 -0.09080856787478199 
0.8252959316698764 -0.4963280571720155 
0.21797745001600496 0.4175706117438939 
0.6289989801628225 -0.2882182884828929 
0.22111072345994098 0.39536002814785837 
0.06781817324415992 0.6905191635448431 
