0.5152398635541217
0.5152526989042933
0.515016479452954
0.5152336880236791
0.5153146783039219
0.5149692375952544
0.515243333707108
0.5153860129314168
0.5153365500942235
0.5152454075463548
0.5151389631985589
0.5155010146472829
0.5151841323379641
0.5150929638493236
0.5153376849643063
0.5153706705240392
0.5153267112103029
0.5151451108606889
0.5151613089307675
0.5156406214261338
0.5153964492471987
0.5152615108902037
0.5152508212976935
0.5149636520144224
0.5151201211071634
0.5153201724125887
0.515249423579745
0.5152920026212745
0.5153664707529755
0.5153812585025964
