6.709272535627084E-5
7.544972614213987E-5
6.391519732819617E-5
7.391604427694037E-5
6.64918801337869E-5
7.295698800286675E-5
6.78683261089809E-5
6.566979854029198E-5
6.776768660903024E-5
6.93121359218859E-5
6.614606851409168E-5
6.715386818835072E-5
7.179958637040874E-5
6.746981872599389E-5
7.033818782548902E-5
6.749934251849752E-5
7.011263930538465E-5
7.107453828540867E-5
6.871202972836749E-5
6.99630104132174E-5
6.469083428597474E-5
6.71992943352623E-5
6.687744464709734E-5
7.298063292846239E-5
6.896445215488859E-5
6.685254530152281E-5
6.887251473367482E-5
6.747119254720854E-5
6.558739409830857E-5
6.749245555599637E-5
