0.7516861609005827
0.7791381608209333
0.7309796644555675
0.7519932660536297
0.746906872891901
0.7703915203872173
0.7361575130597883
0.7309365287317622
0.7458158622538064
0.7534765357744403
0.7447451804273186
0.7398085431542657
0.7612744998865344
0.7418885681713112
0.7511193366283947
0.7349626638402642
0.7402580848189294
0.753333343263626
0.7484747393847423
0.7554703804278069
0.7365139980236581
0.7402580615926786
0.7419423664174656
0.7542394239970438
0.7506086680589118
0.7351735271050135
0.7484162700093218
0.7446605992149925
0.7553755318504286
0.7368137265470781
