6.091335040814272E-7 1.000930321549897 
0.9997322583730832 9.025731355273708E-4 
0.26512858089940633 0.4870007069485286 
0.07458786026004077 0.7282166459189733 
0.640539206628994 0.2007375435080883 
0.13295936971977068 0.6366406625441899 
0.14816640008677417 0.6162541431645538 
0.12602493333202341 0.6526067804044986 
0.5802870929233621 0.23912744964182017 
0.006960652746480167 0.9181172464519123 
0.10032451622337384 0.6846529333342689 
0.42507678560496365 0.34939485865201675 
0.2204031470753714 0.53215045701508 
0.02827110661616905 0.8456123333482819 
0.4395696115863186 0.3383220498073445 
0.3647733826371943 0.39735968834778956 
0.0026678729254219283 0.949985189596742 
0.5198103829584891 0.27982499229380475 
0.681081935956036 0.17563666934989322 
0.3784347883443608 0.3863244984953557 
0.4522351495966428 0.32848798561391007 
0.412137234782288 0.36206140133902676 
0.9709396522826272 0.019501872705250296 
0.034428306654706975 0.8162700725647739 
0.6143344049176678 0.2170100232412251 
0.6286468393870944 0.20802478753831408 
0.6944138068653973 0.16742553504951208 
0.6648879889356524 0.18534973191727194 
0.9549292813663643 0.02404419474100423 
0.05555102830608677 0.7654259702594034 
0.9840312262806854 0.008798251431535141 
0.11084351962676792 0.6688512735832284 
0.1617704526038823 0.6086433704796025 
0.9412740315026451 0.03053262618859247 
0.5574554319491566 0.2575933551346061 
0.5382552254430759 0.2670718386023818 
0.803371765791987 0.10466519997186492 
0.7422839288418417 0.1395890649370898 
0.39023204688636354 0.377270729725596 
0.17991300757435733 0.5768709989188794 
0.05048958304963327 0.7768795324365767 
0.48567166685088353 0.3073363839344458 
0.4972420706182641 0.3020190928780304 
0.9081359651866043 0.04802733960756724 
0.0870756077098116 0.7066587518828406 
0.08742316840056863 0.7057169292166343 
0.009529455831311262 0.9037790719994838 
0.22946689467470027 0.5222315167362672 
0.7567767547804942 0.13623558256277044 
0.465481208493191 0.318949148361863 
0.20806200396056254 0.5516768224446998 
4.210496980115441E-4 0.9810983102694169 
0.06562137660079725 0.7451047670496403 
0.03664126334356886 0.8100171512715215 
0.33242717839003666 0.42475368132293956 
0.30025337437149413 0.45530461606267036 
0.02194403975595599 0.8537173380185963 
0.712877327996668 0.1656340731270866 
0.34629723762337483 0.4124453618062282 
0.8977326938042628 0.053351844455729304 
0.9229820730281815 0.04299941885996193 
0.47221255913969407 0.3140830585234309 
0.8820678755176933 0.06175991489347137 
0.532326422413292 0.2711304784973805 
0.5648952535999967 0.24940233010755186 
0.8132811269469504 0.09912194453721417 
0.9293430505059742 0.03741029013556376 
0.065173899294908 0.751978183170978 
0.3288743936603094 0.4280575667338352 
0.1706171570533624 0.5883382755020423 
0.764046464177025 0.12681353745717608 
0.5972674298866214 0.2279289637881566 
0.19366813046773296 0.5612927644469848 
0.27724477471931575 0.47472990270431115 
0.31636598749877604 0.43899398523623145 
0.8665407202446356 0.07098727142231948 
0.8551061001591944 0.07611294453691814 
0.24047001053080003 0.5113137505787922 
0.24047001053080003 0.5113137505787922 
0.020648703711978356 0.8706805652334346 
0.7883986500474023 0.11277128749159052 
0.35230347797253625 0.4077857822860691 
0.6046962054665297 0.226810551845338 
0.10755421058363901 0.6733632670753728 
0.7295901981662694 0.1467242329111664 
0.047370516577285304 0.79605968000347 
0.6660330052767272 0.18484307152442037 
0.5088686172703629 0.29373442512998693 
0.016040125718720655 0.8752217034189087 
0.18754890488781575 0.5678680184278533 
0.8330739221953781 0.088433185613494 
0.001108472064650555 0.9683370343787715 
0.3137747475780488 0.4414133915058061 
0.047645911157171594 0.7948387765491922 
0.7148281657365249 0.15526495727907866 
0.20806200396056254 0.5516768224446998 
0.23734986066973546 0.5141622240402473 
0.8443410416786498 0.08381917632850833 
0.7770596237427421 0.1191947351812607 
0.7725040597562151 0.12210601772139522 
