0.9998836400955479 5.405329111893198E-4 
0.9998836400955479 5.405329111893198E-4 
3.629934852721929E-7 1.0005977348922868 
0.04712794285227115 0.7850325288628462 
0.9613765189877607 0.01993770101084725 
0.06300917039599202 0.7499750343534478 
0.17770372639540905 0.5796290778214042 
0.7591417302058568 0.13902935374864603 
0.4173437651367809 0.3546806999318306 
0.6935355219772126 0.1678836900640485 
0.717545522128943 0.15682883313821983 
0.9864734961867889 0.007265260902380899 
0.6587276374292439 0.18890118926676006 
0.031713482674117444 0.8246770100358135 
0.6790684667988619 0.1765257612968032 
0.19447257598339857 0.5624556187405435 
0.48445968248200133 0.30458164675103555 
0.9357390859220287 0.03329013215951246 
0.28823810754070334 0.46851551952011217 
0.3652581666332133 0.3964518481986297 
0.27105771552793306 0.4801479006335265 
0.872292155790499 0.0665082072937452 
0.09240412898996919 0.6967646478328356 
0.14442903079462716 0.6211233660721458 
0.7737997595640412 0.1215024777117052 
0.5067360881082077 0.2892753641483569 
0.5585617901850393 0.25342889539605484 
0.34854664476582153 0.41023350524955976 
0.7963729167630761 0.10826550466286555 
0.6441714994096144 0.1982122030884903 
0.4635782235826499 0.3215815238222585 
0.12767948452330646 0.6448741397686013 
0.16047783772651925 0.600878017659951 
0.2215687764851054 0.5312957987461525 
0.1160419517967047 0.6604487903173412 
0.3974892462235454 0.37008818709987196 
0.8298791022723095 0.08948286237248416 
0.8111147749371858 0.10079269545897408 
0.07457081997734447 0.7283649189553718 
0.8513994884117654 0.07778375556520281 
0.4469036205708198 0.3340007068201284 
0.6126599414802699 0.2182067278738984 
0.49377988301030495 0.2981023002235946 
0.24237035032088 0.5087377668171073 
0.10208299442682495 0.6818846403592097 
0.782337081376139 0.11610846002876146 
0.01586565121673955 0.8755705661113684 
0.006179457258303614 0.9223724737040215 
0.002480901134230551 0.9515090082610071 
0.9114813460875907 0.04698401488326855 
0.8476682522229902 0.08001350025823668 
0.06999713090184723 0.7389460176868056 
0.20290814833610088 0.5505366665346206 
0.5886131351004362 0.23346368094770167 
0.88296497003928 0.06082298569498025 
0.010840048797472883 0.8969842030268352 
0.1333781879640021 0.6355496236655518 
0.31582071547300494 0.4398564418915166 
0.8221208245062874 0.09474879851211569 
0.3614197109245808 0.40028232405620856 
0.30814285208623327 0.4475210788717573 
0.4599110968879973 0.32251512631737983 
0.026599620937287072 0.8380909760412325 
0.5373921812924889 0.267666698113875 
0.004797275093632591 0.9316651917336769 
0.3915922768266506 0.3751583374479826 
0.021207083719554234 0.856004027419002 
0.6214372343056166 0.21243333295776684 
0.2984238459779035 0.45481432081892964 
0.5201921419349862 0.27934712507676257 
0.7339180374411494 0.1440045538182817 
0.5788799316795572 0.23990943235234471 
2.201988847620462E-4 0.9865717489147798 
0.8962420729569115 0.05381606289492182 
0.926258324432345 0.03831581334279437 
0.08380465568395942 0.711284486945553 
0.08280218575530018 0.7135655628541788 
0.010840048797472883 0.8969842030268352 
0.23001165955554956 0.5214854050228687 
0.21162617835247055 0.5450200637189627 
0.0014003827526666082 0.9752315513007638 
0.1404220059920519 0.6273155840168352 
0.5201921419349862 0.27934712507676257 
0.3915922768266506 0.3751583374479826 
0.5546754733932703 0.260541324707542 
0.7308251571622217 0.1470504617441634 
0.5373921812924889 0.267666698113875 
0.6327421143116797 0.20605819635573078 
0.3375821525619015 0.4206013396660232 
0.9187868784026394 0.042849837488283415 
0.11050664882484648 0.6684936735340832 
0.33020898146835087 0.4260713025809634 
0.5788799316795572 0.23990943235234471 
0.26124567822351785 0.49030879373143627 
0.2523413215864998 0.5019782147010295 
0.10666818337234951 0.6744361162984189 
0.01770078780333051 0.8682031900305263 
0.16279525618888185 0.5980680049755338 
0.2597262133820017 0.4916670417620507 
0.8933771014424052 0.05547632298512567 
