0.9999409947337023 6.380540728719706E-4 
2.155136485937348E-11 1.0012234187200557 
0.9999409947337023 6.380540728719706E-4 
0.8505742345158747 0.07938490740846951 
0.16691786705794961 0.5926320774514173 
0.8050230501318878 0.10456543864223915 
0.22696317260719423 0.5249029747006562 
0.5607015166193124 0.25216594855846014 
0.011916126866981847 0.8931024765653968 
0.6459411055488896 0.19737785361562157 
0.31735560361673504 0.4382694628729866 
0.6879956780811549 0.17145595775037442 
0.6185636229506409 0.21421818320454653 
0.19025470326582503 0.5648760170202938 
0.20994196372986407 0.5434243131038149 
0.5820493206613362 0.23819680950540598 
0.2778232959310332 0.47426868424668306 
0.5304760995569269 0.27271133685621707 
0.43740524965512273 0.339667123758213 
0.36654163558578085 0.3964644056593311 
0.3827566094111861 0.382289690226874 
0.703965071062814 0.16178777205114137 
0.35682300382484455 0.4036880379915779 
0.45960924211413723 0.32313911861553724 
0.49855817210777414 0.2961677022229101 
0.07642056791611804 0.7245620279553942 
0.017943181769775336 0.8671356311462716 
0.9278139223766858 0.03767215924935052 
0.06363607689924905 0.7489034268147939 
0.09914958499254448 0.687011891566367 
0.027114418231817122 0.841629633788197 
0.9106402183282387 0.04655575737571876 
3.8763889303972815E-4 0.9818035738164909 
0.4126764805201294 0.35995341353867083 
0.24379520357019482 0.517455465508353 
0.4126764805201294 0.35995341353867083 
0.08593356555707023 0.7088706332457956 
0.8699921477370819 0.06895008385747896 
0.7475038308995762 0.13870220686232343 
0.2898828368647039 0.46263731955976317 
0.04472755467006795 0.7904306316734704 
0.1395318294009774 0.6280799827415219 
0.6133113056761624 0.21861787725628332 
0.4890549250126771 0.30165874611316024 
0.049946428161496303 0.7782925043042869 
0.1307233184814119 0.6395173461738786 
0.2898828368647039 0.46263731955976317 
0.6553381091980928 0.1930635882425103 
0.595132072447448 0.2292678690798183 
0.8256128887458603 0.09414533290934252 
0.8256128887458603 0.09414533290934252 
0.09748799257146995 0.6988561546118282 
0.4479805932137938 0.3319518795628223 
0.8916832632421138 0.05621573588694618 
0.020649687442442444 0.8577064183881119 
0.11904126133995999 0.6562551713503904 
0.785856546746113 0.11457671729200115 
0.03830454379022574 0.8056113943420383 
0.7723259991882793 0.12425153080704718 
0.6703570041050921 0.18230023750045524 
0.15717158581415014 0.6049832267287304 
0.9681809047711534 0.016715194486943055 
0.26469453105753743 0.486845696918924 
0.9546429516602575 0.023641597591397938 
0.20208871708966336 0.5514460312733656 
0.3197992313843885 0.4354275618887745 
0.007239462637971844 0.9372781653169839 
0.1258908202145988 0.6513084147378292 
0.8757676899492957 0.0649622409032787 
0.5153691953662375 0.28325841139450547 
0.4737648471687014 0.31298869654163836 
0.39233469463237414 0.37508782469256813 
0.5464564701758174 0.26166895325772993 
0.5153691953662375 0.28325841139450547 
0.7584561484874127 0.1312738456580892 
0.5441561499256753 0.26306653822273474 
0.00757967666049203 0.9147952057521663 
0.4758239579097553 0.3117124315201692 
0.11011213096324601 0.6695200881781288 
0.9188393148953351 0.04219872719855022 
0.6684259589829855 0.18353445293615628 
0.05633904877164686 0.7639073742452313 
0.030771858133071785 0.8264738780608707 
0.07898260760835607 0.7200575178312763 
0.39233469463237414 0.37508782469256813 
0.8876976221392541 0.0583457054830453 
0.7318338564295479 0.14716206199789328 
0.11011213096324601 0.6695200881781288 
0.7327250955249084 0.14506274510017694 
0.9479900959221506 0.02746409912112786 
0.975412234580279 0.013137578930362468 
0.7844419435352057 0.11635787135052447 
0.98412486977072 0.008881811971116272 
0.1953641526698081 0.5593326657154767 
0.7171525847625095 0.1539567834338718 
0.14857498822723947 0.6157820910226106 
0.16269120456197295 0.5983670108409176 
0.00757967666049203 0.9147952057521663 
0.5909548552339869 0.23210322172659492 
0.037105475665645364 0.8151753329086772 
