1.1557439818315161E-6 0.9996865381501753 
0.9999588478747041 4.8347609130808576E-4 
0.8458453022573337 0.08121408098078076 
0.8804952559324584 0.062349469041628074 
0.26071335855892336 0.4901352689410309 
0.6830420820237106 0.17416661880885193 
0.042126016590140904 0.7958475446475132 
0.010315468548007967 0.9009042050173214 
0.6554950351074471 0.19127336340942888 
0.3114953875622697 0.44278915051643764 
0.17684507347807726 0.5804867500257064 
0.1894413805798087 0.5656617415429832 
0.38169716358632666 0.3828842869843531 
0.6346095362167343 0.2040169899658278 
0.780687231232571 0.11742391877516141 
0.39575186349208524 0.3716065419838967 
0.07932171153060219 0.7330778132887612 
0.8103043551102238 0.10247355512829703 
0.560746451074533 0.25310551304824025 
0.6684662344924005 0.1837149666958065 
0.7920051369753063 0.11065516169804535 
0.12258718863029994 0.6520536941481246 
0.4834704866609265 0.30549461575234815 
0.019759140849114343 0.8604944820431006 
0.3264415729799696 0.42995142137479353 
0.7368810181170175 0.1448470496020108 
0.1550655978384171 0.6072430075310475 
0.20015432441091272 0.5538615104029324 
0.7091392164894393 0.15890945552522398 
0.002681523644506578 0.9492396399374148 
0.49239655230053453 0.2987403449828949 
0.9422133764382179 0.030065708920058224 
0.09851641555100912 0.6872864884435204 
0.14859983387218034 0.6203236413056941 
0.7552497376750745 0.13157220420074728 
0.11228134860593161 0.6663609546347637 
0.7606847901510079 0.12875987032276207 
0.37100613857159825 0.396699762742561 
0.5731522702845882 0.24422969889805712 
0.24142223438969265 0.5183815797170935 
0.13849769748989682 0.6306569449368875 
0.8931868730881656 0.05552343625132597 
0.13032539587876094 0.6398631688124551 
0.0014395760921467743 0.9692369814453443 
0.2793309112900069 0.47270727769160303 
0.8215993801699519 0.0939318508205831 
0.994817375371216 0.0033252766705013166 
0.2718530288599154 0.48074935105101674 
0.07175981572382684 0.7432750532665509 
0.006474939130903856 0.9210862247278517 
0.30051916040856086 0.45658291984535593 
0.46730169047587644 0.31719581723180734 
0.03506291294093633 0.8135207839596561 
0.33456277731903333 0.4223998300264467 
0.20936244697570316 0.5431353281212246 
0.9293872562427736 0.038818853482539335 
0.015983567118183856 0.8746283312493995 
0.6253388048328761 0.21056576067063731 
0.23143320026472355 0.5199709957552869 
0.5429801738972373 0.26391609218787304 
0.5080545351279655 0.2881631582525958 
0.004956279945812547 0.9308078745068098 
3.5761396641205076E-4 0.9840892540831434 
0.2211065925611299 0.5305512757164347 
0.34501989716866666 0.4149200514528829 
0.454605580934485 0.32679834633602156 
0.5272570976476083 0.27598723413880977 
0.9758365461632905 0.012965388242336352 
0.10835515515941935 0.6774453614202672 
0.0847963832603269 0.70954111574764 
0.9576710111146335 0.026429697183774158 
0.44302930020670256 0.3437738631784004 
0.5458865586729418 0.2622123413267991 
0.06328123967996802 0.7524139409295956 
0.44604915868446293 0.3330308988474644 
0.511823264867094 0.28580961749266753 
0.025882102314971955 0.8400756501885247 
0.05324435843682428 0.7717239295484076 
0.7255792346976604 0.1502247723790899 
0.9072039307011742 0.0513841423156997 
0.5837834877477353 0.23737362941907952 
0.4229925246909706 0.35697237929570996 
0.2920810831331584 0.46433141980554915 
0.6123958613079509 0.21844385654614962 
0.36045677605606025 0.40113728351084066 
0.42945823229941327 0.34527482032346635 
0.5247120865479445 0.27646612719684055 
0.5898202446250925 0.23327622740378143 
0.16591178421070965 0.5941349372662463 
0.21843056142142134 0.5388267541698024 
0.7106685939049708 0.15802234017959688 
0.1657477321960845 0.5944191858854325 
0.4635909451842367 0.31970997874067886 
0.031070671348332468 0.8246410591781642 
0.4148574011498919 0.36884296887402307 
0.08495782413482 0.7091447891146192 
0.9646601350094592 0.023408934345014717 
0.24142223438969265 0.5183815797170935 
0.05324435843682428 0.7717239295484076 
0.9206124528131804 0.04137306171655551 
