1.196014975154546E-10 1.0021791538551084 
0.9999334651689537 4.821355265598636E-4 
1.196014975154546E-10 1.0021791538551084 
0.3492878022934325 0.4094310598142776 
0.06036513811935984 0.7550830060509678 
0.3692765802488833 0.3930838683003932 
0.24789904705152882 0.503098265740051 
0.5043713037395149 0.2902428715865383 
0.4159702762491256 0.3557439739275799 
0.7864314227450258 0.11374166388532574 
0.48992605835622666 0.300732953062102 
0.01266744440460528 0.8886967596706885 
0.2680996750660101 0.48319958512497324 
0.1744863651299482 0.5830221159993922 
0.808237936210397 0.10167809227223558 
0.5318931257698201 0.2716352966740831 
0.7154077322742286 0.154782159147981 
0.016503571924501942 0.8730686776001775 
0.5199856618886073 0.2796008427689437 
0.07449433973326419 0.7289894914897017 
0.18634866088068175 0.5691793212744518 
0.43894815582281316 0.3381689381418302 
0.036252139520575155 0.8105549829781165 
0.9116402574659237 0.04553289436199218 
0.9383166535216332 0.03821597429730177 
0.19563236972092618 0.5588224025539742 
0.6189591383869277 0.21374690451461326 
0.09547622891459684 0.6920498445108044 
0.1416419387198899 0.6250430020860174 
0.022660644564045707 0.850828270949415 
0.031610016839355944 0.8232101137589362 
0.04425063186534746 0.7912180310446548 
0.8811510945975957 0.06385986456382549 
0.9818618075077674 0.015985058357067514 
0.053379431702232805 0.7695075175235399 
0.28631995281733735 0.4657828825732754 
0.028116693698425232 0.8433980433169682 
0.8391068767156218 0.08478121115427435 
0.08792538930371263 0.7042532806253254 
0.6369028712169236 0.2024147256628729 
0.2939281223203422 0.4585986490300301 
0.6025051318799008 0.22459170682104126 
0.7775433108929835 0.12116892888842691 
0.5486571966066582 0.26002537244005397 
0.7352100674652257 0.14327147590569017 
0.6669850891124323 0.1840955061351277 
0.10406335780756697 0.6783029990987988 
0.44533658405669907 0.333913504861738 
0.9883984943392766 0.0063688000194438675 
0.7533259809529953 0.13397515277716368 
0.8241492977641874 0.09299456801228137 
6.396341177977785E-4 0.9760071237758812 
0.0820658112522728 0.7150224434640741 
0.6530865675474695 0.19247759479136997 
0.007627274714625293 0.9136537404131215 
0.8622720570104557 0.07394740248594309 
0.394884360202104 0.3725658029344453 
0.7006606385709889 0.16733234284982237 
0.8495563315283504 0.08198282402948742 
0.12073784810150291 0.6534116978302922 
0.5773883691222818 0.24869038945810587 
0.3304045880055462 0.4265098100706539 
0.20661031883805825 0.5467581198624476 
0.11285369103031363 0.6647885512408296 
0.6825788762385369 0.17465658478170176 
0.9503811474232271 0.0259860909638036 
0.38430767378417074 0.38084061707965566 
0.232434160801624 0.5315768198971283 
0.5834154264564898 0.23655377372010994 
0.21621472160982225 0.5363718656420192 
0.4637572446106633 0.3203472056398437 
0.9629044274727896 0.019366138428357892 
0.4020402962522136 0.3669657522182801 
0.7368318150536268 0.14207354401684186 
0.3352411301120557 0.4220466846469879 
0.6115551549041838 0.21925781332987895 
0.7049527430525397 0.16088960404417552 
0.3826348136333718 0.38923745753393973 
0.5523663979344222 0.2575709848273168 
0.27478507447301154 0.476559804289934 
0.3186912932012261 0.43657219031833416 
0.15230766426559914 0.6109491270888266 
0.16436098180502387 0.5958821973026516 
0.6413163145122214 0.19982218352929076 
0.6855332573295697 0.17283076300491973 
0.4637572446106633 0.3203472056398437 
0.1344305153121592 0.6347188808724074 
0.8176509918846555 0.0964089180354094 
0.12537066197074068 0.6466799796426703 
0.940257296497216 0.03135370583228351 
0.3158698900298011 0.438612852982978 
0.23629121112347312 0.5148196263622464 
0.47541783379026464 0.3109895235695985 
0.24431555434133886 0.5121090547019951 
0.0021026691782409903 0.9555716077428071 
0.3047563469874135 0.4489498563703374 
0.10870548661570231 0.6712485139677996 
0.6663187084881573 0.19244315162697775 
0.8917720872506731 0.056101608983588035 
0.1551473921098537 0.6071293658237779 
