0.9996017744121358 9.073364283454968E-4 
0.9996017744121358 9.073364283454968E-4 
2.018447514164079E-10 1.0014257304693985 
0.4298085279052275 0.34630227346767256 
0.09037170657461094 0.7008344557269442 
0.075197247296037 0.7275924694471371 
0.17290552634288303 0.5857825656369053 
0.14673492625582912 0.618624963052176 
0.45393647812230564 0.32795550592003814 
0.7026187147024191 0.16326266200365988 
0.6804415823587511 0.17651904093780274 
0.19604226345125997 0.5584945729503269 
0.6694461599490711 0.18275459985482478 
0.4958691003584138 0.3007148286965439 
0.18370195502981865 0.5731309001568037 
0.5775960710310882 0.24110877467602432 
0.6059988501393709 0.22310459489434006 
0.8346771105660367 0.08766244006635952 
0.6306156416130333 0.207946868281804 
0.01774828041709431 0.8686603000433246 
0.11562260583280592 0.661510735470348 
0.2080399298313279 0.5455088365646261 
0.4108754300095838 0.3607824252025556 
0.1307696932310854 0.6399823084845151 
0.2589953447682938 0.4931264244693178 
0.04491538771643591 0.7900618996409253 
0.3790743762524667 0.38548547781222037 
0.03238881856827139 0.8215340082050447 
0.7954957933229534 0.1092716288654645 
0.39128148375667454 0.37585103724666125 
0.8777755667651659 0.06415932092927946 
0.15807704115966725 0.6038616434387977 
0.5455720616369719 0.26269556016736334 
0.8196237340187731 0.09571461719858397 
0.24396316088089448 0.514215429428514 
0.5612512811313703 0.25195720363334634 
0.050597953189309375 0.7770225644898685 
0.008487419291869913 0.9095052916253745 
0.058176468560238614 0.7655482980035274 
0.026906177368287182 0.8420679905046423 
0.1286046368256238 0.6428559984372976 
0.29161779578736957 0.46115589478179797 
0.9738483851241763 0.014108708184105439 
0.25056833104051346 0.5006440369062847 
0.02319484655607207 0.8495627136876653 
0.3645967463777694 0.39755370618733005 
0.7441217783734309 0.13857597663122212 
0.27535835329444125 0.4831896386721611 
0.5078199349489131 0.2883781525911867 
0.46131156062890505 0.32223535043089746 
0.9144324748895781 0.04475809776446249 
0.872230521429376 0.06722913646074452 
0.9350027672478683 0.03398462074436436 
0.5240082936363446 0.2773246366161756 
0.7772520697081947 0.12639234287534043 
0.7524557394996497 0.1336408070634865 
0.8543894318642553 0.07935719058150476 
0.6489441138762594 0.19595844833586054 
0.7793421709301042 0.11825174762226506 
0.6489441138762594 0.19595844833586054 
0.004127814885534854 0.9374854341797199 
0.347160607759815 0.41191895386258987 
0.30346607865155795 0.45043898471300753 
0.5288334432845375 0.2739846086052325 
0.012895616222899087 0.8880610506066073 
0.8556747006532869 0.07604261100140523 
7.512477712190574E-4 0.9742839812399194 
0.3333762290496861 0.4239080233947075 
0.27767853416744087 0.47445634018256566 
0.4760297793885825 0.3151121759812563 
0.3173565390851291 0.43763697752206515 
0.9521869490091677 0.025170884589617425 
0.038064076471508695 0.8066857468125391 
0.2312142005376122 0.5205573669756769 
1.5933486913383144E-4 0.9891505869114475 
0.33121117251815557 0.4256696535355503 
0.8985270874220219 0.05288512281019285 
0.5765855522336442 0.2436868752209519 
0.4760297793885825 0.3151121759812563 
0.3595350747024799 0.4016228929463015 
0.5525389074438452 0.25787468720632667 
0.10379825113152524 0.6790993288668215 
0.15465543888127392 0.6081191469321872 
0.3184614271199482 0.43686908544910175 
0.8985270874220219 0.05288512281019285 
0.7931367464443235 0.1106772035312293 
0.4172323580055467 0.3558275014665029 
0.0033516811473045596 0.9492132128622821 
0.9521869490091677 0.025170884589617425 
0.6076002619207981 0.22147983834987195 
0.726668193909505 0.1516867636108582 
0.21692460856907625 0.5359919341044062 
0.5035436583487166 0.2920295987385539 
0.013722424093499719 0.884747490193606 
0.9124108880472078 0.04588980886286515 
0.21692460856907625 0.5359919341044062 
0.9383691314925382 0.032051798172373816 
0.7296583764976449 0.14690186136034378 
0.8206741162028643 0.09504344941886704 
0.3519025040212373 0.4115746230911595 
