6.818858873762651E-14 1.0010232864450046 
0.9995899201031 6.272369030626069E-4 
0.21345865302910194 0.5411636372356561 
0.787327210237752 0.11338534894997364 
0.9125821165157066 0.045403366810295144 
0.09384261645977357 0.6947351497180957 
0.04158221914638374 0.7974171745842996 
0.2917134194220423 0.461168800616489 
0.8119809015816586 0.09955283855189512 
0.0023582695673075027 0.9552296246086073 
0.007070137710164112 0.9172840597811236 
0.5631027567714655 0.25038746806740825 
0.1302593239617633 0.6406115742155005 
0.031848112882997846 0.8225789263612366 
0.1196361250665445 0.6593977642475314 
0.8931515577148901 0.05553666593252966 
0.3761540319438122 0.38717959302709315 
0.7330315158989926 0.14440602572263606 
0.8203680004375357 0.09532105979374374 
0.2819327458900731 0.4778831897427347 
0.6432676591654525 0.20184841587706293 
0.5991422748657763 0.22680170639009523 
0.1934990185204344 0.5610874060133743 
0.08055633874567841 0.7170252639560167 
9.910572847912635E-4 0.9842155358672556 
0.7633932328558485 0.1271488516276136 
0.9473859958554698 0.0273020795609583 
0.0040843039499948025 0.9368195209463651 
0.16220574892984538 0.5984642170792288 
0.9653358275739913 0.01795430800006382 
0.6949639416983374 0.1676809420117041 
0.4083407403619028 0.361914336988271 
0.4269977235214131 0.3482920430936592 
0.10222942469488444 0.6812711671504512 
0.9791240504986204 0.016791180207539263 
0.2251199264410315 0.5265048670921111 
0.013118336249891338 0.8960782826009438 
0.32321002247242997 0.4342396006136503 
0.2324051191704941 0.5200120051680189 
0.0672189116844722 0.7418966128539036 
0.6560382425341732 0.19094969620574262 
0.5092859575689547 0.287266500550937 
0.772747997504705 0.12163710409516207 
0.021317243733783936 0.8554848318818634 
0.678062428950165 0.1772331035443068 
0.5809811211751456 0.23857085140261808 
0.9923021429794808 0.004343549595809916 
0.7451990866230024 0.1374249871293427 
0.5017423068022744 0.29242554191613435 
0.04730246260318943 0.7833747930544758 
0.33881677970077995 0.419272014859268 
0.1717521301939322 0.5864033940745323 
0.34556880044664084 0.4132499283806107 
0.8420104425067467 0.08338269069890623 
0.47399189998769353 0.31216482367071774 
0.0584817923264872 0.7591747582250842 
0.48781479801547534 0.302331941291523 
0.1551058792295423 0.6121385925461624 
0.9308610904283103 0.03564446328141467 
0.3861343990637873 0.37936049018836254 
0.02818235697833421 0.833207464012063 
0.8665613845809632 0.06996711150132175 
0.07152160368141977 0.7339443965705041 
0.39652941018599414 0.376413842801975 
0.5767136599033579 0.24156764305610318 
0.30531322280945 0.44841073880841353 
0.6132524609498838 0.217653137999774 
0.024171830859445492 0.846024481532413 
0.24739528055592125 0.5100918647156489 
0.18289508750502778 0.5737978690548158 
0.3604114369453606 0.4006163596233171 
0.3604114369453606 0.4006163596233171 
0.25530469661578603 0.4958514114750294 
0.05618680723254832 0.7764371533674971 
0.0186383352622954 0.8778827085513711 
0.4030306980429992 0.3660976484774419 
0.2667930980882175 0.484664285637655 
0.7105277382002178 0.1587669293244349 
0.5241624598258445 0.27686559981772496 
0.07871107092959659 0.7231672333475813 
0.5388093567922273 0.2668740695138978 
0.13873372758289976 0.6288453120300828 
0.6267432747827576 0.20907016101099538 
0.4452995852113025 0.3334851944389527 
0.6838437073547481 0.17409954475280523 
0.8530546226837052 0.07999135674837692 
0.5275093639840027 0.27432737261197515 
0.4320822827687065 0.34341686040422387 
0.1780879126419317 0.5789157776369178 
0.013750050842860212 0.8839312448205797 
0.6545260920026679 0.1919514023049455 
0.4866508127311435 0.3105332691228096 
0.8585114078537277 0.07471528842849241 
0.19139224116840053 0.5633372377830426 
0.6088253235499955 0.22174222525681572 
0.8806291183901004 0.062302669520101946 
0.711540082161132 0.15810937266333797 
0.4628716656440951 0.3206050173303738 
0.6260114096504806 0.2096388282354988 
0.3171318473475895 0.43747052164369515 
