0.9993264004018098 0.0010020164380856462 
2.3858107905531655E-8 1.0007941186893992 
2.3858107905531655E-8 1.0007941186893992 
0.9352815816057414 0.03341200866412818 
0.12232771376400067 0.6515281083553177 
0.9678464970358701 0.017328535954921516 
0.03717375164150477 0.8083700145738892 
0.1915155247535844 0.5637847777805874 
0.9115026921163266 0.05668302632405667 
0.24960409193831395 0.5013061345730511 
0.3331311774405702 0.42425903642128787 
0.6626680368279979 0.18671608014720012 
0.3163413382453912 0.4389879581978436 
0.23434933417973303 0.5170245698269477 
0.04605458433851395 0.7863499728747314 
0.05161263600664179 0.7737385539401251 
0.02500324001108549 0.8429569361427691 
0.9172013742176074 0.04313218379182741 
0.02962526030826107 0.8293171086530576 
0.8234064483259704 0.0934431514174501 
0.7706941243901484 0.12288177049784012 
0.2612401930882426 0.48979694299995785 
0.7396879465907733 0.14064033044546687 
4.4931708266446324E-4 0.9803351137230135 
0.7197825597033404 0.15623820031787275 
0.20504898231345625 0.5479643321507566 
0.6080229441121687 0.22092948097501458 
0.5273223824784781 0.2746873749507126 
0.6819690845330209 0.17504590943009038 
0.4192649057507667 0.35415290357453577 
0.40926062525051576 0.36163447993632625 
0.13963075300973693 0.6276328025282482 
0.6331404647206933 0.20563327102223858 
0.15415002181611998 0.6086280633493658 
0.09297157655246813 0.697350863867668 
0.4998704127423965 0.2969945442895707 
0.4540408827471924 0.32780767921196136 
0.75727366594135 0.13027579306861853 
0.5483647535303138 0.26044954014878985 
0.06170586481064694 0.7529858243963643 
0.22802159535333227 0.5294436092180258 
0.4331940232303273 0.34302701332067287 
0.004599086706840852 0.9332184793055105 
0.39507471121646304 0.372458849009998 
0.1775843070028406 0.5796753172440998 
0.16974420118108252 0.5891195144795245 
0.44015524480159 0.3375071418315827 
0.008888554194381865 0.9075348123402376 
0.589252041475639 0.2334269188812846 
0.7872885915112176 0.1137917559327414 
0.8651890994259602 0.07071655721223168 
0.2730934741871715 0.4783823952288063 
0.561455673629272 0.25172838018202814 
0.3915505780069649 0.38101932881438044 
0.11421878975938554 0.6637360676695151 
0.8804986576072944 0.06250033256110997 
0.34958533655430374 0.40992689466011234 
0.08478192199122744 0.7128300594512846 
0.0019595914822085267 0.9573952689880023 
0.3439478864133705 0.41428051364000007 
0.6501140553761635 0.1945879594942614 
0.018420849565501995 0.8659367069122994 
0.006930002576240865 0.9185813740835529 
0.8052069434817164 0.1034984349102604 
0.8494885380764616 0.07886940685955653 
0.012754857944313318 0.888513561246557 
0.6924946718644687 0.17391426642418875 
0.06392759531134344 0.7480835303024298 
0.36203536750538023 0.3992968091598718 
0.6019348851921327 0.2254693893908798 
0.7463342837442215 0.13713628508116682 
0.5229639416342021 0.27777037945531635 
0.08108174073294896 0.7166934345730829 
0.2927513580920912 0.45995052472165077 
0.0138955620766823 0.8835134225294241 
0.28158613987949904 0.47032475978981514 
0.3767077573371004 0.38711409630903737 
0.0024926835631852613 0.9513240841391575 
0.6438708448400383 0.19849409169011 
0.14466136423511772 0.620915404967733 
0.21601308788866652 0.5365814130645901 
0.07193857193175429 0.7344799980038247 
0.5804543623467018 0.2394727758440757 
0.6998976430971693 0.16413928611237966 
0.1010292167984993 0.6830724899534384 
0.305921236767463 0.44794320166841217 
0.4671297342769509 0.31924897396833835 
0.8565288822235602 0.07528994219128561 
0.8790513957389285 0.06345994357879411 
0.0745193067110123 0.7303554423931204 
0.36122627671165775 0.3997933653986901 
0.7958533061783772 0.11281650179382216 
0.2127989816255526 0.540227203586951 
0.09924972106282384 0.6861957236615442 
0.8374780971753198 0.08558999524459965 
0.4871679721553005 0.30321545901156616 
0.9756274347899324 0.013440136990759613 
0.5107527507057938 0.28666019224378986 
0.15165457555488687 0.6121932842011475 
0.9953776446530357 0.003099166406847739 
