8.761922719487114E-12 1.036543523218833 
0.9999704485669673 6.384337310565624E-4 
0.026378372062719008 0.8389879910085264 
0.7389607875573851 0.14112513383796033 
0.33135528381698215 0.4255607885616265 
0.760324387311868 0.12886321627868244 
0.2594765590384401 0.49189016722615425 
0.1252783639759724 0.6475212330743648 
0.11515274176386686 0.6714674582588829 
0.5462936462125642 0.26168927997799074 
0.3155342940854181 0.44196107951294433 
0.7099288359711062 0.1584075858088393 
0.9253941404440721 0.039507256711994045 
0.7772631555264736 0.11913526612138647 
0.020275645510869522 0.8588665590422596 
0.15474478187076568 0.6090723225538422 
0.1655224737137549 0.5940623410855546 
0.06645377121078502 0.7435706002942598 
0.8526234429577646 0.07792321195016558 
0.0378916084765234 0.8067253869371408 
0.13506438453884673 0.6345147279398305 
0.0541364561903275 0.7710081555193128 
0.14437767728966883 0.6213012726368232 
0.67934066002878 0.17664760971781723 
0.526477118288297 0.275278356466358 
0.015364324233046567 0.8771358949483592 
0.718571317042857 0.15305792991979542 
2.978077604399304E-11 1.0008116277515235 
0.5775857733137815 0.24809418568871885 
0.4407792142743955 0.3371580990087559 
0.37767769089220055 0.3872462066705294 
0.67934066002878 0.17664760971781723 
0.18156337250449867 0.5750833570483136 
0.592328908887261 0.2312661848656082 
0.6079177732906489 0.22106164801541053 
0.9580644092833877 0.023318816928270158 
0.658797918360263 0.18894730713200322 
0.20884865887660597 0.5441630295235795 
0.10276541421797002 0.6806059665621956 
2.0236143851867262E-4 0.9946263844631519 
0.838634579946084 0.08477695029387357 
0.9060090010185045 0.051322304029454834 
0.8120052459189137 0.09943078354376453 
0.8761962271873301 0.0761502129553785 
0.45018721882324214 0.3299408241625944 
0.239295880420146 0.5156009012796942 
0.17562359754031098 0.5825464546433987 
0.07674131169064016 0.7328102147938851 
0.46060013762975394 0.32203233933901887 
0.792661773366919 0.11053434134813366 
0.9717457615101506 0.014904029230917212 
0.0012883443332012134 0.9656321469229225 
0.6397636983974146 0.20104375953790712 
0.2894142436042151 0.4626373255401217 
0.5848929120269036 0.2359766082775451 
0.2751363506749338 0.4764773099629162 
0.4697087189557434 0.315490404142552 
0.6581655322704998 0.19272508818366502 
0.6152551546005743 0.21636179191694077 
0.7985990022245217 0.10698279441694807 
0.05050287024661097 0.7771530031643785 
0.34728636834647647 0.41193540589025107 
0.1932038478808895 0.5617467706755582 
0.8878301659053223 0.05833046078870533 
0.40350919733946 0.36558855055749356 
0.20020321571929367 0.5534924567471322 
0.09727871564523416 0.6902343729392921 
0.42738731912220407 0.34711318975317007 
0.007026424602043856 0.9175413747767953 
0.3916744790726349 0.37849818882810765 
0.011468496814733348 0.8974109521330075 
0.08697751077675342 0.7067221592925017 
0.2753305342451083 0.47629957106018717 
0.36821561670308306 0.394232791935501 
0.24603691257990234 0.5051817812057816 
0.41253485173982457 0.35892492932426395 
0.8293501113877079 0.09023606874777611 
0.4246820570407287 0.34979872744134277 
0.5104201013622715 0.28692812299712445 
0.8213290172970509 0.09444844733650945 
0.0918301732557125 0.6986295225277807 
0.947729328960988 0.028103282267721522 
0.9016594731678025 0.05132300648917042 
0.6268203508066632 0.20920692760357848 
0.29142640889853727 0.46066889463523225 
0.21776494406262978 0.5341749251024361 
0.3930595182661802 0.37425719052419576 
0.47881935408824705 0.30894081515828714 
0.0034608640344105795 0.9419172261559765 
0.011593547770098744 0.8934288977654761 
0.5602494621920718 0.25229326633583254 
0.939875668715216 0.03413119487860391 
0.5591388824664414 0.25311183901981366 
0.007026424602043856 0.9175413747767953 
0.4967219082046308 0.2962342496068965 
0.9792113926101967 0.011074455947597513 
0.521228509457959 0.27937359897866415 
0.3028589787213919 0.4509770574900788 
0.04246624654479872 0.7957459665693961 
0.4967219082046308 0.2962342496068965 
