1.8175637714177153E-9 1.0020449178915936 
0.9999192606449452 6.668596634173023E-4 
0.8315056065610169 0.08968298283717807 
0.43367071954680275 0.3424391414870324 
0.44955578346412883 0.33055365356795763 
0.5357349206046076 0.2690640699427514 
0.4680877080719439 0.3171233276811513 
0.23348469296383692 0.518208816714416 
0.1374345392033803 0.6313563469494109 
0.41475960410090756 0.3571545712097769 
0.8779137323696284 0.067382752088754 
0.6781190131392278 0.1777214987481207 
0.38963649942991174 0.37667944543087584 
0.5510811890923901 0.25966605217113964 
0.012217606126423891 0.8914855643613322 
0.5970543054980022 0.22986582478793294 
0.4057867142138931 0.36460472515518205 
0.7413846267517087 0.14073990429388444 
0.8487725374930246 0.07987941119970346 
0.6581070162583116 0.18992502504356748 
0.24426944782462345 0.5066071381274385 
0.0631661678499792 0.7510365263045992 
0.496466868165088 0.29797761962403274 
0.480432414559025 0.3090692477185907 
0.3023969611824904 0.4516215984999069 
0.02460793311355608 0.8445231984721099 
0.6380740518470536 0.20351051364317982 
0.6177879282141692 0.21473649513643506 
0.25542963629134274 0.49581879247705674 
0.33666125312282497 0.42146380961755103 
0.9516933803333598 0.030874644913525526 
0.8054178327398761 0.10404467933481129 
0.19181872876059863 0.5678570324686532 
0.5634987225713751 0.25077839698226795 
0.7691373606198774 0.12399134428994092 
0.34771679376149633 0.41172026549206253 
0.21996211692165926 0.533903882258816 
0.030766855051722886 0.826437207550327 
0.039915711468778835 0.8018209427932053 
0.09578816210415758 0.6917951891703912 
0.6869690825431497 0.17201688173154367 
0.6113540452070504 0.2191295473653012 
0.15231037636411393 0.61289850681463 
0.7890394357103614 0.11266197145550753 
0.518949353641599 0.28059617725608804 
0.518949353641599 0.28059617725608804 
0.04765969413150606 0.7855981035059733 
0.9574013825073684 0.022857773689584155 
0.29592083552838233 0.4578180971388345 
0.7013955819497237 0.1650162319812988 
0.13003026577305982 0.6417409446307107 
0.20481620722517624 0.5487061431380846 
0.10069212783973744 0.6833616093533932 
0.2848059598920981 0.4676365680631887 
0.8954328070643024 0.054762086121176334 
0.5767336295877517 0.24497197167717205 
0.1784775241166742 0.578851951741495 
0.3188547986426188 0.437228602985906 
0.11936120638692888 0.6563066344163476 
0.002741519708518325 0.950537533930774 
0.36588543443949595 0.4004853279436366 
0.3298856768150743 0.43568454984304367 
0.006607145237227052 0.9208402887974679 
0.9878566923830896 0.007539802108977786 
0.01789481009691027 0.8684103980429261 
0.9093686177358491 0.047059637456162186 
0.9155525582101549 0.043907683877525784 
0.7078201318661356 0.15927350504628568 
0.3576263831693914 0.4037224332515138 
0.3765460377983212 0.3907102278944355 
0.017554739725035906 0.8689276873220901 
3.966678813078217E-4 0.9823913022498413 
0.9296527328452966 0.03665827436435401 
0.07795882927225159 0.7239560907248899 
0.7213119262496903 0.15546943198402896 
0.9711023067687963 0.016613686945917878 
0.16937928424867965 0.5917252585475432 
0.49401233179754145 0.29949458303889337 
0.3795225379131746 0.38510524231322807 
0.1621415187779906 0.5988514379335457 
0.756525209648814 0.13154287999039593 
0.08716122231991857 0.7060723351482379 
0.052162788516416196 0.7730093964345071 
0.11013385482485166 0.6700387758325276 
0.2659318282249655 0.4863722669746972 
0.07127772724139 0.7345007235239801 
0.8047586641656161 0.10435077262887096 
0.8460521330789371 0.08153848699689292 
0.7213119262496903 0.15546943198402896 
0.27837207687961574 0.4736279534676277 
0.052162788516416196 0.7730093964345071 
0.08716122231991857 0.7060723351482379 
0.8924246056288041 0.06347198080089081 
0.15788750795460826 0.6073073043561266 
0.10950308454348634 0.6721422446628587 
0.6509155532397335 0.19499324326884362 
0.17539530405163165 0.5842514143789658 
0.21337717029799697 0.5397496803607353 
0.5843544838579499 0.23689726141624695 
0.6440054129304841 0.1985598256902494 
