9.548005793528117E-5
1.135687178124002E-4
1.0473550923909671E-4
1.0285068744225918E-4
9.736354266417207E-5
1.0327463834929484E-4
1.037123800407313E-4
9.482300827199902E-5
9.778522088549779E-5
9.97999913272945E-5
1.0031418297433259E-4
1.0427173492064225E-4
9.60623489964687E-5
1.1035378334203216E-4
9.626093150518407E-5
9.237823708605293E-5
9.60663688188665E-5
9.180408755636445E-5
9.346895797242065E-5
9.639960502953561E-5
9.604507636349984E-5
9.507250313478458E-5
9.850526949735536E-5
9.871112864503588E-5
9.204300232827337E-5
9.931555580733479E-5
1.025948436583654E-4
1.0116517026118277E-4
9.702078617385632E-5
9.508955973752098E-5
