0.9977511018266243 0.005132946038297793 
8.282606204391546E-18 1.0080041888717413 
0.08024945592096638 0.7240058238411274 
0.5875637808014766 0.23873465862361906 
0.6136139039867239 0.2218124842638021 
0.040407891446700595 0.8072552580497419 
0.42883596947126496 0.35215520541473694 
0.3618180060641816 0.40450027800251565 
0.09670044008342697 0.6967477104047619 
0.06827800786585375 0.7464010555478233 
0.5135662010222274 0.288911932631012 
0.5237718109074775 0.2813638510771051 
0.8243928950207022 0.09675242344555016 
0.8427314012952207 0.0869768928021053 
0.2542708264409781 0.5019636465222996 
0.5636861358734077 0.2549813084422548 
0.012644906809098522 0.8970255261809386 
0.979639101569896 0.01468179423453311 
0.739329599292031 0.14485737121972253 
0.03086648096010798 0.8333844707425843 
0.2167332672646587 0.540725513736473 
0.7552782869401531 0.13561909261374422 
0.8770995451061715 0.06822807821086595 
0.3457813085488006 0.41819601401268663 
0.16798306909881616 0.5969643377352079 
0.17730110234721708 0.5859025630175249 
0.18772726379645172 0.5731802381860889 
0.047863212958129286 0.7893571229265759 
0.6666650981970709 0.1883914355615965 
0.8100934837232457 0.10485026966138128 
0.3971915921139357 0.3757902731221832 
0.2033149541693327 0.5553836094775777 
0.7057579017513984 0.16517436635664645 
0.8903583795733481 0.061093666487733456 
0.9535359599174469 0.02775492003530512 
0.005090297574754758 0.9370286102017036 
0.0023464043346940744 0.9613988822159778 
0.4123816335476622 0.3636239929339952 
0.5751378797111119 0.2469735212041567 
0.7790535649616885 0.12226462755358596 
0.9647058470946823 0.022087087929905245 
0.5437983275281553 0.2680604304045001 
0.28639294757983247 0.47076899587730975 
0.061652118396581135 0.7595379662442318 
0.6535839209247415 0.19711421823711503 
0.27729244764007066 0.47937852627696964 
0.29766486480730503 0.46094785919063147 
0.3820316923647983 0.38754819747215585 
0.3765800839799613 0.39238372694864926 
0.7680078785035206 0.1283910826279448 
0.4922513042080535 0.3036768947527992 
0.7264315710592315 0.1525062686815016 
0.1307978521308224 0.6457576561798984 
2.515982217219971E-4 0.9937020667043858 
0.14509423683428638 0.6267167771284837 
0.30630317628972914 0.4527405630109198 
0.9227987700977882 0.04383733100115562 
0.6432485656579772 0.20291226097588438 
0.0011842136666707775 0.9737665427503817 
0.9380576226684678 0.03634631121773878 
0.4466252708377167 0.3376548745920022 
0.8610464900414807 0.07649307592071802 
0.0073788810352231615 0.9226938812862716 
0.1969563013780724 0.5624874166233574 
0.7167187355230067 0.15797770933344915 
0.547161085714853 0.26584027917906305 
0.6909549848789571 0.17355837635350438 
0.3157172814456799 0.44426799880651496 
0.028233140002962634 0.840571469003121 
0.01804335772251517 0.8748244432587376 
0.23962816500532783 0.5168403557631297 
0.6255387982380561 0.21447474311060424 
0.10796313608243757 0.6787092189969754 
0.6792219582010932 0.18053820540220944 
0.22854607644210356 0.5294690770047226 
0.2433637848153467 0.5136844067936819 
0.4617826504309961 0.32575661018567914 
0.6321291178130651 0.20999567413656028 
0.10160290668466215 0.6887415473962146 
0.15765954451229663 0.6101094433881283 
0.90856628627165 0.05116336823429217 
0.7934184615684147 0.11402954030874793 
0.8550723426847864 0.07979018446543897 
0.32349918765599295 0.4381691576904592 
0.9040669166976499 0.05409422114408878 
0.33106932848723525 0.43083918274936484 
0.9950197368996122 0.0065402687969825365 
0.015242148705116606 0.8840926396980491 
0.40581219188239903 0.36938802352382255 
0.3382401887556918 0.42483788601179195 
0.15518082868839506 0.6134163642285343 
0.4474960805439058 0.3368338370574881 
0.05522922780583116 0.7721629621695 
0.7973488651937353 0.11173123948718042 
0.26669762217540377 0.4897813683399415 
0.022877380383519226 0.8566860744621315 
0.47285740183560315 0.3180018424579774 
0.05295460633429189 0.7769266736119781 
0.1300156386820718 0.6472727806408722 
0.14569011416703626 0.6253857826712764 
