0.9918490724410456 0.006619654594484334 
0.0 1.0053329692240993 
0.13620232752852884 0.635300384598147 
0.10967533871348673 0.6732675905713099 
0.9208297401345421 0.043298443351875875 
0.4265671325575602 0.3507442441196951 
0.09498303014796919 0.6967005752718277 
0.013993193771684058 0.8871800340920027 
0.22543471365538015 0.5295782763001204 
0.2677741154130723 0.486466114466007 
0.24817368433626436 0.5055593436497166 
0.40631354336289743 0.36885269732490217 
0.007271061127994638 0.919571846606141 
0.15172513181241662 0.614987506285533 
0.017593214495865178 0.872374217762283 
0.30819087045215643 0.4485525280831474 
0.9693855844490249 0.018053920880467447 
0.8749582581809635 0.06745467896427504 
0.04673774548930976 0.7881610226167053 
0.32693409750475655 0.4319742186527751 
0.3963307782110946 0.3743548431317285 
0.858300830841528 0.07611341234061074 
0.08101311077596073 0.7201801208997411 
0.8969475285187275 0.055878581238488836 
0.2133379366563628 0.5422147509893798 
0.49757172973806846 0.2981544440129449 
0.20307426603177597 0.5533951391134866 
0.36343466889562775 0.4007325036512256 
0.025271288419141558 0.8460247531337157 
0.4771490140963609 0.3126822024035215 
0.055340382687316725 0.7700073426054396 
0.5805901963493214 0.24108885739980143 
0.9377782569851181 0.03436717255729759 
0.6570911113493108 0.1926296572581526 
0.7213657916862133 0.15376126363062456 
0.06033679689034846 0.7594888927428524 
0.032715923560818205 0.8242981142241625 
0.08767862188907471 0.7089290000760152 
0.16580421837405387 0.5970491557410863 
0.7348432889878129 0.1459424413128854 
0.07056715013106374 0.7388927144716095 
0.6469045664993709 0.19889392513194798 
2.842048322595804E-4 0.9884251241661236 
0.6722626051153714 0.18316854574674038 
0.3783818147582267 0.3887697405265473 
0.784901809192394 0.11706628868042786 
0.1221558543770842 0.6549858372653562 
0.8362627628134903 0.08854628885687887 
0.8444469804108887 0.08411208835139727 
0.5681455666097956 0.2497073975941063 
0.005309822105469708 0.9322319470077367 
0.29937274569528793 0.45667768474103715 
0.7680802704833629 0.12651613551354302 
0.3501739807524825 0.41199503784485053 
0.989443510724104 0.008033616578215287 
0.6789999242685261 0.17912638311684995 
0.8216954291158224 0.0961306938459411 
0.44437801135927 0.33732904485275056 
0.5933441924697523 0.23294437710420937 
0.29015098280962426 0.46489071751364097 
0.8906070059136364 0.05929878708151207 
0.00305505886452509 0.9498863358190469 
0.6971140296657883 0.17416385253860706 
0.6302991136488266 0.20934093388236796 
0.16031980653281702 0.6059079509602889 
0.7905777088499198 0.11378249617148295 
0.24066660623500064 0.5135717631374523 
0.4725322290714222 0.31606688571157365 
0.1920595564855478 0.5659547419162246 
0.4375320215655315 0.34208673714961335 
0.5413907146526762 0.2677953539963296 
0.06828594996830285 0.7437506864586313 
0.1216043347537088 0.6557792670077013 
0.33390353042664367 0.426288604963635 
0.601239034530778 0.22796488017357439 
0.615313333356221 0.2189525139155406 
0.511180149663871 0.28835223918139496 
0.7089802630776989 0.16110150996263942 
0.5243390440831461 0.27934017680385526 
0.027836098616226324 0.8380417985328401 
0.5516921637245417 0.2604271216122941 
0.2818626831646358 0.472944548741931 
0.0012441386892403025 0.9704366493156303 
0.2757808374984013 0.47887330482959417 
0.4590254515141786 0.3258859800083685 
0.9481884253397251 0.02886318359083706 
0.5600272185763101 0.25494599219871256 
0.6349158986737653 0.20657013874852398 
0.18810232282113235 0.570472807922579 
0.37693853415711265 0.39032517211106593 
0.0377494772514248 0.8102747539804818 
0.17612752590931235 0.5847485851139343 
0.456912133762514 0.327644500810772 
0.7445160492640207 0.1401889385697608 
0.8054632413165017 0.10579757124059062 
0.352300166892179 0.41064186693380567 
0.7631280104176155 0.1293745405568677 
0.8144876590186341 0.1005799011148493 
0.04050105129792593 0.8035785612413399 
0.6117657066501725 0.22102533538863114 
