0.9984563959065391 0.0030830407054556167 
0.0 1.0054639713068099 
0.0031423783544959616 0.9551746030276413 
0.16876248514199294 0.593398518331603 
0.6639783598006554 0.18893551613299667 
0.023594379652357264 0.8560955413834368 
0.14949083587281803 0.617941035262029 
0.21919718538106162 0.5400912557570012 
0.35961864876872873 0.40463896112039177 
0.032791281506731024 0.8277406850404512 
0.328401078747195 0.4308972670024977 
0.34298707803790013 0.4178782095070117 
0.3144473854349524 0.44722117422016494 
0.09441833824017976 0.6977170089163709 
0.6425020869928142 0.20208543628336045 
0.4576535084680129 0.3273810560697399 
0.8807783214116216 0.06455501254070141 
0.5331861986224816 0.273030882255806 
0.1067643891014205 0.677073504264715 
0.3750440763984702 0.3911844968070769 
0.48292126327763174 0.30876346434377416 
0.6139544795852099 0.2202128313759361 
0.23312190955252857 0.5215599173303961 
0.4988851303747609 0.2966417331426468 
0.20305469637590867 0.5540391841093756 
0.6316942379758707 0.21082829607840076 
0.5450941567163852 0.26627796305635926 
0.9075061276480846 0.05034203159567247 
0.4411613973461218 0.3398219461859211 
0.27873970793794567 0.47510991742506686 
0.3004445325734181 0.4599175892066932 
0.47314879071160953 0.31918610089065613 
0.6014573094371547 0.22837508530433648 
0.42301742642728035 0.35697944219904276 
0.08675391715809856 0.7114803586671301 
0.38622220070015223 0.3813996518467913 
0.4079219440469512 0.3649863390070474 
0.005419147271660429 0.9361839118452576 
0.12016310839678285 0.6580622322245945 
0.6962456243567826 0.1690791977606576 
0.5139202799699619 0.2868110398612652 
0.39759866990989723 0.37263016589209713 
0.7189087775344505 0.15766593211385924 
0.7931712394858296 0.1128383173440746 
0.2893849367381087 0.4662662805508205 
0.9641162689523269 0.02154721949883067 
0.8105953558491921 0.1054742584427949 
0.04694273036884006 0.7913345848107729 
0.432636726036963 0.34798106674766616 
0.07903687829497959 0.7236075013702041 
0.7472504904214415 0.13917646329225608 
0.01818277318197577 0.8766223143741035 
0.7530275340532883 0.13475273860749068 
0.2405745148922015 0.5138039657942268 
0.14246298712039906 0.6302937752669832 
0.7083108174592371 0.16351779756985058 
0.5623125425997463 0.2556062615261251 
0.012214104804631809 0.8950610079487064 
0.8280804048157188 0.09304108079549574 
0.5876613516889276 0.23699523734316452 
0.056593525315816795 0.7714783862683362 
0.11464069666830146 0.667201042679947 
0.869870719162953 0.07029680865207844 
0.179244959303448 0.5819958569495194 
0.9189024512820015 0.04460432014192234 
0.9520982913560585 0.02683185779447031 
0.2540907307839722 0.4994020100105122 
0.6818271740664106 0.17798812617487872 
0.8160795126306706 0.09975988253768164 
0.04013746606412061 0.8083683990909499 
0.007865973802306858 0.9191553600908184 
0.049506465081427586 0.7821030093222894 
0.07490841182814795 0.7349442385195865 
0.8377276089473508 0.08788442013787756 
0.8530539041533938 0.08039044781037263 
0.009109136023142561 0.9103317528673478 
0.7686938492215788 0.12593713733155712 
0.25011684056668737 0.5039901637974269 
0.5648436755166107 0.2519890144855577 
0.931596062443988 0.03785126339878078 
0.5778602758107547 0.24352190490553915 
0.03837863893778572 0.8126948603360079 
0.26667803449969296 0.4877090870396788 
0.7315416142678967 0.14833589247992626 
0.13075382984712364 0.6432202927883717 
0.9762705594062704 0.014920094333708235 
0.5106379837651575 0.28895903681469437 
0.01634966700964645 0.8836407770822324 
0.1347934138045233 0.6374579286166817 
0.26525001086336997 0.48823134778095917 
0.19185547434402445 0.5655194295598182 
0.9436175209327325 0.03234630450916309 
0.6820018093458228 0.17687106505268532 
0.19484659816373526 0.5630039659782222 
0.7307870276130439 0.14866879859940782 
0.7819592874404628 0.11853776489304658 
0.06030350927384709 0.760400240025918 
0.8469865198565864 0.08317236951507835 
0.06233788641128035 0.7560747489733485 
0.7708824952127293 0.124483775152257 
