0.0 1.0099739753587187 
0.9995648903238592 0.003315064768946961 
0.7088727716399323 0.16175637448727465 
0.8017062174451018 0.1084270799149833 
0.6648342524091646 0.18845408005217024 
0.049100940162519896 0.7871932327472261 
0.3904280820644556 0.38179086806165985 
0.23269045614704048 0.5225448311144092 
0.08677163225043732 0.711063271017146 
0.3771013127836547 0.39009556033906484 
0.6437368546220346 0.20168443272347147 
0.5997512791653581 0.23212282953674498 
0.46034546122442105 0.3257328845720693 
0.826776457363535 0.09420135836916743 
0.7852517313457391 0.11819956434371579 
0.5790981365983716 0.24289711856874224 
0.07579256417404917 0.7325116391904198 
0.8688162171704743 0.0732869916793419 
0.5436197782617052 0.2675955346877012 
0.48076185007931194 0.3163572861344455 
0.22245789359038332 0.5353111051709734 
0.768308745542594 0.12698801349922773 
0.038000169363736624 0.8131243885578309 
0.14808217768222226 0.6203580706468091 
0.26574290029258 0.48899533668685585 
0.41191277110959734 0.3648878084215341 
0.4220091366002061 0.3541326171166735 
0.9211535345802608 0.043446725054168904 
0.35958885218613956 0.4070857973047561 
0.6134857099316794 0.22274369832357083 
0.6851288632987157 0.17869322756692743 
0.44169209311273716 0.34199785245360775 
0.9058608169992198 0.05276491851877029 
0.1378295469726785 0.6332027854549361 
0.29627429869197264 0.4629723340257281 
0.341535581580795 0.422194658106048 
0.5234844493825811 0.2824950498034861 
0.8879654999129373 0.06233236062675184 
0.9668257878840649 0.02216351069311731 
0.1817434457164906 0.5813330440407194 
0.25071344610606333 0.5066245262035903 
0.4909387730235994 0.3091247758762573 
0.009785673446796594 0.9125440167444024 
0.15955096080348286 0.6090733124313061 
0.9363019934370015 0.038014972004800925 
0.16611066982490397 0.6008974921474544 
0.9473050455995758 0.03230716702605889 
0.3189616320299362 0.44005372604694026 
0.006362579587008204 0.9323993128142056 
0.17663976209606283 0.5891037025986237 
0.44795246583337556 0.3373429294917058 
0.8572147851722949 0.080687586512829 
0.726622531624367 0.15293738223602696 
0.5683219555283867 0.25254994945496223 
0.13032922171159816 0.6448669921310073 
0.3540377232513552 0.4117363164143676 
0.1927875451975546 0.5659881389158113 
0.09702741131942286 0.6969424686313378 
0.2531839257644683 0.5040232563392452 
0.10646625158634654 0.6821832101320129 
3.237050763152671E-4 0.9879793865818564 
0.014929740413280379 0.8860117508425502 
0.011359668560896596 0.8995006222912955 
0.21021850449308171 0.5469646004043326 
0.12361665631933239 0.6525663784930261 
0.3091945862914761 0.45093489986159463 
0.062000821501916464 0.7604059900828118 
0.6252519226835048 0.21328819952260425 
0.028053950872091227 0.8383645791467419 
0.11851589242918503 0.6641063900135907 
0.6310534381244159 0.2094963952721059 
0.11179683659491679 0.6709564375878078 
0.6833576703643514 0.1789997639124693 
0.9868710683795003 0.013163494170658745 
0.0025209801838320294 0.9564065296881742 
0.8457992543389283 0.08470829578978889 
0.9602734312387458 0.02627962839766278 
0.7551556663992108 0.1346430396883326 
0.8362025813891573 0.08938327525962299 
0.5181698755614035 0.2870188015053815 
0.2820345130944731 0.4760233808319953 
0.27754065370164693 0.4825955004021845 
0.503792566483355 0.2962790297074568 
0.004794410411966155 0.9429061489756608 
0.8944133782413637 0.05897886133917036 
0.5514404090327371 0.2614323515808461 
0.06987112241358953 0.7451910434286475 
0.03362764466119458 0.824853899000573 
0.5588298696327224 0.2562374946061633 
0.5025210423810649 0.2994607831002398 
0.33239566378156066 0.4303808850980534 
0.017405568473907118 0.8738518821785421 
0.30374684958563963 0.4558554331267588 
0.10026022318584897 0.6918420034671772 
0.05643180524381017 0.7710574381099067 
0.025832857592520242 0.8475290462712843 
0.0013605305745297835 0.9693134228722255 
0.02299125698003751 0.8573833018487192 
0.32709927341834366 0.43341684545008535 
0.06693588883649054 0.7499007715052648 
