0.0 1.0032060334230124 
0.9999215581513139 3.2742533484824023E-4 
0.11914210509885731 0.6572369934218263 
0.6780768641183988 0.17707238313021867 
0.05513158182384792 0.7658272991938265 
0.09048228750604181 0.7017958595657141 
0.0783274389885833 0.7229511115792936 
0.3934538534965088 0.3756007710974954 
0.04469906538876178 0.7891790622878662 
0.7755787122347557 0.11961992775243828 
0.17588955269544154 0.5809234391923882 
0.7552453288894003 0.13268551772150308 
0.6607534834674877 0.1893224995316022 
0.41106292798319255 0.3613660855489868 
0.7404846773163266 0.14396383984640027 
0.8596856681764551 0.07449611603248428 
0.47592162518183356 0.3106389880523991 
0.60451820330221 0.22272580697048372 
0.9495999300959095 0.027285920142468643 
0.23684937978188528 0.5137788523442368 
0.1360415497444709 0.6315390871489621 
0.4286032290572931 0.34759759354299685 
0.46124235155689697 0.3212587312181025 
0.16018181708577878 0.6030262104726023 
0.06273692784108004 0.7502978648375468 
0.5888516528543977 0.23302162001080112 
0.7133079992436476 0.15731144740149464 
0.8416736705134704 0.08287564650402629 
0.06979434476132798 0.7361312201592317 
0.6174341860970054 0.2144837694333011 
0.4886694426676357 0.30152839510853297 
0.2703155661836511 0.48083500015308134 
0.0029516116325245534 0.9461320130785704 
0.2071968626014578 0.5456208052353254 
0.22341427762411153 0.527798832812724 
0.5326679585425672 0.27060669968108036 
0.24719847684213186 0.5052606701156729 
0.5541838571068639 0.2558628290965471 
0.19897335787434578 0.5568005377105117 
0.11199800790668557 0.6678351739879833 
0.03893502996883502 0.8035175010066165 
0.44681807882688196 0.33385922817149055 
0.6483034212497637 0.19687611368639946 
0.3209924148182761 0.4338391020048943 
0.8739236069471733 0.06684857928705265 
0.9866212020997168 0.007011999394045398 
0.8830691098239863 0.06060742358109718 
0.3799738758974688 0.384187869893471 
0.9078249382619801 0.047485365906471344 
0.967838310634566 0.017870267875480572 
0.009530719165758872 0.9031702276002644 
0.5409307392566645 0.26646733743872913 
0.006285946612681892 0.9215347746401515 
0.3718297873732645 0.390768525692766 
0.9286433204946811 0.03667913057548545 
0.8306030967010342 0.08890259245305973 
8.736512069680846E-4 0.9711276870567812 
0.6960852076682715 0.16607891150297688 
0.02371272881956532 0.8469392391320945 
0.09844032070768038 0.6865581783173024 
0.2182526193207009 0.5355553419402316 
0.18878197378218822 0.5659620558855842 
0.028013573346515275 0.835467001807529 
4.741546345331249E-4 0.9787763860647559 
0.3464216815482477 0.4137020720750764 
0.10295739181966503 0.6795859546664275 
0.42063885627627967 0.35373783170785456 
0.9313401142681529 0.03521409373076168 
0.8185833765387398 0.09553103194247323 
0.2565100276454765 0.49391523080008604 
0.3349952738410489 0.4216289827266465 
0.8048871199210824 0.1031324024600389 
0.5164501086743005 0.2816114357319118 
0.1474476116632536 0.6163610676178474 
0.28987832523619156 0.46206131560397407 
0.004633092615657419 0.9342990424536494 
0.18224782291109853 0.5736287836148518 
0.9634614380280475 0.0203823782480341 
0.7925211615330471 0.11002575250464124 
0.2825523262650287 0.46889581286753684 
0.4494874608925049 0.3300846810611141 
0.5028069063591014 0.2913490329739 
0.7875432797238135 0.11343901797756341 
0.1559554302879596 0.605476491554256 
0.7430662626416584 0.13838438673897985 
0.6372411349790374 0.2037896066256339 
0.03376746871786834 0.8167579113011328 
0.3082340733571691 0.44534473882812003 
0.5788038524841057 0.24091006264955594 
0.3548168449241911 0.40495452958078837 
0.031948180490945 0.8221182671116033 
0.4996773592770152 0.2934075214047617 
0.3149093258531801 0.4393548167691755 
0.5745866989875946 0.2439370347389407 
0.361293940753702 0.4013449829085624 
0.5155228407148738 0.2822891030183505 
0.1444553519080211 0.6225678524400221 
0.019248244803690945 0.8616710856149493 
0.6998525382603973 0.16382369079837092 
0.6303705082080717 0.20645398258564468 
