0.0 1.0025075425137402 
0.9978444441844607 0.0022313181696051888 
0.9593252398739869 0.02171010835273606 
0.2834313946235618 0.4704842791179703 
0.9867978072294257 0.009522303971272562 
0.009124398057803015 0.906809508724849 
0.2344244229274733 0.5210679642889345 
0.941432427562819 0.031029077210488656 
4.088345663434377E-4 0.9822868875570174 
0.7138647706760742 0.15597445483170358 
0.24428087016334307 0.5076508600414829 
0.25961649630410844 0.49226816507287774 
0.8945826000032907 0.05617408916239891 
0.0027134975184147925 0.950371121062589 
0.45148318274047944 0.3298828124271173 
0.46988396850270897 0.31694019740569074 
0.004518161089935968 0.9349432707852399 
0.922924511975365 0.04048871623015909 
0.6345917031701795 0.20560651702136928 
0.1774999601751025 0.5807106286705438 
0.08729432809074594 0.7079035893355593 
0.8753485963387553 0.06639339181563308 
0.807428636297133 0.10290670178136667 
0.2705710153702708 0.48161634706580286 
0.35996342353125105 0.40257177389804766 
0.9091557725577724 0.04855154194457911 
0.1877473770621328 0.5686358260190973 
0.21757049256777775 0.5362921988850701 
0.5215379327941377 0.2793131582841406 
0.0363138519320583 0.8122555186480718 
0.031169843538595143 0.8262850360194229 
0.025140756562664623 0.8436437629049364 
0.14680534579905255 0.6188519733019787 
0.3391033356445125 0.41932532043781934 
0.30381795161700176 0.45044310154228673 
0.1192065257781005 0.656701398231441 
0.5856197524353288 0.23696359747256204 
0.8646161244860804 0.07202943634770383 
0.533884829584917 0.2707746207717722 
0.1062680718174745 0.6770099981113714 
0.792657906513233 0.11101246963626396 
0.0806098754368677 0.7191899430565765 
0.09822775388093553 0.6895759231976963 
0.5564114790030332 0.2565686126744166 
0.7815844865362447 0.11738307943478157 
0.6996342003487402 0.1649253815978921 
0.5458642554758517 0.2626424146870426 
0.4403248728937534 0.3379509627538448 
0.39792756891630715 0.3717882639814948 
0.21163134431170624 0.5419540359586897 
0.013391801213189808 0.8865004409596596 
0.6820494723285002 0.17563182148128584 
0.7337245554146643 0.1448598403145404 
0.7461479644909299 0.13779388723343422 
0.16656148708218393 0.5949987536897272 
0.13397747504056673 0.6359905670159103 
0.05200241610381939 0.7742268565263702 
0.48024348293618696 0.30868089203375987 
0.4940519687310237 0.3000295239810786 
0.6194568313336918 0.2145111233174792 
0.042820159921325096 0.7952804801408669 
0.37391328704978954 0.39043183967724243 
0.3841601273668708 0.38187447053448065 
0.13914392691852812 0.6288917970643408 
0.7675069101507561 0.12517620212992928 
0.5970818018652998 0.22880614198726665 
0.6491754637144513 0.1965721372951634 
0.31973937961074556 0.4362232547520804 
0.200479471038229 0.5550289703529849 
0.015519985301759104 0.8776342523433563 
0.6028628691343213 0.22499852291536276 
0.30770975927047967 0.44692478017752185 
0.07225488148302511 0.7331560502794647 
0.6901882561138625 0.171443737368154 
0.6678503717279008 0.18414287427851755 
0.15749383116114082 0.605073972316796 
0.8482815353963497 0.08091909651622384 
0.4254172798517417 0.3501706606265841 
0.4111066492304134 0.36143148016937354 
0.6150483710012747 0.2180758713359483 
0.5698454729202527 0.24727526756181378 
0.1979675702347245 0.557247119220424 
0.757950617936231 0.13079914051092825 
0.5722614453555149 0.2456814019695284 
0.5074655278302793 0.2899210209601432 
0.6654233951683508 0.18715570825088154 
0.6525127662980296 0.19449879778397827 
0.4134518459671237 0.3598143245646525 
0.8220013475134138 0.0945925616678125 
0.5083876674275754 0.28855762934123397 
0.06683123896409537 0.7428597286239154 
0.33209224489496464 0.4255328839867939 
0.05931980632386337 0.758470986713834 
0.3905433473142202 0.3767477448369841 
0.12510202170370044 0.6485601689439922 
0.48829956614622355 0.30295671262193774 
0.047236508283790724 0.784937565792394 
0.05771748919522096 0.7619443486239028 
0.8322258955357766 0.08928769169523852 
0.01956264262494567 0.8637774062248894 
