0.999912366249009 0.0026324836137677334 
0.0 1.0048971371703743 
0.48138274433161965 0.3094015277660952 
0.29201092283764885 0.4633144568795915 
0.15894026857788102 0.6056630516487154 
0.9285363536274669 0.03988297399702405 
0.33997207037599786 0.420911062615443 
0.6536338939007241 0.19560733659092977 
0.3285363345760029 0.4305864757413874 
0.4333449939875972 0.34531795786315234 
0.16931587020234073 0.593293846166847 
0.6284739606466525 0.21049660487802951 
0.2651159228801112 0.4889230046930419 
0.6931552214890015 0.17038633683583906 
0.2762616411872369 0.47909020121430473 
0.5300262552219434 0.2752875477928092 
0.5548060435490835 0.2590460136673173 
0.1420037218647191 0.6272596954922135 
0.7939806584043384 0.11227372168399968 
0.11071855644180059 0.6724595354293555 
0.4535204236140687 0.33009241958155244 
0.0020686031606239608 0.9601013320969286 
0.13655868276560212 0.6340824877834706 
0.5916369077512438 0.23399095525967653 
0.7743930342168636 0.12291200653014644 
3.411672752551276E-4 0.9864437943317479 
0.03260422513145578 0.824532727677948 
0.24948888044644546 0.505002885586599 
0.046030029350440996 0.7905894406117148 
0.1837891916098224 0.575856863760554 
0.39048405694243055 0.37894283867539524 
0.02611267387261046 0.843570174902804 
0.8856362345453472 0.06260905529957171 
0.01244727950023966 0.8938026047819883 
0.7330396830072934 0.1469692865275372 
0.9419410499719584 0.032162459000666964 
0.4944817931447423 0.3066678174411825 
0.5059209158081893 0.29205277916034644 
0.42146269148569326 0.35383882536806965 
0.5368080463412988 0.270607211078175 
0.004120125840913265 0.9412272408572905 
0.02174265765528699 0.8576380620174102 
0.5770082464813419 0.2437460289201437 
0.8068729913214254 0.10465111658302799 
0.08909537539101076 0.7061727711505986 
0.7089372974195006 0.16146918601533378 
0.12225304496836831 0.6551934106965015 
0.717536413205505 0.1560657282888574 
0.9038871943183906 0.05196137466754254 
0.5674331678090783 0.25027564430799104 
0.19006676119703625 0.568865032160533 
0.3699319788648493 0.39486449344879593 
0.9849573626491853 0.010157444092704429 
0.310329752298226 0.4465049528261325 
0.3792523241485768 0.38823416748994977 
0.6629268997760441 0.1896405124530777 
0.9755543845111898 0.01517147142613707 
0.008178271774448298 0.9146491560727775 
0.06439003235946707 0.7511461462406375 
0.4044224736980596 0.36823943364674483 
0.3091867900713839 0.44794663407540924 
0.05364160579566868 0.7732957936706958 
0.35855768517534603 0.40502952839141204 
0.4531257276240799 0.3307403543591296 
0.22195112860813992 0.5329317924845066 
0.6205854259176935 0.21575599242459673 
0.057157832483014925 0.7667432923015799 
0.8197118355226165 0.09758626456389805 
0.10067096985996327 0.6874250163488584 
0.40999923325301213 0.3630449066868179 
0.006605597873516597 0.923902889011494 
0.8276378555119519 0.09320356532799935 
0.09790084678445987 0.6912695598752374 
0.9615035279977742 0.02269237948274505 
0.08301057722540595 0.7161237989461341 
0.06900544908379222 0.742742041788657 
0.955384198326265 0.024998795712679496 
0.9030060869753184 0.0524799173720424 
0.12092064679400602 0.6570942919451794 
0.24269185563515477 0.5124565868981552 
0.6758940832036648 0.18097571984829752 
0.8557722370609556 0.07785709985185808 
0.20109917466070276 0.5559978213548389 
0.6059010114323854 0.22539547653600822 
0.0744380444821372 0.7321195909682946 
0.03983723796622421 0.8053858216924674 
0.23047096888460347 0.523621384626059 
0.038320820757077434 0.8096533329146698 
0.5056657056135259 0.292108741445975 
0.016958292650634477 0.8750772910781756 
0.8423291741665835 0.08517961972447996 
0.8745623339179143 0.0676987546868828 
0.7590484285463598 0.13164810448675449 
0.07793928633451289 0.7246692225372534 
0.21152638539637636 0.544401731858193 
0.6087186033141686 0.22382841287546998 
0.7641370672289751 0.12949352488430088 
0.745014791172482 0.14033761104650191 
0.2391377930300166 0.5233940651199778 
0.7482648115509378 0.13828419885597754 
