0.9995325822395411 0.005256675630509281 
4.266161251416389E-17 1.0101279656038977 
0.18331673610225707 0.5799233910147485 
0.2104295948091433 0.5490793737873927 
0.8332436831209225 0.09256883249496786 
0.422485451405822 0.35694294660187587 
0.8902321105176825 0.061885502721284395 
0.10825118446452281 0.6798064531603918 
0.010705300353690956 0.9129879180770368 
0.2660909333549928 0.4912524340893159 
0.43547708884265507 0.34668632189787363 
0.4534522425058656 0.3336245593249121 
0.02416687827777131 0.8534992967493823 
0.4015757643103682 0.37295912394851266 
0.8164666795876678 0.10225607121475956 
0.09445435264143869 0.7008454987118538 
0.785428843093191 0.11947589341610203 
0.08105429252417418 0.7245699219800839 
0.8608491999711504 0.07773578370255435 
0.8003243381205465 0.11086927675011463 
0.2831288671581139 0.475002041649729 
0.7367763639898071 0.14787368955063968 
0.46597042005203027 0.3238455176088995 
0.5794553702858972 0.24499346034279146 
0.12451256965253182 0.6552820985822622 
0.7690831825118181 0.1287624670032518 
0.35173375018551023 0.4137924829805117 
0.6143218182604497 0.22236802734576547 
0.01741980128594403 0.8775142587100583 
0.02925483974956719 0.8376680319279816 
0.016145702592511163 0.8882816440632167 
0.03519832422802455 0.8222501308409211 
0.33645525005020516 0.42712274725708665 
0.13933410338691402 0.6347933871526872 
0.15303994504436827 0.6172842924250939 
0.1169644359862137 0.667082122879362 
0.37036408262880105 0.39877154418861077 
0.8670879329684672 0.07432105596764965 
0.7578135913409061 0.13567482494763672 
0.0019946797532676003 0.9659033121808542 
5.64503484789744E-4 0.9928036815755528 
0.06557566682825566 0.7526976171679799 
0.08879616025315917 0.7107488632187782 
0.5393965978650187 0.2719790181911998 
0.7154547826232087 0.16036762289253198 
0.3870735954793717 0.38508077986325245 
0.29061998102172326 0.468216589631055 
0.004893002136130364 0.9394800824300577 
0.13496028025950776 0.6410704405032535 
0.24922193168364853 0.5082734121795622 
0.522678775865303 0.2837596849747066 
0.702638686544538 0.1677165450215697 
0.5054194839854413 0.29545358050829046 
0.25573028488170624 0.5024338733671838 
0.6693326098120193 0.1878903521212636 
0.6608059498838047 0.19285946531908302 
0.7443881474876884 0.14339325973959263 
0.32374236868696915 0.4380122976265566 
0.9056062045234784 0.053625510193855315 
0.00637648754880818 0.9347588520842566 
0.633797464046363 0.21051689780509236 
0.21765912601243387 0.5416144362471433 
0.22572880694521208 0.532687682276402 
0.6250915102134026 0.21556107682602832 
0.9783819377218734 0.016165327510888554 
0.30158402145332125 0.45797627575859695 
0.9678029391757574 0.024184426640183877 
0.5972308262032899 0.2335399355684668 
0.05080320159495233 0.7838260144010328 
0.04729989260166434 0.792494455815215 
0.5134407385587748 0.28956925902516656 
0.05855134200852463 0.7668804012008689 
0.34631968356449844 0.4185217325919033 
0.5340038272730057 0.2753488345982949 
0.16667090932976003 0.5997287345606362 
0.3192085655480201 0.44261683773819693 
0.0012729320298511815 0.9739892740766044 
0.9583684051877088 0.0263171002869176 
0.556077175734994 0.26071864812277706 
0.5703392900629273 0.2513174741276311 
0.6838929614478129 0.18237632784638874 
0.5990232943770827 0.2327348202457351 
0.07132199933626214 0.7416404598960192 
0.3936745214368248 0.3793883054399587 
0.94752553512659 0.03200192070994026 
0.6485826052482211 0.20071359958941595 
0.6928562486908201 0.17384382447469957 
0.041021902538932606 0.8072753228106542 
0.47910533461218335 0.31400834298718644 
0.05603311235567787 0.7720472437299083 
0.6446736708410891 0.2031530412710671 
0.9216995868078253 0.04516158935716265 
0.2330547812372483 0.5255821823678554 
0.3088932537247482 0.4515253611244024 
0.37407574328838533 0.3952722371825355 
0.23808449653319164 0.5199273762511986 
0.5627378690871823 0.25629048965719464 
0.9357218780810985 0.03789792166003831 
0.1757534236688756 0.5890486402653957 
0.4941469075717965 0.3042889838198378 
