0.0 1.008016879565787 
0.9999916679349584 0.004169814417092846 
0.36868478498956353 0.3985649952367944 
0.3914754624645297 0.38026230553727247 
0.720836468881987 0.15583524238934035 
0.45254635496398204 0.33319388257367083 
0.6948659604253002 0.1714277496506554 
0.6004061472586832 0.23046997970864697 
0.21388133254397115 0.5440592437908484 
0.9484937502381916 0.030369386229590744 
0.035715466978502 0.8187823867115502 
0.41280641716093036 0.36348118799732343 
0.34651646471576986 0.4171906147030953 
0.3159985378980582 0.44416612574949194 
0.9217881343331401 0.04421392707913401 
0.04680851566161734 0.7916393287425952 
0.4291044062922017 0.3505217307492516 
0.5067340339510882 0.29356847572816536 
0.9611575398594674 0.024000519772426426 
0.235228504958965 0.521389309783349 
0.8343455068170383 0.09113799934117608 
0.004413254528792376 0.9421994165653151 
0.6359373903734787 0.20743466601821905 
0.46593404400347543 0.3230659866813824 
0.024742834676179326 0.8502708023610314 
0.3276650130875037 0.43383283653255555 
0.1754429877940938 0.587632696718125 
0.05792724450310928 0.7671412081641107 
0.030242365863604265 0.8337866985704324 
0.8806608679527271 0.06605080545689376 
0.7636340094601821 0.13092928846373003 
0.0018996403858075328 0.9642704608433131 
0.279416105486713 0.47772746615325673 
0.11247417387862602 0.6714692369005211 
0.6577138256070575 0.19404879391241361 
0.06448061163761964 0.7537908409942994 
0.01009694987130455 0.9082226568615844 
0.24937805655040957 0.5073179563653343 
0.014036722241407673 0.8891093035462658 
0.09213891433400355 0.7034897652776001 
0.8671780938520603 0.07331457381347949 
0.10046166914309623 0.6899706873613337 
0.25640804380563076 0.499889145559775 
0.6776600299482425 0.1870464672062374 
0.6204149572508184 0.217384980040802 
0.1236543957729828 0.6553975567961423 
0.2899261943707676 0.46782775901893603 
0.05063152989245168 0.7825218495980646 
0.3389246035541422 0.4239050917669833 
0.16051934645576701 0.6061970369751337 
0.6499661814433582 0.19893325503578865 
0.07588894620804641 0.7316602661799548 
0.8947881010154437 0.058582136442472954 
0.2991774089981674 0.4593082022563854 
0.13405188669135798 0.640669836748287 
0.019949250196635127 0.8673112132734653 
0.8474832044464312 0.08418134108404715 
0.4878660002664895 0.30744657808201475 
0.07093889994045341 0.7410828798761909 
0.7366559790210048 0.1470617212365978 
0.6809102563998609 0.18012211538090664 
0.8174326181595546 0.10066076191743575 
0.5637558676643009 0.2544946473258667 
0.5822902247333984 0.24235911639440394 
0.8562533425547207 0.07936610097769442 
0.9033745701799506 0.05429873475028083 
0.980139127515135 0.01406020295135667 
0.5758746782990184 0.24637441769531385 
0.42380596072658955 0.35473332338049457 
0.7815444289225473 0.12061087641372538 
0.15201229615007097 0.616791600240132 
0.19192500442629232 0.5686234535861602 
0.914753321635378 0.048271210068412014 
0.9956740414880688 0.006833359985600214 
0.5338391678238417 0.27483253442586036 
0.23770259084899742 0.520022713479255 
0.17979349198865552 0.5824341696983084 
0.5474568358284474 0.26557646489241715 
0.47796165050865974 0.31423489940128324 
0.017196928476860773 0.8765592516964249 
0.7980722046298937 0.11133123029092228 
0.5569178584946419 0.25897424215182524 
0.8133122898555716 0.10268550383274312 
0.18846983160375697 0.5724430151744898 
0.7822992126780837 0.12048149271175596 
0.6226438371564582 0.2160287080978342 
0.12752690074325057 0.6502031427120613 
0.5165642354672376 0.2871915699013577 
0.2678769826316115 0.4883687245413766 
0.7998931873725375 0.11042218957566013 
0.14378922083594226 0.6274493511282457 
0.007312272047082569 0.9232201722059018 
0.20498725375354565 0.5541911233487873 
7.667323101160362E-4 0.9803452358504295 
0.7418607350444447 0.1435457263182922 
0.0832891520969473 0.7187738652073615 
0.1418065486617225 0.6304093444263614 
0.5419736490018268 0.27185437813624735 
0.2020709547388414 0.5571061748174253 
0.9811028654414478 0.013766761903011635 
