0.9999857900080227 0.0034661844752757968 
2.0625225248986367E-17 1.0068634841101198 
0.15535362213245635 0.6115980270563386 
0.38645529824751923 0.38377662743354723 
0.6971272721001422 0.1687473797495239 
0.4356733147205748 0.34503455322694937 
0.05988905163926583 0.7612801093031465 
0.04841842938010266 0.7863832042919413 
0.8946435892836306 0.05824961637197034 
0.02874792591970229 0.837280671377966 
0.4524674350376723 0.33202827102805654 
0.04202249886834583 0.8013484571049675 
0.3617987306326513 0.403673207084028 
0.1731153738985112 0.5906562414672677 
0.011072908024690825 0.9016536344724162 
0.48895916249693283 0.3056933519949751 
0.019578240564380456 0.8663691554837687 
0.1387618968742112 0.6342991559788177 
0.4187863235423114 0.35786465213885416 
0.5050885490803285 0.2944270749669013 
0.5458359350542414 0.26604327779128845 
0.3423780056554738 0.42076187546278626 
0.033398630546316366 0.8239899956976886 
0.6245695419244028 0.21428710135572418 
0.12844957639305213 0.6475188350789769 
0.3171387951303396 0.4421556264130496 
0.2586252644783312 0.4969539562093905 
0.9173639562933542 0.04554749719449613 
0.9449417489267324 0.039265224275146636 
0.2699231870928805 0.4853287802048486 
0.001311932782674885 0.971080522405703 
0.6736800873896118 0.18374902697013862 
0.06754412794324582 0.7462400573174648 
0.8372537086242605 0.08873463248834873 
0.7841237475328336 0.11844768054054346 
0.8721388142206453 0.06997499188401896 
0.07493626331048138 0.7325258469144331 
0.006944253439608861 0.924547986605827 
0.2331077501172082 0.52261371399631 
0.08249895965013504 0.7190976059361451 
0.28133977379817343 0.47461378314503955 
0.10432221182301293 0.6829169956911709 
0.3051287882639837 0.45266905536570917 
0.661038146095715 0.1908536407933054 
0.4673235647821168 0.32121884607475465 
0.11325491755213797 0.669447621412266 
0.003044092798242193 0.9518313233338255 
0.4745457596835899 0.31571586742910274 
1.7890777972423555E-4 0.9940531137218327 
0.6044701073272585 0.22679008647464713 
0.3996806968053044 0.3742311701427825 
0.35742023023274816 0.4072473901882566 
0.5349254199936246 0.2739502714769205 
0.1880037978150111 0.5721126186627427 
0.9639032993466816 0.02191083409324448 
0.4066746526716689 0.3674131081829588 
0.9098766670936717 0.04997714385797505 
0.08992289253575435 0.7061453965459724 
0.5766909168930104 0.24525605075464393 
0.6429328370549652 0.20261267662149512 
0.9772322000166533 0.014886894294847394 
0.21752773760490624 0.5394875386937847 
0.8227585151569166 0.09684204438952837 
0.9864969001444667 0.010032237890011736 
0.8152118348116777 0.10099645989610558 
0.564364713979191 0.25258469658440713 
0.1788881291806831 0.5826271456505633 
0.5187453952733819 0.28449283545744325 
0.19560827576551718 0.5634791321503786 
0.7696730567253335 0.1269346425774978 
0.6134853508946703 0.22102008878796742 
0.2230220504049674 0.5335978168757911 
0.7387644858624708 0.14468551329399365 
0.0048941131944871975 0.9371439672463682 
0.2471454004574306 0.508522748450195 
0.0157522498410555 0.8811221548880295 
0.645360109849632 0.2004618942010694 
0.5910940754117932 0.2354458712512548 
0.20660510648606562 0.5515366434744043 
0.8006771741553533 0.10866939724988849 
0.24317267616650717 0.5123722950466167 
0.8510317398359468 0.08147015134477342 
0.8667112281998076 0.07269118978721333 
0.5242782405224458 0.2804109504570471 
0.7972199380352776 0.11116819012537289 
0.7529688158240211 0.13591622625680716 
0.33004519567690094 0.4309994744781067 
0.7636164190341359 0.13055988563733584 
0.8549733636650197 0.07957811940175012 
0.5868515421593145 0.23862977773131547 
0.7110991413571045 0.16109401361365785 
0.2961785300526278 0.4611121646275232 
0.7469767436017131 0.14008735858381674 
0.20364902183226907 0.5548079846370033 
0.3310806733378997 0.4301116855513713 
0.09718422545461908 0.6942520007838707 
0.29069654415215335 0.4658817733987961 
0.11306618348627746 0.6699815362009746 
0.7264698392739178 0.15148419658220505 
0.7201460150867757 0.15556940582254425 
