0.9980651182743039 0.004140656945605986 
3.478900084661351E-17 1.0054227931400677 
0.8326163758561893 0.09164249089459027 
0.06115396446692603 0.7574463760117887 
0.0029798377371935032 0.9530823755976305 
0.41659719717148747 0.35953337313380074 
0.39711645931502176 0.37413760031888954 
0.2549989100287078 0.49969458004425965 
0.025019296204086952 0.8479108552920088 
0.27068864553843686 0.48375036501547763 
0.9087351036111118 0.050489890284817034 
0.7434330834925972 0.1409064831333833 
0.07070503242061316 0.7404515149533298 
0.31658292217623296 0.44257613156202463 
0.49104583569532223 0.3037479496760117 
0.28120178722436606 0.47559613533027756 
0.3315752943386282 0.42818787123685254 
0.6285043181447797 0.21099336158325027 
0.5697744844896113 0.2498579335496942 
0.3585701973278618 0.40477157163615635 
0.3858513149309567 0.3838019437867997 
0.6800538471965971 0.17984942988865577 
0.20577848311206137 0.5518590964316659 
0.5046533641736386 0.29329481405938373 
0.7234844625762743 0.1538384306575258 
0.8558564958199045 0.07800292687589411 
0.8061550736677604 0.10531847714224765 
0.010689221451694958 0.9031747578054353 
0.7041684211358735 0.1646305434644909 
0.5549834146038212 0.25912993253451005 
0.9392903594801723 0.03502968218086979 
0.7627620243810194 0.13070272603664085 
0.03185630815803503 0.8262545179786878 
0.42935679865164267 0.3499868469601043 
0.14938564890477293 0.6180503414884584 
0.697030210995943 0.16931896983752628 
0.22209665079156538 0.5368700411355533 
0.894861165496962 0.05665331486307646 
0.5823175623766551 0.24033602467564072 
0.5168057473747079 0.2850752769789562 
0.6149023210611758 0.2203174491368247 
0.5935340106544805 0.23489415644890427 
0.7704176295115754 0.12657547256605065 
8.784064433599026E-4 0.9761712687374714 
0.6434221831409221 0.2019929728195701 
0.8494780904688257 0.08203173146915914 
0.3061712695241567 0.45080797215334784 
0.014084938477687242 0.8872957392988802 
0.6054645667200456 0.22578171369554542 
0.14045677043126625 0.6299941279194111 
0.9582964392488587 0.024864243919873477 
0.44027261079158175 0.3418918025453675 
0.13554944098796787 0.6401564941993892 
0.18954707926411568 0.5696853514311178 
0.006952406488692164 0.9223685836757093 
0.05017465040517762 0.7806080235087638 
0.19937262838943925 0.558922264332711 
0.15746058255110615 0.6073738907495448 
0.11317205693613497 0.6662470695398872 
0.019939682488708255 0.8650952585111205 
0.09223556335958535 0.7017115663387113 
0.7864511208446757 0.11685620982004372 
0.876724003288543 0.06690054700929793 
0.7320602595122201 0.14860259820660637 
0.34437460918362855 0.41736222009246393 
0.9622482976256843 0.022267761751553098 
0.448766208370583 0.3337039676977913 
0.9279844447484143 0.040683643491741736 
0.29553985321005055 0.4611381361203158 
0.10779537774159531 0.6762577573636033 
0.16523862100208886 0.5999114739825596 
0.6681328540641774 0.18614671908971678 
0.9794321858378099 0.013767356497837953 
0.07920007256488773 0.7273165656735441 
0.24581265401310737 0.5099683329480391 
3.48756687701679E-4 0.9880198597405143 
0.12610028051017963 0.6512394195489742 
0.08506502264960719 0.7156882199923777 
0.03536388243607114 0.8168872616928368 
0.7909431817257486 0.11406923555512273 
0.37131706867042624 0.39419374663732615 
0.4767327510516377 0.31303590687705063 
0.10219888540927302 0.6871215460206418 
0.2327069109011341 0.5233171358222878 
0.9833692296462935 0.011695401755379106 
0.1835957118872697 0.577986046646398 
0.017614176400187975 0.8737839695721997 
0.12160521005924363 0.6560814436942584 
0.4631971673380194 0.32332230105877735 
0.8825170752587778 0.06321747623533298 
0.6602442124189221 0.19180639619254183 
0.6516409867312973 0.1968033764068509 
0.1727607720949656 0.5908527048184234 
0.039895501104855124 0.8051096821589853 
0.5270956179762885 0.27746977611292273 
0.45756266855562655 0.32706544170958185 
0.09681681100234035 0.6942215854601099 
0.2249523234958494 0.5319151912154081 
0.8052791131970545 0.10662051832969781 
0.47365003798242744 0.3152929457125023 
