0.6567773246716271
0.6583809608563532
0.6579118784974909
0.6553964613187421
0.6550946008235121
0.65467370351932
0.656667825833087
0.6586529214160963
0.6590787867649722
0.6577461953226618
0.6553891312194301
0.6559502391389331
0.6567056682889817
0.6574376640604876
0.6607406934086996
0.6493113273320413
0.6541802589052049
0.6558362641580061
0.6590661154234914
0.6550390998466227
0.6548655556949327
0.6600594890303588
0.6578719787188724
0.6580780512430124
0.6583561786373447
0.6559943315751838
0.654507800620471
0.6575745054916092
0.6601639738116993
0.645711708378546
