0.9977511018266243 -6.560632925298686E-4 -0.00133312313942618 8.012003680065155E-4 -0.001679648821558605 -0.0012565840768025789 4.911209028306012E-4 2.0205036386064661E-4 1.8409620785410103E-4 -0.001594462351048903 
8.282606204391546E-18 -7.790071661003207E-4 -0.0014567539026204164 6.162567215955615E-4 -0.0016162075736655742 -0.0013190435062580739 5.644397793615496E-4 1.4592993350848088E-4 2.177648846267684E-4 -0.0015089071278253572 
0.08024945592096638 -7.078911983649477E-4 -0.001469743049296921 7.62595944010464E-4 -0.0016140680175331646 -0.0012850734941344658 7.754103464324102E-4 2.0241969527897877E-4 2.8927397497773293E-4 -0.0015851867252813625 
0.5875637808014766 -6.715708795081402E-4 -0.0014875661687388264 6.201216043749155E-4 -0.0015847854119767572 -0.0012759113928530734 4.2900185459733895E-4 1.9846876207532498E-4 2.027039961711994E-4 -0.0018235761960739745 
0.6136139039867239 -7.118735330112945E-4 -0.0014391991617937023 7.750654975539599E-4 -0.0015718839972169467 -0.001277335282549138 -0.001031247690293848 1.4608873828598365E-4 2.0282348464623968E-4 -0.0015106655353843614 
0.040407891446700595 -7.822369650803045E-4 -0.0015166120384670087 7.895789909108902E-4 -0.0016049214433652892 -0.0013103564505815262 4.427519629167115E-4 5.190655520670525E-4 4.5451740937687527E-4 -0.0017692257287947022 
0.42883596947126496 -7.781525623585331E-4 -0.0014805736433975104 7.825469987413152E-4 -0.0016381201689872943 -0.0012906582045125448 6.866761226931751E-4 1.9865268981928094E-4 4.981181319941672E-4 -0.002156617053968843 
0.3618180060641816 -7.133403777561749E-4 -0.001450980625762737 7.457090356453579E-4 -0.0015317469761315387 -0.0012985544533163928 4.5708224572465155E-4 2.1696072197161998E-4 3.570103094391387E-4 -0.0018116647400955822 
0.09670044008342697 -6.046840432967613E-4 -0.0015316434820805032 7.777640275401569E-4 -0.0016821628489814807 -0.0013368452458065543 4.8263835672785306E-4 1.9786631801393123E-4 2.0059647975952875E-4 -0.0018179277682668477 
0.06827800786585375 -6.84929360628405E-4 -0.0015316434820805032 7.206849421556598E-4 -0.001573332437935308 -0.001339259988715467 4.487349436755721E-4 1.8534344434532494E-4 2.0059647975952875E-4 -0.0018229764697629035 
0.5135662010222274 -7.147576744619909E-4 -0.0015710898253089344 6.069867458188633E-4 -0.001617782257732542 -0.0012564558700781867 4.278110461097695E-4 2.0884827726978458E-4 5.061381508975417E-4 -0.0017017277592817424 
0.5237718109074775 -6.725069699246057E-4 -0.0013553157217089339 6.201216043749155E-4 -0.0016799169693534708 -0.0013376371656300397 4.2205483167517637E-4 1.6801212688830782E-4 2.4317894719554518E-4 -0.001586548105074781 
0.8243928950207022 -7.160467050408651E-4 -0.0015140763137741111 8.042390987948168E-4 -0.0016517454436206615 -0.0013545188488231121 3.644756664631431E-4 2.4287303429700675E-4 1.488780679472248E-4 -0.0016342387736873818 
0.8427314012952207 -6.15824457576591E-4 -0.0015325093783636057 7.237208345144413E-4 -0.0016822259631566196 -0.0013106516928231946 5.348589827839247E-4 1.8479650794124173E-4 4.5175732128536545E-4 -0.0018166358939878606 
0.2542708264409781 -6.709903893997817E-4 -0.001515376462720687 6.201483786816307E-4 -0.0016417846870727675 -0.001288750690837687 4.142919075121301E-4 5.116458974101087E-4 2.7750496395379464E-4 -0.001584008277647626 
0.5636861358734077 -7.139456024028992E-4 -0.0015374572176559398 6.515270352945123E-4 -0.001640719697447891 -0.0013514011084359945 4.058969132931709E-4 5.524899779024696E-4 3.588868410091816E-4 -0.0018048903469394897 
0.012644906809098522 -7.822369650803045E-4 -0.0015354023947923502 7.895682555455569E-4 -0.0016833378846096122 -0.0013103564505815262 4.643174740622316E-4 5.486736873437262E-4 4.5451740937687527E-4 -0.00195731072871248 
0.979639101569896 -7.160361117525624E-4 -0.001529307290921051 7.138066010112122E-4 -0.001651086138142443 -0.0012538178771786487 4.1339572115140313E-4 2.427537131071236E-4 1.7039979357895034E-4 -0.0017887604766330992 
0.739329599292031 -6.634273801529676E-4 -0.0013389129909119686 7.896674281212716E-4 -0.0017748922046858912 -0.001271999773762291 4.226459456748739E-4 1.7417496451674406E-4 2.0012194195475025E-4 -0.001593560860489993 
0.03086648096010798 -6.747216031194931E-4 -0.001480753617227344 8.120019102918071E-4 -0.0015780967752109484 -0.0013320407617489587 -9.291322063510301E-4 1.992295195417883E-4 5.002131264878024E-4 -0.001963196201883641 
0.2167332672646587 -7.69720273994631E-4 -0.0014572888093237367 6.130095609528942E-4 -0.001616317677537893 -0.0012732773847451328 5.619176972265839E-4 1.697984816485202E-4 4.5267605268951757E-4 -0.0015680561259733081 
0.7552782869401531 -7.262201154929226E-4 -0.0013692170084044768 7.866423929505582E-4 -0.0016509187314843402 -0.0014886975822651317 4.2693244790235007E-4 1.6548490482734538E-4 1.4425802017389226E-4 -0.0015080154895298846 
0.8770995451061715 -7.078911983649477E-4 -0.001469743049296921 6.640850278885283E-4 -0.0018245986593706245 -0.0012850734941344658 7.685933299236862E-4 2.0241969527897877E-4 2.8927397497773293E-4 -0.0015851867252813625 
0.3457813085488006 -7.628814436770015E-4 -0.0014705934778391834 7.808757128047305E-4 -0.0015993258912103715 -0.0013577921144082264 5.30015231800268E-4 1.730811505015384E-4 2.281320068177597E-4 -0.001740581872897664 
0.16798306909881616 -6.725069699246057E-4 -0.0013553157217089339 6.201216043749155E-4 -0.0016799169693534708 -0.00133165796750368 -9.867359998257923E-4 1.6801212688830782E-4 2.4317894719554518E-4 -0.001586548105074781 
0.17730110234721708 -7.206870903784279E-4 -0.0016765767512013296 7.93663773104012E-4 -0.0016415682706550619 -0.0013313567282679075 4.2483616545086427E-4 1.9557006333518904E-4 1.6676208946433873E-4 -0.0015791516140084257 
0.18772726379645172 -6.224316665047324E-4 -0.001371432300836041 6.593702464617428E-4 -0.0016400346798922914 -0.001333603402224974 4.262044102116352E-4 1.6703198445124347E-4 1.7681546918595323E-4 -0.0017337371424995156 
0.047863212958129286 -7.822369650803045E-4 -0.0015354023947923502 7.88622192527113E-4 -0.0015861631095334147 -0.001272135205311628 4.4377853231098195E-4 5.404098257429718E-4 4.5232888809800247E-4 -0.0017692257287947022 
0.6666650981970709 -7.305004319796934E-4 -0.0013659182421457677 8.000220496938958E-4 -0.0016808361481062614 -0.0013377345464345395 4.4106214085847765E-4 1.6967828363924107E-4 2.3492730254989145E-4 -0.001580911247485956 
0.8100934837232457 -8.125459261188607E-4 -0.0015322723383248088 7.833919899710966E-4 -0.0016381105945405153 -0.0012560555655736726 4.844071548399625E-4 1.946389670992536E-4 1.6163314997568509E-4 -0.0017530631531527598 
0.3971915921139357 -6.728411724496652E-4 -0.0015722980613983573 6.609983385440644E-4 -0.001678720853736123 -0.001483673094450359 7.627317572565746E-4 1.9753298627331686E-4 5.061381508975417E-4 -0.0013610359543953395 
0.2033149541693327 -6.715708795081402E-4 -0.0015311544014120907 6.201216043749155E-4 -0.0015751032687588893 -0.0013331766807226024 4.2739632645227713E-4 1.9846876207532498E-4 2.5761031992400826E-4 -0.001592728697388682 
0.7057579017513984 -6.648613436724283E-4 -0.0015147856230661168 6.262653025283472E-4 -0.0016037500445559385 -0.0012706477606175919 4.0898130620559934E-4 5.222059438709666E-4 2.565112379794109E-4 -0.0019107754806962896 
0.8903583795733481 -7.087864685182356E-4 -0.0015129543221026767 7.968972724649928E-4 -0.0016412155421728087 -0.0012850237775219621 6.811665311928616E-4 5.11638443676685E-4 1.6174410880144622E-4 -0.0016329352704601747 
0.9535359599174469 -6.825138554358974E-4 -0.0014709684922854912 6.606735797934236E-4 -0.001593777389186987 -0.0013422664961231811 4.702365847566991E-4 1.6694216120581273E-4 4.96486513016141E-4 -0.0016039535994216052 
0.005090297574754758 9.518019386573331E-4 -0.0014668551062959508 7.752111905543946E-4 -0.0016398936101126712 -0.0013354761465397375 7.839729272882331E-4 1.6646570093560548E-4 2.1510298980450504E-4 -0.0014713804114420625 
0.0023464043346940744 -7.342325536492393E-4 -0.0015031970743375372 7.756580554333766E-4 -0.0018456525493090105 -0.0013327926579184545 5.005456418097278E-4 1.9688616850947185E-4 1.8119170322869184E-4 -0.001961697876544557 
0.4123816335476622 -7.122853504577765E-4 -0.001323099279076555 7.877150886529242E-4 -0.001639237288768634 -0.0012720779410239154 6.367854810583981E-4 2.1622583712497729E-4 5.026532866015015E-4 -0.0017014313609085084 
0.5751378797111119 -6.715708795081402E-4 -0.0015311544014120907 6.201216043749155E-4 -0.0015847854119767572 -0.0012759113928530734 4.0673257144344045E-4 1.9846876207532498E-4 2.027039961711994E-4 -0.0018235761960739745 
0.7790535649616885 -8.461825837629034E-4 -0.0015650841677624556 7.17903881773394E-4 -0.0017201715747224167 -0.0012737842810705505 4.129733618881779E-4 2.1666279334256718E-4 2.5730878754107276E-4 -0.0015937293964090379 
0.9647058470946823 -6.851957159558413E-4 -0.0013677816339507974 7.912550059533325E-4 -0.0015848527235337057 -0.001331076877648162 4.4293428243732534E-4 1.988007818847631E-4 1.478942724414747E-4 -0.0017644576611661013 
0.5437983275281553 -7.078911983649477E-4 -0.001469743049296921 6.640850278885283E-4 -0.0018233442941200698 -0.0012850734941344658 4.124627063322751E-4 2.0382715104540276E-4 2.8927397497773293E-4 -0.0016148438445394253 
0.28639294757983247 -7.305004319796934E-4 -0.001372195435177834 8.000905292788488E-4 -0.0016808361481062614 -0.0012519294251370076 4.4106214085847765E-4 1.696128824773555E-4 2.3492730254989145E-4 -0.001580911247485956 
0.061652118396581135 -6.046840432967613E-4 -0.0015316434820805032 6.158301078591349E-4 -0.0016792132036446213 -0.0013368452458065543 4.8277250326120763E-4 1.9910672281137393E-4 1.9884406883435748E-4 -0.0018177567119680227 
0.6535839209247415 -7.879547633690824E-4 -0.0013659182421457677 7.992238642380341E-4 -0.0018767037731467684 -0.0012878761340823419 4.400175118257278E-4 1.6967828363924107E-4 2.7385398954553363E-4 -0.0017838659412695507 
0.27729244764007066 -7.496877241211367E-4 -0.0013725478480322662 8.000898437215574E-4 -0.00165116383813906 -0.0012518399126817794 -8.941626647494354E-4 1.4911802796715757E-4 1.5377494265404843E-4 -0.0014171612070108495 
0.29766486480730503 -8.11187276474887E-4 -0.0014728600202187612 6.606735797934236E-4 -0.001593777389186987 -0.0014894735010911526 -9.76760963655055E-4 1.3496492642574694E-4 2.892597099245556E-4 -0.0015095259726333236 
0.3820316923647983 9.628156649187288E-4 -0.001323099279076555 7.877150886529242E-4 -0.001639237288768634 -0.0012720779410239154 6.367854810583981E-4 2.1623888945064437E-4 4.523114287076055E-4 -0.001430761201606474 
0.3765800839799613 -7.152221079072349E-4 -0.0013254146676997052 7.491286666688088E-4 -0.0016801733264629566 -0.001300563627352736 5.664604075957452E-4 1.4540993732385516E-4 -8.721090605597462E-4 -0.001604418766011283 
0.7680078785035206 -6.770265970117744E-4 -0.001475524188107793 6.178822896079931E-4 -0.0015724001717469936 -0.0013105560806941636 4.520001171174211E-4 1.73130590796489E-4 5.091323057073351E-4 -0.0017263150009284097 
0.4922513042080535 -7.148267817081047E-4 -0.0014584427563387307 7.790847144215705E-4 -0.0015726755913299136 -0.0012572058338259971 4.2138938714670254E-4 1.7502793885608155E-4 4.831491410977092E-4 -0.0015944558762938366 
0.7264315710592315 -6.851957159558413E-4 -0.0013648630437675187 7.798309921662427E-4 -0.0015774967470561269 -0.0013427876715999773 4.428001359039708E-4 1.661653458791022E-4 1.4874264781276707E-4 -0.0017667528804596571 
0.1307978521308224 -7.412779873290534E-4 -0.0014731247991442075 6.048865244041382E-4 -0.0018212689738293846 -0.0013308419876091426 4.1365056679023795E-4 1.4693198908924044E-4 2.3259713139585998E-4 -0.0017400921318878083 
2.515982217219971E-4 -7.242745090159683E-4 -0.0014670254039920495 7.812490297529454E-4 -0.0016397812003325954 -0.0013354761465397375 3.988840274216786E-4 1.6867241603539477E-4 2.1281946682208036E-4 -0.002049906602906111 
0.14509423683428638 -6.752349109892572E-4 -0.0014568565967124887 6.192153905059344E-4 -0.0018112268440025547 -0.0012758870816852077 8.849519561126085E-4 1.4607241387931745E-4 4.5556402606911084E-4 -0.0017412947528681066 
0.30630317628972914 9.628156649187288E-4 -0.0015017747797504088 7.877150886529242E-4 -0.001639237288768634 -0.0012720779410239154 6.367854810583981E-4 2.1623888945064437E-4 4.523114287076055E-4 -0.001430761201606474 
0.9227987700977882 -6.173816124769452E-4 -0.001452365770555909 6.19948897752947E-4 -0.0015679351222936352 -0.0013336137303172247 4.213641746633727E-4 2.1825308234383004E-4 4.8453532749013464E-4 -0.0018073155783439748 
0.6432485656579772 -7.72966190874954E-4 -0.0014549971518452614 6.14639773678627E-4 -0.0015906829985539812 -0.0013821571756276322 5.636703641859413E-4 1.7528622332799285E-4 3.5533535954851555E-4 -0.0015525866336792119 
0.0011842136666707775 -7.040377536147415E-4 -0.0015902464773480398 6.6341844099154E-4 -0.0016162736701905785 -0.0013226666183265873 4.1310223759556317E-4 1.7527740208269602E-4 1.5600996988749646E-4 -0.0015730612555997453 
0.9380576226684678 -7.822369650803045E-4 -0.0016151415560965528 7.237208345144413E-4 -0.0016784652882211835 -0.0013106516928231946 5.341087753455668E-4 2.4114175318394013E-4 4.554804282723237E-4 -0.00176431771056152 
0.4466252708377167 -7.160757323317701E-4 -0.0015150148384513956 6.181040129413594E-4 -0.0016908403213403748 -0.0015031738919810838 4.142919075121301E-4 1.6921137349084383E-4 3.539643766126812E-4 -0.0016329757169742149 
0.8610464900414807 -7.196068410259308E-4 -0.0015021424435276134 7.876190899248968E-4 -0.001639237288768634 -0.0012720779410239154 6.463541114151099E-4 2.074055534500415E-4 4.4914902173293417E-4 -0.001430761201606474 
0.0073788810352231615 -7.182354921072201E-4 -0.0016029140384170183 6.410518947103535E-4 -0.0016421791786284 -0.0012629110885281555 4.041590529773992E-4 1.472060019179775E-4 5.061590732060264E-4 -0.0017689153123347586 
0.1969563013780724 -6.618192737534976E-4 -0.0015298039773888954 5.987639584429862E-4 -0.001656892132520397 -0.00133775910065479 4.2182436688002436E-4 2.2884047421337894E-4 1.7620109124643593E-4 -0.0015094798630556983 
0.7167187355230067 -6.837101567196698E-4 -0.0014696633073108146 7.541129493439122E-4 -0.001591234455883354 -0.001337597243035935 4.155924510139675E-4 1.346724269983264E-4 1.7165393102274918E-4 -0.0015073552415201985 
0.547161085714853 -8.429202324817823E-4 -0.0015815102921006626 7.560880484291844E-4 -0.0016415490833899334 -0.0013320734400872518 4.1297613279083715E-4 1.770874062033918E-4 2.3489562441791328E-4 -0.0016138245587649428 
0.6909549848789571 -6.851957159558413E-4 -0.0013648630437675187 6.178970724852206E-4 -0.0015745471017192677 -0.0013435342628172907 4.4293428243732534E-4 1.674057506765449E-4 1.4699023688759578E-4 -0.0017665818241608322 
0.3157172814456799 9.720704107650699E-4 -0.0015017747797504088 7.879451195622059E-4 -0.001641228406781109 -0.0012720779410239154 6.367854810583981E-4 1.7049387379480606E-4 4.523114287076055E-4 -0.001430761201606474 
0.028233140002962634 -6.747216031194931E-4 -0.0014806671367515473 8.120019102918071E-4 -0.0015780967752109484 -0.0013229897949624957 5.230581925374405E-4 1.9929559190775233E-4 4.516853198745027E-4 -0.00195115566936841 
0.01804335772251517 -7.234095371492032E-4 -0.0014560679229000436 6.160415723231306E-4 -0.0016417040421617013 -0.0012886490351577155 4.147358754551578E-4 2.0365630858853008E-4 2.1327739598378954E-4 -0.0021835400220129274 
0.23962816500532783 -6.764671663984724E-4 -0.001483069391671208 7.935617154585898E-4 -0.0016379144309877686 -0.0013314026600941293 4.236275120495916E-4 1.9557006333518904E-4 4.349381638745857E-4 -0.0015791516140084257 
0.6255387982380561 -7.346554561641818E-4 -0.0015031970743375372 6.52119593173929E-4 -0.001635936046752504 -0.0013327926579184545 5.015981241658238E-4 1.9268727364356815E-4 1.813612450786298E-4 -0.0018033756934208915 
0.10796313608243757 -6.605753439133309E-4 -0.0014663256903847785 7.675139281380861E-4 -0.0016403101395539945 -0.0013107142529989629 4.519524302330129E-4 1.4533547344429705E-4 2.8933722682298463E-4 -0.0017695512016734137 
0.6792219582010932 8.27018870872505E-4 -0.001472753974603623 7.879451195622059E-4 -0.0015894828398474244 -0.0012974922352456011 4.83018547726394E-4 1.2561683933540302E-4 1.9192622999603728E-4 -0.0014496644416479927 
0.22854607644210356 -7.142766787959988E-4 -0.0015353319520097601 8.025408225188147E-4 -0.0016518718592776012 -0.0013392287064907826 3.9723521818379445E-4 1.735298884324468E-4 2.536218194547936E-4 -0.0020562530835869564 
0.2433637848153467 -7.681132519898643E-4 -0.001534112020848865 7.833163278707269E-4 -0.001638151312718335 -0.0012946830780946712 6.85108661952061E-4 1.219059427320676E-4 3.562357534139303E-4 -0.0017952637850644146 
0.4617826504309961 -7.495438379601351E-4 -0.001515588609739417 6.201483786816307E-4 -0.0016416368523072592 -0.001331752012958923 3.97768713501796E-4 5.115116334233036E-4 1.4731952797514947E-4 -0.0014125503331301695 
0.6321291178130651 -6.649530085527476E-4 -0.0014390963318529136 6.273395615883506E-4 -0.0015718839972169467 -0.0013380800479754478 -0.001031247690293848 1.6383441314718773E-4 2.671975817196639E-4 -0.0015106655353843614 
0.10160290668466215 -6.605106464030886E-4 -0.0014652580987354349 7.683552392207875E-4 -0.0016425688448054167 -0.0013107150602476463 5.341087753455668E-4 2.4114175318394013E-4 4.554804282723237E-4 -0.0017694667873428154 
0.15765954451229663 -7.206870903784279E-4 -0.0016765767512013296 7.825374117245209E-4 -0.0016415682706550619 -0.0013589290940996832 5.289165207949143E-4 1.7208902275630246E-4 1.6676208946433873E-4 -0.0015791516140084257 
0.90856628627165 -8.125459261188607E-4 0.0014203285112256289 6.203058396359001E-4 -0.0016788515082503724 -0.00134328334224826 5.005867573919288E-4 1.6802797650388406E-4 1.6531184827263295E-4 -0.0015822980402254588 
0.7934184615684147 -8.103695870589618E-4 -0.0014515675719027578 7.934528784893837E-4 -0.0016517228435910646 -0.0012934514263702275 4.869238846531023E-4 1.9883172583327834E-4 1.5680265508861E-4 -0.0016626683785239298 
0.8550723426847864 -6.58264738620156E-4 -0.0014854625601073668 6.260769127169843E-4 -0.0016372173729098081 -0.0013314180893654322 8.627233774789131E-4 1.347250918896072E-4 1.4849723704858552E-4 -0.0015095408281321264 
0.32349918765599295 -6.773178832223763E-4 -0.0016159232690749043 7.218975699776654E-4 -0.0018112268440025547 -0.0012613546143756768 8.346690793123657E-4 1.1031249364103102E-4 2.2076576699186866E-4 -0.0017417806573625464 
0.9040669166976499 -6.748574152326753E-4 -0.00153248675812742 7.226838165322593E-4 -0.001688407700449341 -0.0012963139367143184 4.142919075121301E-4 1.688773162224551E-4 3.559626758378113E-4 -0.0019107754806962896 
0.33106932848723525 -6.764688445179704E-4 -0.001456561749424425 6.134322637303743E-4 -0.0018112268440025547 -0.0013322494235823866 4.7374700951895166E-4 2.0018317909993978E-4 4.586804277448027E-4 -0.001599975887654448 
0.9950197368996122 -6.560632925298686E-4 -0.0015186770304312321 6.19863724923589E-4 -0.0016483025523316712 -0.0012565884141471442 4.1413425972703207E-4 1.674469922415548E-4 1.8426643614820527E-4 -0.001594462351048903 
0.015242148705116606 -7.233532996736562E-4 -0.001458042042532328 6.160042014979459E-4 -0.001684020278237093 -0.0013335614361833497 4.21923204342999E-4 2.0259518043804384E-4 2.1357958010805004E-4 -0.0015073490472880388 
0.40581219188239903 -7.127876101885461E-4 -0.0015715846794385996 7.825101023436954E-4 -0.0018017199499362467 -0.0014870295611221459 4.0329396319081225E-4 2.0876386287036212E-4 2.3645717123011722E-4 -0.001611625201770755 
0.3382401887556918 -6.764688445179704E-4 -0.0014577964101520147 6.145339947478296E-4 -0.0018112268440025547 -0.0013322627225320766 4.1840790449746475E-4 1.4607241387931745E-4 4.586804277448027E-4 -0.0017381834504124308 
0.15518082868839506 -7.219755840611919E-4 -0.0014491812518043316 6.142656781773639E-4 -0.001571546599062789 -0.0015035567348985986 4.086223531037602E-4 1.8708073111526566E-4 5.095352130018143E-4 -0.0018370833366535136 
0.4474960805439058 -6.635979315858184E-4 -0.0016174577682505987 8.039398072882085E-4 -0.001640062472380324 -0.0013387911094982668 4.204625304378144E-4 2.2432828138556262E-4 4.912721791874209E-4 -0.0015266367582573506 
0.05522922780583116 -7.132101349708154E-4 -0.00146962360288508 6.22596260162793E-4 -0.0016532454100825506 -0.0012559287628210731 4.8441340451545553E-4 1.9470778250682376E-4 1.6142659399934813E-4 -0.0016161850648863081 
0.7973488651937353 -8.091692914870849E-4 -0.0014567539026204164 6.177190705612807E-4 -0.0016162075736655742 -0.0013190435062580739 5.644397793615496E-4 1.4592993350848088E-4 2.177648846267684E-4 -0.001663756360686136 
0.26669762217540377 -7.212214298605768E-4 -0.001514926397708658 7.168556447486442E-4 -0.001583067066423247 -0.001290327751969616 4.132167624633138E-4 5.39922671365372E-4 2.771745792718224E-4 -0.0015941708431208854 
0.022877380383519226 -7.078911983649477E-4 -0.0015020824010068083 7.79458344465052E-4 -0.0016132944985542653 -0.0012850734941344658 7.74448740467803E-4 1.9668981839143085E-4 2.8927397497773293E-4 -0.0015876475475718845 
0.47285740183560315 -8.449051843771754E-4 -0.001475054488653834 8.009942170982491E-4 -0.0016514533408089403 -0.0013375226600667001 3.921615677824235E-4 2.0758863716431808E-4 2.352154845845525E-4 -0.00160507704123115 
0.05295460633429189 -7.300797265058196E-4 -0.0014477881015452275 6.142656781773639E-4 -0.0015733248483601253 -0.001331599231531626 4.088865414794843E-4 1.8716243260770397E-4 2.222113112891647E-4 -0.0016005002768549232 
0.1300156386820718 -7.412779873290534E-4 -0.001473166919297036 6.209361358419834E-4 -0.0018212689738293846 -0.0013308419876091426 -8.96345436038659E-4 1.4746271128149066E-4 2.3259713139585998E-4 -0.00174189105207164 
0.14569011416703626 -6.764195898094005E-4 -0.0014568521276125703 6.192153905059344E-4 -0.0016815949227354644 -0.0013110175300384786 5.478683730471667E-4 1.4607241387931745E-4 4.5157589860917124E-4 -0.0017396613989709565 
