0.9995325822395411 8.182155173668961E-4 4.6454205486113676E-4 -1.4862523478359648E-4 -6.387496507842305E-4 -0.001976206980588427 7.197901234676508E-4 6.276058282968487E-4 -6.868945078998475E-5 0.002556547238937616 
4.266161251416389E-17 8.137958443629408E-4 4.806326919049658E-4 2.2729714750415675E-5 -7.987037675125281E-4 -0.002027094679164981 5.996508629636417E-4 6.428704043645287E-4 -6.590906660049694E-6 0.002529434981589289 
0.18331673610225707 8.652468373547016E-4 4.441465475774993E-4 1.1964542270613906E-5 -9.432292404633029E-4 -0.001978911556461373 5.884834845501876E-4 6.601945133658121E-4 -9.311177341645013E-5 0.0025398786368031824 
0.2104295948091433 0.0010292075769707308 4.6284959183727666E-4 -1.4874573085619825E-4 -6.479640586562108E-4 -0.0019676333450723855 7.11201986963378E-4 5.187137144366027E-4 -7.292113505967586E-5 0.0025368570390856384 
0.8332436831209225 7.523763349577358E-4 6.994863023416207E-4 -1.5609696724606516E-4 -5.632366604404393E-4 -0.0019800019227950907 5.816728621838869E-4 5.043929074629291E-4 -4.3030465305016365E-4 0.0025344568463105776 
0.422485451405822 7.039779700127449E-4 5.729359143531429E-4 2.381606108648742E-5 -7.94656828768639E-4 -0.0020319789465271004 5.877266814183175E-4 7.155035123470898E-4 -1.5172758284363468E-4 0.0025513261552202182 
0.8902321105176825 0.0011052247565069978 4.676946362721868E-4 4.457438370625001E-5 -5.528368656863056E-4 -0.0019789331426923826 5.767226905353907E-4 6.938949206860682E-4 -8.664849252548001E-5 0.0025362217423339144 
0.10825118446452281 8.221307125192237E-4 4.7842510444519586E-4 1.7588437364294553E-6 -0.0010434793356974884 -0.001975342094168664 7.216615354789097E-4 7.210449034612742E-4 -1.1873547056826261E-4 0.0025297464719265467 
0.010705300353690956 0.001259112709075774 6.283952143563568E-4 -1.6548886461377325E-4 0.0028215621621634386 -0.0021096537256682303 7.163871084717257E-4 6.67271315856743E-4 -1.7177907973804852E-4 0.002556927953873569 
0.2660909333549928 8.157205552851324E-4 6.887194146591078E-4 1.6283065263826183E-5 -5.691392062542829E-4 -0.001975935815943781 1.608600897615817E-4 5.065464187176263E-4 -7.52323534802886E-5 0.0025345352510731554 
0.43547708884265507 8.816201771178568E-4 6.279628071355961E-4 5.685024744288762E-5 -5.942331601775186E-4 -0.0018822368795611251 7.166090928106121E-4 6.587523340676692E-4 -8.190943744738432E-5 0.002531292775966078 
0.4534522425058656 0.0011321139693215134 6.296216153566095E-4 3.167990068331718E-5 -8.006183434213832E-4 -0.0019653403385782447 1.2922825394255297E-4 6.602263717497405E-4 -5.428704779775091E-4 0.002535158350283008 
0.02416687827777131 7.411453054992564E-4 4.769478163654037E-4 1.2526167333796393E-5 -5.999092453720744E-4 -0.00197341159758249 7.225940086211866E-4 5.198856637254648E-4 -1.874368795962311E-4 0.0025344125453884243 
0.4015757643103682 7.943826259458375E-4 4.87727210704462E-4 8.792039681307468E-6 -8.712501697544595E-4 -0.001972949399768297 1.475112663867118E-4 6.080019261657036E-4 -8.36520096024166E-5 0.0025294175685085666 
0.8164666795876678 7.723464782032968E-4 6.253076329609501E-4 -4.2133343871942936E-4 -8.222620364453483E-4 -0.0020239649514398193 7.513828756295369E-4 7.164110363139931E-4 1.4474113737994497E-5 0.0025366064272594625 
0.09445435264143869 7.529954381096631E-4 4.8537700264196927E-4 1.4882779557528394E-5 -5.577085743715875E-4 -0.002020575464200824 5.76892313041916E-4 5.099247631143251E-4 -7.261191994076903E-5 0.0025349715266789934 
0.785428843093191 8.306323480710084E-4 6.987530836132872E-4 -1.559332399391473E-4 -5.631174239090222E-4 -0.002025846255380338 6.355437185357107E-4 6.925112073466143E-4 1.915973081167762E-4 0.002534463846334112 
0.08105429252417418 0.0013785351473492792 4.8207702383640976E-4 -2.2564612590395897E-4 -0.0010196010458736512 -0.001884690890933529 1.491772188916129E-4 6.600228030383729E-4 -1.808163161009747E-5 0.0025364354932542886 
0.8608491999711504 8.27749049657696E-4 6.200063987821153E-4 2.7556998585760266E-5 -7.944998894649077E-4 -0.002029632435555705 5.996367077842661E-4 6.921740361252413E-4 -1.4585335579201219E-4 0.0025295759435296035 
0.8003243381205465 7.657873444928537E-4 6.27227434841084E-4 -2.436465391652107E-5 -6.391889044432774E-4 -0.0019741479761325536 6.22485684073863E-4 5.142813413576132E-4 -3.88067532565976E-4 0.0025344702066268376 
0.2831288671581139 7.450072537286379E-4 5.895707404878007E-4 -1.402068621583072E-5 -4.953932423937215E-4 -0.0019658318883035847 5.790538961045694E-4 6.60714518556543E-4 -1.445414161662823E-4 0.002534164344249891 
0.7367763639898071 0.001102980697105942 6.432302981571644E-4 -9.478445296427817E-6 -9.415385218672891E-4 -0.0019571371383923356 7.161569498956664E-4 7.008352286346519E-4 2.2864597731035312E-5 0.0025352079645752563 
0.46597042005203027 7.385059434530497E-4 6.227176068255186E-4 -1.3591970203094772E-4 -6.10076219992914E-4 -0.0018805557335538562 5.975439952249235E-4 5.184949327013148E-4 -7.187508051694179E-4 0.0025295759435296035 
0.5794553702858972 7.960542279700051E-4 4.345686862856614E-4 1.678841566930531E-6 -5.710678250812191E-4 -0.0020259221521827637 7.158605228589375E-4 6.895715525432972E-4 -1.6904000425861212E-4 0.002529857428257477 
0.12451256965253182 8.210226834133873E-4 4.535349429735244E-4 1.329295496900424E-5 -8.355631857874562E-4 -0.0018818501858377927 7.159149704007047E-4 6.49114201367998E-4 -1.6078419675719872E-4 0.002534861395310309 
0.7690831825118181 0.0010231665090567172 4.323797399422513E-4 -1.4044329691746939E-5 -4.97698181328226E-4 -0.00202658154684462 6.217747895726377E-4 6.884939689982226E-4 1.5757510485587753E-5 0.00253925231240194 
0.35173375018551023 8.051405143643051E-4 4.632579797832633E-4 -1.4760303700825809E-5 -7.588437236303437E-4 -0.0018791140971443864 7.075364024938228E-4 6.54134633534703E-4 -1.9069644465097882E-6 0.0025361003615936395 
0.6143218182604497 7.53127860683478E-4 6.293126986536982E-4 -1.3480469167168016E-5 -6.627405245718744E-4 -0.001974401468720936 7.183847923404063E-4 7.194322448065165E-4 -1.4765699316863557E-4 0.0025350224168219303 
0.01741980128594403 7.536427042703696E-4 6.247136146051626E-4 -5.586369423313384E-6 -9.328725970086573E-4 -0.001956971353518217 7.161569498956664E-4 5.108025134134828E-4 2.2864597731035312E-5 0.002535615813701658 
0.02925483974956719 7.530351136779671E-4 4.8031471443117266E-4 2.1669461675772423E-5 -6.120502126056987E-4 -0.001880273393685847 7.222315487675919E-4 6.437051462794945E-4 -7.283030604731221E-5 0.0025286618460965997 
0.016145702592511163 0.0010287083779621567 4.555023115548916E-4 1.6301411474784508E-5 0.002878501011187892 -0.001968094488493147 6.215655926455605E-4 6.905249654099141E-4 -9.622033556474561E-5 0.002535452630067448 
0.03519832422802455 8.811375701518063E-4 6.947205339455427E-4 -2.1169161050092267E-4 -0.0010045934642255898 -0.002021636792821905 5.829745146599585E-4 6.805869157106545E-4 -1.4861976292315668E-4 0.002556959114871332 
0.33645525005020516 7.45623706420589E-4 6.192716895318225E-4 -1.5589538925534275E-4 -6.333380423582976E-4 -0.0019752521797090465 7.205350175339712E-4 7.196856544198515E-4 1.781273529211529E-4 0.002535205516993339 
0.13933410338691402 8.157205552851324E-4 6.887194146591078E-4 1.6283065263826183E-5 -5.691392062542829E-4 -0.001975935815943781 6.979934980726461E-4 5.06074049304956E-4 -7.52323534802886E-5 0.0025345352510731554 
0.15303994504436827 8.221307125192237E-4 4.749066451255133E-4 1.7588437364294553E-6 -0.0010434793356974884 -0.001975342094168664 7.156015699568346E-4 7.216252433006332E-4 -1.1873547056826261E-4 0.0025297464719265467 
0.1169644359862137 7.461367977262688E-4 6.296216153566095E-4 -1.9264245749034373E-4 -9.433171849041963E-4 -0.0021080299468664533 6.006825485674269E-4 6.572552365784807E-4 -5.50419385556984E-4 0.002536166165582585 
0.37036408262880105 0.0010236566992171097 5.896514097898593E-4 -1.3890728232886256E-5 -5.122868077314722E-4 -0.002030783388980216 6.217747895726377E-4 7.563016545499282E-4 -4.304453208567589E-4 0.0025332405170578765 
0.8670879329684672 7.549222842190361E-4 6.255236514433148E-4 2.7556998585760266E-5 -7.940375997052194E-4 -0.0020238244689786203 5.996367077842661E-4 6.921740361252413E-4 -1.4584913133124086E-4 0.002536482690928914 
0.7578135913409061 7.045533342341153E-4 4.6259904117280514E-4 1.3761283889312407E-5 -0.0014377900221856444 -0.0019646597345210504 5.887108777708891E-4 6.492048370609163E-4 -1.6350526219797027E-4 0.002534856787865012 
0.0019946797532676003 0.0010353162568652568 4.72047482055181E-4 -2.0098303644400982E-4 -0.001011910014678276 -0.002024112929074275 5.920934989501313E-4 6.503919407898883E-4 1.014893076919899E-6 0.0025376202947888756 
5.64503484789744E-4 0.001027312602600447 5.858638778759471E-4 1.6301411474784508E-5 0.002878501011187892 -0.001968094488493147 6.215749672200565E-4 6.905249654099141E-4 -5.925045691413692E-4 0.002535923993653869 
0.06557566682825566 7.904294096140029E-4 6.192605825815971E-4 3.4095030331847105E-5 -5.942331601775186E-4 -0.001969095589491675 7.104981875678014E-4 6.931410660093623E-4 -2.9966302836316667E-4 0.002531944449667542 
0.08879616025315917 8.220399472155987E-4 4.749300629282284E-4 1.7588437364294553E-6 -0.0010434793356974884 -0.001882218517297018 7.156015699568346E-4 7.216252433006332E-4 -1.1873547056826261E-4 0.0025297464719265467 
0.5393965978650187 0.0010328320929702919 5.884900866870324E-4 4.330326114322489E-5 -6.440328749742278E-4 -0.0019791143180149257 6.125141082306213E-4 5.008883431828495E-4 -9.535112690475747E-5 0.0025346035385846004 
0.7154547826232087 0.0013643797623669983 4.8072278098190306E-4 4.379520672789414E-5 -9.317050110298059E-4 -0.001870150225891832 5.947772559942383E-4 6.163773414580942E-4 -7.267992633526177E-5 0.0025286458191249002 
0.3870735954793717 0.0010073777734651373 4.4316731682441713E-4 -1.2112150446407036E-7 -8.946885418026047E-4 -0.001982794492339293 5.858114101608845E-4 7.044029145449577E-4 -2.448270543841108E-4 0.002534425586486545 
0.29061998102172326 7.917125199439623E-4 6.167673403543453E-4 8.369107250964363E-6 -5.804051635902778E-4 -0.001973683248860658 7.209684017401412E-4 6.927878192273778E-4 -8.510571048829285E-5 0.0025295044047529114 
0.004893002136130364 7.385059434530497E-4 5.882547190222346E-4 2.72014106294629E-5 -5.21680986503247E-4 -0.0019694215830753235 7.121031715781089E-4 6.207583917427727E-4 -4.895430196626301E-6 0.0025347186044230724 
0.13496028025950776 7.466985216089784E-4 4.745535976320329E-4 1.3646945568404373E-5 -0.001013760255925564 -0.001881467703472819 7.159046432145408E-4 6.09344462782183E-4 -1.580530878838621E-4 0.0026099304981032647 
0.24922193168364853 8.1822021156868E-4 4.749001315364551E-4 -1.4425753047358776E-5 -4.920247663913082E-4 -0.0020728337995798577 5.790538961045694E-4 6.60776133729858E-4 -1.2863106750566987E-4 0.0025301456278816635 
0.522678775865303 0.001043043528715361 6.362527986190791E-4 -1.4381763103517257E-5 -6.627405245718744E-4 -0.001974401468720936 7.112103487296998E-4 7.292620552420262E-4 -9.419509641932554E-5 0.0025350224168219303 
0.702638686544538 8.137958443629408E-4 4.806326919049658E-4 2.3119292126722646E-5 -7.987050132905482E-4 -0.002027094679164981 5.996508629636417E-4 7.347504728573046E-4 -7.248452322323649E-7 0.00252935963489404 
0.5054194839854413 8.060668407594228E-4 5.774841160058037E-4 3.688233871438034E-5 -5.101188408932767E-4 -0.001879053841938122 6.052302292586042E-4 6.927929916654764E-4 -5.83626518909439E-4 0.002558590496538464 
0.25573028488170624 0.0011575171026073567 4.600879706986896E-4 7.485629942602842E-6 -8.323480501920626E-4 -0.0019755275283994834 5.83759402331957E-4 6.909401482754581E-4 -5.823447807025415E-4 0.0025398047984050644 
0.6693326098120193 9.813828127655238E-4 4.7943951450444503E-4 -1.4273525862367483E-5 -0.0010390091886700987 -0.0018830745983569284 5.928035010359527E-4 5.121257443952142E-4 3.12896747401178E-6 0.002535192509176 
0.6608059498838047 7.450072537286379E-4 5.895707404878007E-4 -1.402068621583072E-5 -4.963103662014567E-4 -0.0019658318883035847 5.790538961045694E-4 6.60714518556543E-4 -1.4309871811293243E-4 0.0025392786563821455 
0.7443881474876884 0.0011338587743906527 6.43205626942483E-4 5.878544230121866E-5 -7.908108916144856E-4 -0.0019731426220360297 7.218073248664756E-4 7.058531870697572E-4 1.9039642169129187E-4 0.0025351778230334695 
0.32374236868696915 8.040526178035897E-4 4.8627794983676395E-4 3.816654097425319E-5 -7.56534023066527E-4 -0.0019746813423932256 1.612506823598853E-4 6.600855121075814E-4 -8.645832941202811E-5 0.0025556356862173083 
0.9056062045234784 0.0010292075769707308 6.367253489347202E-4 -1.4874573085619825E-4 -6.47161790127036E-4 -0.0018820063037357556 7.163417631525067E-4 5.107466444252986E-4 -7.292113505967586E-5 0.0025368570390856384 
0.00637648754880818 7.485967578179222E-4 6.283952143563568E-4 8.86137943595814E-6 0.002631789993439806 -0.001964683092418554 7.163871084717257E-4 6.67271315856743E-4 -1.579997851732402E-4 0.0025543172495763812 
0.633797464046363 0.0010624267058113141 4.530615163447629E-4 -1.695365360516992E-4 -0.0010131567847129334 -0.0020258729649183993 7.12037847485428E-4 6.603627384447983E-4 1.938409764021249E-4 0.002536849637067111 
0.21765912601243387 7.723464782032968E-4 6.253076329609501E-4 -4.1345771525296585E-4 -8.213738551877055E-4 -0.0020239649514398193 7.513828756295369E-4 7.164110363139931E-4 1.4474113737994497E-5 0.0025366064272594625 
0.22572880694521208 8.766034708136963E-4 6.247594536567759E-4 -5.340495507188484E-6 -0.0010137452313273424 -0.0018843129860375192 5.947271906559401E-4 6.152971973977458E-4 -1.5977534676717552E-4 0.0025359154305989707 
0.6250915102134026 7.045710109800892E-4 6.247136146051626E-4 -5.586369423313384E-6 -9.415385218672891E-4 -0.001956971353518217 7.161569498956664E-4 6.153972422622597E-4 2.2864597731035312E-5 0.002535615813701658 
0.9783819377218734 8.211236305098815E-4 5.916377079309635E-4 -1.4119106739602467E-4 -9.019090643278987E-4 -0.001974244513294188 7.121964380128892E-4 6.205680723141167E-4 2.0389154757644777E-4 0.002556356320675821 
0.30158402145332125 0.0011607565580032141 4.7556432882073316E-4 1.565312619385383E-5 -6.226740356947343E-4 -0.0018841253162861712 1.4915114708005499E-4 6.983356984067616E-4 1.6729267536276087E-5 0.0025343190724028 
0.9678029391757574 0.0012686811330696378 4.747196493678275E-4 -1.3839718886307197E-4 -8.235651495838963E-4 0.0030728889600745977 7.162014533019594E-4 6.205230054595301E-4 -1.1572469251249439E-4 0.002615896563475382 
0.5972308262032899 8.215606483907499E-4 4.702326351284228E-4 1.299977013411306E-5 -8.16206266058603E-4 -0.0020308933230054763 7.136474325325719E-4 6.492048370609163E-4 -1.4383189486525413E-4 0.002534856787865012 
0.05080320159495233 0.0010316227431028423 6.180884732982566E-4 3.418874208651547E-5 -5.942331601775186E-4 -0.001969095589491675 7.104981875678014E-4 6.604834484787704E-4 -2.9966302836316667E-4 0.002536505775593256 
0.04729989260166434 0.0013785351473492792 4.8207702383640976E-4 -2.2564612590395897E-4 -0.0010217098947016444 -0.001884690890933529 7.146464066567107E-4 6.599244269316712E-4 -2.1531562208600916E-5 0.0025364354932542886 
0.5134407385587748 8.074626161211325E-4 4.471225496847482E-4 3.688233871438034E-5 -5.101188408932767E-4 -0.001879053841938122 6.052208546841082E-4 6.927929916654764E-4 -8.734228533281547E-5 0.002558119132952043 
0.05855134200852463 7.397046080660249E-4 4.7788886431796766E-4 -4.1632112254703815E-4 -7.620387864326605E-4 -0.0019894056991786114 5.801389543292934E-4 6.280889768395118E-4 -9.5172931323429E-6 0.002553297541293114 
0.34631968356449844 7.898033948872088E-4 4.6072079184951084E-4 1.8071579497741958E-5 -6.363031343985505E-4 -0.001970451893054347 7.16144573292706E-4 7.021575142143967E-4 3.4499943081731316E-5 0.0025342858778235364 
0.5340038272730057 7.529366192622595E-4 4.77846820268212E-4 -1.428803702323647E-5 -5.093540711409593E-4 -0.001975263327361427 7.150201144686947E-4 5.074093260888202E-4 -2.4185822939949665E-6 0.0025349676032995947 
0.16667090932976003 0.0010385509405222695 6.264548115473598E-4 -1.9505390186016096E-5 -5.652488780478675E-4 -0.0018888919303994573 6.290895736274529E-4 6.913819034085665E-4 -1.5031939991976673E-4 0.002534540009318455 
0.3192085655480201 7.46026289612785E-4 4.745535976320329E-4 1.3646945568404373E-5 -0.001013760255925564 -0.001972427623065218 7.159046432145408E-4 6.09344462782183E-4 -6.126420584837268E-4 0.0025357260578719705 
0.0012729320298511815 7.450072537286379E-4 5.895707404878007E-4 2.2803248770857282E-5 -4.953932423937215E-4 -0.002027627097283854 5.790538961045694E-4 6.60714518556543E-4 -1.445414161662823E-4 0.002529471539983897 
0.9583684051877088 7.385059434530497E-4 6.227176068255186E-4 -1.3591970203094772E-4 -6.10076219992914E-4 -0.0019723438881120796 7.125513788227645E-4 6.20757787405206E-4 -7.187508051694179E-4 0.0025352173700228906 
0.556077175734994 8.773850919308553E-4 5.872131954544895E-4 -2.1112585364406027E-4 -6.758758693771995E-4 -0.0019788761456617223 7.191856236835867E-4 6.662346067477179E-4 -1.516598785097816E-4 0.0025343359212279606 
0.5703392900629273 7.99033330001938E-4 6.227176068255186E-4 -1.3591970203094772E-4 -6.10076219992914E-4 -0.0020308922037709817 7.141075376701294E-4 5.184949327013148E-4 -7.232085839890414E-4 0.0025295759435296035 
0.6838929614478129 8.170198630022616E-4 4.764137852060939E-4 -4.4775595958678003E-4 0.002796483776973414 -0.001972467237138427 7.161891791652211E-4 6.147673532952934E-4 -1.4758908506040994E-4 0.0025301611541931135 
0.5990232943770827 0.0013662891869043548 4.8072278098190306E-4 4.379520672789414E-5 -9.338559341220191E-4 -0.0018698343532952597 7.118669495289846E-4 6.162131004672262E-4 -1.5744072491803777E-4 0.002534611639375851 
0.07132199933626214 7.907408134425164E-4 6.191224631644274E-4 3.4095030331847105E-5 -5.700574971191233E-4 -0.001969095589491675 7.104981875678014E-4 6.931410660093623E-4 -3.023519996330059E-4 0.0025320158219970606 
0.3936745214368248 8.137449139104996E-4 4.8599449971016405E-4 -2.350946069153263E-5 -9.202391005089111E-4 -0.0018804456361181515 6.354437636772387E-4 6.941882479227991E-4 -7.126917402596624E-6 0.0025288365662122776 
0.94752553512659 8.204914167786639E-4 5.923813050257632E-4 -1.4862523478359648E-4 -4.990515255741681E-4 -0.002025781833415371 7.121964380128892E-4 6.20365134320395E-4 -6.925075382252702E-4 0.0025557405897887065 
0.6485826052482211 8.360207257746408E-4 6.287937180693816E-4 -1.596792902652111E-4 -8.068802985059362E-4 -0.001966656829144236 5.991301757449651E-4 6.179037304300572E-4 -8.668069593231655E-5 0.0025346842129234 
0.6928562486908201 8.211236305098815E-4 5.916377079309635E-4 -4.5054983811973275E-4 -8.992660798341064E-4 -0.001974244513294188 7.120018151879825E-4 6.164067850862805E-4 -4.644535848906785E-4 0.002534508980142092 
0.041021902538932606 7.550504971661968E-4 7.729160580130841E-4 5.10049712338012E-5 -7.653238180635074E-4 -0.0020766066948853814 7.216502341992903E-4 6.596033042112232E-4 -6.013076973612911E-4 0.002534491275584624 
0.47910533461218335 7.398673336923515E-4 6.994863023416207E-4 4.330326114322489E-5 -5.783320887365622E-4 -0.00187016990895715 6.125315849269602E-4 5.183280580182635E-4 -8.276810560720849E-5 0.0025346085565816382 
0.05603311235567787 8.578995047863966E-4 6.274029368472527E-4 -4.082357792852445E-4 -5.685129297984962E-4 -0.0018685691810441346 7.364135222926478E-4 6.28180833626043E-4 -9.630832938838578E-6 0.002552887421679097 
0.6446736708410891 8.3574400695099E-4 6.287937180693816E-4 -1.596792902652111E-4 -8.027597851248756E-4 -0.001966656829144236 5.991301757449651E-4 6.179037304300572E-4 -8.668069593231655E-5 0.0025346842129234 
0.9216995868078253 0.0010161190734130107 5.877157662295348E-4 1.9099033575226825E-5 -6.442928073426165E-4 -0.00188050444322918 5.932742872258028E-4 7.355595918008147E-4 -9.533840725183161E-5 0.0025342375082618453 
0.2330547812372483 8.778806711011498E-4 6.274356946707446E-4 -2.0335024065500535E-4 -0.0010209193914268026 -0.002110733501114065 5.901981253489269E-4 6.65827202267656E-4 1.014893076919899E-6 0.002529690209333741 
0.3088932537247482 7.549222842190361E-4 4.342240841257468E-4 2.728901169473519E-5 -7.962686702381835E-4 -0.0020238244689786203 6.04251553699422E-4 6.918960849990009E-4 -1.4584913133124086E-4 0.0025364996476106363 
0.37407574328838533 7.051577081563176E-4 4.4411030264263475E-4 7.2306047277035885E-6 -6.425658454255376E-4 -0.0020330138568388787 5.877286889315616E-4 7.151821429873968E-4 -1.5172758284363468E-4 0.002533845832827939 
0.23808449653319164 0.0011321139693215134 6.893826761261917E-4 3.167990068331718E-5 -8.006183434213832E-4 -0.0019653403385782447 1.6096478225215944E-4 6.58958881748991E-4 -4.9118331960716795E-5 0.002535158350283008 
0.5627378690871823 8.766034708136963E-4 6.247594536567759E-4 -2.1212174911402554E-4 -0.0010137452313273424 -0.0018837136228863334 5.947271906559401E-4 6.672063843073067E-4 -1.5743024590052687E-4 0.0025359154305989707 
0.9357218780810985 0.0010313437081074157 5.862071902771335E-4 6.815025624522817E-6 -6.360082998915392E-4 -0.0018869749458118037 7.139368584596583E-4 6.6213191122882E-4 -1.6143512298601197E-4 0.00253462984435506 
0.1757534236688756 0.0010254298993867853 4.4302121381190366E-4 1.6206560704702138E-5 -9.432292404633029E-4 -0.001969994875595852 5.884834845501876E-4 6.601945133658121E-4 -9.311177341645013E-5 0.0025358269591732982 
0.4941469075717965 0.0013543518952559143 6.916763517706528E-4 3.2787482563632325E-7 -4.960423479413347E-4 -0.0019648620306544984 6.171890216149253E-4 6.587127266965365E-4 -6.721393306044654E-4 0.002534611639375851 
