0.0 0.0019146353316880547 0.0023856266206414606 3.612613926071128E-5 2.66110835340549E-4 8.074606657929263E-4 6.358437683243847E-5 0.0017531669055373634 -2.9073266109948964E-4 -2.8987155834633415E-4 
0.9981120918442685 0.0019180204835568834 0.0023861121169164758 3.873736682340801E-5 2.6230886806045603E-4 5.570788407835438E-4 6.738029796519147E-5 0.001746286445968153 -1.0061142159752591E-6 1.2699863261937083E-4 
0.3874095703645931 0.0018772831293276187 0.0023887926003251813 1.249074522214923E-4 2.7755286641515265E-4 5.540690649462964E-4 6.827516330025375E-5 0.0017424950469751201 -7.0626547782127605E-6 1.6928945351514543E-4 
0.17316614688876203 0.0019033553286911349 0.0023913369821359567 1.9019976363184802E-6 2.717202701928243E-4 2.897615141072209E-4 2.4886437567299055E-4 0.0017514985220843358 -2.4348069683097886E-6 -0.001470418910141583 
0.7904225838707868 0.0019037706278437168 0.002457788078832329 7.839280624920542E-5 2.729108922127788E-4 5.554511349489773E-4 2.2787489034075764E-4 0.0017541054886540351 1.5945321825023943E-5 -3.572169417208901E-4 
0.8150785107154246 0.0019106732445712332 0.0023992268233017943 4.078789438872293E-5 1.8276848790064906E-4 8.531337963846066E-4 6.236624455548068E-5 0.001949823705893953 -1.9754495491718992E-6 -3.6759853282725385E-4 
0.0301684569578419 0.0018679668601114562 0.002409986847860848 1.0262289053809447E-4 4.160820984773204E-4 3.887108155502225E-4 2.340916707414545E-4 0.0017599869176545516 -5.379876662371037E-7 -2.812985453980377E-4 
0.03953977690595998 0.001870127803233939 0.0024581998487560883 3.802132832638844E-5 2.588630255040574E-4 8.561091549370513E-4 6.558999365132357E-5 0.0017613575814392865 -1.5248878624633071E-6 -3.1644851943001386E-5 
0.15887018902968103 0.001909431876657242 0.0023891046167246934 -4.300959330280846E-5 2.9227354310087353E-4 9.469227409129983E-4 2.4009929322997483E-4 0.001759567976419612 -7.089706322558903E-5 -0.0011565414511256497 
0.7761513770574027 0.0019037706278437168 0.002457831260536976 7.839280624920542E-5 2.7161682137677304E-4 5.554511349489773E-4 2.3054570300874242E-4 0.0017539205091157287 1.5945321825023943E-5 -0.00173734898770034 
0.8268805026750806 0.001877489676875109 0.002387935535545631 8.39551499580342E-5 2.775197705615078E-4 5.447552291215283E-4 6.786293897066746E-5 0.001745354816587145 -1.134661083408815E-6 -2.827126500440445E-4 
0.48060652770708145 0.0019037706278437168 0.002409137212184976 7.839280624920542E-5 2.7308519131204363E-4 5.555993929829639E-4 1.9693739767152367E-4 0.0017539890859723363 1.5945321825023943E-5 -3.572169417208901E-4 
0.5260407715064979 0.0019285871665190417 0.0024783903624869203 7.665579512410752E-5 2.8164169623940045E-4 4.0759482188990645E-4 2.1755683201561262E-4 0.0017730776378479815 1.480194778157707E-5 -0.0016036052962513853 
0.44199515181297594 0.0018832748379201416 0.0024608197630881907 1.5854901444674023E-4 2.7160764417357325E-4 5.728696591716604E-4 1.9442982351773638E-4 0.0017581558005929129 -1.0637570065743617E-4 -0.0017381938883043499 
0.05191923157601119 0.0019193249269273004 0.0024087709223964537 8.41428478768386E-5 9.430800652333337E-5 2.875452971642919E-4 5.483691018572753E-5 0.0017515066977999985 -2.430589626179352E-6 -0.0015284176279488446 
0.7401714157730077 0.0018734767821824078 0.0023858310917818605 3.3967692073156496E-5 2.6583772557863797E-4 8.11089408278078E-4 6.764882110023133E-5 0.0017426713544978333 -1.0286332869444668E-6 1.4269576987888566E-4 
0.7558473157655323 0.0018923755419441171 0.0024829002032758576 3.150073674989591E-5 2.7158496421940767E-4 8.468263027107375E-4 2.115485546496878E-4 0.0017408397210247825 -3.60975368404025E-5 1.550819724486336E-4 
0.002956360279122397 0.002073454164332071 0.0024579984921287864 3.6194754834719455E-7 2.698552540792247E-4 4.030840568938069E-4 6.904319790991203E-5 0.0017422858104568799 -4.979292028633498E-6 -2.88593401827284E-4 
0.31581735628389324 0.0018679668601114562 0.002409986847860848 1.0262289053809447E-4 2.663923172333588E-4 3.887108155502225E-4 2.3699419480698782E-4 0.0017599276847109725 1.5788517511920482E-5 -2.1780251768654284E-4 
0.23743509913558952 0.0020569956882558653 0.0023992268233017943 1.090644604445659E-4 1.8276848790064906E-4 8.561091549370513E-4 2.1827447761368666E-4 0.0019337135920886016 -1.969607692421443E-6 -3.6759853282725385E-4 
0.09675737184842742 0.0020600906073166706 0.0023892704354607163 7.293229591356099E-5 9.430800652333337E-5 3.624677921703393E-4 2.004325420398825E-4 0.001753317095281857 -5.1660079683338626E-6 -0.0015517598929864936 
0.32983340414109474 0.0018955543450492331 0.002455933308847408 9.76331289982766E-5 2.700323644704955E-4 0.0010021387190979236 2.143762800159821E-4 0.0017508476314187333 -1.043895683580293E-4 -0.0016798759749084397 
0.22252020178902138 0.0019035205412837098 0.0024103013564702115 3.957854231855182E-5 2.664533458229114E-4 5.421302496619052E-4 7.007979323637836E-5 0.0017325281130147294 -1.2002646653064745E-6 1.516344543668569E-4 
0.7140886310090737 0.001893238167243305 0.002385319124851164 3.4444087135532064E-5 1.049441623442692E-4 3.502842665262184E-4 6.839959381875016E-5 0.0017426713544978333 -1.0286332869444668E-6 1.4269576987888566E-4 
0.18693925219842777 0.0018707630119864048 0.002457305968645827 4.138637657970942E-5 4.2812123825147985E-4 4.088239065967317E-4 6.888580707707556E-5 0.0017450742629412696 -1.379761686275667E-6 -2.0003187042450345E-4 
0.36992151638377874 0.0018734767821824078 0.0023858310917818605 1.7661720577342063E-4 2.6583772557863797E-4 5.500980205031281E-4 6.764466679387262E-5 0.0017441151541348144 -1.3783871659786358E-6 1.696252277188521E-4 
0.4330099669993662 0.0018832748379201416 0.0024608197630881907 1.5854901444674023E-4 2.7160764417357325E-4 5.728696591716604E-4 6.900363585699645E-5 0.0017581558005929129 -3.070420476843064E-6 -2.940836353949796E-4 
0.41709494783258466 0.002041027913742645 0.0024108587284932008 2.0186069129540741E-4 2.662449135527291E-4 8.24477813966579E-4 2.1808401229966731E-4 0.0017599844890207976 -2.9524593402263785E-4 -1.4400731766443093E-4 
0.07086812213453259 0.0019162052344462843 0.002668519560484624 6.077199575282543E-5 2.933117395656446E-4 8.108226101011567E-4 2.3543336803082338E-4 0.0017571390887513511 -3.1721222825019448E-6 -1.3664873602007728E-4 
0.3403373070602578 0.0018663728222698443 0.002397490206435152 1.6571821136780382E-4 2.7965054542374083E-4 8.595508220959397E-4 2.1472877762965633E-4 0.0017866001162145807 -4.211506701301795E-5 -4.044366869158597E-5 
0.2573964182198772 0.0020569956882558653 0.0023992268233017943 1.090644604445659E-4 1.8276848790064906E-4 5.807385030374404E-4 1.9669686461672408E-4 0.0017649007432768734 -1.9722098396988942E-6 -3.6759853282725385E-4 
0.10679217058123808 0.001914979109368787 0.0024088977690157488 -0.0020591809953750166 9.074496881875184E-5 8.049011971213079E-4 2.4093999115087024E-4 0.0017579599669938625 -7.032714451394749E-5 -1.2872167356018011E-4 
0.5775070264516412 0.0018846601731962382 0.0023894056876858586 1.9536778977027988E-4 1.1853508739514206E-4 4.060892516066344E-4 2.1740146755705906E-4 0.001769528146272673 1.5917555513310875E-5 -3.6632133078654216E-4 
0.04560793701940133 0.0020474700089456307 0.0023992268233017943 3.802132832638844E-5 2.6743071921111886E-4 8.561091549370513E-4 6.557554644138615E-5 0.0017292731239818581 -1.5248878624633071E-6 -3.210602747397113E-4 
4.770613773736332E-4 0.0020723839998866077 0.0023974619733153953 8.230062886750295E-5 1.0493073957972327E-4 7.970161063089216E-4 1.9265012848208898E-4 0.0017897058719048102 -4.346667641597469E-5 1.4747883814330415E-4 
0.6276883449457642 0.001913657511021431 0.002389416565202916 -2.5576757521751693E-5 2.6948358432051623E-4 3.973483629036374E-4 2.149324216376098E-4 0.0018288106111710785 -1.7453703097319278E-5 -0.0014436984223127006 
0.5070324413566776 0.0019037706278437168 0.0024597337014892803 2.0480041533450474E-4 4.0919541009648005E-4 5.50456362852999E-4 2.1740062359191712E-4 0.0017705163647736496 1.5945321825023943E-5 -2.831719481449726E-4 
0.9777965306785162 0.0019180204835568834 0.002411349227159736 7.90736682816633E-5 2.739684099430402E-4 5.56278687070977E-4 7.145532507423661E-5 0.001740723595299867 -1.0061142159752591E-6 1.5598984676962877E-4 
0.5900017852136354 0.0019140543382978935 0.00245501476653132 1.8869887420366833E-4 2.6599351615745685E-4 3.6942265309515137E-4 2.170040260573473E-4 0.001746141776203404 1.4875291068595196E-5 -3.9949683154125463E-4 
0.6735717904332943 0.0019149769098698328 0.0023823335787175643 -1.6124268038426932E-4 2.8127100263420827E-4 4.1682669233629596E-4 2.399372887828431E-4 0.0017539123275473651 -1.1296081808574523E-4 -0.0016337769579329435 
0.11905612190368642 0.0019088148239099624 0.002408528518836655 1.664692364795745E-4 2.729114843327704E-4 3.9669041447022127E-4 1.489638809010067E-4 0.0017541463038529856 -9.383553291263728E-6 -0.0015246530507042166 
0.4609091199801686 0.0018735065330640142 0.0023894049483764584 7.290682351557445E-5 2.683600048398246E-4 3.6291263580518103E-4 2.1753887757150852E-4 0.0017711670332048496 -6.268050963995238E-7 -3.651071850582543E-4 
0.40802589659235194 0.0020569956882558653 0.0023992268233017943 1.090644604445659E-4 1.8276848790064906E-4 3.9566923260486156E-4 1.9669686461672408E-4 0.0019288718498419544 -1.9722106194962593E-6 -3.6759853282725385E-4 
0.9162914707554557 0.0019106734295103187 0.0023886919940191887 8.239227413351331E-5 2.6858197358725167E-4 3.7469262373131804E-4 1.9758089792305803E-4 0.0017430590739605826 -1.0286332869444668E-6 -2.155886825401384E-4 
0.5657011924394473 0.0018867931493585077 0.0025195669537488624 3.200855351507447E-6 2.933117395656446E-4 3.5806764261599546E-4 1.9606846256341615E-4 0.0017538288129091725 -2.055339636325177E-6 -4.3094721497535197E-4 
0.3045065863234316 0.0019183177741750046 0.002455933308847408 9.418218332397742E-5 2.700800349241022E-4 0.0010015036083433175 2.1483851127265384E-4 0.001750851945791944 -1.043895683580293E-4 1.1070481259805611E-4 
0.602173790599002 0.0018667758121382512 0.0023930308815856382 2.0943625895815144E-4 2.792047964910076E-4 3.674444856532962E-4 1.9614223095801178E-4 0.0017862532652401467 -3.5032544709142283E-6 -0.001594271041468177 
0.3512876921293711 0.0018773613422152643 0.0024103013564702115 1.6055140070716275E-4 2.6624224415650207E-4 5.421195585161803E-4 2.3939060562396037E-4 0.001734217819579933 -1.1979899210489233E-6 1.516344543668569E-4 
0.49297030313215096 0.0019039835152656714 0.0023883190287980185 3.849146619763709E-5 2.689320887122707E-4 5.392511074766367E-4 2.346974531762145E-4 0.0017514325586039312 1.564459560179079E-5 -2.9401208201251214E-5 
0.26769146455026654 0.0018851056868431039 0.0024070949082005706 9.418218332397742E-5 2.700323644704955E-4 5.523709778272234E-4 2.1811553898306842E-4 0.001750851945791944 -1.043895683580293E-4 -1.0798435338607061E-4 
0.6943597815112567 0.0018839954535534108 0.0023934205138368614 3.749078601575615E-5 2.6629921887464986E-4 3.630337034420391E-4 1.9555214277428189E-4 0.0017868492250398935 -1.7712877751570684E-6 -0.0018077427762057993 
0.8639029264192584 0.0018744553045207102 0.0024583334438698433 3.351423970816966E-6 2.8285172461931104E-4 5.392234323772844E-4 2.4410893741207444E-4 0.0017506411076581168 -3.325442681528869E-6 -2.9170450648771326E-4 
0.2761367071259855 0.002038698158648431 0.00240611130915957 1.815502939702498E-4 2.7170547000170234E-4 5.764384171123373E-4 2.3647761972482231E-4 0.0017584463626512162 -2.339686066768033E-6 -0.0014435772808952692 
0.07818823218143425 0.0018772831293276187 0.0023887926003251813 1.249074522214923E-4 2.7755286641515265E-4 8.150604527212463E-4 6.827918106842645E-5 0.0018308819148416021 -7.464807223383075E-6 1.4235999567517902E-4 
0.014579823698497654 0.0018937208020888313 0.0025206571970355545 1.6549503427770084E-4 1.0904702081007065E-4 3.519805628215925E-4 6.839959381875016E-5 0.0017319429097913497 -1.944134601867639E-6 1.4269576987888566E-4 
0.9421984298103137 0.0019282727091995693 0.0024783903624869203 1.5871361660428455E-4 2.8161709216376735E-4 4.0759482188990645E-4 2.170040260573473E-4 0.0017723872969023146 1.480194778157707E-5 -4.0525082971260484E-4 
0.8483748775059576 0.0018734878985808973 0.002460514221299417 8.39551499580342E-5 2.786822465443804E-4 5.447552291215283E-4 2.1838097399242318E-4 0.0017451817702317613 -1.134661083408815E-6 -2.827126500440445E-4 
0.08822990432101124 0.0018923755419441171 0.0024829002032758576 1.7415025045016005E-4 2.7158496421940767E-4 8.468263027107375E-4 2.115485546496878E-4 0.0018306703885282456 -3.684944316460698E-5 1.550819724486336E-4 
0.4631711303136971 0.0018727231723093779 0.0023894049483764584 7.624994847984043E-5 4.1120853632111E-4 3.6291263580518103E-4 2.1720559052875875E-4 0.001769528146272673 1.5917555513310875E-5 -3.306625766087621E-4 
0.2964192877630783 0.0019099400025742758 0.0024754222739314857 8.337711287123594E-5 2.6664801175398377E-4 4.0330713668428324E-4 2.3356033838026668E-4 0.0017533677822272342 -3.299715390576668E-5 -3.3782311107434873E-4 
0.6809959890289183 0.0018705835438710234 0.0023858310917818605 3.3967692073156496E-5 4.0767509265249015E-4 5.511009380255963E-4 2.13476340825277E-4 0.0017426713544978333 -9.81686408038602E-7 1.4648411635091206E-4 
0.13947121350984754 0.001893238167243305 0.002385319124851164 1.6551929517846285E-4 1.049441623442692E-4 3.502842665262184E-4 6.839959381875016E-5 0.0017319429097913497 -1.0286332869444668E-6 1.4269576987888566E-4 
0.11281756399896362 0.0020576849282910033 0.002389271174770117 1.953932621682664E-4 9.229488029870338E-5 4.0564440797179267E-4 2.0038946728858425E-4 0.001753317095281857 -5.1660079683338626E-6 -0.0015517598929864936 
0.6411740077066032 0.001892344893167488 0.0024834935818198755 1.7415025045016005E-4 4.0667323068453005E-4 8.445384101353995E-4 2.115485546496878E-4 0.0017586074360187837 -3.702677129506597E-5 -3.661645511657161E-4 
0.8816963734717986 0.0019192483374705284 0.0023859041028038708 1.9192416153142856E-4 1.131564840038539E-4 5.56578579630969E-4 6.615889279154149E-5 0.0017452366613330433 1.7031083845667415E-6 -0.0015260084962328102 
0.14871417679826202 0.0020569956882558653 0.0024598118108443818 1.0910581769884996E-4 2.7488134647959435E-4 5.737349763746161E-4 2.1827447761368666E-4 0.0017580269924371917 -1.837869360714724E-5 -3.6759853282725385E-4 
0.6570794370024953 0.0018921786902714082 0.0024798601706037993 1.7415025045016005E-4 2.7397911104682645E-4 8.468263027107375E-4 2.1238267078940192E-4 0.0018277174572057403 -3.684944316460698E-5 1.550819724486336E-4 
0.21037404010722446 0.0018733466344249003 0.002455800573736273 1.4422220891644662E-6 2.6376226335023015E-4 4.273068029853646E-4 2.3069986690405235E-4 0.001742236872513064 -1.3124526161424975E-5 -3.246071421945925E-4 
0.5546822906524655 0.0018709785163634456 0.002456838912621319 1.4422220891644662E-6 2.633149607657929E-4 4.068253884167501E-4 6.777234707500948E-5 0.0017579687927085559 -5.032740343100107E-6 -3.2703407558998807E-4 
0.9613459091177343 0.001917791415090589 0.002396808667228041 2.8755735998819316E-5 2.671362646751808E-4 8.153823635251478E-4 2.181031594022636E-4 0.001806959775393554 -4.211506701301795E-5 -1.0815090910853503E-4 
0.1280748671513183 0.0019092974081890385 0.0023884049655189493 3.723563633024123E-5 2.691295594022347E-4 8.420497077001013E-4 2.3720125541825985E-4 0.001784008446750457 -5.908601613494175E-7 -3.66206786037226E-5 
0.060695613718821484 0.0018734767821824078 0.0023858310917818605 1.7661720577342063E-4 2.6583772557863797E-4 8.11089408278078E-4 6.764882110023133E-5 0.0018325020220012964 -1.7805396111489498E-6 1.4269576987888566E-4 
0.06388809439724571 0.0018932352519061425 0.002412491255275472 8.368313945356886E-5 9.884189869662567E-5 3.6308467218484897E-4 2.881625518578414E-5 0.001801099908843476 -5.277388058255262E-6 -0.0015452617640099985 
0.8989555283144426 0.0018704429609503806 0.002520541492166168 1.733945011296988E-4 2.6543748272830003E-4 3.761208405409884E-4 2.1828050442871427E-4 0.0017537746811757207 1.4729300271458459E-5 -0.0015246530507042166 
0.9003890591697397 0.00192018998648987 0.002520541492166168 1.733945011296988E-4 2.655743867434273E-4 5.614102527468838E-4 2.1828050442871427E-4 0.0017464362849591044 -1.2339712892642267E-6 -0.0015246530507042166 
0.13066849546929027 0.001909419282233367 0.0023884049655189493 3.723563633024123E-5 2.691295594022347E-4 8.420497077001013E-4 2.3601108212979933E-4 0.001784008446750457 -5.908601613494175E-7 -4.014399273690535E-5 
0.01132118109798539 0.0020682924408281134 0.0024583456121283166 -3.606216312926683E-5 2.710285486235445E-4 4.018355012506558E-4 1.9081794095176648E-4 0.0017513984604217842 1.4680431715093865E-5 -2.882104588801137E-4 
0.024936884514949936 0.001912341945023829 0.002385225119252865 6.077199575282543E-5 2.928461856173848E-4 8.108226101011567E-4 2.3370648217533314E-4 0.0017581929298570082 -3.1721222825019448E-6 -1.2916793030096248E-4 
0.08340423932729592 0.0018923755419441171 0.0023921002789667805 1.7528970637284544E-4 2.7171210466539014E-4 8.460264134434582E-4 2.115485546496878E-4 0.001830490955404434 -3.788404302968673E-5 -0.0010120074145222998 
0.5478790036424798 0.0018709785163634456 0.002455391338618875 1.4422220891644662E-6 2.6222777180252886E-4 4.192912841924815E-4 6.777234707500948E-5 0.0017580106701508137 -2.06934987146388E-6 -4.0691511972362624E-5 
0.20053351193208957 0.0018731291902453597 0.002454591277724623 1.6239649457290144E-7 2.7194399635573335E-4 4.2695517404395814E-4 2.3069986690405235E-4 0.0017540687809142678 -1.3124526161424975E-5 -3.5627140803274644E-4 
0.8776117405986296 0.0018701574269786667 0.002396689411744907 1.9820687321693738E-4 1.1443406795305766E-4 5.564976788221123E-4 2.27119219792887E-4 0.0017467768741250154 -3.902915681999953E-5 -1.9923924943611795E-4 
0.010005343321223492 0.0020611248387839014 0.0023980989517790995 2.0572431892245188E-4 1.0507237144666227E-4 5.72962340344409E-4 1.9583919782763942E-4 0.0017289674126840025 -3.305728294498716E-6 -0.0015933448800856734 
0.004209770535401058 0.002073454164332071 0.0024580263622625133 3.6194754834719455E-7 2.6583772557863797E-4 4.030840568938069E-4 6.935302170513546E-5 0.0017423847364085167 -4.979292028633498E-6 1.4549524119972354E-4 
0.007180160685714643 0.0020569956882558653 0.0023992268233017943 3.8330637530898184E-5 1.8276848790064906E-4 8.565090221381709E-4 6.236624455548068E-5 0.0019337135920886016 -1.969607692421443E-6 -3.6759853282725385E-4 
0.21474568695287943 0.0018707904508119015 0.0024585866554627665 8.423565590282546E-5 4.2812123825147985E-4 4.01109573081281E-4 1.9143838871168759E-4 0.0017475326886693468 1.468131382344221E-5 -2.1327859250824165E-4 
0.018156654126021632 0.002073454164332071 0.0023858280114647475 3.0136605865152777E-5 2.6583772557863797E-4 7.970880741239472E-4 6.935302170513546E-5 0.0017425845235467003 -6.656394473581303E-7 1.4269576987888566E-4 
0.9614010749915456 0.0019181910735378603 0.0023956172429812606 2.970478422409083E-5 2.8161709216376735E-4 3.978532313862362E-4 2.1812734338480397E-4 0.0017693892607752951 1.480194778157707E-5 -9.103343999643435E-5 
0.6162924364892799 0.0018933731539843748 0.0024756196108939935 3.4444087135532064E-5 1.049441623442692E-4 3.502842665262184E-4 2.446565940436274E-4 0.0017426713544978333 -1.0623363789700395E-6 1.3665192364490896E-4 
0.7446344644507528 0.0019180204835568834 0.002411349227159736 3.1236867380131773E-5 2.739684187345038E-4 5.568533823827684E-4 7.145532507423661E-5 0.001740723595299867 -1.0061142159752591E-6 1.5598984676962877E-4 
0.6118625342239576 0.0018845911718479963 0.0024748762806566225 6.727833623393763E-5 1.1073877710018992E-4 4.0984634369772073E-4 2.4001037176953503E-4 0.0017537627541977738 -2.1170525388164847E-6 -2.428747640868974E-4 
0.020247208973136033 0.0019149309709383601 0.002520541492166168 1.961546835488892E-4 1.8263066668817638E-4 4.120599964245748E-4 6.711254177509927E-5 0.0017538156355678752 -1.977346014700208E-6 -0.0015942680270798308 
0.2478252262879914 0.0018705007743443978 0.0024552932766846 -1.550586087817439E-4 2.739918162635165E-4 4.086064709108454E-4 2.1071346442932682E-4 0.00174683239169963 -1.043895683580293E-4 -0.0016396276523862972 
0.501552176898385 0.0018745397912171633 0.002410501525457637 3.849146619763709E-5 2.7323612988653127E-4 5.392104449876249E-4 7.069799518554781E-5 0.0017449537840978694 1.5945321825023943E-5 -2.8315264840587614E-4 
0.19391285289031743 0.0018724192731890425 0.002455929109349687 9.827794162300762E-5 2.6240302941300873E-4 5.489594700568937E-4 6.539013099066593E-5 0.0017428004659150852 -4.49324431514965E-7 -0.0016423262080416728 
0.5366371797567183 0.002055875849285472 0.002389179213997992 7.839280624920542E-5 2.761151838261849E-4 8.312385159812891E-4 1.9688883802582136E-4 0.001769899189801452 -5.549702282233895E-7 -3.8098669682552517E-4 
0.023425338254448813 0.0019180204835568834 0.0023858274334305515 3.873736682340801E-5 2.6230886806045603E-4 5.570788407835438E-4 6.738029796519147E-5 0.001746286445968153 -1.0173166126167616E-6 1.2699863261937083E-4 
0.2858774215178184 0.0018710135445668286 0.0024571423594733095 8.518696428338748E-5 1.1043256495200455E-4 4.033689951562911E-4 2.172534433616124E-4 0.001772520655356778 -1.3039637548775703E-5 -3.290275059050353E-4 
0.006105056432185896 0.0019180204835568834 0.0024107956286175056 8.233603127782674E-5 1.1416723689736531E-4 5.56278687070977E-4 1.906150014438638E-4 0.001740723595299867 -1.0061142159752591E-6 -0.0016268291194490557 
0.855321012343417 0.001903899028569218 0.0024583334438698433 3.351423970816966E-6 2.739842125308595E-4 5.392509364506631E-4 2.4410893741207444E-4 0.001753206368188691 -3.325442681528869E-6 -0.0016157464651465662 
