0.999912366249009 -2.3515825976148125E-4 -5.244441008088618E-4 5.544222407800481E-4 -0.0018085983421884182 1.1817071644379759E-5 -9.301944973018626E-5 1.6451284853570347E-5 0.0012588268037894666 0.0010187657769893496 
0.0 -1.4850953349927518E-4 -5.078348384555879E-4 4.362813658139658E-4 -0.0018086794438249968 3.0635604340204474E-5 -8.994454468587995E-5 1.6933462230841556E-5 0.0012539198517830254 9.334834913107667E-4 
0.48138274433161965 -2.332260257034852E-4 -4.680297199107529E-4 7.061385675865489E-4 -0.001867683820542505 -4.0162892096917507E-4 -8.64186845683194E-5 -2.235905280713569E-4 8.145561700153479E-4 0.001043168755156526 
0.29201092283764885 -2.1105630570598399E-4 -6.150959545059716E-4 4.3426776671578896E-4 -0.0018439754454085077 1.2186242295544896E-5 -8.863729791123943E-5 -1.849894732434537E-4 0.0012503005719428561 8.853680531492617E-4 
0.15894026857788102 -1.6996495789279673E-4 -5.231869721673155E-4 4.383231839395058E-4 -0.0018423148185988767 5.17228259167029E-7 -8.881916992201583E-5 5.30203875450814E-4 0.0012536840463283733 0.0010482124966441166 
0.9285363536274669 -1.557101366904278E-4 -4.8200178025276514E-4 6.144944405450754E-4 -0.0018866837846029257 -3.509290445541289E-4 -9.720706032219284E-5 0.0011349554645089317 0.0011847920920168159 0.0012186573802272591 
0.33997207037599786 -1.1571391029193052E-4 -6.346752294074874E-4 6.843840635824225E-4 -0.0018662014109369206 -3.352825557850151E-4 6.344226183619902E-5 1.9156368093534412E-4 0.0010609049245861651 0.0012084222797564823 
0.6536338939007241 7.643039966115958E-4 -6.410011161190465E-4 -0.0012606413467692013 -0.0018840780694164296 -1.8817168596318886E-4 -8.93603379694217E-5 1.5091881626420317E-4 0.0011846818499566085 0.0010280290576215284 
0.3285363345760029 -1.7128642474366378E-4 -5.239790557539915E-4 6.42978942992757E-4 -0.0018430285663874452 -1.8623849496732892E-4 -8.865685466464401E-5 -1.849894732434537E-4 0.0011826894241435768 0.0010425057425213873 
0.4333449939875972 -1.716442364443335E-4 -5.171867428933587E-4 7.577599068631273E-4 -0.0018501091788113238 -3.3967692844588047E-4 -9.046903933605678E-5 -2.3328539833967376E-4 0.0011642760939724174 9.848827520920062E-4 
0.16931587020234073 -1.7147391988245114E-4 -6.273140969536926E-4 7.62013119738956E-4 -0.001904016594066425 -3.688537430943396E-4 -9.226835666029417E-5 -2.5850003170872966E-4 0.0012547279190425634 0.0010888111722084002 
0.6284739606466525 -2.3807858915420716E-4 -5.081814087236165E-4 7.156052349670588E-4 -0.0018297491785800833 -3.634679447218074E-4 -7.308755113208401E-5 -2.69741681540159E-4 0.0012152003809962305 9.818063879443169E-4 
0.2651159228801112 -1.4738702363434157E-4 -5.076869920678246E-4 7.588594671223403E-4 -0.0017886145237795987 -1.7643524242641693E-4 -8.865118688688362E-5 4.993950733658398E-4 8.370054364315533E-4 -0.001206702769225514 
0.6931552214890015 -7.521977963917056E-5 -5.996482431822557E-4 5.489260803175583E-4 -0.0018083221414270855 1.4379992571452204E-5 -8.818369737961118E-5 -1.9501816218249167E-4 0.0012658625800183844 8.904558464039548E-4 
0.2762616411872369 -2.6551907968904164E-4 -6.103977127232962E-4 -0.0012714598218785311 -0.0018477197696320897 -2.4520737447139107E-4 -9.176321634626865E-5 1.4934472962059692E-4 0.0012939795413312038 9.025370845621736E-4 
0.5300262552219434 -1.7194736875499695E-4 -5.171396209606536E-4 5.515652791291006E-4 -0.0018503985573028315 -4.1996022913353055E-5 -9.047555824764858E-5 -1.989786738817716E-4 0.001216440782561919 0.0010184097136953431 
0.5548060435490835 7.808023555973746E-4 -5.046678974055062E-4 7.316152747472812E-4 -0.0018859957341636367 -3.973743380817802E-4 -9.585314068317239E-5 4.5717057411294925E-4 0.00124556613547743 9.83700415501991E-4 
0.1420037218647191 -1.5609486434091534E-4 -6.131912886521646E-4 4.362813658139658E-4 -0.0018086794438249968 3.159139127141043E-5 -9.847503790968385E-5 1.6933462230841556E-5 0.001254184955988211 9.655918975444659E-4 
0.7939806584043384 -7.040107927075743E-5 -4.903286882888404E-4 -0.001234061125899951 -0.0018671792320497501 -1.9222116867871728E-4 -8.999295396063424E-5 9.242351232068946E-6 0.0012178088085898413 8.967569044622645E-4 
0.11071855644180059 7.660437771318373E-4 -5.05158998814571E-4 7.310464471749546E-4 -0.0018886760549763743 -3.973743380817802E-4 -9.58627659996037E-5 4.6816491226163784E-4 0.0012541409502218946 9.95336301218703E-4 
0.4535204236140687 -2.327252260539049E-4 -6.00834223104818E-4 7.267711931332924E-4 -0.0017937297886820554 -3.670361725332433E-4 -9.696769274571552E-5 2.0749447857754295E-4 0.0012520370423489127 9.028546540285703E-4 
0.0020686031606239608 -1.2991345584971494E-4 -5.099460006432271E-4 9.575825575059461E-4 -0.0019026099863478556 -2.9872855312583835E-6 -4.3847747307833185E-5 -2.5514038871023555E-4 0.0012544325119233485 8.7874101676344E-4 
0.13655868276560212 -2.1130233572175806E-4 -4.703178630469122E-4 4.3500825211847586E-4 -0.0018443983942282708 -3.3525245073590213E-4 -1.006984036456803E-4 -1.8137541030794523E-4 8.052895477193371E-4 9.778744027801206E-4 
0.5916369077512438 -7.194535069996697E-5 -4.907688199245117E-4 -0.001234061125899951 -0.0017912774356992794 -3.774018406101129E-5 -8.898520664390987E-5 -1.917923293230604E-4 8.267404891756699E-4 8.966627608771483E-4 
0.7743930342168636 -2.1263959028505587E-4 -4.8248185666174967E-4 7.222942405955089E-4 -0.0018442315867755322 -3.401915487354298E-4 -9.127338133660425E-5 4.12435230691084E-5 0.0010901201694281056 0.0010232744893530932 
3.411672752551276E-4 -1.1744573047965624E-4 -5.207836589018592E-4 5.095715175748764E-4 -0.0017921546152833386 -1.978802266061171E-4 -9.137394674213341E-5 1.5649944680815167E-4 0.001216440782561919 9.82985283433783E-4 
0.03260422513145578 -1.7147391988245114E-4 -5.1069049537903E-4 7.357382757999673E-4 -0.0018663119798759443 -3.998737269670379E-4 -4.198370563885248E-5 -2.5850003170872966E-4 0.0010618971419610926 0.0011910259314636146 
0.24948888044644546 -2.330435606862335E-4 -4.900746077848009E-4 7.218070166751191E-4 -0.0018671436851664044 -4.2673469886379513E-4 -9.267442733531872E-5 1.4963829731671645E-4 0.0011668549081046233 0.001301033954856564 
0.046030029350440996 7.203792075915423E-4 -6.410011161190465E-4 7.239752294769883E-4 -0.0018838448117935612 -1.88192527601838E-4 -1.012339578420161E-4 -6.86067422038328E-4 8.245206945874571E-4 0.0010375511056439188 
0.1837891916098224 -2.330435606862335E-4 -4.900746077848009E-4 7.218070166751191E-4 -0.001866910427543536 -4.2673469886379513E-4 -1.0128334042184302E-4 -6.873479409858146E-4 8.130868966070745E-4 0.0013105560028789543 
0.39048405694243055 -1.1116801072260903E-4 -4.943306600371948E-4 -0.0012902844728043027 -0.0017912146834563219 -3.6462490826929015E-4 -9.696769274571552E-5 1.5160743962733288E-4 8.283486539265688E-4 0.001029815173276846 
0.02611267387261046 -2.3550081490465618E-4 -5.125464646854336E-4 7.362887488598208E-4 -0.001905032409807218 2.295379877150614E-5 -4.198370563885248E-5 1.8716109930366745E-5 0.0012547279190425634 0.0010195918250937633 
0.8856362345453472 -2.3835925772380356E-4 -5.148856557075206E-4 -0.001264079915732917 -0.001850317380339287 -4.0419912924031273E-4 -9.710858956843462E-5 1.931229204271982E-4 0.001300606369316098 0.001249335165347087 
0.01244727950023966 -1.7147391988245114E-4 -5.121078970940336E-4 7.362887488598208E-4 -0.001904016594066425 -3.688537430943396E-4 -4.198370563885248E-5 -2.5850003170872966E-4 0.0012547279190425634 9.774658368168197E-4 
0.7330396830072934 -1.9498498963186332E-4 -6.150637136437707E-4 6.731096676661425E-4 -0.0018078591212006604 -3.4154064559158354E-4 -9.575448926923013E-5 3.624364158278924E-5 0.0010553444142968429 0.0012545788662182335 
0.9419410499719584 -2.2662837248337326E-4 -5.060060529707678E-4 5.503469951265976E-4 -0.0018443023037349134 -3.461157971859064E-4 -8.750604855506866E-5 -1.9916644205145894E-4 0.0012148636581928802 9.847381467529626E-4 
0.4944817931447423 -0.0035881245688849546 -4.6950479642231035E-4 7.316152747472812E-4 -0.0018859957341636367 5.17964632667596E-4 -9.765284662830782E-5 -2.2877517580970435E-4 8.243646547632181E-4 -0.0010023250248721593 
0.5059209158081893 -2.3501831266645827E-4 -5.244441008088618E-4 5.544222407800481E-4 -0.0018085983421884182 1.1817071644379759E-5 -9.301944973018626E-5 1.6451284853570347E-5 0.0012588268037894666 0.0010187657769893496 
0.42146269148569326 -2.327252260539049E-4 -4.899127960422438E-4 7.361194252107305E-4 -0.0017826206016279586 -3.688579354695266E-4 -9.696769274571552E-5 1.8041662562772733E-4 8.315794834009129E-4 8.988604103355414E-4 
0.5368080463412988 -1.1848794383225079E-4 -5.204452533770406E-4 5.36279463799664E-4 -0.0018439743037554886 -4.1996022913353055E-5 -9.067843765737219E-5 -1.9872067831863815E-4 0.0012174207499013577 0.0010181475446700593 
0.004120125840913265 -2.2941104951952054E-4 -6.096352133414278E-4 8.528681578906343E-4 -0.0018089747096429409 -1.8652848972521078E-4 -1.061848899805034E-4 2.2303396441265934E-5 0.001272607437153961 9.934390207344832E-4 
0.02174265765528699 -2.4014308224211872E-4 -6.102910583903181E-4 7.703849227495452E-4 -0.00184677658620066 -3.8668228690115296E-5 -8.642653319604682E-5 1.6941426869652486E-5 0.0013025610382425927 9.016125366248056E-4 
0.5770082464813419 -7.194535069996697E-5 -4.907688199245117E-4 -0.001234061125899951 -0.0017912774356992794 -3.3367525273380217E-4 -8.898520664390987E-5 -5.246531588185003E-4 8.150828933595793E-4 8.966627608771483E-4 
0.8068729913214254 -2.1235029050396793E-4 -6.129319009222436E-4 6.487771940641824E-4 -0.0018443897268931874 -3.3451239401766005E-4 -7.269528463249285E-5 -1.831965974087627E-4 0.0012155892990267198 8.990032139078528E-4 
0.08909537539101076 -1.147959999418517E-4 -5.285392785621138E-4 -0.0011925259474044392 -0.0018459144483626267 -3.1393810717011186E-5 -1.0000645806405175E-4 -1.9004962448088556E-4 8.265853649170844E-4 0.0010375679181180112 
0.7089372974195006 -2.793139598953439E-4 -6.337707544029755E-4 -9.563676067330181E-4 -0.0018724624056949371 -3.411233008595408E-4 -9.061113063023386E-5 2.300204873706516E-4 0.0012157372998961894 9.901292271692287E-4 
0.12225304496836831 8.054694938787946E-4 -5.229438890098582E-4 7.209024058896347E-4 -0.0017914573493967318 -4.030088415447642E-4 -9.747523438208553E-5 -2.2507566322466633E-4 0.0012509113357004303 9.895327893836019E-4 
0.717536413205505 -2.755032171924959E-4 -4.825267720850528E-4 6.592799001872651E-4 -0.001870838686160714 -3.4281231339369013E-4 -8.540935759732791E-5 2.2999940087075637E-4 0.00121595915945025 9.928289770935312E-4 
0.9038871943183906 -2.331990752996165E-4 -4.971480728180416E-4 7.679886000618549E-4 -0.001795211254778548 -3.500038591260106E-4 -8.999585515171499E-5 1.3353365465378121E-4 0.0011847920920168159 9.027433066895759E-4 
0.5674331678090783 -1.696577348747299E-4 -6.126934161562269E-4 6.703510227880043E-4 -0.0019032184062478278 -3.3177111166269007E-4 -7.391378189770053E-5 -5.718783838707921E-4 0.0010632525747091997 0.0010786379739924647 
0.19006676119703625 -1.8113026184123597E-4 -4.7197327612603403E-4 7.212750311365166E-4 -0.0018446896314039658 -3.6926078425607246E-4 -1.111528468675387E-4 -6.663838528560937E-4 0.0010706633416265893 -0.001376243923299444 
0.3699319788648493 -1.1116801072260903E-4 -5.061927771197824E-4 5.515558959475559E-4 -0.0017912146834563219 -3.640437593663834E-4 -9.696769274571552E-5 1.5160743962733288E-4 8.283486539265688E-4 9.860976542039777E-4 
0.9849573626491853 -2.2619641896394645E-4 -5.244441008088618E-4 5.603004423202719E-4 -0.0018089767343421473 1.6210208153691097E-5 -9.410576652517261E-5 1.6451284853570347E-5 0.0012574167532905078 0.0010179719368623508 
0.310329752298226 -2.332260257034852E-4 -5.077454522941429E-4 7.060783972075681E-4 -0.0018677389533109778 -4.0162892096917507E-4 -8.64186845683194E-5 -2.235905280713569E-4 8.145561700153479E-4 0.0010430260358498123 
0.3792523241485768 -1.1571391029193052E-4 -6.27213901201741E-4 7.536688275346171E-4 -0.0018662014109369206 -4.4346641112751083E-4 6.585230750620852E-5 2.02293174976739E-4 0.001242563068024017 0.00109019624555281 
0.6629268997760441 -1.0985936770241013E-4 -6.405029460892905E-4 -0.0012602779835784955 -0.0019219187176051336 -2.3736403490107297E-5 -9.061455176591267E-5 -2.228648735015881E-4 0.001163867095472139 0.0010364141456627534 
0.9755543845111898 -2.776453021392497E-4 -5.108546018897073E-4 7.160296611138085E-4 -0.001849529382997826 -3.634812487220813E-4 -8.559016160768437E-5 2.3002015292758043E-4 0.0013193365010818337 9.827449884832538E-4 
0.008178271774448298 -7.040107927075743E-5 -4.907688199245117E-4 -0.001234061125899951 -0.0017912774356992794 -1.9222116867871728E-4 -8.898520664390987E-5 4.732634047668198E-4 8.267404891756699E-4 8.966627608771483E-4 
0.06439003235946707 7.196259476170551E-4 -5.284625848595764E-4 6.84147724005451E-4 -0.0018302342434046428 -1.9909568951416635E-5 -8.3883181348878E-5 1.419126672330958E-4 0.0011782250732942545 0.0010314717523133106 
0.4044224736980596 -1.6969846131680965E-4 -4.918239589849595E-4 8.146147517169729E-4 -0.0018384027086332459 -4.045505425920659E-5 -1.0856471425984631E-4 0.00112209519798215 8.39090709981383E-4 0.001208085919052373 
0.3091867900713839 -2.3202482473289054E-4 -6.084185918062694E-4 6.625628826900043E-4 -0.0019026207874253175 -3.692980949377889E-4 -8.86267756403252E-5 3.86742713236234E-5 0.001248418331695292 8.965678057969466E-4 
0.05364160579566868 -2.763604981047642E-4 -6.337707544029755E-4 6.560929423409564E-4 -0.0019219187176051336 -3.352255297388856E-4 -9.245995408159021E-5 2.3363527765283865E-4 0.0010556204543727015 0.0010583271834542199 
0.35855768517534603 -1.1051308338337425E-4 -5.040909632928173E-4 7.214100982907999E-4 -0.0018238548343596497 4.7659252843649256E-4 6.109314454329887E-5 1.9165614157915997E-4 0.0012124305236812347 0.0010265528525405818 
0.4531257276240799 -1.1116801072260903E-4 -4.943306600371948E-4 -0.0012902844728043027 -0.0017912146834563219 5.196172651416479E-4 -9.762728013433837E-5 -2.1829615457216446E-4 8.283486539265688E-4 0.0011231621858900694 
0.22195112860813992 -1.37065775280908E-4 -5.244441008088618E-4 7.694875930853326E-4 -0.0018085983421884182 1.669159847282255E-5 -9.302323835280668E-5 1.861484245570468E-5 0.0012586390439635739 9.728132436199592E-4 
0.6205854259176935 -1.7106388649005072E-4 -6.093127287800029E-4 8.586244452395153E-4 -0.0017939550029527267 -3.2606332059528006E-4 -8.674654482303449E-5 4.579237514353874E-4 0.001300579919418481 9.928562337602348E-4 
0.057157832483014925 -1.1003138788182162E-4 -6.030544946481874E-4 7.612537615076263E-4 -0.0019054451223946274 -3.644362166975503E-4 -1.0710058792695999E-4 9.333481864316328E-4 0.0013193365010818337 0.0010089905584676486 
0.8197118355226165 -2.1258525946051492E-4 -6.150788302932191E-4 7.438622190806027E-4 -0.001831292796026394 -3.400933420867479E-4 -9.089161933970068E-5 1.586721360532721E-4 0.0012579770124293884 8.857284464838845E-4 
0.10067096985996327 -1.7147391988245114E-4 -6.145472272134501E-4 4.729886127129116E-4 -0.001904016594066425 -3.688537430943396E-4 -9.467840233030368E-5 -2.698677928050356E-4 0.0010730697756047112 0.0012070372064120723 
0.40999923325301213 -1.6827039646758507E-4 -5.060601224077734E-4 7.21545892808825E-4 -0.0018443023037349134 4.7261280467491255E-4 -9.606935915097044E-5 -2.104243721964224E-4 8.401123919595465E-4 0.0010261188246972269 
0.006605597873516597 -2.4014308224211872E-4 -6.102910583903181E-4 7.717001542176679E-4 -0.00184677658620066 2.4294243036600856E-5 -8.639050988485728E-5 1.6941426869652486E-5 0.0012519834936010996 9.025321059082784E-4 
0.8276378555119519 -2.1355510995694048E-4 -6.163449967491848E-4 7.4203198296138E-4 -0.001794243369738062 -3.40200067202077E-4 -8.903535775099384E-5 1.586721360532721E-4 0.0012579770124293884 9.539429950578853E-4 
0.09790084678445987 -2.3478718724837783E-4 -5.12115648659024E-4 7.290586708322602E-4 -0.0017934892318611268 -4.016604678199026E-4 -9.689187707535714E-5 2.0749447857754295E-4 0.0010714113973036808 9.002610904004749E-4 
0.9615035279977742 -2.2662837248337326E-4 -4.941439358881803E-4 -0.0012914933736252608 -0.0018443023037349134 -3.466969460888131E-4 -8.750604855506866E-5 -1.9916644205145894E-4 0.0012148636581928802 0.001028455665825831 
0.08301057722540595 -7.244773946329857E-5 -6.111799000677523E-4 7.778961708610188E-4 -0.001788539688383326 -3.446761737980805E-5 -8.949175437575449E-5 1.9563887507576655E-5 0.001050336516012853 9.839866868865865E-4 
0.06900544908379222 -1.5609486434091534E-4 -6.112447872970543E-4 4.362813658139658E-4 -0.0021836056818847756 3.159139127141043E-5 -9.206176111084118E-5 1.6917116065500507E-5 0.001254184955988211 9.836913463380566E-4 
0.955384198326265 -1.6949029001515174E-4 -5.060060529707678E-4 7.82210832009896E-4 -0.0018443023037349134 7.503158443835901E-6 -8.859075608632634E-5 -1.9887628864781673E-4 8.385379348568898E-4 9.860251970941181E-4 
0.9030060869753184 -2.266134478496337E-4 -4.977273226932036E-4 5.503469951265976E-4 -0.0018443023037349134 -3.4599204082659313E-4 -9.022024625365698E-5 -1.9056182344219237E-4 0.0012138623681955737 9.847381467529626E-4 
0.12092064679400602 -1.5525637078404796E-4 -5.275608917251402E-4 7.775893543494202E-4 -0.0017887143362894022 -3.3871445377456024E-4 -9.750249706951801E-5 2.2157344695083949E-4 0.001294842754703102 0.0011991326248633673 
0.24269185563515477 -2.653157956059559E-4 -4.7465947214365674E-4 6.144944405450754E-4 -0.0018866837846029257 -3.509290445541289E-4 -9.182518301585896E-5 0.0011349554645089317 0.0011864084661887691 0.0012186573802272591 
0.6758940832036648 -2.3478718724837783E-4 -5.12115648659024E-4 7.267711931332924E-4 -0.0017937297886820554 -4.0188888469203153E-4 -9.689187707535714E-5 2.0749447857754295E-4 0.0012520370423489127 9.028546540285703E-4 
0.8557722370609556 -1.7147391988245114E-4 -5.121078970940336E-4 7.360849286251274E-4 -0.0018862583593646548 -3.9792415821914755E-4 -4.198370563885248E-5 2.5394173732002804E-5 0.0012549778604811059 8.811610456204395E-4 
0.20109917466070276 7.276571113552538E-4 -5.075985018532675E-4 7.442532714549458E-4 -0.0017882534833579817 -1.755298036102538E-4 -9.089645068028402E-5 -1.7288954730340333E-4 8.155634394247193E-4 -0.001400516008773544 
0.6059010114323854 -2.3040714484357265E-4 -6.129319009222436E-4 6.502000379786177E-4 -0.0018667654169189037 -3.6249413802731504E-4 -7.391378189770053E-5 9.632899333071178E-4 0.0012147988076518636 9.840258986599485E-4 
0.0744380444821372 -1.147959999418517E-4 -5.285392785621138E-4 -0.0011925259474044392 -0.0018459144483626267 -3.273288793898021E-4 -1.0000645806405175E-4 -5.229104539763255E-4 8.149277691009938E-4 0.0010375679181180112 
0.03983723796622421 -1.677630031903306E-4 -6.129319009222436E-4 4.378396809745918E-4 -0.001903879044832325 2.8795827079221108E-5 -7.391378189770053E-5 -5.689032285010121E-4 0.0012155892439638237 9.832366441012575E-4 
0.23047096888460347 7.276571113552538E-4 -5.255892223728315E-4 7.433355694951923E-4 -0.0017882534833579817 -3.600050218375442E-4 -9.292605961966599E-5 -1.7288954730340333E-4 8.155634394247193E-4 8.712145159435842E-4 
0.038320820757077434 -1.5826841362310564E-4 -5.274279086183522E-4 6.543942716392589E-4 -0.0017928461044723516 -3.401940510159094E-4 -8.903683250311907E-5 1.9915755039829705E-5 0.0012251154058244315 -0.001419313494871654 
0.5056657056135259 -2.2223864998612835E-4 -5.040909632928173E-4 7.945580029069669E-4 -0.0018261020802983828 4.8156039567982996E-4 -9.766169782662618E-5 -2.1487799693481986E-4 8.269931797088662E-4 0.0010277963773371744 
0.016958292650634477 -1.2991345584971494E-4 -4.8227875731275715E-4 9.575825575059461E-4 -0.0019026099863478556 -2.9872855312583835E-6 -4.3847747307833185E-5 -2.274364014204312E-4 0.0012490100858455898 8.7874101676344E-4 
0.8423291741665835 -1.304786291579223E-4 -5.155995207006706E-4 9.389342998011363E-4 -0.0018446305571372138 -8.236268684524018E-6 -9.527879628784761E-5 1.3046021533206557E-5 0.0012544325119233485 8.7874101676344E-4 
0.8745623339179143 -1.6470783099697104E-4 -6.059935372661914E-4 7.673560880949598E-4 -0.0017910820706854773 -3.973869479066802E-4 -8.72710829620503E-5 5.255078952087351E-4 0.0011796108904525262 8.989247004835528E-4 
0.7590484285463598 -2.3060447666722167E-4 -5.244441008088618E-4 5.603004423202719E-4 -0.0018089767343421473 1.6210208153691097E-5 -9.410576652517261E-5 1.6451284853570347E-5 0.0012211312775136328 0.0010187643820726135 
0.07793928633451289 -1.87651122792641E-4 -4.784522396971235E-4 4.3500825211847586E-4 -0.0018423540162030778 -4.028335702729863E-4 -1.0023914576130755E-4 1.296595948585307E-5 8.2223186009817E-4 9.777748526419276E-4 
0.21152638539637636 6.892879591358349E-4 -5.206854846275757E-4 7.656121972240378E-4 -0.0018453298228703113 -3.3208641405940253E-4 -9.314449796066438E-5 -1.8243858520731267E-4 0.0011950219044094066 8.822528621784146E-4 
0.6087186033141686 -2.6551907968904164E-4 -6.407256020268334E-4 -0.0012718387576899845 -0.0018477197696320897 -2.4520737447139107E-4 -9.063925401116225E-5 1.4934472962059692E-4 0.0012956031017172253 0.001035901248822829 
0.7641370672289751 -2.793139598953439E-4 -6.337707544029755E-4 -0.0011144892315577875 -0.0019219187176051336 -3.4024964301925794E-4 -9.060348982920443E-5 1.8078752436924018E-4 0.0012179519926548011 0.0010583271834542199 
0.745014791172482 -1.2991345584971494E-4 -6.348857233197745E-4 9.575825575059461E-4 -0.001844624564636849 -3.335369193168398E-4 -9.534723444414026E-5 3.403001691688931E-4 0.0012544325119233485 0.001089009930549291 
0.2391377930300166 -1.1219329929752447E-4 -6.144470314614985E-4 5.484115284526165E-4 -0.0018662014109369206 -4.4346641112751083E-4 -0.003715747852209518 1.9797146229042308E-4 0.0010609049245861651 0.0011889741379774038 
0.7482648115509378 -1.173434232970569E-4 -5.285392785621138E-4 -0.0011932889420786692 -0.0018459144483626267 -3.273288793898021E-4 -1.0000645806405175E-4 -5.229104539763255E-4 8.149277691009938E-4 0.0010883813176365404 
