0.0 9.649891828292854E-4 1.7455970165491385E-4 -3.247950516928249E-4 -5.190660312298762E-4 0.0010902888858266102 6.966788468547652E-5 4.121946214562022E-5 3.564575753698412E-4 7.161816713595109E-4 
0.9978444441844607 9.2623656647285E-4 2.1756226672724993E-4 -2.4157135920483544E-4 -5.43708328801656E-4 9.842383174429512E-4 6.978916470438532E-5 2.7233174595707086E-4 3.3451283431440356E-4 7.022229085302823E-4 
0.9593252398739869 9.270734104287374E-4 2.4070436860303813E-4 -2.3031805542701893E-4 -5.418085292504038E-4 9.831071674465289E-4 5.501758206554911E-5 1.3705294219181123E-4 3.485192848257743E-4 7.100499501142549E-4 
0.2834313946235618 0.0011739665164805595 2.4804301490140475E-4 -2.523951795032356E-4 -5.402808247771408E-4 0.001621805113114306 6.207354216844191E-5 4.5641754112674106E-5 1.353884784122928E-4 7.004361408553195E-4 
0.9867978072294257 9.537026985998864E-4 -1.5241022296761728E-4 -2.6075246562047073E-4 -5.333069724821217E-4 0.0023044090778805513 5.660482365735964E-5 4.6697424114301096E-5 4.183004609704382E-4 7.075631816397594E-4 
0.009124398057803015 9.639219999340862E-4 1.7859902637133807E-4 -2.5813944515700084E-4 -5.177972575071524E-4 0.0010718391061246375 6.838406310579185E-5 3.2679994335782755E-5 3.628372801725968E-4 7.173608398645111E-4 
0.2344244229274733 9.66609154238063E-4 2.1199216525288653E-4 -2.9713975892761176E-4 -5.653498397977172E-4 0.0025409813807110567 5.8573033278745987E-5 1.668886759873074E-4 3.350369414701006E-4 8.700111665139931E-4 
0.941432427562819 0.0010765076997287975 2.415505756157788E-4 -3.0423067172866673E-4 -5.691138404015055E-4 8.997641580922086E-4 5.608363630030323E-5 1.3699221034613594E-4 4.8389748276115837E-4 7.079672821309254E-4 
4.088345663434377E-4 0.0010078881312612221 1.7455970165491385E-4 -2.4050193266181904E-4 -5.190660312298762E-4 0.0010902888858266102 6.292089658494581E-5 4.121946214562022E-5 3.4888486900521484E-4 7.164285036659277E-4 
0.7138647706760742 9.344368085544204E-4 2.3452968933472304E-4 -2.346417208294966E-4 -5.091271725675598E-4 1.3423194415120975E-4 5.631125243331694E-5 1.6774590037216456E-4 3.7358930276723903E-4 7.033321216192938E-4 
0.24428087016334307 9.262811104786292E-4 2.1174278136434473E-4 -2.5658512169954886E-4 -7.945550653728385E-4 9.84514587276433E-4 6.968733736319809E-5 1.3700522295459784E-4 3.349351627138781E-4 6.958676648687137E-4 
0.25961649630410844 9.289369806082941E-4 2.1750850338971955E-4 -2.4125517194691505E-4 -5.418085292504038E-4 9.831071674465289E-4 6.29240200581539E-5 2.6292747123783026E-4 3.485192848257743E-4 7.881803605149598E-4 
0.8945826000032907 9.26492984001859E-4 1.7940526792724928E-4 -2.2989829915978231E-4 -8.047583732432603E-4 0.0016093929851474739 6.172200871167554E-5 2.2981059654034292E-5 3.5399384083899125E-4 6.925806556057425E-4 
0.0027134975184147925 9.639219999340862E-4 2.4164916803995871E-4 -2.3001532494999394E-4 -5.652275788779364E-4 0.0010912049166545259 6.575859834913999E-5 1.1241225408073279E-4 3.602183084355944E-4 7.075121598852164E-4 
0.45148318274047944 0.0010518537891832692 2.4075382287092013E-4 -2.9647589515365637E-4 -5.186001915803399E-4 0.001115799556354825 6.131420852001648E-5 1.7417966469431166E-4 8.834080065762089E-5 7.964809117208844E-4 
0.46988396850270897 9.687880988412498E-4 2.3530135376622304E-4 -2.3750607246658434E-4 -5.508823614815595E-4 0.001621446659189247 5.9150035181227304E-5 1.6938810412819378E-4 3.5603884605549686E-4 7.178883170843468E-4 
0.004518161089935968 9.626163580709512E-4 1.7738727100736248E-4 -3.0599020622417187E-4 -5.256076237952662E-4 9.79242228788186E-4 5.7847604041178265E-5 1.112877440762087E-4 1.1045300148731604E-4 7.162908342315561E-4 
0.922924511975365 9.555320943111192E-4 2.4107586406772142E-4 -2.3022883204544152E-4 -5.496953368688145E-4 0.0010017326943129888 5.608363630030323E-5 1.3700522295459784E-4 1.2281281642165698E-4 7.070524042142513E-4 
0.6345917031701795 9.374727700602057E-4 -1.1972745160790132E-4 -3.260905848824383E-4 -5.132661217105783E-4 0.0016543785517580442 5.9161750314691324E-5 4.75025388881106E-5 1.1344220258611604E-4 8.024666532763723E-4 
0.1774999601751025 9.289183364601793E-4 2.1750850338971955E-4 -3.2275808266020705E-4 -5.418085292504038E-4 0.0010929578595815104 6.57118664359888E-5 2.896096650535624E-4 3.6131543273736056E-4 7.156652104293534E-4 
0.08729432809074594 0.0010668546433890717 1.787655804271144E-4 -3.8453081428345436E-4 -5.149864381171781E-4 0.0016539178573612152 5.895964023899702E-5 1.3010648399172924E-4 4.0928566403950807E-4 6.921595192233115E-4 
0.8753485963387553 9.635618636570627E-4 2.213495954876154E-4 -2.7440963505192986E-4 -5.495478110228933E-4 0.0016411151317969382 5.778227350750592E-5 1.369377913717888E-4 1.1897210841722345E-4 8.070698951734439E-4 
0.807428636297133 0.0010515825414290614 1.8071642033135537E-4 -3.055587117683412E-4 -7.872213877213111E-4 9.906712832717362E-4 5.603714189136924E-5 1.6979043138151939E-4 1.272504778366382E-4 7.138307777064265E-4 
0.2705710153702708 9.282136885849938E-4 2.1750850338971955E-4 -2.4139845131884887E-4 -5.411259474401771E-4 9.797372708211017E-4 5.6492156225215355E-5 2.6292747123783026E-4 3.608772278696449E-4 7.881803605149598E-4 
0.35996342353125105 0.0010496738656235324 2.1289621744337967E-4 -2.5529625471446893E-4 -5.308484731325495E-4 0.0015940451242843533 5.6138777018681714E-5 1.7163302010367564E-4 1.139666300219367E-4 7.139273649671382E-4 
0.9091557725577724 0.0011739087227996198 2.3809290188564965E-4 -2.7739348231626187E-4 -5.175861215610576E-4 0.0016207749378098764 6.583778455328143E-5 1.7756738637170796E-4 1.2217646698437323E-4 6.997346426836552E-4 
0.1877473770621328 9.349826557260418E-4 2.3524602388013584E-4 -3.1902951257915704E-4 -5.302131549325092E-4 0.0010019279909317168 5.613195519730212E-5 1.7140709547229684E-4 1.1128354877931344E-4 8.725447109232053E-4 
0.21757049256777775 9.261266310420115E-4 1.799923648709451E-4 -2.938325660463417E-4 -5.453577655872659E-4 0.0016112396343200832 6.195391242869314E-5 4.5132839400902235E-5 3.4902375913499495E-4 7.182333662550274E-4 
0.5215379327941377 9.66609154238063E-4 1.732125596298837E-4 -3.0599020622417187E-4 -5.265151014845844E-4 9.807083420680244E-4 5.7847604041178265E-5 4.599876342875538E-5 1.2014834176565998E-4 7.937766925683865E-4 
0.0363138519320583 0.0010574173235609599 2.4738584023618887E-4 -2.5550886055453545E-4 -5.186212054731772E-4 0.0011461675077783652 6.86814937778368E-5 -6.758229651261131E-4 1.0239221285939502E-4 7.997920104560599E-4 
0.031169843538595143 0.0010561434587368812 2.4738584023618887E-4 -2.55417731274986E-4 -5.187152674914787E-4 0.0011510854280101799 6.841194085432085E-5 -6.697534998317714E-4 9.618175821176321E-5 7.96469534900286E-4 
0.025140756562664623 9.988002904524193E-4 2.1658993946676778E-4 -2.9766179521779364E-4 -5.67056867117567E-4 0.0010144304208756097 -4.111343805772007E-6 1.2792988257634782E-4 1.434803871487434E-4 7.102966793203828E-4 
0.14680534579905255 9.968123191638502E-4 1.772037031137793E-4 -3.0565397905832174E-4 -5.810143141625263E-4 0.0010077076955862416 5.797694721280422E-5 4.597590653091383E-5 1.2301887475042576E-4 8.017330482841446E-4 
0.3391033356445125 9.54454722073407E-4 2.451830664433258E-4 -3.0625180837708175E-4 -5.527913658090293E-4 0.0010143682359332294 7.100838570034854E-5 1.2635598976340134E-4 1.1481862436018748E-4 7.156327091274174E-4 
0.30381795161700176 9.344010516643578E-4 2.1458240963875765E-4 -2.5914051685984376E-4 -5.704209066956187E-4 9.95087056746374E-4 6.231655916659282E-5 4.6183706010590906E-5 1.4398897476731773E-4 7.309954256342275E-4 
0.1192065257781005 9.589884125846008E-4 1.7401545373733633E-4 -2.1760155765358864E-4 -5.314370322558474E-4 9.807041815035654E-4 5.7815235358295103E-5 4.58120806696589E-5 3.548019195869649E-4 7.93759325964956E-4 
0.5856197524353288 9.668861387236566E-4 2.383985183166171E-4 -2.3750294683981017E-4 -5.496122830255021E-4 0.0016376339711250709 5.922978152459074E-5 1.3055395248196634E-4 1.1747291118978191E-4 6.949027424033455E-4 
0.8646161244860804 9.262374074342954E-4 1.7585420491326065E-4 -2.5648710821704975E-4 -5.525050227104526E-4 0.0015804503585867252 6.933966035205018E-5 1.6783552593036826E-4 3.847658674509403E-4 7.03369617072578E-4 
0.533884829584917 9.964891783466963E-4 1.732125596298837E-4 -3.0599020622417187E-4 -5.265151014845844E-4 9.795069299924745E-4 5.7847604041178265E-5 4.599876342875538E-5 1.2014834176565998E-4 7.166140775355021E-4 
0.1062680718174745 9.2502206220804E-4 2.426776155812767E-4 -3.245187572527615E-4 -5.528228986491812E-4 0.0015989344902902413 6.349282985704446E-5 1.191701067490586E-4 3.8680946074290325E-4 6.926901820011957E-4 
0.792657906513233 9.555368309388554E-4 2.1177855190295317E-4 -2.9605119427287706E-4 -5.760635123659726E-4 9.95132101781142E-4 5.9222081513904E-5 1.319533567849149E-4 3.851605706305009E-4 6.958790037128867E-4 
0.0806098754368677 9.341098220489149E-4 2.3551739270326102E-4 -3.237836601156606E-4 -5.527913658090293E-4 0.0016054352996625197 5.9129094079770845E-5 1.5927723609090877E-4 3.517598419180142E-4 7.167955054026804E-4 
0.09822775388093553 9.2502206220804E-4 2.1185690469480528E-4 -2.365454360644445E-4 -5.674313328006313E-4 0.0015989344902902413 6.349282985704446E-5 1.1922358802922603E-4 3.8680946074290325E-4 6.926901820011957E-4 
0.5564114790030332 0.0010515825414290614 1.8071642033135537E-4 -2.8162913899642937E-4 -7.84059557795989E-4 0.0016267658462206507 6.295375629507057E-5 1.6979043138151939E-4 1.272504778366382E-4 7.138307777064265E-4 
0.7815844865362447 9.555368309388554E-4 2.1166252175654698E-4 -2.9608102433184444E-4 -7.945550653728385E-4 0.0010017326943129888 5.9312207627070285E-5 1.3700522295459784E-4 3.349346332653673E-4 6.955348813439401E-4 
0.6996342003487402 9.635451834815171E-4 2.166675872924201E-4 -2.5784585625877556E-4 -5.531293315939429E-4 9.27431019999475E-4 6.29607103631285E-5 4.312683112694682E-5 3.5054111907485024E-4 7.961153287651036E-4 
0.5458642554758517 9.302690206259369E-4 2.4092732583699057E-4 -2.977710178612354E-4 -5.192353243128382E-4 0.0010112755945209963 5.92587902810697E-5 4.6603960031456364E-5 1.1992204434603579E-4 7.87806870074808E-4 
0.4403248728937534 9.27260144943726E-4 2.3194534416612429E-4 -2.8940813048873706E-4 -5.525736342215545E-4 0.0010143682359332294 7.100838570034854E-5 1.2635598976340134E-4 1.1481862436018748E-4 7.156327091274174E-4 
0.39792756891630715 9.351658469068128E-4 1.8958344098691867E-4 -2.3209043293292574E-4 -5.628904075562572E-4 0.0016995303028524 5.967848863706379E-5 5.2885851102752185E-5 3.573697263797409E-4 7.102003716638859E-4 
0.21163134431170624 0.0010543043030526399 2.382472853771902E-4 -2.3043028717461243E-4 -5.511347714377876E-4 9.971758295122593E-4 5.9221750487165564E-5 1.3749422482576512E-4 4.952351031053949E-4 6.91540414328559E-4 
0.013391801213189808 9.958399721188137E-4 2.3585470373006643E-4 -3.26685932963287E-4 -5.347566514330951E-4 9.897952691638127E-4 6.406259950144904E-5 1.6355381959108208E-4 1.3536496021863376E-4 7.18440208303251E-4 
0.6820494723285002 9.589642614153112E-4 1.734954007388861E-4 -2.592225442734247E-4 -5.243224849558012E-4 9.783711346042605E-4 6.6124052055649E-5 3.808334417555315E-4 3.549385757535879E-4 8.334631510290505E-4 
0.7337245554146643 9.650773239072954E-4 2.3106747255177657E-4 -2.3882853850599577E-4 -5.15557443850839E-4 0.001001928000533258 6.293072513595567E-5 -6.003255303014476E-4 1.3011003183664545E-4 6.966489695909566E-4 
0.7461479644909299 9.290024731075121E-4 2.4674699427615864E-4 -3.0850190748666864E-4 -5.810143141625263E-4 0.0010077525742945817 6.929953080563469E-5 -7.182498546654068E-4 1.2951274646569744E-4 7.963331511574289E-4 
0.16656148708218393 9.965396807422153E-4 1.7629696270709467E-4 -2.442778448507101E-4 -5.274167166350113E-4 0.0016357866342548244 6.998868562474903E-5 1.402700716633105E-4 3.5160015980275337E-4 8.765489995631559E-4 
0.13397747504056673 9.635543125828417E-4 2.131175345390355E-4 -3.044782232317313E-4 -5.690137246209707E-4 9.298846249027439E-4 6.534718660668213E-5 1.3733415203830723E-4 4.7686806339397293E-4 7.882829086913928E-4 
0.05200241610381939 9.967674504973525E-4 1.7455970165491385E-4 -3.247761970460543E-4 -5.190660312298762E-4 0.0010902888858266102 6.576090772129825E-5 4.121946214562022E-5 3.602183084355944E-4 7.164285036659277E-4 
0.48024348293618696 9.632866636172991E-4 2.4753932755657736E-4 -2.5485249726138476E-4 -5.186001915803399E-4 0.0011159714106021368 6.131540260348166E-5 1.7417966469431166E-4 8.834080065762089E-5 7.964697873265379E-4 
0.4940519687310237 0.0011765669599526215 2.900273917551157E-4 -3.812309906679833E-4 -7.895695815267271E-4 0.001645159777568626 1.848715209922658E-7 4.7867625139553554E-5 4.8207278531579525E-4 7.1347799502019E-4 
0.6194568313336918 9.261047110044224E-4 2.3167761437679023E-4 -3.267487898477967E-4 -8.012313040613851E-4 9.89109261353758E-4 5.8888108476338896E-5 1.420214365343547E-4 3.471189314614702E-4 6.958676648687137E-4 
0.042820159921325096 9.60491349851451E-4 2.4145632458866812E-4 -2.592225442734247E-4 -5.247639140686787E-4 0.0010062212854293402 7.154427158847384E-5 3.7283267767384903E-4 3.553844138104025E-4 7.160265772457653E-4 
0.37391328704978954 0.0010520323734151968 2.3145244658161088E-4 -3.0797415676456176E-4 -7.819897242363269E-4 0.001053006820405459 7.130762854137818E-5 1.2476529291824477E-4 1.1459448221405385E-4 6.936634323025346E-4 
0.3841601273668708 9.54454722073407E-4 2.4293137855194266E-4 -3.224478070417428E-4 -5.527913658090293E-4 0.0010143682359332294 7.071969127127572E-5 1.253635392372574E-4 3.7259276187904026E-4 7.157736702460898E-4 
0.13914392691852812 9.302670583554403E-4 2.3565915875118184E-4 -3.242081561483973E-4 -5.266265951066763E-4 0.0010650893593875113 5.9477679822402E-5 5.031767450248693E-5 1.174553414334917E-4 7.174117859678573E-4 
0.7675069101507561 9.358984235102108E-4 2.1441949774871584E-4 -2.3076581116378395E-4 -5.692955739602035E-4 0.0010004414590066575 6.229826625031503E-5 1.1379757084448787E-4 1.175326342791043E-4 6.955022528148495E-4 
0.5970818018652998 0.0010500666127884982 1.7569359807338776E-4 -3.056330291658924E-4 -5.300607733086085E-4 0.0010434125394696945 5.7714306766284125E-5 1.7560949156260954E-4 1.1856854829686653E-4 6.932903290629244E-4 
0.6491754637144513 9.372241059179928E-4 -1.1972745160790132E-4 -3.260905848824383E-4 -7.888563856318909E-4 0.0015987677228517846 5.9161750314691324E-5 4.75025388881106E-5 1.1436652887422291E-4 8.024666532763723E-4 
0.31973937961074556 9.310876638409403E-4 -9.331309658049861E-5 -3.055605319094314E-4 -5.533971042686236E-4 0.0010144073572530123 7.100838570034854E-5 1.2635598976340134E-4 3.486885417581388E-4 7.156327091274174E-4 
0.200479471038229 9.257332421035994E-4 2.450514209200536E-4 -2.5557777107477895E-4 -5.404121802078587E-4 0.0016166870207520528 5.967525832596348E-5 1.2015943745706772E-4 3.5536821710996066E-4 7.032840800172017E-4 
0.015519985301759104 9.958399721188137E-4 2.3585470373006643E-4 -3.26685932963287E-4 -5.347566514330951E-4 9.913760162870142E-4 6.406259950144904E-5 1.6355381959108208E-4 1.2692751390410708E-4 7.183057407045442E-4 
0.6028628691343213 9.555299020405403E-4 2.3182415949759893E-4 -2.9605119427287706E-4 -5.623495932975969E-4 0.0010017326981941292 5.930913167359989E-5 3.137280549443855E-5 3.4673985432512485E-4 6.923849286934049E-4 
0.30770975927047967 9.344328246495775E-4 2.1458240963875765E-4 -2.3122922266824694E-4 -5.704209066956187E-4 9.96818438444486E-4 6.231655916659282E-5 1.4166034214597707E-4 1.4398897476731773E-4 7.313747247618467E-4 
0.07225488148302511 9.562123977427084E-4 1.789346064458961E-4 -2.9608102433184444E-4 -5.051884328569581E-4 9.770698066626487E-4 5.895849687632969E-5 1.3700522295459784E-4 3.349346332653673E-4 6.955348813439401E-4 
0.6901882561138625 9.261170277040001E-4 1.799923648709451E-4 -2.2981376984199697E-4 -8.047583732432603E-4 0.0016126876085338134 6.174560521144482E-5 2.2099464085964915E-5 3.5399384083899125E-4 6.914507944463035E-4 
0.6678503717279008 9.635769564667369E-4 1.7546844833068103E-4 -2.2987169632189322E-4 -5.268071130351619E-4 9.291624016975871E-4 6.29607103631285E-5 4.563270747373889E-5 3.5054111907485024E-4 7.964946278927228E-4 
0.15749383116114082 9.747404747629098E-4 2.467843825651477E-4 -3.8491246343336216E-4 -5.277662584736067E-4 9.69461853614831E-4 5.860769029385978E-5 6.09347008072175E-5 3.462345741247493E-4 7.340653311053491E-4 
0.8482815353963497 9.719467594434758E-4 2.4210885504424544E-4 -2.557060861909786E-4 -5.525050227104526E-4 0.0015804503585867252 6.933966035205018E-5 1.6783552593036826E-4 3.847658674509403E-4 7.035848270588202E-4 
0.4254172798517417 9.261266310420115E-4 1.799923648709451E-4 -2.9245478454609035E-4 -5.453577655872659E-4 0.0016126876085338134 6.195391242869314E-5 6.765085917742196E-5 3.5410870716622353E-4 7.182334069260018E-4 
0.4111066492304134 0.0010496738656235324 2.118482951996335E-4 -2.5529625471446893E-4 -6.642220391161135E-4 0.0015998262077078422 6.186719915758299E-5 1.7415399350325773E-5 3.551210162407604E-4 7.139273649671382E-4 
0.6150483710012747 9.372241059179928E-4 -1.1972745160790132E-4 -3.227477160256268E-4 -7.888563856318909E-4 0.0015987677228517846 5.773524027841169E-5 4.8716973984365103E-5 1.1436652887422291E-4 8.020980091268149E-4 
0.5698454729202527 9.264684263209932E-4 1.742985628222196E-4 -2.3492634650281894E-4 -5.351971641797332E-4 0.001591257412895458 6.346205522273876E-5 4.1138350289677505E-5 3.6008883966606243E-4 6.937311837440018E-4 
0.1979675702347245 9.351118176105248E-4 2.174371108192542E-4 -3.2210697767356375E-4 -5.420001439890352E-4 0.0010019279909317168 5.8594179233907035E-5 -6.692597917405011E-4 1.0960039869697993E-4 8.738287463258743E-4 
0.757950617936231 9.970239901382497E-4 1.7777535517771116E-4 -3.0850190748666864E-4 -5.810143141625263E-4 0.0010077525742945817 6.929953080563469E-5 4.797073131007988E-5 1.2951274646569744E-4 8.017330482841446E-4 
0.5722614453555149 9.264684263209932E-4 2.014028728355095E-4 -2.404129956805296E-4 -5.18965969843355E-4 0.001591257412895458 6.244594198522327E-5 1.6006354071180793E-4 3.5406661180175574E-4 6.936882037021731E-4 
0.5074655278302793 9.256899520108517E-4 2.0192759472732215E-4 -2.3441681331609084E-4 -5.526477309632507E-4 0.0016063829878711976 -3.0756919446596646E-6 1.6006354071180793E-4 3.839217481491794E-4 6.92805951553028E-4 
0.6654233951683508 9.601901785981879E-4 2.3854529792622297E-4 -2.592225442734247E-4 -5.243224849558012E-4 0.0019702470273240714 6.619906898172296E-5 3.7688446286738485E-4 3.549385757535879E-4 8.334631510290505E-4 
0.6525127662980296 9.372241059179928E-4 -1.1972745160790132E-4 -3.2276499006245456E-4 -7.888563856318909E-4 0.0015987677228517846 5.9134210554929605E-5 4.75025388881106E-5 1.1436652887422291E-4 8.024666532763723E-4 
0.4134518459671237 0.0010549252655603835 2.463592323827553E-4 -4.1230330775547924E-4 -8.031974946264058E-4 0.0016173237845584691 5.900737353886452E-5 6.644910835938364E-5 3.554534476701899E-4 7.139317969938554E-4 
0.8220013475134138 9.558489856763345E-4 2.3214840095104E-4 -3.059937171129159E-4 -5.265330360230545E-4 0.0010011376097836988 5.790890658721624E-5 3.0577499020314195E-5 -1.8157926123201667E-4 6.923690511107044E-4 
0.5083876674275754 9.261350642188548E-4 2.180963564845072E-4 -4.166545853520238E-4 -5.411205264413839E-4 0.0010118987070541138 6.237157202980559E-5 2.714876960731092E-4 3.466825240478541E-4 7.022229085302823E-4 
0.06683123896409537 9.697088995642505E-4 1.726531303817835E-4 -2.335001837045349E-4 -5.217077519286293E-4 1.3423194415120975E-4 5.59581265230533E-5 1.6774590037216456E-4 3.7358930276723903E-4 7.174329689344171E-4 
0.33209224489496464 0.0010078881312612221 1.7455970165491385E-4 -2.262759631101044E-4 -5.195719122534826E-4 0.0010902888858266102 6.292089658494581E-5 1.2463868150165401E-4 3.4888486900521484E-4 7.164285036659277E-4 
0.05931980632386337 9.325564179052074E-4 1.7859902637133807E-4 -2.5813944515700084E-4 -5.177972575071524E-4 0.0010718391061246375 7.099561127106993E-5 3.2679994335782755E-5 1.2948783286164945E-4 7.156104372952761E-4 
0.3905433473142202 9.291184969601399E-4 2.4425683055159824E-4 -3.2276022056480986E-4 -5.524694963992987E-4 0.0010130926384573579 6.57118664359888E-5 2.83744979071929E-4 3.725302380039518E-4 7.156652104293534E-4 
0.12510202170370044 9.571164444987275E-4 2.464427917217005E-4 -4.109427691739784E-4 -8.031974946264058E-4 0.0010115257009058651 5.900737353886452E-5 6.644910835938364E-5 3.718285868748803E-4 7.133670111185405E-4 
0.48829956614622355 9.286969671429895E-4 2.1750850338971955E-4 -2.4139845131884887E-4 -7.892393596445968E-4 9.856036312463272E-4 5.6492156225215355E-5 2.6292747123783026E-4 3.575869852621567E-4 7.881803605149598E-4 
0.047236508283790724 9.747404747629098E-4 2.467843825651477E-4 -3.274513604431138E-4 -5.274588950357278E-4 0.001087191925729507 6.580617051803171E-5 4.095899216806155E-5 3.462345741247493E-4 7.259934359878297E-4 
0.05771748919522096 9.957255866982872E-4 1.7741696708184466E-4 -3.0599020622417187E-4 -5.280302931148424E-4 9.82933804206383E-4 6.823901574077653E-5 5.817485533730953E-5 3.668521580306538E-4 8.01555178245684E-4 
0.8322258955357766 9.347814650879319E-4 2.3463666485259923E-4 -3.080218655909653E-4 -7.802480747217288E-4 0.0010480993091148026 5.630363273030405E-5 1.2485746012329252E-4 3.5556057054008695E-4 8.549296970763087E-4 
0.01956264262494567 0.0010554855049995857 2.118482951996335E-4 -2.3309140543658984E-4 -5.255496086815928E-4 0.001579779086962232 6.174396233759704E-5 -6.611882455360124E-4 1.1643166718264074E-4 7.182333660586378E-4 
