0.9980651182743039 -9.829246090987595E-5 -0.001444536347743676 8.699713827177547E-4 -0.001050969760176989 3.4379629333227866E-4 3.7601089730553464E-4 -0.0011425526444978986 -1.6658203030771678E-4 0.0015671071666602868 
3.478900084661351E-17 2.49844851349857E-4 -0.0010414155804953588 8.797484240942548E-4 -0.0010056280192769444 4.5305262989935757E-4 -2.2040670873566323E-4 -0.001089426601500036 -1.7811764997496026E-4 0.0015668047099075756 
0.8326163758561893 -1.0675192151373137E-4 0.0018172486084111431 8.945141157546267E-4 -0.0011728942929598383 3.500278737074648E-4 4.276298093566172E-4 -0.0011321372624921886 -9.752022268041816E-5 0.0015762139627228517 
0.06115396446692603 -1.6478485768008257E-4 -9.500285777783597E-4 8.74495502391655E-4 -0.0010786015984345996 3.469602129839364E-4 3.3485430572701303E-4 -0.0011125321313144396 -2.715915362310321E-4 0.001561452021609529 
0.0029798377371935032 2.35794196607088E-4 0.0019337535756689438 8.973506644878598E-4 -0.0011554614197940747 3.555031424297285E-4 -2.1979014104449174E-4 -0.001162939830761335 -1.7503538276509578E-4 0.001575164418127692 
0.41659719717148747 -1.2177766910249113E-4 0.0018496905559491576 8.7015230754937E-4 -0.001057012849059439 3.44933933425174E-4 3.2778192481958243E-4 -0.0011315594375708828 -1.1809976197147921E-4 0.0015670394538765406 
0.39711645931502176 -1.905247398640456E-4 -0.0012628736094001253 8.86961110632632E-4 -0.0013871860542529072 3.3418451455886525E-4 3.2786460919742236E-4 -9.473556523843589E-4 -1.1805300952174102E-4 0.0015749125869609253 
0.2549989100287078 -1.7736940541529994E-4 -0.0014002775855274955 8.675300154045892E-4 -0.0010500124166380874 3.7515914927559077E-4 3.513920154304641E-4 -0.0011194840179833594 -2.966485930536883E-4 0.0015631581624676895 
0.025019296204086952 -9.970776158233166E-5 -0.0011726195433566066 8.939875024086229E-4 -0.0012049260447105706 4.509777795454157E-4 3.864162309466097E-4 -0.0013780303832444023 -1.6696481830613094E-4 0.0015628361113914414 
0.27068864553843686 -9.82521992539565E-5 -0.0010667668958546034 8.715677937421807E-4 -0.0010389813427585405 3.7981654771775255E-4 3.770207185565526E-4 -0.0010593871318222217 -9.13111456064797E-5 0.00157457587943692 
0.9087351036111118 -1.7787671938736504E-4 0.0018161964087850114 8.717867822456664E-4 -0.001038722466771555 3.7958053462928954E-4 -2.776598253822788E-4 -0.0011132980102397717 -1.2381987952320058E-4 0.0015627177228029166 
0.7434330834925972 -1.6917121915269382E-4 -0.0010032150880006968 9.050905133656359E-4 -0.0010180514947421874 4.56360383813746E-4 3.488848992145744E-4 -0.001117664382659783 -1.7742952211536E-4 0.0015671184159781913 
0.07070503242061316 -2.0701519649475917E-4 -0.0015502741113638382 8.799790477613166E-4 -0.00143576826826398 3.451880478814122E-4 3.7607008610312755E-4 -0.0011206038761865636 -1.6659681803486392E-4 0.0015632354780420663 
0.31658292217623296 -1.694102735222692E-4 0.0017308732866898615 8.932252319365748E-4 -0.0010494786612622001 3.7446678201820074E-4 3.5445870248108013E-4 -0.0011587266165414929 -1.1569738938877738E-4 0.0016305421947838095 
0.49104583569532223 -1.6661458682340805E-4 -0.0016794800875035223 8.942162783819012E-4 -0.0010975364499089184 3.548525212383148E-4 -2.2327033293638066E-4 -0.0011107788895438728 -1.7819793151425842E-4 0.0015651499810130048 
0.28120178722436606 -3.327793553130639E-4 0.0018488430571970706 9.039714114832309E-4 -0.0010413005152893914 3.500022809702362E-4 3.497756627665125E-4 -0.0012991982453888435 -2.676111438945366E-4 0.00163731769832925 
0.3315752943386282 2.367871298517637E-4 -0.0010018920216646845 8.791935175918005E-4 -0.001199085240366803 3.554435008507658E-4 -2.3566784720892715E-4 -0.001089426601500036 -1.7565637068850187E-4 0.0015669878928438324 
0.6285043181447797 -1.9355247770045948E-4 -0.0010555745105084954 8.867256438131789E-4 -0.001044604282817156 3.6912447855002515E-4 4.2809050441925474E-4 -0.0013714660425101256 -9.138167055226451E-5 0.0016331151729236696 
0.5697744844896113 -9.877579033258989E-5 0.0018378027929088184 8.717952338960568E-4 -0.0011959829969865718 3.8230102825801446E-4 3.698067321527411E-4 -0.0010919416355263866 -1.7665171887153245E-4 0.001561463753776406 
0.3585701973278618 -9.82521992539565E-5 -8.446591739756493E-4 8.713680376596367E-4 -0.0010389813427585405 3.7981654771775255E-4 3.770207185565526E-4 -0.0010593871318222217 -9.13111456064797E-5 0.0015745813498552808 
0.3858513149309567 -1.6939310973167833E-4 0.0018472999779930988 8.716880006488629E-4 -9.9570596602017E-4 3.8239208872826856E-4 3.5446365756364715E-4 -0.0010862898686878322 -1.6863365056318938E-4 0.0015624208914121445 
0.6800538471965971 -1.786189229401945E-4 0.0019509863555248843 8.751613825177671E-4 -0.0010666574709418896 3.767996516919901E-4 3.8002107367514305E-4 -0.0010892355716790759 -1.173587701695657E-4 0.0015657541283830329 
0.20577848311206137 -1.6556709902347018E-4 0.0016645079105780027 8.715791456431993E-4 -0.0010494786612622001 3.784130992220581E-4 5.042706220978421E-4 -0.0011078939803713544 -1.717109750009532E-4 0.0016306756911359356 
0.5046533641736386 -8.808964053527458E-5 -0.0011878062549429743 8.90178092425078E-4 -0.001066925593505088 3.764222972468768E-4 3.8241437416915825E-4 -0.0010611278091639707 -1.0372713702704221E-4 0.0015646363974921008 
0.7234844625762743 -9.604245573018756E-5 0.0018461283803155196 8.718293949091755E-4 -0.0011794893508502249 3.7601885166317064E-4 3.7234406457980427E-4 -0.0010919347670863486 -1.1639880896502307E-4 0.0016292072511245926 
0.8558564958199045 -1.9870875629980224E-4 -0.0010022600279592877 8.70432395671787E-4 -0.0013170355755574854 3.787996451291301E-4 -1.2767002140883833E-4 -0.001087093304237735 -1.2547979709852665E-4 0.0015683169832124053 
0.8061550736677604 -9.898065606045452E-5 -0.001169153758326318 8.867117618837964E-4 -0.0010048375283055087 4.5098405548264797E-4 3.7518295926610557E-4 -0.0010771538724807642 -1.0301118316249306E-4 0.0016133575964047515 
0.010689221451694958 -1.0382833123196338E-4 0.0017308732866898615 8.715791456431993E-4 -0.0010483039243608903 3.4827925784274504E-4 3.278059776588374E-4 -0.001092412514488266 4.669777964669695E-5 0.001569899547825415 
0.7041684211358735 2.830133267700253E-4 -0.0011547475233809352 8.755708265886163E-4 -0.0013962291267290482 4.5775372173814595E-4 4.4662249783605714E-4 -0.0011045790879725228 -1.1667629771182854E-4 0.0015657265043136442 
0.5549834146038212 -1.6410797208681567E-4 -0.0014793294877974285 8.694257479103732E-4 -0.0010674260671910314 3.745274178504613E-4 3.2893648273052363E-4 -0.001189999149324118 -1.058863249131944E-4 0.0015730384491298222 
0.9392903594801723 -9.132001458202022E-5 0.0017777673683500978 8.76103001628418E-4 -0.001501696618338514 3.51002828046707E-4 4.116179907443217E-4 -0.0011381369928413734 -1.7689666199774076E-4 0.001573703221194992 
0.7627620243810194 -1.3601534364042066E-4 0.0018464186753396799 8.760238664637335E-4 -0.001030865099511552 3.4635639486668446E-4 3.276112806581342E-4 -0.0010748886333601586 -1.2534825614440121E-4 0.0015683169832124053 
0.03185630815803503 -3.447823929799816E-4 -8.483347672255926E-4 8.770152825283983E-4 -0.001053010381759286 3.7921109452903446E-4 -1.5786933056076712E-4 -0.0010922551269920058 -1.4531743589773054E-4 0.0015748415738207542 
0.42935679865164267 -1.4876255903858282E-4 0.0019238988828242465 8.702795071021132E-4 -0.0010788568824195153 4.5080547857009244E-4 3.749339677331566E-4 -0.0011158627995570408 -1.0266397092101675E-4 0.0016138971920665447 
0.14938564890477293 -1.0618329859670888E-4 -8.497439518940126E-4 0.001114327677942081 -0.0010615445937687885 3.7960168952154747E-4 5.174487035837612E-4 -0.001077649258640745 -1.8100704980093146E-4 0.0015592615838111263 
0.697030210995943 -1.028416968307903E-4 -0.0015846116311314233 8.87109246961864E-4 -0.0010528552647048116 3.799862441162144E-4 3.9685670387492185E-4 -0.0013779378999794897 -1.7870002163057863E-4 0.001569546482132947 
0.22209665079156538 -1.2338736638628297E-4 0.0018488791866105472 9.11041052649377E-4 -0.0014486415935538828 3.4441759990578246E-4 4.308641799820944E-4 -0.0020734321311250653 -2.1321231455078148E-4 0.0015656765300763474 
0.894861165496962 -1.9722250027155207E-4 -9.343645959019744E-4 8.704340126244247E-4 -0.0010308641780465513 3.777015068794189E-4 3.478199129559361E-4 -8.942385860332883E-4 -1.1830153596864218E-4 0.0015755437173433347 
0.5823175623766551 -1.7696441971269946E-4 -0.0010864713898932705 8.94961195093756E-4 -0.0010114080265642362 4.496742213497674E-4 3.4708607339171206E-4 -0.0010766801099787958 -1.3365129545585364E-4 0.0015751134443085161 
0.5168057473747079 -1.6140904783471346E-4 -0.0010926555729895053 8.958614800260686E-4 -0.0012769154506830835 3.852651335576031E-4 3.46444378691605E-4 -0.001105561789652691 -2.792492167408701E-4 0.0016143019335567602 
0.6149023210611758 -1.6556709902347018E-4 0.001748614869693186 8.715791456431993E-4 -0.0010494786612622001 3.784130992220581E-4 5.042706220978421E-4 -0.001124134735317008 -1.717109750009532E-4 0.0016317879734927248 
0.5935340106544805 -1.4254248174807622E-4 -0.001645501510794946 8.761487880859903E-4 -0.0016513676721238804 5.000246191070165E-4 4.306229302226217E-4 -0.0013384305569243684 -9.376263698210292E-5 0.0015632376377658188 
0.7704176295115754 -1.3601534364042066E-4 0.0018464186753396799 8.784656053903504E-4 -0.0013170355755574854 3.4635639486668446E-4 -1.2767002140883833E-4 -0.0010748886333601586 -1.2570772590005086E-4 0.0015683169832124053 
8.784064433599026E-4 -3.358763316793254E-4 -9.466643913197203E-4 0.001110217240784015 -0.0011548986918929393 3.3575917958936615E-4 5.019429376323682E-4 -9.824896786004708E-4 -2.704671441040828E-4 0.0015748503753837734 
0.6434221831409221 -9.819682659954256E-5 -0.0016522185464289442 8.762610033972058E-4 -0.0010333178314432803 3.718496418711536E-4 3.8369856048903905E-4 -0.001179289348451441 -8.692921929853218E-5 0.0015657567935309792 
0.8494780904688257 -2.082584529877072E-4 -0.0015242085024762446 8.705477256620056E-4 -0.0010113421831589892 4.49214176286492E-4 3.3848736184166395E-4 -0.0013125958094221402 -1.1827274243680535E-4 0.001573119340667499 
0.3061712695241567 -2.365573271730467E-4 -0.0012020362521084262 8.866290838791429E-4 -0.0010047356613787511 3.4412128202573623E-4 4.2272054124889766E-4 -0.0010766805162338755 -1.7717777851058365E-4 0.0015632363564746208 
0.014084938477687242 -2.076073834722743E-4 -0.0012921494360436073 8.86961110632632E-4 -0.001387634255436604 3.44503304550126E-4 3.2202956764992223E-4 -9.524483878193962E-4 3.3530059881319466E-5 0.0015745907360624597 
0.6054645667200456 -1.9016358832876483E-4 -0.0012628736094001253 8.86961110632632E-4 -0.0013871860542529072 3.704465219214718E-4 4.2853641499525857E-4 -9.524483878193962E-4 -1.1299645450325052E-4 0.0015745639147336367 
0.14045677043126625 -9.897269310093236E-5 -0.0011651809387115382 8.805809730864965E-4 -0.0011740878896787424 4.5086104257636566E-4 3.76440765112911E-4 -0.0010234211837068183 -2.781755336414471E-4 0.0015592136903683689 
0.9582964392488587 -1.4254248174807622E-4 -0.001645501510794946 8.893688022619874E-4 -0.0010093412757632481 4.991831702820937E-4 4.226166438215055E-4 -0.0013919261273549696 -1.6770815104697772E-4 0.0015632376377658188 
0.44027261079158175 -9.132001458202022E-5 0.001776855314100259 8.76103001628418E-4 -0.001501696618338514 3.512363122659304E-4 4.116179907443217E-4 -0.0011317674894617844 -1.240929593031261E-4 0.001573703221194992 
0.13554944098796787 -3.2783258518186587E-4 0.0017249995310640207 8.703524677485122E-4 -0.0014015590512940128 3.469492003003504E-4 4.210468708958229E-4 -0.0020734321311250653 -2.127847703161464E-4 0.0015669272005090034 
0.18954707926411568 -8.947710306706534E-5 -0.0014723239181130205 8.594235941329788E-4 -0.001164285403649348 3.339950729372368E-4 4.205999627755528E-4 -0.0010713234136476468 -9.387842051492889E-5 0.001567038700947496 
0.006952406488692164 -3.3103550996585533E-4 -9.499209242530581E-4 8.750953128951247E-4 -0.0013953458718268762 3.4589504250393563E-4 3.219999175103915E-4 -0.0010882597762055441 3.2610449619889505E-5 0.0015670015696623168 
0.05017465040517762 -3.534082645945737E-4 -8.433600139723122E-4 8.800385695170668E-4 -0.0010191795560592107 3.4497185036667797E-4 3.6009819562106724E-4 -0.0010957926622422226 6.573864606987457E-5 0.001567020454219837 
0.19937262838943925 -3.383371344506997E-4 0.0016610743275004092 8.714515194226412E-4 -0.001050074781113442 3.338564188005501E-4 3.2790796363729626E-4 -0.0011078939803713544 4.5129860551379194E-5 0.0016311382286818502 
0.15746058255110615 -1.7173419131114953E-4 -8.467315721575812E-4 8.520042244333961E-4 -0.001014457417101154 5.159392376474446E-4 3.472920607438076E-4 -0.001077392993401008 -3.101356403823007E-4 0.001568344991415304 
0.11317205693613497 -1.302556503285426E-4 -9.351682811406473E-4 9.56724441978555E-4 -0.0010308641780465513 3.777015068794189E-4 3.482350879718687E-4 -9.035075198851922E-4 -1.1830153596864218E-4 -2.776417895102779E-4 
0.019939682488708255 -2.8255867112500336E-4 -0.001595643102077065 8.754767284546491E-4 -0.0010401506358495723 3.7949954561942827E-4 5.065727240425774E-4 -0.00110828959472671 3.8279637711028634E-5 0.0015726089685058505 
0.09223556335958535 -1.7122667344460473E-4 -0.0014712401061430706 9.059273111388348E-4 -9.944006675850403E-4 3.4755272130327324E-4 4.266645536227068E-4 -0.0011364443502441216 4.47540487871828E-5 0.0015727201976233902 
0.7864511208446757 2.4972422478636595E-4 -0.0011584283697027272 8.938931374319441E-4 -9.965517866429988E-4 4.577726252642913E-4 4.3634114544973876E-4 -0.0015098793797431386 -1.1667629771182854E-4 0.001567128953753688 
0.876724003288543 -9.857767802554443E-5 -0.0014736667788899833 9.059273111388348E-4 -0.0010345935693423674 3.776148181104601E-4 4.2611716463906887E-4 -8.965344635175666E-4 -1.1161812590549956E-4 0.0015727201976233902 
0.7320602595122201 -9.583565881677097E-5 -0.0011584283697027272 8.756057094769458E-4 -0.0013962291267290482 4.5775372173814595E-4 4.3634114544973876E-4 -0.0015352722835862249 -1.1667629771182854E-4 0.0015657265043136442 
0.34437460918362855 -2.365573271730467E-4 -0.0012020362521084262 8.972040280935276E-4 -0.0010607764043877414 3.460526389025379E-4 3.5072079866830196E-4 -0.0011066285410721976 4.553226551676593E-5 0.0016148477148581078 
0.9622482976256843 -9.829246090987595E-5 -0.001444536347743676 8.699713827177547E-4 -0.001050969760176989 3.4379629333227866E-4 3.3029020833352736E-4 -0.0011425526444978986 -1.0676126644865295E-4 0.001567159374843566 
0.448766208370583 2.3263130929996836E-4 -9.257566483338642E-4 8.748970357720486E-4 -0.001036487574541357 4.621375010439864E-4 -2.16734609718156E-4 -0.0011599218385402892 -1.1574340540244524E-4 0.0015748610018118414 
0.9279844447484143 -1.69554727746338E-4 -0.0016469767818746758 8.889585984298835E-4 -0.0015038949607985802 3.387930206234664E-4 3.3171487857068223E-4 -0.0010912328603414955 -2.8213565101625033E-4 0.0015695053796122807 
0.29553985321005055 -2.365573271730467E-4 -0.0015522314602184463 8.866290838791429E-4 -0.0010047356613787511 3.452057776688797E-4 4.2272054124889766E-4 -0.0011198004612817673 -1.769604518849954E-4 0.0015632363564746208 
0.10779537774159531 -1.2951746717502707E-4 0.0018482290575123348 9.566906390998764E-4 -0.0010382370713715426 3.4444281144667513E-4 3.4122819216256495E-4 -0.0010913992361227226 -1.9265153560391832E-4 -1.9981773590555993E-4 
0.16523862100208886 -1.6939310973167833E-4 0.0018188246074460014 8.957438528505523E-4 -0.0014016857486797737 3.4942205050970455E-4 3.5446365756364715E-4 -0.0011586280510726401 -1.6779364996505125E-4 0.0015635168571401944 
0.6681328540641774 -1.3806478920313193E-4 -8.875387474287993E-4 8.919892330705442E-4 -0.0014693653641128406 3.764773686513333E-4 -1.6033579462825396E-4 -0.0010770627527906253 -1.8191546752345462E-4 0.0015634812083975907 
0.9794321858378099 -2.4078483149184143E-4 -0.0016485635998663498 8.748879935193763E-4 -0.0010313158800074477 3.459822362495284E-4 4.2099842917468544E-4 -0.0010944731745167883 -1.7689518790424554E-4 0.0015632376377658188 
0.07920007256488773 -3.2783258518186587E-4 0.0017249995310640207 8.703524677485122E-4 -0.001385519142491031 3.5397450689910045E-4 4.210468708958229E-4 -0.0020734321311250653 -2.1459474742996137E-4 0.0015669272005090034 
0.24581265401310737 -1.0675192151373137E-4 0.0018170984731979613 8.947827359633252E-4 -0.0011728942929598383 3.443801242044706E-4 4.276298093566172E-4 -0.0011840417731917038 -9.846445577450296E-5 0.0015762139627228517 
3.48756687701679E-4 -3.40511918946979E-4 -0.0016015020135076406 8.786512812405014E-4 -0.0010680538750645183 3.7805261520024847E-4 3.909238027882241E-4 -0.001092303501190748 -1.310507451372336E-4 0.0015648554135565779 
0.12610028051017963 -1.7324753833418023E-4 0.0017025575914607909 8.957744334214084E-4 -0.001402064271022832 3.512418659561998E-4 3.5582516435706354E-4 -0.0011586280510726401 -1.3130472793685958E-4 0.0015648850142034858 
0.08506502264960719 -1.3806478920313193E-4 0.001963664641615787 8.919892330705442E-4 -0.0014563408238362774 3.8068113261104135E-4 4.4346552112769E-4 -0.0011217263142453172 -2.0207320544862276E-4 0.0015634813313371164 
0.03536388243607114 -9.699979467224193E-5 -0.0010634052786145536 8.797484240942548E-4 -0.0010277943624478652 4.5522291933767573E-4 -2.2040670873566323E-4 -0.001089426601500036 -1.7811764997496026E-4 0.0015657572536330018 
0.7909431817257486 -9.92079169653342E-5 -0.0011696808688516967 8.86961110632632E-4 -0.0014152689606666577 3.3418451455886525E-4 3.2786460919742236E-4 -9.473556523843589E-4 -1.1801585137762456E-4 0.0015749125869609253 
0.37131706867042624 -9.65051072588375E-5 -8.446591739756493E-4 8.713680376596367E-4 -0.0010389813427585405 3.794912243265316E-4 3.770207185565526E-4 -0.0010593871318222217 -9.13111456064797E-5 0.0015745813498552808 
0.4767327510516377 -9.808929082307977E-5 -9.263016785325643E-4 8.87058851013526E-4 -0.0010523796201137553 3.781514533188223E-4 3.304292971173506E-4 -0.001087734146564195 -2.8420775207157453E-4 0.0015708664486529882 
0.10219888540927302 -1.0675192151373137E-4 0.0018172486084111431 8.692938213814414E-4 -0.0011427582088816882 5.194823137785978E-4 4.285239752199691E-4 -0.0013970347527621566 -9.570627421181285E-5 0.0015669318057298309 
0.2327069109011341 2.49844851349857E-4 0.0019540014503740895 8.796065858375245E-4 -0.0010012834628248812 3.7565409447231973E-4 -2.2040670873566323E-4 -0.001089426601500036 -1.7811764997496026E-4 0.0015668501661517404 
0.9833692296462935 -3.358763316793254E-4 -9.573257812399993E-4 8.797287023928759E-4 -0.0016520934299514276 3.357412586575404E-4 5.019429376323682E-4 -9.824896786004708E-4 -2.704671441040828E-4 0.0015631549899852266 
0.1835957118872697 -2.0829377795582562E-4 0.0019966562034893173 8.702795071021132E-4 -0.0010486840390266212 4.5080547857009244E-4 3.749339677331566E-4 -0.0013136230334039425 -1.0266397092101675E-4 0.0015612794859157979 
0.017614176400187975 -2.9079616547619174E-4 0.0017308732866898615 8.793566391465757E-4 -0.0010481450861070365 3.4806856367663704E-4 -2.2938658092137339E-4 -0.001089470551830207 -1.760585607749109E-4 0.0015699100744497342 
0.12160521005924363 -1.8112122583207436E-4 -8.592125236341244E-4 8.958614800260686E-4 -0.0013218696797951861 3.462582777999799E-4 3.326592358732389E-4 -0.00108379905066822 -1.3403523352091302E-4 0.0016151992011136868 
0.4631971673380194 -1.9029747895916592E-4 -0.0012623464988747465 8.867117618837964E-4 -9.76754621891758E-4 4.5098405548264797E-4 3.7518295926610557E-4 -0.0010771538724807642 -1.0304834130660953E-4 0.0016133575964047515 
0.8825170752587778 -1.9722250027155207E-4 -9.351682811406473E-4 8.702086745475471E-4 -0.0010308641780465513 3.777015068794189E-4 3.478199129559361E-4 -8.942385860332883E-4 -1.1830153596864218E-4 0.0015757055389559657 
0.6602442124189221 -3.358763316793254E-4 -0.0014503016477731647 0.0011032584284967333 -0.001059890030465517 3.3575917958936615E-4 5.032149701509089E-4 -0.0013669543261081302 -8.489264429591497E-5 0.0015748503753837734 
0.6516409867312973 -9.829246090987595E-5 -0.001444536347743676 8.700910825874368E-4 -0.0010517040854064604 3.4379629333227866E-4 3.7601089730553464E-4 -0.0013748040631403752 -8.599765957793292E-5 0.0015671071666602868 
0.1727607720949656 -9.065917685008139E-5 0.0017777673683500978 8.76103001628418E-4 -0.001501696618338514 5.162990550061318E-4 4.116179907443217E-4 -0.0010771853973461528 -3.257048419149577E-4 0.0015736171502984376 
0.039895501104855124 -3.4405180305782646E-4 -8.483347672255926E-4 8.788633922405969E-4 -0.0011584425835506993 3.796791183284851E-4 -1.5781828121323754E-4 -0.0010911126083360198 -1.414898365001871E-4 0.0015748415738207542 
0.5270956179762885 -1.7696441971269946E-4 -9.692828242165378E-4 8.95814210087453E-4 -0.001009445327167198 3.8248029376236733E-4 3.4708607339171206E-4 -0.0010785698113386756 -1.3376014457424165E-4 0.0016344671360894855 
0.45756266855562655 -1.0136118525830492E-4 -9.257566483338642E-4 8.748970357720486E-4 -0.001036487574541357 4.5584634640689285E-4 3.2876880432623176E-4 -0.0010883562382256907 -1.1574340540244524E-4 0.0015694275396405768 
0.09681681100234035 -2.076073834722743E-4 -0.0012628736094001253 8.86961110632632E-4 -0.0013871860542529072 3.44503304550126E-4 4.2853641499525857E-4 -9.524483878193962E-4 -1.1176096039132806E-4 0.0015745907360624597 
0.2249523234958494 -1.786189229401945E-4 0.0019625243466328047 8.751613825177671E-4 -0.0013399090258470023 3.7443191364717787E-4 -2.2040670873566323E-4 -0.0010892213431113753 -1.1731084195955392E-4 0.0015657541283830329 
0.8052791131970545 -1.3601534364042066E-4 0.0018464186753396799 8.760238664637335E-4 -0.001005559647398294 4.484208699757689E-4 3.276112806581342E-4 -0.0010772189758318288 -1.2534825614440121E-4 0.0015683169832124053 
0.47365003798242744 -1.7011739221683782E-4 -9.263016785325643E-4 8.889168903750543E-4 -0.0010523796201137553 3.7809403419486703E-4 3.304292971173506E-4 -0.0010912430339987949 -2.8218509517409724E-4 0.0015708664486529882 
