0.9956668537940074 -4.891072252079155E-4 -3.863291814069463E-5 -5.067228362806634E-5 1.5325377985697005E-4 0.0012130741898396258 1.6235697574195338E-4 -3.723809922586276E-4 -5.697194796039003E-4 3.678904009043319E-4 
4.0890585978094884E-17 -4.5341292471336864E-4 -2.6240840225801275E-5 -6.818385579223349E-5 1.6193599189460827E-4 0.0010498385611718397 1.6513348587349203E-4 -4.346210103898045E-4 -5.652733481363722E-4 -0.0020750631700841115 
0.09672655354535123 -4.505472450139821E-4 2.9333941799931718E-5 -2.6980661181264384E-5 2.2442239865583951E-4 0.001509303408154329 8.657606619876233E-5 -4.499499989671144E-4 -5.562912050012629E-4 0.001074822323133935 
0.8511557563484013 -3.831321963475454E-4 -1.6636361660761717E-4 -7.078528884970023E-5 2.263264605842614E-4 0.0012069127792119741 1.1957025881779797E-4 -3.636921679584308E-4 -6.051275269169981E-4 5.822300225375312E-4 
0.025002897581027528 -4.804795125962061E-4 -1.6090720515218567E-4 -7.109274485113802E-5 2.1471000186758693E-4 0.0011748711602151522 1.1787229404408907E-4 -5.71368186205777E-4 -6.047246877697967E-4 -0.002318885170109645 
0.8273987102900181 -4.800689880732079E-4 -1.670807217960631E-4 -1.0146301627213627E-4 2.338480472466771E-4 0.001051480436316545 1.5466578356847623E-4 -6.057496622895607E-4 -5.760981079646451E-4 -0.0023060276534838976 
0.5493478550076135 -4.6148178762354513E-4 -2.5758707806779746E-5 -7.364975620292423E-5 2.3108926273309138E-4 0.0013619021536577733 8.513389117560071E-5 -3.4543930324255234E-4 -5.709256419140124E-4 -0.002163693439868745 
0.2304753697139196 -4.73709543779464E-4 -1.074434181690203E-5 -1.6233026244341468E-4 2.4229099010570574E-4 0.001172622503151299 1.3087071100005684E-4 -4.7584013454152814E-4 -5.807067960682924E-4 -0.002223068578217454 
0.2157359446589637 -4.4451598874636433E-4 4.62539838377273E-6 -7.114981757234814E-5 2.898332766789721E-4 0.0011726419130390906 9.590756011320383E-5 -3.525594368615963E-4 -5.669987068007033E-4 -0.002343619725645408 
0.11415279064143063 -4.806882934437609E-4 -3.7382203564963716E-5 -6.672713265532044E-5 2.0375845325967007E-4 0.001224746502355819 1.1086843338708133E-4 -3.533918224348379E-4 -5.705065551376297E-4 -0.0023336669537745687 
0.5293502551397034 -5.180662935301699E-4 -1.428479430328222E-4 -1.278199196226684E-4 3.467645228955205E-4 0.0011601437485974097 8.728056379226407E-5 -3.369075555263245E-4 -5.639333331640321E-4 6.511337475907096E-4 
0.24178947735022416 -4.5960879522265386E-4 1.1573793391309105E-6 -1.1359913569515923E-4 1.5731972649485283E-4 0.0011629504874072602 7.58075351725242E-5 -5.313871812823781E-4 -5.769062596790928E-4 -0.0023340080584778487 
0.08739398203990789 -4.75818674530633E-4 -1.0166362494161345E-5 -9.059614404845896E-5 2.280909591190881E-4 0.0011720051470120827 8.708639399855926E-5 -4.483850342832548E-4 -5.676922485737082E-4 -0.0023517874809365945 
4.966065764381855E-4 -4.4430183647024634E-4 -1.5520464907345952E-4 -7.200782586575991E-5 2.372508201244571E-4 0.00122070367365676 1.1083879597736735E-4 -5.732775702068597E-4 -5.724608506323343E-4 0.001102490091463374 
0.9157123220325827 -4.5699563630973014E-4 -2.115775817184824E-5 -6.381301340625451E-5 2.232510894451122E-4 0.0012088235287454454 1.3385337563739241E-4 -4.394121733964895E-4 -5.748788913905764E-4 -0.002189151461356828 
0.6759268740213729 -3.878868311833532E-4 -6.7255522597387815E-6 -1.0932420541496646E-4 1.5145592609155362E-4 0.0012070552060472048 6.025965690313255E-4 -3.558145574211621E-4 -6.051700988231524E-4 5.380015619799774E-4 
0.6442718067425319 -4.4975697226280525E-4 -4.903054019113459E-6 -1.0505869037875287E-4 2.148362896895189E-4 0.0010532164646383359 8.930227642431056E-5 -4.4053133494761747E-4 -6.052035307464048E-4 -0.002182518578452245 
0.729334798729685 -4.544488628834551E-4 -1.4281364457899233E-4 -6.943299309777599E-5 1.592562061356632E-4 0.001170896059724125 1.3300572992972184E-4 -4.3743643963500795E-4 -5.633040552434241E-4 -0.0022024196113450555 
0.6205931061208426 -4.8143094763952634E-4 -3.3821560186018964E-5 -1.0142034750410356E-4 2.2901283018964452E-4 0.0013218360711974432 1.306322094910115E-4 -4.491201752325393E-4 -5.629966580772823E-4 -0.0023536086279230053 
0.3841374390522288 -5.040941548435747E-4 -1.632032459084812E-4 -1.9459864683942426E-5 2.032802821700093E-4 0.0012015015747962017 1.870034689041249E-4 -4.5022298114299146E-4 -0.0011156863998196245 -0.002312582450506113 
0.18187445400108115 -4.886849834716705E-4 -1.367819309057028E-5 -1.6350946559056065E-4 2.4020514040798744E-4 0.001172138390812748 1.3087071100005684E-4 -3.478076780078738E-4 -5.546428980742936E-4 5.842701161541342E-4 
0.9466017958853267 -4.885990078866651E-4 -1.9503853528897767E-5 -1.6341209625111102E-4 2.3987690852563328E-4 0.0011723234943529582 6.769792021361771E-5 -3.5639609510211594E-4 -5.666135503465819E-4 -0.0022197113912603536 
0.019817389503297433 -4.6953528163066013E-4 -6.309637733507915E-5 -5.2752113223086315E-5 2.287774736177925E-4 0.0011691453266518498 1.1846038960070904E-4 -4.401356340080198E-4 -5.765175447266195E-4 -0.00235123272985033 
0.5616055140438108 -4.6148178762354513E-4 -2.5758707806779746E-5 -7.364975620292423E-5 2.2858482310524544E-4 0.0012095232302093777 1.6340976695718515E-4 -4.5781425004690735E-4 -5.632755953145257E-4 5.740727133309087E-4 
0.500310906948195 -4.745276158864835E-4 -1.545026312025905E-5 -9.829346721120091E-5 2.2862214980753117E-4 0.0011707702483636402 8.460748287597049E-5 -3.362745865153645E-4 -5.633546367642756E-4 5.303715339698796E-4 
0.39628243401628627 -4.4318325946196134E-4 -2.475924259751224E-5 -7.344359073788158E-5 2.3045662907852864E-4 0.001178345782190238 1.322530793461672E-4 -3.532096961833518E-4 -5.674790789123204E-4 -0.0023174270657027713 
0.3221890151194803 -4.75818674530633E-4 -1.0166362494161345E-5 -9.059614404845896E-5 2.280909591190881E-4 0.0011720051470120827 8.736113271732624E-5 -4.572136880018016E-4 -5.676922485737082E-4 -0.002312841162647427 
0.8016672065318073 -4.794149872051545E-4 -1.6698112244268286E-4 -1.0146301627213627E-4 2.238242370335805E-4 0.001051480436316545 9.476430101084546E-5 -6.100787024868643E-4 -5.574612802507592E-4 -0.0023060276534838976 
0.015395998748939006 -4.805053946779131E-4 -1.5592260876288203E-4 -7.20375697293121E-5 2.3166153533581163E-4 0.001220213590015985 1.1701921085852866E-4 -4.381083390974248E-4 -6.047246877697967E-4 -0.0023350155521693 
0.034002544409118374 -4.8042216677173253E-4 -4.6490279319687575E-5 -2.4579873846459927E-5 3.6042755022983237E-4 0.0012042922066933194 1.1388351563356756E-4 -3.466015423385521E-4 -5.797625716300582E-4 6.355017866514855E-4 
0.37171853349763107 -4.893569085895059E-4 5.6166784744445225E-6 -2.7662599280579548E-5 2.1317524229376574E-4 0.0011712655200083295 9.780413196877712E-5 -4.497055284881467E-4 -0.0011196406222767565 -0.0023485284688199706 
0.005683750700794216 -4.5320116453098874E-4 -7.4206247276801575E-6 -6.824686063576933E-5 1.6074716831357676E-4 0.0010498386565675124 1.1480279530890017E-4 -4.3719570763596445E-4 -5.772034072737191E-4 5.80702595785678E-4 
0.3612276712063993 -4.885817328166704E-4 -1.228537638091835E-5 -6.856399511108585E-5 2.1374120904551366E-4 0.0011760554523465136 1.1787229404408907E-4 -5.65718669888959E-4 -6.047246877697967E-4 -0.0023191313527372377 
0.7464084792389472 -5.123251990433551E-4 -3.31416822650393E-5 -1.0837226126510779E-4 1.5518634014759957E-4 0.0012137847366726579 6.240254607748107E-4 -3.5539807307501196E-4 -5.673628845296523E-4 4.585092180853363E-4 
0.002305985490254611 -4.8143015354428127E-4 -1.2262709852052122E-5 -5.126841643891832E-5 2.2896202639723345E-4 0.0012004451050058537 1.1683067228133241E-4 -3.4652219633787417E-4 -5.724188980118584E-4 -0.0023170612510333205 
0.6916049644528572 -4.709639443682334E-4 -8.198247731331389E-5 -7.060589298250487E-5 2.3985279983140063E-4 0.0012158888268816955 9.144419157229339E-5 -5.82361821031975E-4 -5.706854191916735E-4 4.190502257039612E-4 
0.25496259022500134 -4.72581659840689E-4 -6.630367210543978E-6 -6.99298047062689E-5 1.5857301519650555E-4 0.0010532898260312577 1.338909508665798E-4 -4.346210103898045E-4 -6.051906182551884E-4 -0.002184111787838324 
0.29755445708862327 -4.6927888782824674E-4 -2.5745870115968787E-5 -7.060339899636912E-5 2.3869839809846787E-4 0.0012158888268816955 9.158116586690902E-5 -4.506169407376719E-4 -5.706763560994022E-4 4.1849931957413334E-4 
0.8139468103119619 -4.54350111720457E-4 -8.063436161750065E-5 -7.178224556816888E-5 2.896427007374201E-4 0.001170998441027362 6.46176717192875E-4 -3.564784323974352E-4 -5.703751745902798E-4 4.422578888054439E-4 
0.7175023643972974 -4.5365229939805265E-4 -1.4879829255097315E-4 -9.497211811216194E-5 2.2391966309774628E-4 0.0011899891389946214 8.927106805968043E-5 -3.391631632815215E-4 -5.653324337943317E-4 -0.0021996690734775396 
0.17160277732143497 -4.891072252079155E-4 -3.864557691420817E-5 -5.067228362806634E-5 1.5468062887517907E-4 0.0012131210305442708 1.61340140815504E-4 -3.7237959769734945E-4 -5.697194796039003E-4 3.93747608956017E-4 
0.15427660481742578 -4.886849834716705E-4 -1.455358776164855E-4 -1.6350946559056065E-4 2.4020514040798744E-4 0.0010456669324968996 1.1559036013129415E-4 -3.406962337340121E-4 -5.546428980742936E-4 5.842701161541342E-4 
0.459558690603154 -4.6952335420921243E-4 -3.8476633343810884E-5 -5.092203200972077E-5 3.4454326619705506E-4 0.0010697124056356366 1.4583732250573255E-4 -4.5887845412602207E-4 -5.633585852081331E-4 -0.00231402102859329 
0.8893603876772711 -4.505005588512433E-4 -1.6235423368569425E-4 -2.0905503441049354E-5 2.002759325309027E-4 0.001196494135777852 1.1470279293833842E-4 -4.558320501610145E-4 -5.703228635000394E-4 4.095224742726103E-4 
0.16517671551302365 -4.814536114830667E-4 -1.5554697080520912E-4 -7.107050633786642E-5 2.3326943158167508E-4 0.0013292249935556635 1.2674944069872028E-4 -3.443359973270665E-4 -5.777261850269556E-4 -0.002200130322390793 
0.8962071273997374 -5.147928359954997E-4 8.114415123106384E-6 -1.2775746525913015E-4 3.0998705473318506E-4 0.0011596752260549018 1.2263574771100263E-4 -3.3691077820434016E-4 -5.638954844750046E-4 6.180992578196117E-4 
0.05551232904126495 -4.913331417909423E-4 -1.6363939309022753E-4 -2.092691292949176E-5 2.00408700027623E-4 0.0011950929151409362 1.671131813408596E-4 -4.5022411564485675E-4 -5.685530767050797E-4 6.797839173356429E-4 
0.34783778010920036 -4.895699029330144E-4 -1.4704261823962823E-4 -0.001138880050577322 1.5325377985697005E-4 0.0011965544953699044 1.609502388396852E-4 -3.723809922586276E-4 -5.757654253080389E-4 5.130360957601888E-4 
0.20344984563694551 -4.895699029330144E-4 -3.70763018308019E-5 -5.046852365680339E-5 1.5325377985697005E-4 0.0011965544953699044 1.609502388396852E-4 -3.723809922586276E-4 -5.713101734884573E-4 5.130360957601888E-4 
0.2739600079877452 -4.5959847966068316E-4 1.6900370709432855E-7 -1.1359913569515923E-4 2.0455410112969592E-4 0.0011952054391903319 7.58075351725242E-5 -5.788585691106696E-4 -5.688936222047017E-4 -0.002313292458843506 
0.2620586165398578 -4.438155541470784E-4 -7.142963490609392E-7 -2.745140642074195E-5 2.1351308328096334E-4 0.0010533378327240814 1.1499104284760975E-4 -4.4028186003679937E-4 -5.770579953697196E-4 -0.0023485284688199706 
0.07909189037050035 -4.8062948972184884E-4 -9.993930811198203E-6 -9.587886254243517E-5 2.2825631442370387E-4 0.001056709233394137 1.2611633471719847E-4 -3.4641597907180045E-4 -5.704648552210264E-4 -0.0023335660145420694 
0.7769508468561885 -4.601696750982351E-4 -2.587293806401923E-5 -9.056477504634272E-5 2.2426225694333074E-4 0.0011720051470120827 1.6334115912775265E-4 -3.424865488431024E-4 -5.632894872688808E-4 6.639906593221671E-4 
0.7885136342507277 -4.8006388047463155E-4 -2.7026601928161433E-5 -1.255000557299093E-4 2.03490515521436E-4 0.0012230594583214583 8.747178256170587E-5 -5.771660443549152E-4 -5.708298222290174E-4 -0.0023497316535497073 
0.4243669753858583 -3.899970733943577E-4 -7.437285152854701E-6 -1.554137595138128E-4 1.4749416844525527E-4 0.0012175538963153899 6.025965690313255E-4 -3.638934624664379E-4 -5.769871479242966E-4 5.379257056856835E-4 
0.3098705351611979 -4.445263967040601E-4 4.805045337237422E-6 -2.7662599280579548E-5 2.1351308328096334E-4 0.00151643418815188 8.669857024691158E-5 -4.49980550458802E-4 -5.770579953697196E-4 0.0010366234048588745 
0.44901040509006823 -4.428426472285517E-4 -1.5355771761351052E-4 -1.0445089155887874E-4 1.442572303306569E-4 0.0010451298620988278 9.538487921234661E-5 -3.775068662656783E-4 -5.054908340587674E-4 3.6370487083983976E-4 
0.13753485045661668 -4.544488628834551E-4 -3.7766491056102015E-5 -7.109055347114413E-5 1.592562061356632E-4 0.0011720051470120827 1.3300572992972184E-4 -4.3743643963500795E-4 -5.633040552434241E-4 -0.0022024196113450555 
0.5874172076761306 -3.91885935707248E-4 -3.9577450762473115E-5 -5.070148373970772E-5 1.4798269514902797E-4 0.00121433100904966 1.5434055187964988E-4 -3.723809922586276E-4 -5.584243535147317E-4 5.254633842833991E-4 
0.0038747654295484824 -4.8210386373546846E-4 -1.5280755460089288E-4 -7.156819622974128E-5 3.5182057770723554E-4 0.0012210623863394294 1.6786454743725028E-4 -4.5011074396386635E-4 -5.791605233456931E-4 -0.0021127503408374555 
0.34051278903618654 -4.885097401223817E-4 -1.4742985086036196E-4 -7.245929918106757E-5 1.5145592609155362E-4 0.0012069127792119741 1.1520211542726972E-4 -5.65331779683663E-4 -5.758137379413485E-4 -0.0023474531053658413 
0.28830153600669195 -4.692518191142491E-4 -2.4840090972997252E-5 -6.733159242261888E-5 2.309384095515285E-4 0.001207417111076079 1.3226050798830825E-4 -3.3171866655993165E-4 -5.630168932934239E-4 5.442211673256962E-4 
0.601572462497137 -4.4923882648466133E-4 -1.80925422759143E-4 -6.83297621672449E-5 2.899850112722642E-4 0.0012153680415492997 1.2375170864431655E-4 -3.5007959172472444E-4 -5.718581553427851E-4 -0.0023170446009987034 
0.009020948870211654 -4.5960879522265386E-4 1.1573793391309105E-6 -1.1359913569515923E-4 1.5731972649485283E-4 0.0011629504874072602 7.565876811512206E-5 -5.313871812823781E-4 -5.696768206135181E-4 4.925189014587554E-4 
0.07403898751916055 -5.177462319378353E-4 -1.5201738484483022E-4 -1.0044646282879888E-4 1.4448932057179557E-4 0.0011707636220757225 9.468425661065876E-5 -3.462380421379271E-4 -5.795097600055952E-4 -0.0022963025708103444 
0.06209479218206253 -4.883983841645435E-4 -1.5524198488089017E-4 -7.17768588104902E-5 3.4371944025345753E-4 0.0011707769513510445 6.018141507863693E-4 -3.4522837287679324E-4 -5.518787763731811E-4 5.651836951574692E-4 
0.40814990411822927 -4.5685754426577E-4 -1.387606818082301E-5 -8.635728427286902E-5 2.2809421071142715E-4 0.001172329806239997 1.3256692819959686E-4 -4.393578966180829E-4 -5.677302144217667E-4 5.449731341836989E-4 
0.11816579220627985 -4.802448372812288E-4 1.68653718485813E-7 -1.1165000430785488E-4 2.0455410112969592E-4 0.001169658711666354 7.475164531953348E-5 -4.4592421289743595E-4 -5.508243945546913E-4 -0.0023407938801029075 
0.050683437572193 -4.7453024138232203E-4 -1.8520111826267232E-5 -9.829346721120091E-5 2.2424051711032828E-4 0.001171092378977635 8.832233931374422E-5 -3.362745865153645E-4 -5.674194014809682E-4 -0.0021981381195348027 
0.8720038141834234 -4.917512337841336E-4 5.458712336753193E-6 -7.573027697682565E-5 2.2322587160158961E-4 0.0012088235287454454 1.342329105562132E-4 -3.394122347919441E-4 -5.748788913905764E-4 -0.002189151461356828 
0.06776737295571567 -5.177462319378353E-4 -1.539029085628803E-4 -1.0056985483970945E-4 1.4448932057179557E-4 0.0011708983274655144 9.503428482432848E-5 -3.423154097754359E-4 0.001325994934358418 -0.0023064054508374365 
0.011538135390880694 -4.6969501275490635E-4 -3.8476633343810884E-5 -5.120341378391516E-5 3.461058122559702E-4 0.0010646625306889707 1.4583732250573255E-4 -4.5914883365137535E-4 -5.633936192835926E-4 -0.00231402102859329 
0.1934238714613092 -4.895699029330144E-4 -3.710842163584893E-5 -5.184402496781159E-5 1.5325377985697005E-4 0.0011965544953699044 1.609502388396852E-4 -3.7080449525807156E-4 -5.711844425239958E-4 -0.002355852572322852 
0.04058762406947314 -4.5451331329574485E-4 -3.842275124977179E-5 -7.07769457574619E-5 3.4473182242139035E-4 0.0012042922066933194 1.1385716235940742E-4 -3.385203085198618E-4 -5.633941013772781E-4 6.062171717243761E-4 
0.2812036783598522 -4.614832094208499E-4 -2.1181508114870104E-5 -6.267230143575602E-5 2.2277317750501134E-4 0.0013641966435475538 7.58075351725242E-5 -4.188501231649545E-4 -5.708025168172592E-4 -0.0021590779295078753 
0.5176387234404445 -4.6969501275490635E-4 -3.794745687526149E-5 -5.1640204542363204E-5 2.0230781868403602E-4 0.0012166434148679825 1.626361450639993E-4 -4.573955584001077E-4 -5.631878348918099E-4 3.0872703371588145E-4 
0.9826089857811561 -4.6969501275490635E-4 -3.986019376530867E-5 -5.092203200972077E-5 2.2857783968017935E-4 0.0011747547219164158 1.6492524360013207E-4 -4.572326765631801E-4 -5.774472255556176E-4 4.3805605844430564E-4 
0.9763416728882652 -4.4986560592215623E-4 -6.575175034084544E-6 -6.99298047062689E-5 2.203306950304558E-4 0.0010532898260312577 1.339041245925723E-4 -4.384832813310031E-4 -6.051906182551884E-4 -0.00218414785912004 
0.869819701258418 -4.496232711290249E-4 5.458712336753193E-6 -7.573027697682565E-5 2.23223011167314E-4 0.0012088235287454454 1.342329105562132E-4 -4.393217368815336E-4 -5.748788913905764E-4 -0.002182591977813192 
0.5125548773735327 -4.891072252079155E-4 -3.562982578536298E-5 -1.3016143361924536E-4 1.5628782872114573E-4 0.0010703798165667495 8.639731076480418E-5 -3.7314615019910807E-4 -5.708292407780893E-4 -0.0023567438247611445 
0.5743573043095985 -4.566114387446817E-4 -2.2466820145509308E-5 -3.1479327035619297E-5 3.132807028704866E-4 0.0015036083704990176 8.976897575914541E-5 -4.400036337648489E-4 -5.739055712575007E-4 6.74147472719703E-4 
0.1479529898375181 -4.531135433444021E-4 -3.862202675040632E-5 -2.92691049592957E-5 2.1317524229376574E-4 0.0011712655200083295 9.832838182648154E-5 -4.5020302892967375E-4 -5.959555038646878E-4 -0.002346767479582508 
0.4731572849604342 -4.4383041101824633E-4 -4.902464361940476E-6 -2.736183501022145E-5 2.1376720937402394E-4 0.0011787014655575173 1.1418195510390338E-4 -3.561836326403015E-4 -5.633159022092939E-4 -0.002314206064921032 
0.43764250160265894 -4.428426472285517E-4 -1.8033315983518257E-4 -1.0445089155887874E-4 3.6048401496705857E-4 0.0010451298620988278 1.142824324646075E-4 -3.775068662656783E-4 -5.791013703657095E-4 3.6370487083983976E-4 
0.4875317494775774 -4.917512337841336E-4 5.458712336753193E-6 -6.750969715683204E-5 2.2323673585096808E-4 0.0012088235287454454 1.3384499454917158E-4 -3.440679923199005E-4 -5.748788913905764E-4 -0.002189151461356828 
0.9318123209022002 -4.919884752443973E-4 -8.06706192309546E-6 -6.757965809730827E-5 2.229656026282975E-4 0.0011899988587590854 1.333083067356228E-4 -3.385164420842139E-4 -6.027429417355426E-4 -0.0021889943595321698 
0.9608562612689859 -4.467566472220619E-4 -4.0182396177678424E-4 -1.5367930574342276E-4 2.2406916594634244E-4 0.0011626934457074985 8.807708985939905E-5 -4.5089082084046424E-4 -5.709023724439804E-4 -0.002312351345008095 
0.6907043914847809 -4.709639443682334E-4 -8.294683540614848E-5 -7.060589298250487E-5 2.386117594004087E-4 0.0012158888268816955 9.144419157229339E-5 -4.506169407376719E-4 -5.706854191916735E-4 4.190502257039612E-4 
0.12589877510628183 -4.737355770113547E-4 -1.074434181690203E-5 -1.6233026244341468E-4 2.4020514040798744E-4 0.001172622503151299 1.3087071100005684E-4 -4.7584013454152814E-4 -5.705264077697037E-4 4.969566689680816E-4 
0.6618532474301514 -4.5617583784381995E-4 1.5128974123139382E-7 -1.0695165666957519E-4 2.0475905903141343E-4 0.001207452754018388 9.083774396767221E-5 -3.6799114539575996E-4 -6.051730212523972E-4 -0.0021854041087439554 
0.12713310116104817 -4.735959315169367E-4 -1.074434181690203E-5 -1.6233026244341468E-4 2.4020514040798744E-4 0.001172622503151299 1.1380862046403478E-4 -3.4058569729607263E-4 -5.706572626369829E-4 4.969566689680816E-4 
0.7649507505000237 -4.506085529669052E-4 -8.017972261753217E-6 -1.255000557299093E-4 2.0116404486488892E-4 0.0012230594583214583 8.747178256170587E-5 -5.771660443549152E-4 -5.708298222290174E-4 -0.0021760134036660334 
0.9296282079772273 -4.4986051258928857E-4 -8.06706192309546E-6 -6.757965809730827E-5 2.229627421940219E-4 0.0011899988587590854 1.333083067356228E-4 -4.384259441738033E-4 -6.027429417355426E-4 -0.0021824348759885335 
0.19774983651052108 -4.752066674034221E-4 -3.710842163584893E-5 -5.184402496781159E-5 1.5325377985697005E-4 0.0011720386192250656 9.058844691933214E-5 -3.7080449525807156E-4 -5.711844425239958E-4 -0.002313667140492779 
0.6097263410211249 -4.794836166299093E-4 -3.398261419048242E-5 -1.0142034750410356E-4 2.2902773030569038E-4 0.0011663115279953538 8.186626272400118E-5 -4.416156726960817E-4 -6.038109893989635E-4 -0.002352390136054506 
0.40776425833482643 -4.584746453059134E-4 -1.6291527625474555E-4 -1.9459864683942426E-5 2.032802821700093E-4 0.0012018360388152392 1.870034689041249E-4 -4.500511722380031E-4 -0.0011284855720962816 -0.002316240759064496 
0.9622417912710751 -4.4731246222924853E-4 -2.9671783172286247E-5 -1.2394601456568543E-4 2.2519593067461732E-4 0.0011564878803129838 1.3145627850728224E-4 -4.516968449327166E-4 -6.031244734432939E-4 5.588257501441074E-4 
0.03573232062488524 -4.8160124597211096E-4 -1.5520464907345952E-4 -7.200782586575991E-5 2.2895486008842858E-4 0.0013203501586098508 1.2236949789096115E-4 -5.732775702068597E-4 -5.69366384791403E-4 -0.002350950963356375 
0.7553652523569544 -5.118125032077303E-4 -3.31416822650393E-5 -9.111489693482236E-5 2.284253272636438E-4 0.0012137847366726579 6.090982162676407E-4 -3.572482550582411E-4 -5.673628845296523E-4 -0.002270890869649732 
0.47513285811425443 -4.4383041101824633E-4 -4.902464361940476E-6 -2.736183501022145E-5 2.2847151663066143E-4 0.0011787014655575173 1.1418195510390338E-4 -3.561836326403015E-4 -5.675993484933208E-4 -0.002312867371229236 
