2.255274852901328E-18 2.674617669997212E-4 -4.7476132095479836E-4 0.0030452175046226347 0.0011760474759927443 6.353493607789496E-4 -0.0013430730189716218 -6.156881681047668E-4 6.703534546425706E-4 2.407931770385406E-4 
0.997607813090864 2.100704523232808E-5 -4.4570759388013967E-4 -8.025014092341693E-4 0.0013139996726553793 5.932897669300344E-4 -0.0013849185129109372 -0.0010389624446409396 6.095815331198061E-4 1.7830309959754288E-4 
0.03384806274286253 8.52348095597512E-6 -3.816123540646057E-4 0.0030271255591093264 0.001162379800310767 5.91880662825301E-4 -0.001387573372962597 -6.928225028771493E-4 5.558213761952999E-4 1.395977680374938E-4 
0.8792638924431282 3.074923626638129E-4 -2.3774759565949331E-4 0.003013152214441878 0.0014202888795243635 6.135867985038529E-4 -0.0013476423061851203 -6.974711364698767E-4 5.38552186515391E-4 2.161092537851194E-4 
0.44708977401591027 2.89707151092173E-4 -2.551673771750926E-4 0.0029107542231576336 0.0013003040845872575 -7.480265040120818E-5 -0.0013790401209353245 -6.462826532460804E-4 5.537876628993181E-4 2.2017212617708688E-4 
0.2421965639320901 1.2934659838752558E-4 -3.680440204109348E-4 0.00297815110018973 0.0013214657504882622 -1.4096165036508643E-4 -0.0013861647494197585 -4.002589269616937E-4 5.408587583722564E-4 1.851044496273727E-4 
0.860302824860503 2.6437654518647683E-4 -2.3774759565949331E-4 0.003013152214441878 0.0014202888795243635 6.135867985038529E-4 -0.0013476423061851203 -6.958475927082666E-4 5.744930840930722E-4 2.4033210260433744E-4 
0.4703718563404017 1.4114098279263844E-4 -2.488158769639655E-4 0.002935590998444543 0.0014336784098109403 -3.728731440506177E-5 -0.0013804103577816859 -6.843510472602118E-4 0.0024523723666701105 2.148945236781465E-4 
0.4150871904653663 2.1554194009600463E-5 -2.0634588313210128E-4 0.0029362699427015943 0.0011842611227297903 6.071724208179547E-4 -0.0013569836457074309 -4.0135378844685974E-4 5.538801757021577E-4 2.389672429555631E-4 
0.08143237947754406 2.3736773459539595E-4 -2.4876660740399915E-4 -8.940747082025657E-4 0.0013246330138741997 3.5301906680484225E-6 -0.0014871162441406566 -6.190068528607016E-4 5.358621393242338E-4 2.1641989871230705E-4 
0.07238470597605615 1.562675243463272E-4 -4.759916202346197E-4 0.003021016693791948 0.0011803290307714031 -8.854425245537559E-5 -0.0013867067241998402 -3.917739834945212E-4 6.117105428270037E-4 2.2958823383751676E-4 
0.36179722503001543 5.528747947249032E-5 -4.828145659622839E-4 0.002937317030871284 0.0011869070466120023 6.354788215532594E-4 -0.0013439778266902697 -6.768825379691726E-4 6.390383748552755E-4 2.1585414019431988E-4 
0.9465424900057714 1.613811077828825E-5 -5.272089072260293E-4 0.0029781537320947753 0.0011752954874584675 -6.45423643316457E-5 -0.0013567965954356122 -9.695724728736911E-4 6.017052495546965E-4 2.2106064383517254E-4 
0.6797183491679744 1.569337982536214E-4 -3.906711571229913E-4 0.002939384551250395 0.0012914146808016877 5.881394075817085E-4 -0.0014430201399726942 -6.747265330416123E-4 6.114748441031322E-4 1.0117892437746067E-4 
0.15113309139674577 5.793973017887393E-5 -3.779348754068142E-4 -5.414018006542878E-4 0.0013828520637880805 6.15245257645045E-4 -0.0013845154472800106 -6.710929301290767E-4 6.143397979705633E-4 2.394163014451393E-4 
0.9037509799754048 1.5625961687551704E-4 -5.087472230489851E-4 0.0030377334102457743 0.0011871245812267509 -5.1876897960847514E-5 -0.001460553840594148 -9.821692561973773E-4 6.780772599924694E-4 1.6789666517913454E-4 
0.14100281935545278 1.413966220357831E-4 -3.9085399468609573E-4 0.003057850738902263 0.0013188500924448882 -4.1573596222214195E-5 -0.001440613961155511 -6.677869203816394E-4 6.07794837605221E-4 7.304447606734784E-4 
0.382496760750884 1.8969475792941301E-4 -1.9212954321667393E-4 0.002936285150057654 0.0011840119502980096 -6.79585511116013E-5 -0.0013801715089016933 -3.8769598887731897E-4 5.548428453632829E-4 2.268099625442238E-4 
0.5641429971486278 2.3042305076431498E-4 -5.078157477806953E-4 -5.798421911713124E-4 0.0011788944603905482 7.0519159360431E-4 -0.0015129247435071867 -0.001014067250386308 6.111693964965136E-4 1.381284746719049E-4 
0.3968861925743299 2.8771304088957383E-4 -4.662999773866598E-4 0.003037823911573226 0.0011826792132654692 6.529065813334364E-4 -0.0013455274107968898 -5.908055800170227E-4 5.696162540596916E-4 2.291585641237275E-4 
0.9753149612122871 1.8446211134219678E-4 -5.089074199252963E-4 -6.224940585195732E-4 0.0012071815274711452 6.524993068874841E-4 -0.00134932703767575 -6.77808648240606E-4 6.783853918625236E-4 1.7536432381695923E-4 
0.7659232635164384 1.9571828953302041E-4 -2.4114452403395465E-4 0.00374997173713481 0.001406338320668953 7.072021513109331E-4 -0.001386554359463139 -3.955448183323321E-4 6.135948583567932E-4 1.0112910136469886E-4 
0.02465543126372205 1.5625961687551704E-4 -2.4114452403395465E-4 0.0029258945368086744 0.0011805492004659803 6.562800397166622E-4 -0.0015158135968869589 -3.955448183323321E-4 6.115018747504781E-4 1.0112910136469886E-4 
0.5925970462898318 3.207235018765338E-4 -2.40327471452661E-4 0.002925962270341398 0.0011673525555562637 6.598871418075896E-4 -0.001445198388912837 -3.9594459255048266E-4 6.184543918318459E-4 7.330851481357378E-5 
0.5486504514619626 2.888451931656107E-4 -5.124561753425972E-4 -5.798421911713124E-4 0.0011788944603905482 6.161278253007883E-4 -0.0015167201210576587 -9.658663047915988E-4 5.712699044051476E-4 2.593941176446502E-4 
0.2680625677423683 2.760481571184962E-4 -2.6005312965998934E-4 0.003034991559143004 0.0011558454120998388 6.02905983973074E-4 -0.0013878803495344688 -6.20424490017749E-4 7.280077002769272E-4 2.0984575751638684E-4 
0.5806926556775006 3.205727590692191E-4 -2.0279697998442086E-4 0.003444907279949214 0.001318153143504595 6.598871418075896E-4 -0.001445198388912837 -3.7794209934413153E-4 5.532503993972382E-4 7.656136412142515E-4 
0.0641877961627908 2.2476553213342273E-4 -4.4967249791224255E-4 0.0029090213357365812 0.0013160218127149204 6.673753303293746E-4 -0.001441018386218755 -0.0010161059532519266 6.095815331198061E-4 1.3377720019669724E-4 
0.0024474292463232006 1.597946163905433E-4 -4.6867469231901806E-4 0.003046710676665334 0.001303833375583052 -9.827276353428103E-5 -0.0014427731088735725 -6.216738960846181E-4 6.699249963989875E-4 2.656270782841466E-4 
0.49507082755653276 -6.711439468412281E-5 -2.3267915665619465E-4 0.0030340184123780404 0.0011621990050784952 7.082413381218046E-4 -0.0014047106580318634 -6.927836389614905E-4 7.442540876842604E-4 2.673537361487251E-4 
0.18003069200332616 1.3176497113152037E-4 -5.317587351108058E-4 0.002977860416441064 0.0013160258959449655 -7.524354955508466E-5 -0.0014039925707005259 -6.34038749900268E-4 7.444661802578105E-4 2.396749989139572E-4 
0.6596878496015778 2.854487541660505E-4 -4.7971259126440276E-4 0.003037930358601131 0.0011976617594449384 6.355397100138324E-4 -0.001448010512833272 -6.151684164251549E-4 5.659923643421742E-4 2.5501292758899145E-4 
0.28291096313955094 3.597412441360705E-5 -2.273093132382785E-4 0.002978687740242189 0.0011869070466120023 6.631708056708929E-4 -0.0014755811675251685 -6.217331240493741E-4 6.39871920749891E-4 2.165946458584861E-4 
0.6405241173877952 1.0188493492536792E-4 -3.764325165476597E-4 -4.994580973995228E-4 0.0011923136706707804 5.941528943543576E-4 -0.0013845154472800106 -3.7951735345258914E-4 6.143397979705633E-4 2.5347083058628237E-4 
0.009700937383297373 2.546970185179505E-4 -2.4109072154464536E-4 0.00297815110018973 0.0011869410175106001 -6.665824535679482E-5 -0.0013899247489665644 -6.150009937691368E-4 6.125044670019953E-4 2.6407762829872846E-4 
0.3124918116690991 3.0701723201352507E-4 -2.3556815439210746E-4 0.002935209623504246 0.0013144644197683624 -6.733548735348094E-5 -0.0014580893326732111 -4.083788855575039E-4 6.017052495546965E-4 2.198323009827869E-4 
0.5071179119318636 -6.711439468412281E-5 -2.3651901423023334E-4 0.0030340184123780404 0.0011621423116283665 7.123361871866714E-4 -0.0014047106580318634 -6.927836389614905E-4 7.442540876842604E-4 1.4222639016365498E-4 
0.013753816056804091 2.3811628719342076E-4 -4.7564440627817327E-4 0.0030365563935002863 0.0012993665004209607 -9.178997904445206E-5 -0.0013753451069010675 -9.736394244904361E-4 6.41340758969891E-4 1.3573917306859365E-4 
0.10215739082096104 3.0818442973997844E-4 -2.449279471969005E-4 -5.871861581936719E-4 0.0012102810509250692 -6.817435003357183E-5 -0.00138357731506901 -6.7803169069158E-4 5.384091097290283E-4 1.7559868827396582E-4 
0.22557889370463746 2.23466834309383E-5 -4.654321294414181E-4 0.0030452175046226347 0.0011697167634665189 6.128845115830944E-4 -0.001380679684103247 -3.8843130153197203E-4 6.08594833471879E-4 2.4096972637171124E-4 
0.194254375643708 1.9531439229595845E-4 -2.175592712991983E-4 0.0030426552711695105 0.0014149973816824726 6.844334892729988E-4 -0.0013891534128865751 -6.619661405451247E-4 7.263808702568411E-4 2.2055907037273704E-4 
0.3232219853626165 2.8045381267116615E-4 -3.925431250979158E-4 0.002977392534205826 0.001317974778328587 6.078742843098564E-4 -0.0014447521524326421 -6.591101932680195E-4 5.963632123414693E-4 7.571146703268735E-5 
0.006730930067800567 1.7285453856875552E-4 -4.66852130639172E-4 0.002976939983137307 0.001185917486337223 -8.862761910159082E-5 -0.0013772533926781365 -6.784565503114592E-4 7.159962592498754E-4 2.4078751795552047E-4 
0.5402307961474959 2.2817260861045179E-4 -2.576076763082414E-4 0.0030684302937087743 0.0013210731627325504 -5.0954810559328614E-5 -0.0014844773065398082 -6.49639602789984E-4 5.541377844152408E-4 2.1641989871230705E-4 
0.333019687120653 1.2974175565466062E-4 -3.680440204109348E-4 0.0029781518177119347 0.0013196340299950677 -1.4096165036508643E-4 -0.0013861647494197585 -4.1775530228285404E-4 5.408587583722564E-4 1.851044496273727E-4 
0.049132237135943335 2.854487541660505E-4 -3.869231149977348E-4 0.003037930358601131 0.0011759249537934451 6.355397100138324E-4 -0.0014448568066693717 -6.156881681047668E-4 5.659923643421742E-4 2.406517994242773E-4 
0.004246257893841532 2.546970185179505E-4 -2.4109072154464536E-4 0.002927609845337931 0.0011869410175106001 -6.682411206693108E-5 -0.0013899018210043323 -6.150009937691368E-4 6.181257417662234E-4 2.6407762829872846E-4 
0.2593071035209819 1.8286666772865628E-4 -4.563486534654071E-4 0.0029279521841676813 0.0011808244841541684 -8.353530117317442E-5 -0.001387573372962597 -6.350436611384903E-4 6.181983216084588E-4 1.7677087435465048E-4 
0.30136627755417655 2.8627815374774094E-4 -3.846492575228299E-4 0.002936312355661684 0.0012974495476657504 6.121477367960946E-4 -0.0014052293145867631 -6.927974714018515E-4 5.557338709362924E-4 1.3968477879427375E-4 
0.5193732765060911 0.0014680243014085416 -2.5490491198170855E-4 0.002911266136387299 0.001322016420787484 -7.489816867324139E-5 -0.0015099148259314855 -6.491824473843923E-4 5.537876628993181E-4 1.7485641733503996E-4 
0.5282096076303597 1.85930623956916E-4 -2.576076763082414E-4 0.0030671045456748583 0.0013214665937534684 -3.6211708462785205E-5 -0.0013878246143054758 -6.528825248674248E-4 5.408648392432265E-4 1.8793997083822644E-4 
0.04255031149613281 2.3632100988364184E-4 -4.752374133096336E-4 0.003037351552922671 0.0011815198580005619 -8.576094158878106E-5 -0.001462646116969287 -3.8092114119484547E-4 5.840225435046111E-4 7.074238911622286E-4 
0.8033831306624616 1.9516683678715108E-4 -2.4131845221185745E-4 0.003070764573398598 0.0013217449638382507 6.361962173348603E-4 -0.0015256770969529934 -6.087005481454336E-4 6.689158068383651E-4 7.721831275738565E-4 
0.3434376612012976 3.0023427163722245E-4 -2.175023460339227E-4 0.002977898392367062 0.0013227992654265886 6.568832172803925E-4 -0.0013799695353754016 -6.502396626190154E-4 7.124793331821916E-4 2.1512826390806492E-4 
0.8425303056583952 2.1743356202797684E-4 -2.2602231735573944E-4 0.0037403523680859395 0.0014149915214652364 6.899934143568786E-4 -0.001336346057495936 -0.0010322690191512838 7.468978267443808E-4 2.310309099942424E-4 
0.22981027023252643 1.2934659838752558E-4 -3.789966669755494E-4 0.00297815110018973 0.0013198975590586687 -1.4096165036508643E-4 -0.0013346713564520458 -3.9300382970610125E-4 5.35714878146352E-4 1.8390797889879338E-4 
0.7461118769963215 0.001548172484309082 -3.781806242739855E-4 -8.10757498369783E-4 0.0013161803910796538 5.93484635765235E-4 -0.00152224355644349 -0.0010164639671208623 6.094190544351309E-4 2.3941708116505297E-4 
0.9603506243338424 0.0014920753138695539 -5.078157477806953E-4 -5.798421911713124E-4 0.0011780937121292107 7.0519159360431E-4 -0.0015168332478850506 -9.805067195597257E-4 6.780537694351239E-4 1.6685901726116135E-4 
0.12000959053673904 2.936043612750147E-4 -3.923022269834739E-4 0.0030581914081005464 0.0011809422942219493 -5.7247797733580734E-5 -0.0013853613872924298 -3.999848487825752E-4 7.346776364258712E-4 2.210189664987475E-4 
0.21077805551085746 1.4114098279263844E-4 -2.3199176722103046E-4 0.002935590998444543 0.0014328004689284706 6.487525570646993E-4 -0.0013482068344813118 -6.332942295739444E-4 6.155505117587791E-4 2.148945236781465E-4 
0.9118235233150563 3.0789459699085136E-4 -5.123499625840325E-4 0.0029365539068674854 0.0013144644197683624 -6.733548735348094E-5 -0.0014602066328146738 -4.083788855575039E-4 6.017052495546965E-4 2.2041090761497074E-4 
0.9265101035253027 1.5241683550436182E-4 -3.723420805655544E-4 0.002992104338138866 0.0013162056149432248 6.215367011382575E-4 -0.0013900214239686481 -6.613829143495976E-4 5.688306291178063E-4 2.356524616489036E-4 
0.6062999800406463 1.4114098279263844E-4 -2.488158769639655E-4 0.002935590998444543 0.0014328004689284706 -4.133775674119717E-5 -0.0013804103577816859 -6.843510472602118E-4 6.153771289967767E-4 2.148945236781465E-4 
0.8245074744595295 2.3975786407339302E-4 -4.010302444907547E-4 0.0029797172596703826 0.0012975577555361347 -1.8415252736767067E-4 -0.0013750184453458778 -6.771384833662475E-4 6.42250480051944E-4 2.227690770941072E-4 
0.42923058123756896 1.7323331826591884E-4 -3.764325165476597E-4 -4.994580973995228E-4 0.0013828520637880805 5.943266618388636E-4 -0.0013845154472800106 -3.7951735345258914E-4 6.143397979705633E-4 2.394163014451393E-4 
0.7911299902092574 2.1787759505834277E-4 -3.7761577763493164E-4 0.00303410780123111 0.0013194040429251733 -8.242596993734921E-5 -0.0013488829145581784 -6.462635991933785E-4 5.78483727119847E-4 2.657551148631881E-4 
0.6928792542504859 1.0160780212232157E-4 -3.9436839926212643E-4 0.0030540674481460348 0.0012000262962591562 6.216563904435062E-4 -0.0014423170766576484 -6.449174107419434E-4 5.798391721666847E-4 2.5495177368643095E-4 
8.177764435175275E-4 0.0016331919226326183 -3.775931740130021E-4 0.00301705994663379 0.0013147804568091933 5.93484635765235E-4 -0.0015291652613762835 -6.977319722870376E-4 6.094405672822485E-4 2.24391785832114E-4 
0.6992015282412567 1.3123098363626128E-4 -5.317587351108058E-4 0.00297815110018973 0.0011993671134549924 -1.4199078232133764E-4 -0.0014039925707005259 -6.795848810493843E-4 7.401928152449385E-4 2.3967259680504776E-4 
0.0915661585621988 0.0015980891013957401 -3.775931740130021E-4 -8.10757498369783E-4 0.0013147804568091933 5.93484635765235E-4 -0.0015291652613762835 -6.977319722870376E-4 6.094405672822485E-4 2.24391785832114E-4 
0.17440248254722418 1.5241683550436182E-4 -3.723420805655544E-4 0.002992104338138866 0.0013270962835678138 6.215367011382575E-4 -0.0013881266573716928 -6.981955792395749E-4 6.095430607365773E-4 2.356524616489036E-4 
0.09285822689134685 2.3736773459539595E-4 -2.4876660740399915E-4 -8.966813835458646E-4 0.0013210731627325504 -4.449868249322797E-5 -0.0014871162441406566 -6.190068528607016E-4 5.358992944109139E-4 2.1641989871230705E-4 
0.12841134316299774 4.853945819880502E-5 -4.6348950104453836E-4 0.0029363839941411846 0.001186001375621887 5.836072057956028E-4 -0.0014762550732978182 -6.652331807774272E-4 6.396221988289444E-4 2.404354562046817E-4 
0.1299958417410143 4.853945819880502E-5 -3.7945379408802166E-4 -8.008203422734991E-4 0.001186001375621887 5.836040563816324E-4 -0.0015240551383506624 -6.652331807774272E-4 6.396221988289444E-4 2.404419189105301E-4 
0.42907757127895496 1.6568357041347917E-4 -2.2580695437912396E-4 0.0030209106898690698 0.0011868016010466856 5.971211918486441E-4 -0.0014756815035536215 -3.7219923107511583E-4 6.39871920749891E-4 1.3606513136910797E-4 
0.022605910244051508 3.2637486704580206E-4 -2.3578617192929964E-4 0.002911266136387299 0.001167092875127453 6.596781700982632E-4 -0.0014458025231305148 -4.0574564451632686E-4 5.540774931861844E-4 1.7478692509606948E-4 
0.7770405282733943 1.0186905488993915E-4 -3.927566167695678E-4 0.002934143459869827 0.001198085349679033 -7.12607337379581E-5 -0.001457987078346637 -6.887609774056272E-4 6.159175136994632E-4 2.5495177368643095E-4 
0.16332062492043614 4.853945819880502E-5 -4.6348950104453836E-4 0.0029363839941411846 0.0011824357840523503 5.836072057956028E-4 -0.0014762550732978182 -0.0010140896108708707 6.396221988289444E-4 2.404354562046817E-4 
0.7374449133295423 1.6217146217649552E-4 -2.4114452403395465E-4 0.003765424872985702 0.001177180565654422 -8.269191401546404E-5 -0.001467000666803159 -6.38407958174902E-4 6.152968653483886E-4 1.0112910136469886E-4 
0.7118677358420943 2.4232487390750515E-5 -2.3737835488561794E-4 0.0029298207002350497 0.0011835267418191945 5.932049349910423E-4 -0.0013861481637738328 -5.902502260013967E-4 7.421667162072669E-4 9.830213597882608E-5 
0.05550596565969951 1.88875145688707E-4 -3.923069837515884E-4 0.0030575811505731032 0.0011808754316029054 6.419913731144894E-4 -0.0014481916586413586 -4.023378210263982E-4 6.094335858048051E-4 2.0608620541993575E-4 
0.6281676353994624 1.4482549331083067E-4 -2.273093132382785E-4 0.0029338884914265066 0.001186001375621887 5.932823877553407E-4 -0.0014762550732978182 -6.645255654629026E-4 6.39871920749891E-4 -0.0011476343903501253 
4.260540225592066E-4 1.8320721724959343E-4 -3.789492503780691E-4 0.0030679372199238705 0.0013214385518903941 6.748455653527277E-4 -0.0013867240848776077 -5.871617106535817E-4 5.55130874082704E-4 1.8752292466701594E-4 
0.6537239820962922 1.0186905488993915E-4 -4.797171980572466E-4 0.0030540674481460348 0.001198085349679033 6.214660412086234E-4 -0.0013416764838214104 -6.87641202309823E-4 6.159175136994632E-4 2.5495177368643095E-4 
0.10913771966643876 0.0016361322307664752 -3.790549202223733E-4 -8.665220605852378E-4 0.0013178003257184596 6.745307690920036E-4 -0.0013865476335460341 -6.234763036708774E-4 5.675722469548917E-4 2.6538711927146804E-4 
0.05757452068690888 2.4739438579778894E-5 -2.0634588313210128E-4 0.002909354854623066 0.0011766994896946705 6.070877305089713E-4 -0.001360085299810909 -4.273942439426297E-4 6.097388655655792E-4 2.389672429555631E-4 
0.839565143259528 2.1743356202797684E-4 -2.2602231735573944E-4 0.0037403523680859395 0.0014149915214652364 6.851977505400028E-4 -0.001336346057495936 -0.0010323221227891155 6.425778057843528E-4 2.307550911761247E-4 
0.38886834908928414 1.8969475792941301E-4 -2.371134851911331E-4 0.0029359272311096983 0.0014200949214216853 -6.79585511116013E-5 -0.0013801715089016933 -3.8769598887731897E-4 5.558762773858819E-4 2.268099625442238E-4 
0.1662852014644406 4.853945819880502E-5 -4.6348950104453836E-4 0.0029363839941411846 0.0011824357840523503 5.884028696124786E-4 -0.0014762550732978182 -0.001014036507233039 7.439422197889723E-4 2.4071127502279938E-4 
0.6265148342839633 5.038998232643425E-5 -2.273093132382785E-4 0.0029338884914265066 0.001186001375621887 6.114524683698355E-4 -0.0014762550732978182 -6.645255654629026E-4 6.39871920749891E-4 1.3606513136910797E-4 
0.018154256642715 1.7280256605235812E-4 -2.3720684694198544E-4 0.002977898392367062 0.00117116097336955 -1.381519457254288E-4 -0.0013772533926781365 -6.830473338319934E-4 7.146598395252638E-4 2.4085531512594676E-4 
0.48180620664214774 1.8585566428036202E-4 -3.809011833350869E-4 0.0029667280118065792 0.0012080283343958527 -1.1173352500279572E-4 -0.001344414342300257 -6.330461213788934E-4 6.025800625160653E-4 1.7563579534186517E-4 
0.9661583864748148 1.8897540807886202E-4 -3.973752592041282E-4 -6.007811147583639E-4 0.001208137751841375 6.524993068874841E-4 -0.0015198215729251012 -6.852480857267298E-4 5.993978407259045E-4 1.7536432381695923E-4 
0.2041964921011158 1.8320721724959343E-4 -3.789492503780691E-4 0.0030330596646342607 0.0013214385518903941 6.641513439623713E-4 -0.0013867240848776077 -5.871617106535817E-4 5.398452508992664E-4 1.8752292466701594E-4 
0.11504212278055129 1.333844950391675E-4 -3.9409103840171367E-4 0.0030568235497785883 0.0011815198580005619 7.080803202833062E-4 -0.0014637945311337895 -4.006229226329258E-4 5.901722395260163E-4 2.494049794689949E-4 
0.6128825859292608 2.2815961847392214E-4 -3.7442707907474354E-4 0.0030344189925469397 0.0013194040429251733 -8.242596993734921E-5 -0.0014286304775736449 -6.793902790301203E-4 5.786999411562982E-4 2.563424972846081E-4 
0.4811616806953579 2.8058380906599095E-4 -4.7868549985543164E-4 0.0029667841991598705 0.0013001125218871914 6.539641554839687E-4 -0.0014389458876846186 -6.325086668627403E-4 5.724234209661753E-4 2.612900061562385E-4 
0.01736323602359577 1.7393005890147973E-4 -2.412728611840241E-4 0.002978156642386114 0.0011802869299438745 5.921689431289889E-4 -0.0013773438743718616 -6.150009937691368E-4 6.125044670019953E-4 2.6441892862865785E-4 
0.2938029362336866 2.862473495162528E-4 -5.128225666540633E-4 0.002936312355661684 0.0011789160716057625 6.123513335561285E-4 -0.0014052293145867631 -0.0010122276315180875 5.610712225443678E-4 2.722149263976551E-4 
0.8144627985435487 4.2815970416479543E-5 -2.4125327330536185E-4 0.003418354113086016 0.001318153143504595 6.598240003538348E-4 -0.001446217663334373 -3.7794209934413153E-4 6.115927021093782E-4 7.656136412142515E-4 
