0.9999857900080227 0.001386905282926217 0.0017179522411274743 1.938110488145688E-4 7.72438797626037E-5 -0.0019179922547742385 -1.4451469232192564E-4 -2.2723448741293216E-4 1.7244823704045133E-4 1.9174840520851772E-4 
2.0625225248986367E-17 0.0013751556265568555 0.0017218105746388762 2.2528421420443391E-4 9.60478691265944E-5 -0.0018982480954688311 -1.4357529288067485E-4 -2.0575902527819094E-4 1.553595931487658E-4 2.755935953955381E-4 
0.15535362213245635 -0.001617859664069041 0.0016015497344769967 1.5403804801503623E-4 2.660438471604072E-5 -0.001900256956843777 -1.450089277332874E-4 3.094820980535124E-4 1.6909687690849158E-4 2.95420650574221E-4 
0.38645529824751923 0.0018182164096314157 0.0017149975017325101 2.8693869297740824E-4 2.7571685006294442E-5 -0.001860088223317316 -1.484263786239E-4 -3.095120444115448E-4 1.8895722473256411E-4 1.3307035424157227E-4 
0.6971272721001422 0.001275177807336161 0.0015984659071692996 2.13468740558584E-4 1.6235770234038522E-4 -0.0018943472550842578 -1.4409013886345785E-4 -2.8990104690787116E-4 1.9078502531044063E-4 1.3578334788111207E-4 
0.4356733147205748 -0.0016178387258362098 0.001791300761588456 1.5619654804017313E-4 1.717260388173097E-4 -0.001859052592066437 -1.48435745824723E-4 -3.8628029630231403E-4 1.6216030141574765E-4 2.605950139613465E-4 
0.05988905163926583 -0.0014064773793539549 0.0017132514677067022 2.816562365481789E-4 6.839749264964185E-5 -0.0018618218755326067 -1.480804818956637E-4 -2.831449206679055E-4 1.568837864003285E-4 2.4285673546818007E-4 
0.04841842938010266 -0.0016437942472411345 0.0016309762781570067 1.7765424784478912E-4 1.30811918925488E-5 -0.0018821445177740555 -1.5579228567089715E-4 -2.901422832649476E-4 1.9018640393220708E-4 2.2186944062637528E-4 
0.8946435892836306 -0.0016338733770847043 0.0017986148680939188 2.1925839666737913E-4 1.0598679560230861E-4 -0.0019188028191016542 -1.5163754634672525E-4 -2.7640258731860166E-4 8.935022552877903E-5 2.8862901479672395E-4 
0.02874792591970229 -0.0015554809046990552 0.0016109194085869168 1.778919491730927E-4 6.973820890514694E-5 -0.0018781377658656936 -1.4897940589004213E-4 -2.4171879746667565E-4 1.8168376638682835E-4 8.660653892965617E-4 
0.4524674350376723 -0.0015641979345640716 0.001628517847050945 1.887387596777288E-4 1.3966298791757708E-5 -0.001882463784633788 -1.493241570063064E-4 2.508405640159727E-4 1.7301853091166556E-4 3.5884041107355033E-4 
0.04202249886834583 -0.0015959959282095535 0.0016097962646200099 1.6793372002151902E-4 1.1154529058546619E-4 -0.0019013943940831626 -1.1358346398265536E-4 -2.5192457554848105E-4 1.9104602208136397E-4 1.7265837088469358E-4 
0.3617987306326513 -0.0015664992732292674 0.0017855286305561058 1.6985908549742364E-4 2.6913964660175665E-5 -0.0018736069573630837 -1.1460763402250088E-4 -2.9941172270018797E-4 1.58148418815709E-4 1.8965029862241618E-4 
0.1731153738985112 -0.0015189499614419832 0.001703497232946148 1.5596077812537847E-4 9.141001035405125E-4 -0.0019184716001266968 -1.434470254985779E-4 2.814663963012066E-4 2.0477856416368262E-4 9.210564140363839E-4 
0.011072908024690825 -0.0016981991739570647 0.0016203989376853294 2.3477690760340103E-4 1.3740937481767184E-5 -0.0018688535068749521 -1.042490914183611E-4 2.2597962265552803E-4 1.300631445020332E-4 2.2589263102205215E-4 
0.48895916249693283 -0.001700962672359692 0.0017132287402181366 2.1255904245892399E-4 1.1961584366717692E-4 -0.0018691677565425178 -1.4824547691064387E-4 3.6272170200730313E-4 1.7296679662417782E-4 2.2748396649028933E-4 
0.019578240564380456 0.0014968045344021705 0.00160876050327809 2.4129387033448955E-4 6.592907464802386E-5 -0.0018575606837497676 -1.5024194861360882E-4 -2.7195124238540915E-4 1.983594792314532E-4 2.800944648376956E-4 
0.1387618968742112 -0.0016150722950912764 0.0017212037610688487 6.831537240416661E-4 9.113854151657718E-4 -0.0018780006755052471 -1.5070848089808E-4 2.4773946600353813E-4 1.6470568810699095E-4 2.636676738126152E-4 
0.4187863235423114 -0.001602011927542073 0.0017045933959093412 1.8896479220597567E-4 2.2192017077699253E-4 -0.0019122095439553612 -1.0394365018614511E-4 2.2680651339935463E-4 1.6935368174966455E-4 2.0165078131900244E-4 
0.5050885490803285 -0.0014022354419786158 0.0017987889814293308 2.8102938702180775E-4 9.3995297813552E-4 -0.0019206807415409926 -1.0398185217522621E-4 2.8431974408665373E-4 1.7350346543319013E-4 2.5735570301081457E-4 
0.5458359350542414 -0.001555301432136782 0.0016130281714659023 2.836463501380176E-4 1.5440666701940743E-4 -0.001928187266156155 -1.4584941714569137E-4 2.891821371000496E-4 1.910531171836435E-4 8.569771741839807E-4 
0.3423780056554738 0.001890835846385355 0.0017182878159842558 2.1171965700914264E-4 1.173867855118221E-4 -0.00193099537229323 -1.1361997166560942E-4 3.0239478323739876E-4 1.7003235647697384E-4 2.815236518637809E-4 
0.033398630546316366 -0.0016158427046703407 0.0017039211360422514 2.7504163740108136E-4 1.1407586306516794E-4 -0.0018784897450957174 -1.4353969521131344E-4 -3.18375383052216E-4 1.553476987459425E-4 3.28313741249432E-4 
0.6245695419244028 -0.0014128626325756823 0.0017225400116169531 2.123146491075477E-4 8.93699355918993E-4 -0.0018983853432610652 -1.4298590528998947E-4 2.621446062055071E-4 1.9829076805665577E-4 1.8971193482992664E-4 
0.12844957639305213 -0.0015184296559675491 0.0017190227665872524 1.5596918431307134E-4 6.830270117544123E-5 -0.0019184716001266968 -1.0453231523459188E-4 -2.4849436606665944E-4 2.0477856416368262E-4 1.7669605869199148E-4 
0.3171387951303396 -0.001596893452276616 0.0017223480356544849 2.83886741222143E-4 1.0978949527368464E-4 -0.0018970984149571418 -1.0234503208130121E-4 -2.2827281733462168E-4 1.7117094828504546E-4 1.9087781701647715E-4 
0.2586252644783312 -0.0016021420533035016 0.0017189722241210254 2.137635877971807E-4 1.434825709659896E-4 -0.001897775758210076 -1.4405203945308637E-4 2.2650311496375726E-4 1.7292410540073542E-4 2.0624815497751804E-4 
0.9173639562933542 -0.0012913662005520977 0.0016025668722645212 1.9510602905644894E-4 2.159731317113513E-4 -0.0018945080604687108 -1.1461025816080911E-4 -3.11270399597384E-4 1.8784694381143583E-4 1.9396680072530375E-4 
0.9449417489267324 0.0017077485803988896 0.0017132047835282634 1.7656357813861182E-4 3.064934401590539E-5 -0.0018931159943175624 0.004257937287876122 -2.805645706293398E-4 1.8793167127383436E-4 2.741831229732459E-4 
0.2699231870928805 -0.0014135229320330154 0.0016083300256215223 2.810752836311657E-4 7.026984470646449E-5 -0.0018622592022815427 -1.4895448347691876E-4 2.699368209283335E-4 1.665584981238034E-4 2.410191099912253E-4 
0.001311932782674885 -0.0016158241354734004 0.0017031858246206331 2.8109845216715205E-4 1.3853638161976128E-5 -0.0019004672235058064 -1.435527015144965E-4 -3.18375383052216E-4 1.6869845038770375E-4 2.292283090688595E-4 
0.6736800873896118 0.001396218104922646 0.0017190227665872524 1.5614474283835058E-4 9.832012987419318E-4 -0.0019184716001266968 -1.0453231523459188E-4 -2.4849436606665944E-4 1.5540055699001296E-4 1.7669605869199148E-4 
0.06754412794324582 -0.0015939218537222295 0.001609842428782401 1.5352715966025847E-4 2.3162101472083376E-4 -0.001862317754023874 -1.0415700741793141E-4 -3.883245943286318E-4 1.8441682577370768E-4 2.0118169953056705E-4 
0.8372537086242605 -0.0015970595719555273 0.0015965574899634663 1.5586563676506127E-4 5.450814682619382E-5 -0.0018617850360297763 -1.520611275212308E-4 2.606641732324197E-4 1.6909659473868664E-4 1.3931105899534537E-4 
0.7841237475328336 -0.0016424367563285557 0.0015971164396363568 1.7836867506064956E-4 1.0477280993431683E-4 -0.0018822938835135986 -1.5593517833889427E-4 1.696169656814745E-4 1.7874566694438702E-4 2.1635354582503198E-4 
0.8721388142206453 -0.001403669602372462 0.0017991956677726433 2.1656389301933672E-4 1.0598679560230861E-4 -0.0019188866995040064 -1.5163754634672525E-4 -2.819789399584597E-4 1.7329201414613676E-4 2.495022227506571E-4 
0.07493626331048138 -0.0016212184674291676 0.0015999834625863893 1.9369171764293053E-4 8.998339303089881E-6 -0.0019332656671980522 -1.0655641193176813E-4 -2.2892015760842015E-4 1.8275108146308404E-4 3.562505710718491E-4 
0.006944253439608861 0.0018282584057766177 0.0017187710184513644 1.9357157399841295E-4 1.5350799924533705E-4 -0.0019691648650149315 -1.5236845423166555E-4 -2.4804996576054805E-4 1.7042219463189493E-4 2.269436978955199E-4 
0.2331077501172082 0.0016871215835133199 0.0015992225983062212 2.2743108045740338E-4 7.889052643390558E-5 -0.0018599907865252292 -1.5050753657278788E-4 -2.5072504731707055E-4 1.3108841355253091E-4 1.3693421719919747E-4 
0.08249895965013504 -0.00163244820007987 0.0017146621133709938 1.7799284991048205E-4 6.785422147934855E-5 -0.0018597326848073985 -1.4906238205185748E-4 3.163728415294681E-4 2.0386801918331705E-4 2.728086976064057E-4 
0.28133977379817343 0.0013766845990053368 0.0017223480356544849 2.2553188697066587E-4 7.726513149553584E-5 -0.0018970984149571418 -1.5574148363461062E-4 -2.0519744197492403E-4 1.718921292723383E-4 1.946429345535289E-4 
0.10432221182301293 0.0014609034184223692 0.0017084783651133636 1.8896479220597567E-4 -5.2644734654487383E-5 -0.0019119846398722978 -1.5070958536482298E-4 -2.998186867791591E-4 1.9083236124313425E-4 1.0557364994343323E-4 
0.3051287882639837 -0.0014130493237053702 0.0017193165866633258 1.6974791299212782E-4 7.516935307658048E-5 -0.0019184278926447768 -1.5020754540705821E-4 -2.4492711046145594E-4 1.642822572163177E-4 2.215908276514266E-4 
0.661038146095715 0.0012821995608103252 0.0017146621133709938 1.7816840843576132E-4 8.424070833600473E-6 -0.0018597326848073985 -1.4906238205185748E-4 3.163728415294681E-4 1.544900120096474E-4 2.728086976064057E-4 
0.4673235647821168 -0.0016168951105684716 0.0017233027137927065 1.6352735541674986E-4 1.314474237003286E-5 -0.0018763034604547199 -1.5571885157788788E-4 -2.326449312716909E-4 1.6377127744285832E-4 1.902044722161588E-4 
0.11325491755213797 -0.0016162821332913713 0.0016136871313155374 1.9469656608883028E-4 2.1190953586749584E-4 -0.0019122036006300632 -1.1461025816080911E-4 2.420365902311246E-4 1.68780519012118E-4 1.9396680072530375E-4 
0.003044092798242193 -0.0015969714074365333 0.0016025848610068357 2.8519592837736383E-4 1.541130369744674E-4 -0.001930073867983454 -1.503998571110365E-4 -2.83427742128929E-4 9.033632372769734E-5 2.269436978955199E-4 
0.4745457596835899 -0.0016175286874719396 0.0016002465161049971 1.5969521756783198E-4 6.830330994921384E-5 -0.0018605363878972444 -1.5211345504611515E-4 -3.0503104629805484E-4 1.6408627895064508E-4 1.8457258006550882E-4 
1.7890777972423555E-4 -0.0016158241354734004 0.0017031858246206331 2.8048674394295085E-4 1.3853638161976128E-5 -0.0019193615755536235 -1.5166743906882505E-4 -3.182933808131847E-4 8.873559997242981E-5 2.3135052129209346E-4 
0.6044701073272585 -0.0016182728275083032 0.0015959977316304668 1.9439457958660185E-4 1.0669438133258219E-4 -0.0018615234032952953 -1.5593517833889427E-4 1.9167826455772819E-4 1.7874566694438702E-4 2.1611827924105596E-4 
0.3996806968053044 -0.0016120890238724161 0.0016131439070036012 2.2301938396760833E-4 2.073274968020665E-4 -0.001917684571663534 -1.0768560810700161E-4 -2.4916433681809204E-4 -0.0013902465310498245 9.540923364292409E-4 
0.35742023023274816 0.001683937371197102 0.0016167177548331722 1.5992281963001943E-4 1.3917165711265592E-5 -0.001882508889617157 -1.5034149861608152E-4 -2.3217928139663833E-4 1.7495450658968576E-4 2.3964990048832663E-4 
0.5349254199936246 0.0018921175131077412 0.001801382594672567 2.0969833973456017E-4 1.5342085996044455E-4 -0.0018935087937983696 -1.4055915086902927E-4 2.954712664878393E-4 1.6055595982583928E-4 1.347832739602788E-4 
0.1880037978150111 -0.0016466524146733063 0.0016026424515270118 1.9461773670672325E-4 2.1258890843147926E-4 -0.0019140203034199049 -1.479686383390031E-4 -3.0101674175531226E-4 1.889206442102587E-4 1.9396680072530375E-4 
0.9639032993466816 -0.0015975765542641507 0.0017149918339398641 1.9251300160518062E-4 1.1183763974517558E-4 -0.0018600101195091437 -1.505171778990776E-4 -3.025863697003467E-4 1.3047778320630338E-4 1.870262316082889E-4 
0.4066746526716689 -0.0015583061368829307 0.0017953044119723737 2.83886741222143E-4 1.1796772449274698E-4 -0.0018965966943445768 -1.4888910741588278E-4 -2.4858773902521655E-4 1.9104964712308065E-4 2.0801021438643326E-4 
0.9098766670936717 -0.0015921052646420601 0.001756135260804039 2.8203269801987035E-4 2.1651399236285934E-5 -0.001862300791428822 -1.1338441079179081E-4 -2.5134979634125585E-4 1.6651812210864982E-4 1.6907509186203998E-4 
0.08992289253575435 -0.0016162821332913713 0.0016025668722645212 1.9433746706829113E-4 2.1187902717313478E-4 -0.001871943313480808 -1.1461025816080911E-4 -3.11270399597384E-4 1.889206442102587E-4 1.9396680072530375E-4 
0.5766909168930104 -0.001602738551861014 0.0015965227919457411 2.2326737173144223E-4 1.1074397669324166E-4 -0.001857615441522377 -1.5578312457614898E-4 2.3547648001856264E-4 1.6945691732432914E-4 8.652125948056168E-4 
0.6429328370549652 -0.0012831549664553573 0.0015976207269247124 1.802317593337596E-4 1.1974829306437184E-4 -0.0022257687079659276 -1.5565290285562825E-4 -2.9877320325417316E-4 1.9865866158491987E-4 1.3577479746444815E-4 
0.9772322000166533 0.0014927657312308138 0.0016019894326639225 1.8921165946678942E-4 -4.113500957691468E-5 -0.0019021010134686077 -1.4528787499188645E-4 -2.488504046849481E-4 1.9835887943238167E-4 1.0614105457568388E-4 
0.21752773760490624 -0.001555301432136782 0.0016130281714659023 2.7929054415851747E-4 2.148290861668977E-4 -0.001928187266156155 -1.4584941714569137E-4 -2.3259548719199548E-4 1.910531171836435E-4 8.543233668146246E-4 
0.8227585151569166 -0.001617859664069041 0.0016014240015453061 1.9424360399256164E-4 1.532857282389365E-5 -0.001900256956843777 -1.4500429722672463E-4 2.2825300751788853E-4 1.6909687690849158E-4 2.95420650574221E-4 
0.9864969001444667 0.0013919061583854526 0.001592178862308924 2.2768261236155593E-4 7.721750830664464E-5 -0.0018620039689989777 -1.48440674085638E-4 -2.8663934726450604E-4 1.754537892154229E-4 2.027103589441335E-4 
0.8152118348116777 -0.0016179253097926834 0.001589989174758969 2.137635877971807E-4 1.1684098815478563E-4 -0.00189775016044956 -1.4405203945308637E-4 2.2650311496375726E-4 1.7292410540073542E-4 2.0624815497751804E-4 
0.564364713979191 0.00116350804922125 0.0015984659071692996 2.13468740558584E-4 1.629258862067161E-4 -0.0018958110627670674 -1.4413058447149962E-4 -2.3800936536708762E-4 1.9017190563311399E-4 2.3907692101637838E-4 
0.1788881291806831 -0.0015642090586423937 0.0015992225983062212 2.2561434992549286E-4 1.0703702713515686E-4 -0.001927259472870203 -1.4828971429195275E-4 -2.3516494483665938E-4 1.8848164156395084E-4 2.2726055324151642E-4 
0.5187453952733819 0.0014696051109274995 0.0017918337662016428 2.3147971123867392E-4 2.3170738837194224E-4 -0.0019132157740677246 -1.4414908823440022E-4 2.8331576185445373E-4 1.820604250577819E-4 2.718829052599855E-4 
0.19560827576551718 -0.0016022930329267296 0.0017045933959093412 1.889331315125294E-4 2.2192017077699253E-4 -0.0019122095439553612 -1.0596780803243951E-4 2.1795177259010008E-4 1.6935368174966455E-4 2.016030303383278E-4 
0.7696730567253335 0.0016066487528202601 0.0017824512950866006 1.1086434455571226E-4 1.1177110195177777E-4 -0.0018997567525090298 -1.4844181017223323E-4 1.9989897357155977E-4 1.6709556465269174E-4 2.629132294155284E-4 
0.6134853508946703 -0.0016181665572776328 0.0015965227919457411 1.9354692872176766E-4 1.0722147050884771E-5 -0.0018569604794784434 -1.5659888991508607E-4 -2.293861892971886E-4 1.6945691732432914E-4 3.4039165223264094E-4 
0.2230220504049674 -0.001555301432136782 0.0016130281714659023 2.2518047050498985E-4 2.148290861668977E-4 -0.0019293037527282927 -1.5581692606584724E-4 -2.4193389237937656E-4 1.704984850868309E-4 8.543233668146246E-4 
0.7387644858624708 -0.0016394969647038013 0.0016165946835621284 1.9370067682420334E-4 1.3246927196206994E-5 -0.0019332656671980522 -1.520836761529221E-4 -2.2504688147862586E-4 1.575297384351035E-4 3.577321292797588E-4 
0.0048941131944871975 -0.001596488002799326 0.0017039211360422514 2.856507588028913E-4 1.1533572413893801E-4 -0.0018784897450957174 -1.4353969521131344E-4 -2.835122697851161E-4 1.553476987459425E-4 3.28313741249432E-4 
0.2471454004574306 -0.0015645248927751636 0.001722426282717743 1.9241439495406112E-4 1.5436584303103916E-4 -0.001967340999762297 -1.622078501912002E-4 2.511723409853899E-4 1.8856950766482137E-4 2.2664550611493377E-4 
0.0157522498410555 -0.0016268044756276043 0.00160876050327809 2.4129387033448955E-4 6.592907464802386E-5 -0.0018575606837497676 -1.5024194861360882E-4 -2.7195124238540915E-4 1.569903274226565E-4 2.800944648376956E-4 
0.645360109849632 -0.0012850239385176123 0.001599575839126514 1.931155586669525E-4 3.152202094495565E-5 -0.0019121790095085929 -1.491249584114369E-4 -2.2512175294648275E-4 1.9865866158491987E-4 1.3692023769312905E-4 
0.5910940754117932 0.001452889716157284 0.0016130281714659023 2.1129051318084154E-4 2.7320038139310197E-4 -0.001928777702567312 -1.5547562763698768E-4 2.838314628620582E-4 1.910531171836435E-4 2.760022739512067E-4 
0.20660510648606562 -0.0015302901749972798 0.0017853658959040772 9.970828074841475E-5 1.1237318383942977E-4 -0.0019000550254036745 -1.4589243033444799E-4 -2.3943521679159658E-4 1.6673769260299958E-4 8.188596475217601E-4 
0.8006771741553533 0.0012606198934882922 0.001597230695987758 2.25617436120477E-4 1.1082171030101244E-4 -0.0018957777288366433 -1.4406284859182274E-4 -2.3449262450518416E-4 1.6907392764534666E-4 2.0724915521127028E-4 
0.24317267616650717 -0.0016463139793783687 0.0015992225983062212 2.2548062913793176E-4 1.1157087695276896E-4 -0.0019280885398115 -1.48440674085638E-4 -2.3671605464419785E-4 1.9080657549326073E-4 2.481791404006248E-4 
0.8510317398359468 0.0014696051109274995 0.0017889670303139309 2.31461416373622E-4 2.3045348507926702E-4 -0.0019135043490285794 -1.557303510270944E-4 2.838046443861076E-4 1.820604250577819E-4 2.708136726549413E-4 
0.8667112281998076 -0.0014482148004757714 0.0016021500190101959 2.1171965700914264E-4 1.1697849917175607E-4 -0.00193099537229323 -1.1361997166560942E-4 3.0239478323739876E-4 1.7070991052118585E-4 2.726934355370828E-4 
0.5242782405224458 -0.0015640228978571057 0.0016133650011503113 1.4881497121005508E-4 1.5125269006673834E-4 -0.001900256956843777 -1.439710835767408E-4 2.2791357768878065E-4 1.6871610570029464E-4 2.6646105414387207E-4 
0.7972199380352776 -0.0015206229981478182 0.0017231863592401962 2.7608717467421785E-4 1.4264760507729638E-5 -0.001914042517862253 -1.449812127067753E-4 -2.4851857588708366E-4 1.6843386129467865E-4 2.9229215214579703E-4 
0.7529688158240211 -0.0013559501503887445 0.0015864122997339219 1.9424940693019724E-4 9.249528340192907E-5 -0.0018997567525090298 -1.519177009435062E-4 1.9989897357155977E-4 1.6709556465269174E-4 2.2971009219217996E-4 
0.33004519567690094 -0.001709279768302647 0.00171309856601233 1.4748924211173948E-4 1.5437819678452297E-4 -0.0019139679842733912 -1.6325757218713793E-4 2.4421728172782414E-4 1.732329391399531E-4 2.5180174695481165E-4 
0.7636164190341359 -0.0016150722950912764 0.001749046006952442 6.831537240416661E-4 2.3100204938578117E-4 -0.0018780006755052471 -1.5070848089808E-4 2.4773946600353813E-4 1.6470568810699095E-4 2.636676738126152E-4 
0.8549733636650197 -0.0017459197721865112 0.0016130153801451603 -6.030823619467714E-4 1.4899367598453353E-4 -0.00193099537229323 -1.484113524084251E-4 2.447122263818903E-4 1.707062986656244E-4 2.223322011403147E-4 
0.5868515421593145 -0.0016178387258362098 0.0017896421267202065 2.864101573754765E-4 1.717260388173097E-4 -0.0018591957163078409 -1.48355670391384E-4 -3.0974401919742916E-4 1.6221980075197554E-4 2.7627832562754075E-4 
0.7110991413571045 0.0013766845990053368 0.0017223480356544849 2.2553188697066587E-4 8.918001010569585E-4 -0.0018970984149571418 -1.4391000103440078E-4 -2.0525227698925825E-4 1.718921292723383E-4 3.5446296631132875E-4 
0.2961785300526278 -0.0016394969647038013 0.0016165946835621284 2.1226269379939772E-4 1.3246927196206994E-5 -0.0019332656671980522 -1.520836761529221E-4 2.726699815244092E-4 1.5926243061029926E-4 2.413766577091187E-4 
0.7469767436017131 -0.0016178387258362098 0.0017939990176476727 2.8658842248001836E-4 1.717260388173097E-4 -0.0018998313696811304 -1.5200926473404798E-4 1.926037680146224E-4 1.6221980075197554E-4 2.5914402706731535E-4 
0.20364902183226907 -0.0015302901749972798 0.0017824512950866006 1.1086434455571226E-4 1.1237318383942977E-4 -0.0019000550254036745 -1.4589243033444799E-4 -2.3943521679159658E-4 1.6683070496017026E-4 8.188596475217601E-4 
0.3310806733378997 -0.001709279768302647 0.0017215628633137502 1.4855139301270053E-4 7.705626184691002E-5 -0.0019139679842733912 -1.5550263095004014E-4 -2.816656209935539E-4 1.7313299515739867E-4 2.5180174695481165E-4 
0.09718422545461908 -0.0016206760528244882 0.0016286760705117732 2.3110625446065347E-4 1.3966298791757708E-5 -0.001882463784633788 -1.0659252352889654E-4 -2.286250089585173E-4 1.730262284335249E-4 1.0989177797569971E-4 
0.29069654415215335 -0.0014128626325756823 0.0017134375172724254 1.937526321323533E-4 7.916438635757029E-5 -0.0018977483538870981 -1.5496459890078243E-4 -2.2775287172985048E-4 1.9655807588146005E-4 1.9751583463796475E-4 
0.11306618348627746 -0.0016162468567596211 0.0017273675437069532 2.042178273948613E-4 2.1190953586749584E-4 -0.0019122036006300632 -1.1465768436349109E-4 2.420365902311246E-4 1.68780519012118E-4 1.9396680072530375E-4 
0.7264698392739178 -0.001290261793288447 0.0017037322720053591 1.4823113445184018E-4 6.95613278594855E-5 -0.0019212058397066673 -1.4353604451319396E-4 -2.2551361300471315E-4 1.6613779970662475E-4 1.3315165022460476E-4 
0.7201460150867757 0.0014149546094465732 0.0017918337662016428 2.332607434545102E-4 2.3170738837194224E-4 -0.0019132157740677246 -1.4354911215095538E-4 2.6511348616714434E-4 1.820604250577819E-4 2.738602769968894E-4 
