0.9918490724410456 -6.515211180368942E-5 8.727404163735979E-4 0.0012757339954230084 7.91696051298489E-5 1.2693353244082217E-4 0.0018086818903375295 -5.26376957746077E-4 -5.07065249057672E-4 -4.000978424117119E-4 
0.0 8.922951790560183E-6 9.168964584861213E-4 0.0011692659217777289 1.0199915377252127E-4 1.390953208561532E-4 0.0018219134875319396 -5.593169393879103E-4 -8.453390772876079E-4 -4.0176191808854723E-4 
0.13620232752852884 5.5405750882810915E-6 8.635390364280061E-4 0.0013796418661239569 1.1627153177275537E-4 9.532571184093671E-5 0.0018124190497415518 -5.643046633445784E-4 -5.907681155122819E-4 -3.625875612440581E-4 
0.10967533871348673 -2.51215075901534E-4 9.076806087418462E-4 0.0012735439908457928 6.972986710022457E-5 1.3946549762307016E-4 0.0018109850152717157 -5.642066255304668E-4 -6.917346906649478E-4 -3.461685666373373E-4 
0.9208297401345421 -6.467718568120119E-5 7.942740161570613E-4 0.0013513367633448791 -1.6691750482286953E-4 8.498775925672793E-5 0.0018271244733361015 -5.622944997007245E-4 -6.730552595751396E-4 -6.573739896292665E-4 
0.4265671325575602 -6.0024135362866756E-5 8.735115715967145E-4 0.0013289145167336195 8.17094068335386E-5 8.395058553610714E-5 0.0018140171941346884 -5.599238892226917E-4 -6.902779278160708E-4 -7.926670334723934E-4 
0.09498303014796919 -7.51022101832642E-5 8.662082438209559E-4 0.0013170875167715181 1.0678322803713064E-4 1.3604303595124252E-4 0.0018210429481532136 -5.600168294243339E-4 -7.083289644830924E-4 -8.148361857035157E-4 
0.013993193771684058 -3.276474781309366E-5 8.73530032954533E-4 0.0012711086522084636 -1.7287832148473473E-4 1.284917673735474E-4 0.0018320847164994326 -5.492010624433206E-4 -7.976465894798078E-4 -7.979860206834674E-4 
0.22543471365538015 -3.562821170069445E-4 8.777323404592822E-4 0.0011733836387657695 1.1487030629542556E-4 2.0463676437351005E-4 0.0018511240412953777 -5.624818900129395E-4 -7.053272558499118E-4 -8.299330370822005E-4 
0.2677741154130723 -3.81256272748208E-4 8.685386977210457E-4 0.0012669300461685482 -1.5275009283286558E-4 2.2772987958629982E-4 0.0018123027853900184 -5.624708207152785E-4 -6.092198082942958E-4 -3.9998810789052924E-4 
0.24817368433626436 -3.7897560989605416E-7 8.631792112544528E-4 0.0011683261168731886 1.2160880785687771E-4 1.3204972389023315E-4 0.0018320541191927326 -5.492947897897886E-4 -6.131170201466786E-4 -3.2231088808477165E-4 
0.40631354336289743 -4.9413194590756265E-5 9.104557506939106E-4 0.0011783676561818814 1.327072555332711E-4 1.0638737047720837E-4 0.0018302332282273028 -6.119378826594177E-4 -0.0014819824715864307 -0.0018650273654772568 
0.007271061127994638 -4.782484583718908E-5 8.644965584875991E-4 0.001266951254286679 8.892297420136772E-5 1.9042418660143671E-4 0.0018093703158901342 -5.635903281214268E-4 -4.934116242270956E-4 -4.0482782129155854E-4 
0.15172513181241662 -7.142583414992207E-5 8.636486144736243E-4 0.0011688623231185834 1.1856108451129532E-4 7.034032302020159E-5 0.0018323798131965865 -5.029534335206803E-4 -8.253338485936294E-4 -8.056234644689426E-4 
0.017593214495865178 -2.3271999964762427E-5 8.742669375571865E-4 0.0012711086522084636 1.1749335993331629E-4 1.3268996104245427E-4 0.001827532278663715 -5.640554002559571E-4 -7.499879170331583E-4 -3.99112829244937E-4 
0.30819087045215643 -8.006787460727959E-5 8.659660227695724E-4 0.001275787065536814 7.05904314946907E-5 1.255645220338084E-4 0.0018274087622009866 -5.300923940895593E-4 -5.768860125427463E-4 -3.4774406315180625E-4 
0.9693855844490249 -8.011471515265374E-5 9.15779952716119E-4 0.0011657414007808585 6.847956543335452E-5 9.435182172627148E-5 0.0018133621807397164 -5.298899696212128E-4 -8.092537004161509E-4 -3.116784291877453E-4 
0.8749582581809635 -7.956245320141922E-5 9.022890676040997E-4 0.00127390903572126 -2.8099173202243005E-4 1.3873726407500117E-4 0.0018201203447271656 -6.200931351763157E-4 -6.411051671461006E-4 -3.271853382973055E-4 
0.04673774548930976 -4.610823139127337E-5 9.172312222721672E-4 0.0011642876571434256 9.575041087892546E-5 6.580657365284285E-5 0.0018115758808106475 -5.624874407270752E-4 -4.7827218591216074E-4 -3.595643382572723E-4 
0.32693409750475655 -9.117345819080344E-5 8.614950834508013E-4 0.0012754126352183415 1.1848490882051198E-4 1.42924578162556E-4 0.001812431202174873 -5.631507898360095E-4 -6.893385413187409E-4 -4.0052494893801695E-4 
0.3963307782110946 -2.3897900557253647E-4 7.96428964903724E-4 0.0012754466237718469 1.4531859828275206E-4 9.010725769250847E-5 0.0018226707580310838 -5.624573299120461E-4 -6.973855806486764E-4 -8.532074824857154E-4 
0.858300830841528 -5.755961207275421E-5 7.926442073483269E-4 0.0011614846084910255 8.223557817745582E-5 4.9928632388106264E-5 0.0018227123462811131 -5.597712874523993E-4 -4.934437863527692E-4 -3.930686383777671E-4 
0.08101311077596073 -3.831256176899947E-4 8.660048125770645E-4 0.0012557486170893953 1.1769582279557208E-4 1.367645718105961E-4 0.001812723841842267 -5.133840875829455E-4 -6.131622703831119E-4 -8.110929569577333E-4 
0.8969475285187275 -8.00821790226102E-5 9.08725914011622E-4 0.0012735699746676836 9.581578820384952E-5 2.0781890469466366E-4 0.0018100744196502944 -5.56084638480013E-4 -7.460803176288534E-4 -6.591627869870676E-4 
0.2133379366563628 -3.8235739775566786E-4 8.778706828057269E-4 0.0012754466237718469 1.4630723395368564E-4 2.0275975948678908E-4 0.0018228903143914078 -5.624708207152785E-4 -6.11609471489249E-4 3.4845301012128936E-4 
0.49757172973806846 1.1155403833864807E-5 8.735309517898496E-4 0.0012711086522084636 1.1757158327917067E-4 1.6525940831099383E-4 0.0018318637925728556 -5.492010624433206E-4 -8.3177022197E-4 -3.840579636712893E-4 
0.20307426603177597 -6.291182750364983E-5 8.736078795715243E-4 0.0011709963983199622 -1.750390589741325E-4 1.3909197353399318E-4 0.0018134085417045808 -5.646183825035902E-4 -8.092198656752936E-4 -3.6333311261268277E-4 
0.36343466889562775 -5.888253541021249E-5 8.740929681857764E-4 0.001184139321226579 1.1726841493511882E-4 2.4725174565253823E-4 0.001813523745725259 -5.652483821360616E-4 -6.961953136719089E-4 -3.945459956302615E-4 
0.025271288419141558 -2.444594913643419E-4 7.949041533128114E-4 0.0011573432033390727 1.1795909057250273E-4 1.5725420999405254E-4 0.001821857748769274 -5.630629809319296E-4 -6.909549753522402E-4 -8.238696070458936E-4 
0.4771490140963609 -6.900391955707964E-5 7.939272660631199E-4 0.0013182357554170077 1.134283826415392E-4 8.053054857819337E-5 0.0018226118582917825 -5.123410386915958E-4 -4.989171816303437E-4 -6.487709343175863E-4 
0.055340382687316725 -7.953132768538274E-5 8.735370250466803E-4 0.001275963586392419 7.906555317471508E-5 9.47890268135335E-5 0.001814354257669276 -5.662470705234597E-4 -8.029579095004345E-4 -9.266336136491973E-4 
0.5805901963493214 8.878017781696853E-6 9.152195614622608E-4 0.0011696458200281324 1.1760608887426774E-4 1.3910555052861677E-4 0.0018263219863596475 -5.594235681471718E-4 -4.972802734978105E-4 -3.170184013033854E-4 
0.9377782569851181 -8.010999770394605E-5 9.08725914011622E-4 0.0012735677001702072 9.56573939147923E-5 1.391812657089604E-4 0.0018101819381077498 -5.61073568650735E-4 -7.460803176288534E-4 -3.4800778869509166E-4 
0.6570911113493108 1.1155403833864807E-5 8.736977940522442E-4 0.0012733848588929138 1.1757158327917067E-4 1.394717253605241E-4 0.0018320701663209025 -5.492010624433206E-4 -8.3177022197E-4 -3.459713302460532E-4 
0.7213657916862133 -5.920807993887261E-5 9.08706873483952E-4 0.0012735677001702072 1.1825580321181277E-4 1.391812657089604E-4 0.0018109343868999734 -5.610699109219711E-4 -7.460803176288534E-4 -3.999459021681455E-4 
0.06033679689034846 -8.040772430989203E-5 8.729826790652554E-4 0.0013539393351051027 1.1780591701667794E-4 9.4644610387237E-5 0.001814425480237668 -5.662485749609073E-4 -6.909443857653936E-4 -8.206260777325628E-4 
0.032715923560818205 -7.643577061320481E-5 8.734959805104222E-4 0.0012695669703687456 1.1098890907122123E-4 1.319784334980412E-4 0.0018304093884914379 -5.491263594994151E-4 -6.921660544814662E-4 -8.078038566803641E-4 
0.08767862188907471 -7.974008475039685E-5 9.163802845549511E-4 0.0012673776136076706 6.837167362699835E-5 1.386985727015799E-4 0.0018309407682138112 -6.18752077773818E-4 -6.432024590376789E-4 -9.210776390762768E-4 
0.16580421837405387 -2.4713449065633944E-5 8.631748281802223E-4 0.0011747033307028972 1.186231111335641E-4 1.3371201504992674E-4 0.0018113210263879993 -5.640478092042122E-4 -9.061503446292636E-4 -3.926563565305054E-4 
0.7348432889878129 -6.452913976574693E-5 8.793432755995826E-4 0.0013211871882798458 1.1837375647187136E-4 7.634253461465048E-5 0.0018215955572338613 -5.596588726011754E-4 -8.473618453603394E-4 -3.517845099802436E-4 
0.07056715013106374 -4.5591796489304156E-5 8.614366806861288E-4 0.0013796418661239569 9.575041087892546E-5 6.74947585628895E-5 0.0018115758808106475 -5.624874407270752E-4 -4.7827218591216074E-4 -3.595643382572723E-4 
0.6469045664993709 5.5405750882810915E-6 8.629117989128013E-4 0.0013807594312885071 1.1627153177275537E-4 9.532571184093671E-5 0.0018124190497415518 -5.643372414738649E-4 -5.926258081830211E-4 -3.625875612440581E-4 
2.842048322595804E-4 7.296942466717637E-6 8.601561271101224E-4 0.0012782150547445633 -1.8614166149214816E-4 1.377665066677583E-4 0.0018298374920353425 -6.216104826160706E-4 -6.9279009548673E-4 -3.131306931708047E-4 
0.6722626051153714 -2.5560332299378284E-4 9.024760028486507E-4 0.001168703614028513 9.599206513615095E-5 9.67704148188207E-5 0.0018125703094214395 -5.64330859031452E-4 -7.735140517621221E-4 -3.751969816588004E-4 
0.3783818147582267 -3.9163038417517384E-4 8.710954842150672E-4 0.0013534456579833763 1.1848490882051198E-4 -6.107211553468093E-4 0.001812561432853264 -5.634752728488173E-4 -4.955595657979848E-4 -3.6818480262214986E-4 
0.784901809192394 6.192269767413517E-6 8.644380982360372E-4 0.0012740845896676782 7.047247823463212E-5 9.56630117522663E-5 0.0018558501559460987 -5.64337447462541E-4 -7.460803176288534E-4 -3.622131385167829E-4 
0.1221558543770842 -7.530511479854148E-5 8.661395890953069E-4 0.0012714461552167167 1.1751922140624246E-4 1.3327165569835295E-4 0.0018119957463046711 -5.606928215474113E-4 -8.781071602800805E-4 3.368511992735996E-4 
0.8362627628134903 -4.546768782867028E-5 8.74167325748161E-4 0.0013743790761161904 9.942630400437936E-5 2.104515713778298E-4 0.001832946261163918 -5.561367312117232E-4 -4.732287871402288E-4 -6.547006803847957E-4 
0.8444469804108887 -7.753132433134447E-5 8.738339002319595E-4 0.001268236549874496 1.0593174694821046E-4 -6.202357159962478E-4 0.001843839167118411 -5.269323438751366E-4 -6.700784890015504E-4 -4.7839529176527617E-4 
0.5681455666097956 -7.158203613763454E-5 9.052352738870131E-4 0.0011691881832098443 8.335713473455371E-5 1.9882310091830148E-4 0.0018116936395290092 -5.280055751090628E-4 -0.001045500692785909 -3.595728257945043E-4 
0.005309822105469708 -2.083781764724416E-5 7.929267588907948E-4 0.0013593448488900908 -1.6883267385234442E-4 1.3511446729039668E-4 0.0018333435959543127 -5.639574648638904E-4 -6.02744455899782E-4 -3.594818516683678E-4 
0.29937274569528793 -2.5560332299378284E-4 9.019304128948644E-4 0.0011674922180701813 9.599206513615095E-5 9.356024643067306E-5 0.0018287593272666497 -5.640081945217272E-4 -7.735140517621221E-4 -3.751969816588004E-4 
0.7680802704833629 -3.664874341182383E-5 8.779474615079942E-4 0.0012753572610788742 -1.5733662789425062E-4 8.283662569006038E-5 0.001809435178053769 -5.481581139062753E-4 -6.765157903491243E-4 -3.179876266938407E-4 
0.3501739807524825 -2.50493178930637E-4 9.076806087418462E-4 0.0012735439908457928 6.657834399811344E-5 1.3889851621997918E-4 0.0018135647659059894 -5.608714722149943E-4 -6.911813858538907E-4 -3.457634591810345E-4 
0.989443510724104 -3.310676102529065E-5 8.735412181853368E-4 0.0012711086522084636 7.901241501150576E-5 1.2692415006083536E-4 0.0018091711573889446 -5.492010624433206E-4 -4.996217911851977E-4 -8.142620102183599E-4 
0.6789999242685261 6.26247205917814E-6 8.635390364280061E-4 0.0013796418661239569 1.1627153177275537E-4 9.50377654967378E-5 0.0018124882189258457 -5.609403523226503E-4 -5.899884001995743E-4 -3.621824537877554E-4 
0.8216954291158224 -6.911632063596794E-5 7.926442073483269E-4 0.0011642663676098232 8.18171493907587E-5 4.964706642888405E-5 0.0018227123462811131 -5.597712874523993E-4 -4.8232867499283676E-4 -3.930686383777671E-4 
0.44437801135927 7.742077841859994E-6 8.729898030490638E-4 0.0013797526173289722 8.499360548364115E-5 1.289760130944809E-4 0.001812433083096128 -5.662470705234597E-4 -5.832510193088848E-4 -9.196400231283725E-4 
0.5933441924697523 -6.016621214823955E-5 8.631735095180513E-4 0.0012708031791886572 1.1595185796623658E-4 1.4291999397578434E-4 0.0018226166068996607 -5.593199134554901E-4 -6.95038626444732E-4 -3.605387460962236E-4 
0.29015098280962426 -4.610823139127337E-5 9.010376180403593E-4 0.0011642876571434256 9.598105769390132E-5 9.409512376329558E-5 0.0018115758808106475 -5.624874407270752E-4 -4.726476242405061E-4 -3.595643382572723E-4 
0.8906070059136364 -7.57751212333937E-5 7.932483960562352E-4 0.001164129518911708 8.069141297515371E-5 -5.75122094044961E-4 0.0018219023172201907 -6.274870538210449E-4 -6.913676369704635E-4 -8.378757589845219E-4 
0.00305505886452509 -1.7757588117865364E-5 8.635390364280061E-4 0.0013598802608012078 1.1627153177275537E-4 1.3693129807328344E-4 0.0018124190497415518 -5.639537513160424E-4 -5.907681155122819E-4 -3.6266881962484463E-4 
0.6971140296657883 -5.930572048034521E-5 9.083134165583494E-4 0.001266951254286679 0.003594516693946095 1.9042418660143671E-4 0.0018093515423470514 -5.635903281214268E-4 -7.457470334372262E-4 -4.0482782129155854E-4 
0.6302991136488266 -7.233804441317534E-5 8.656259456433351E-4 0.0012697614667058804 1.1896648236351477E-4 7.753676096700615E-5 0.0018102368631739264 -5.596588726011754E-4 -8.486347450738531E-4 -3.517845099802436E-4 
0.16031980653281702 -7.140435738866373E-5 8.672713688059661E-4 0.0011517096251196016 -1.8416192637138703E-4 7.68373338144172E-5 0.001840885963493726 -5.559617140794791E-4 -7.071772753621582E-4 -0.001910352814666668 
0.7905777088499198 -9.117345819080344E-5 8.614950834508013E-4 0.0012746933335713926 1.1904562396321521E-4 1.4305934117916298E-4 0.0018117147750044168 -5.631507898360095E-4 -6.991883714283827E-4 -4.0057078226130147E-4 
0.24066660623500064 -2.499750807258257E-4 8.866009028219151E-4 0.0012690324832105634 -1.8182090270528099E-4 2.0463711935686955E-4 0.0018274904119716965 -5.634807043049583E-4 -7.736398552344219E-4 -4.0277972465119964E-4 
0.4725322290714222 -7.232658452821092E-5 8.656259456433351E-4 0.001270185582788495 1.1896648236351477E-4 8.064990294376952E-5 0.0018208830469463265 -5.610306268530929E-4 -7.454382268402375E-4 -3.489171531933605E-4 
0.1920595564855478 -6.351160003675419E-5 8.785953005063131E-4 0.0012755626366122705 -1.819418224124195E-4 7.086739140460709E-5 0.0018215653952377744 -5.119089586908333E-4 -8.091123646796422E-4 -3.553777251301962E-4 
0.4375320215655315 -7.206392599268304E-5 8.656140894299044E-4 0.0012701367643885898 -1.8411311311892895E-4 8.064990294376952E-5 0.00182098781652161 -5.490425845132707E-4 -7.456529985238293E-4 -3.4840850680694805E-4 
0.5413907146526762 -6.902071142171986E-5 8.796971112588907E-4 0.001318010293012566 1.39773533358432E-4 1.418847675511106E-4 0.001810237148962212 -5.622944997007245E-4 -7.726191753747291E-4 -6.547006803847957E-4 
0.06828594996830285 -3.310676102529065E-5 8.735309517898496E-4 0.001274317983699091 1.1019000380426208E-4 1.285512129945537E-4 0.001832053362219494 -5.492010624433206E-4 -7.953337328781279E-4 -8.143417361476302E-4 
0.1216043347537088 -7.530084157629974E-5 8.659014156822879E-4 0.0012556468162220312 1.082042463750101E-4 1.3928588082969033E-4 0.0018283229520603067 -5.597397721596176E-4 -8.800766345338495E-4 3.0754073678938886E-4 
0.33390353042664367 -8.030214717600934E-5 8.735353704692253E-4 0.0012842353251655099 1.1906089835483346E-4 1.7673511717342314E-4 0.0018275632752843528 -5.615674027008225E-4 -7.441204874164297E-4 -8.208186981536842E-4 
0.601239034530778 -8.001214353391421E-5 8.740738349319962E-4 0.0011538742948346357 9.953070770471675E-5 2.1012090035554706E-4 0.001832946261163918 -5.561367312117232E-4 -8.269196841930827E-4 -6.547006803847957E-4 
0.615313333356221 -6.104805529552249E-5 8.628594065622388E-4 0.0012712758982152835 1.1652680706412018E-4 1.4306272406945222E-4 0.001814037578138289 -5.592980733609143E-4 -9.429938018887459E-4 -3.4586039924188394E-4 
0.511180149663871 -7.999631947401938E-5 8.665111067350322E-4 0.0012718465869687103 1.1751416927601958E-4 1.0024046350901413E-4 0.0018274094080198856 -5.49221661668601E-4 -5.793087430033939E-4 -3.973848324045048E-4 
0.7089802630776989 8.494298660963738E-6 9.08706873483952E-4 0.0012735677001702072 1.1825580321181277E-4 1.3918165278472254E-4 0.0018110292945126565 -5.593586273079374E-4 -7.460803176288534E-4 -3.999459021681455E-4 
0.5243390440831461 1.1155403833864807E-5 8.735309517898496E-4 0.0012711086522084636 1.1757323383634035E-4 1.4102156053515095E-4 0.0018134973323859006 -5.623553488588712E-4 -8.221727638760233E-4 -3.840579636712893E-4 
0.027836098616226324 -5.915853626431371E-5 8.660563539205753E-4 0.0012775488435232745 1.1753799870182797E-4 2.467816222431736E-4 0.0018215557679816098 -5.596478033035146E-4 -6.961444694135498E-4 -4.0282759742819467E-4 
0.5516921637245417 -4.65837094036887E-5 8.614950834508013E-4 0.0012744165047747762 1.1845186522566403E-4 1.4294871836208274E-4 0.0018116546938241097 -5.631568808481171E-4 -4.964141371119654E-4 -3.994886490761372E-4 
0.2818626831646358 -7.478235678616855E-5 8.747965912998478E-4 0.001269854022647916 1.2072354029938037E-4 9.956634681361441E-5 0.0018124293916045465 -5.491233758298501E-4 -6.895615064149225E-4 -4.0056705838472566E-4 
0.0012441386892403025 8.878017781696853E-6 9.156381640635071E-4 0.001170289995872495 1.1760608887426774E-4 1.3910898126164538E-4 0.0018297683303628435 -5.661191542263176E-4 -7.117282534990615E-4 -9.668005457641677E-4 
0.2757808374984013 -7.97467542810554E-5 9.156700008252642E-4 0.0012819759075515735 1.1300144303488363E-4 9.302832913255616E-5 0.0018274110177648364 -5.309070943078199E-4 -8.171273942895945E-4 -3.1085585774800735E-4 
0.4590254515141786 -6.963252759941286E-5 9.168887223633721E-4 0.001167021411468144 1.1896648236351477E-4 8.064990294376952E-5 0.0018208830469463265 -5.664298376475997E-4 -7.119472757136001E-4 -3.5877102548146207E-4 
0.9481884253397251 -7.974147192598423E-5 9.064215573643849E-4 0.0011582760815401303 9.573358022906935E-5 2.0456999825540183E-4 0.0018101726438886324 -5.59380234402122E-4 -7.028055783130545E-4 -3.595643382572723E-4 
0.5600272185763101 -9.117345819080344E-5 8.614950834508013E-4 0.0012746933335713926 1.1848490882051198E-4 1.42924578162556E-4 0.0018117147750044168 -5.631507898360095E-4 -6.974363641859027E-4 -4.0057078226130147E-4 
0.6349158986737653 -6.901537944204404E-5 7.939225122408209E-4 0.001317811639334393 1.134283826415392E-4 7.753350472360169E-5 0.0018099363109004792 -5.123410386915958E-4 -8.707162521064293E-4 -6.530240261203703E-4 
0.18810232282113235 -4.9462581856232875E-5 8.66273342116406E-4 0.0012559974795300442 1.1330406071388093E-4 7.550789492325854E-5 0.0018180620568257696 -5.309604135102066E-4 -8.183068980155343E-4 -3.794756090674911E-4 
0.37693853415711265 -2.444594913643419E-4 8.734029229526427E-4 0.0013534456579833763 1.1848490882051198E-4 -6.107211553468093E-4 0.001812561432853264 -5.634617820455848E-4 -6.944151362598744E-4 -8.229893207832573E-4 
0.0377494772514248 -4.7727205295716495E-5 8.648900154132016E-4 0.0012735677001702072 8.949234954301105E-5 1.391812657089604E-4 0.0018109531604430563 -5.610699109219711E-4 -4.937449084187228E-4 -3.999459021681455E-4 
0.17612752590931235 -8.06046968142829E-5 8.789681233607837E-4 0.0013191856251846953 1.1808147545658316E-4 9.34515538651727E-5 0.0018135651680282912 -5.615695148771734E-4 -7.07864446908295E-4 -6.575011344078124E-4 
0.456912133762514 -6.0024135362866756E-5 8.662332851409098E-4 0.0011620773984446933 9.998860734716635E-5 2.1157538109230204E-4 0.0018140986160086862 -5.59838668337639E-4 -8.260693307473935E-4 -6.501726771222934E-4 
0.7445160492640207 1.1155403833864807E-5 7.964403557741703E-4 0.0012711086522084636 1.1747964345784121E-4 3.296973510645581E-5 0.0018318637925728556 -5.492281074202617E-4 -8.3177022197E-4 -3.840579636712893E-4 
0.8054632413165017 -8.011166765955018E-5 9.08725914011622E-4 0.0012735677001702072 9.56573939147923E-5 1.391812657089604E-4 0.001810045540815342 -5.61073568650735E-4 -7.460803176288534E-4 -9.33980457317437E-4 
0.352300166892179 -3.570584441498372E-4 8.662406076634099E-4 0.0011777607832263565 1.1462780668233652E-4 -5.940968929145256E-4 0.0018304374005439982 -6.188668081400695E-4 -7.020848897876E-4 -8.220943352072155E-4 
0.7631280104176155 -5.915853626431371E-5 8.660563539205753E-4 0.0012771758225606422 1.1837375647187136E-4 2.517366990510948E-4 0.0018215557679816098 -5.596478033035146E-4 -5.961553593450981E-4 -4.0282759742819467E-4 
0.8144876590186341 -3.500358117084042E-5 8.779474615079942E-4 0.0012753572610788742 -1.5733662789425062E-4 1.387953049276555E-4 0.001809435178053769 -5.481581139062753E-4 -9.744182826554117E-4 -3.179876266938407E-4 
0.04050105129792593 -3.529183880990312E-5 8.727629875959047E-4 0.0012715682643577597 1.1833182409899162E-4 1.272738652839802E-4 0.0018118061780297672 -5.606949483912999E-4 -8.132494791081625E-4 -3.4640986336261826E-4 
0.6117657066501725 -6.104805529552249E-5 8.634635952701472E-4 0.0012712758982152835 1.1591496650311783E-4 1.4306272406945222E-4 0.001814037578138289 -5.592980733609143E-4 -6.91147149206828E-4 -3.4586039924188394E-4 
