0.0 -2.6795081572061316E-4 2.8227081645474837E-4 0.0021675695606765805 4.966504843376381E-5 -4.0473268872666287E-4 -2.0696530009133729E-4 -0.0019409853717045544 -0.001026865988410972 -5.102214766978535E-4 
0.9999916679349584 5.273458467890086E-5 -7.043588024952301E-4 0.0021940539420231098 4.5998489299061747E-5 -3.260968141029298E-4 -1.7912266559339484E-4 -0.001942419009995513 -0.0010222189068059117 -4.958061075620128E-4 
0.36868478498956353 2.5984947714555935E-5 -2.919972440609242E-4 0.002167823268338887 -4.7326060047759456E-5 3.025831607831454E-4 -3.223678097211751E-4 -0.00195512747983198 -0.0010278693436860363 -7.679099590220795E-4 
0.3914754624645297 -3.7133795867083153E-4 -6.636165386278143E-4 0.002174670268612954 -1.3154809224458137E-5 -3.8164143243591813E-4 -2.4935839216521505E-4 -0.0019425173239648046 -0.0010228220207784487 -7.702540585858039E-4 
0.720836468881987 -3.2866712455321593E-4 2.688021017802661E-4 0.002193063138074989 -1.1934255897365704E-5 -3.98338594074534E-4 -2.0439661122390339E-4 -0.0019570665275673296 -0.001011393299902404 -7.83752615678127E-4 
0.45254635496398204 -2.516412253881583E-4 -2.897614220440581E-4 0.0021942375967528628 -1.1374719192933026E-5 2.787006208629468E-4 -2.6529517988608907E-4 -0.0021165715500032862 -0.0010288580967414448 -7.765754175349384E-4 
0.6948659604253002 -6.366811516998694E-4 3.1736079556226834E-4 0.002174408241480077 -7.973576320863218E-6 -5.615418463748889E-4 -2.0700853702588346E-4 -0.001939659187516417 -0.0011127615072263266 -5.155139157741977E-4 
0.6004061472586832 -3.4379790344773076E-4 -7.821574094403214E-4 0.0021675223654367805 1.6423811821043215E-5 -3.509831496872448E-4 -2.6406250890939967E-4 -0.001941369370220626 -0.0010293573145313346 -7.342953251784911E-4 
0.21388133254397115 -3.708121053496908E-4 -2.5869787098695607E-4 0.0022062446997023633 1.6791801862423526E-5 -3.550081072750203E-4 -2.4849176942575135E-4 -0.0019547252683556784 -0.001028725165613282 -7.762916526677476E-4 
0.9484937502381916 -2.6785668114889913E-4 -2.898730723863142E-4 0.002194613156178952 4.966504843376381E-5 -4.020927667921766E-4 -2.6034599110302223E-4 -0.001999589980352015 -0.001026865988410972 -5.148033578618556E-4 
0.035715466978502 -3.3730369223812815E-4 -2.9157715078760853E-4 0.0021942485199290887 4.828042084440597E-5 -3.991297954783828E-4 -4.56930866038747E-4 -0.001954674968763638 -0.0010269661484283194 -7.67852487109496E-4 
0.41280641716093036 -3.36662106090632E-4 -7.046437381909605E-4 0.0021942485151382213 4.809321763397031E-5 -4.010534458817427E-4 -2.641999003990242E-4 -0.001954674968763638 -0.0010269838783690949 -7.76342385355498E-4 
0.34651646471576986 -3.6930876513191724E-4 -2.844124429926032E-4 0.002169137573203974 -1.4386309049896511E-5 -3.9117386762282035E-4 -4.5365408071969347E-4 -0.0019463165163262704 -0.001022249892081321 -5.981585760894655E-4 
0.3159985378980582 -3.822234995157574E-4 -7.040409522013927E-4 0.0021678936639489975 2.0937286719140258E-5 -4.085818872469054E-4 -2.41890873995438E-4 -0.001935617205764504 -0.001098982245285138 -7.48351288924008E-4 
0.9217881343331401 -2.6572055639281734E-4 2.8239410373719683E-4 0.002179226276550142 1.8614736545277573E-5 1.839154347274554E-4 -2.0503133120874042E-4 -0.0019420790196060217 -0.00105826785512157 -7.766624715786904E-4 
0.04680851566161734 -3.1931772726567526E-4 -6.157179262882309E-4 0.0022008326369041915 2.0300865746112893E-5 -3.9654704933630275E-4 -2.5420729347036753E-4 -0.0019988254886728896 -0.0010921007144460112 -7.7330465149609E-4 
0.4291044062922017 -3.26761456455848E-4 -2.9657526010944504E-4 0.00216967505098283 -7.900730152104335E-6 2.66864991078666E-4 -2.7105367387062537E-4 -0.0019472096883308514 -0.0010539936708698777 -7.354045565111491E-4 
0.5067340339510882 -3.813287654873651E-4 -7.040409522013927E-4 0.002167296240723628 2.0937286719140258E-5 -4.091373678075755E-4 -2.0606959506130695E-4 -0.001941205462874999 -0.0010267619629126948 -5.13407126345685E-4 
0.9611575398594674 -6.277745772049148E-4 -7.094606122722831E-4 0.002167965913242683 -1.0702562265686572E-5 -3.341443670399516E-4 -2.513361146459788E-4 -0.0019411269331701014 -0.0010283062845248046 -5.148287387597663E-4 
0.235228504958965 -3.7369608683975676E-4 -2.7623899929210636E-4 0.00216963701660297 -6.312995810840087E-5 -3.234994780500201E-4 -2.6461496342561764E-4 -0.0019411881242044756 -0.0010956805661383683 -7.732554980126703E-4 
0.8343455068170383 -3.3750448775425634E-4 -2.7352207828534083E-4 0.002194225977374733 -1.3073378108969541E-5 -3.529878166779012E-4 -1.814742460645126E-4 -0.0019422361224974668 -0.0010286356143795689 -7.840033522457725E-4 
0.004413254528792376 -3.275773845191908E-4 -6.720501396628573E-4 0.002167681753073112 1.888505191074114E-5 -3.64873825727462E-4 -2.5330872235083875E-4 -0.0020981029333312067 -0.0010911239041610907 -4.951722038573118E-4 
0.6359373903734787 4.5021207778555864E-5 3.4156550925394766E-4 0.002167800241321996 4.6227896145547285E-5 -4.088826206932821E-4 -2.6812302173160143E-4 -0.0019416079136562656 -0.0010890554747010504 -5.118026007940366E-4 
0.46593404400347543 -3.3691578879117243E-4 -2.897614220440581E-4 0.0021656006214624606 -8.179249443783385E-6 2.234923697252335E-4 -2.648477578726338E-4 -0.0021295691545929153 -0.0010269201140840954 -5.095539719137714E-4 
0.024742834676179326 -3.8808126497804236E-4 -3.15223141621183E-4 0.002200899292721003 1.750021313165809E-5 -4.1616519638718345E-4 -2.5416578780057395E-4 -0.0019322099881976039 -0.001028309484984647 -5.173937618626514E-4 
0.3276650130875037 -3.3131060536266996E-4 -7.095165981959942E-4 0.0022066902769058215 -1.320617289891179E-5 -3.515439027099998E-4 -2.0830921699184414E-4 -0.0019485408167228798 -0.0010153972424595402 -7.71005919858205E-4 
0.1754429877940938 -2.6419663507883746E-4 2.74425489289151E-4 0.0021671495788137614 2.069581576237483E-5 -4.103556453028379E-4 -2.5197166506793635E-4 -0.0019976873088324723 -0.0010269548626397065 -5.123518635422235E-4 
0.05792724450310928 -4.7733473873797937E-4 -7.150196486669227E-4 0.0021943969689035715 -1.1060689918815619E-5 -3.435447583370623E-4 -2.5578191748889146E-4 -0.00196341288898312 -0.0010286154820470942 -7.705414994899676E-4 
0.030242365863604265 -2.6762078933833015E-4 -3.1833818016824235E-4 0.0021935242159090776 1.858528630893828E-5 1.8396935480514474E-4 -2.0521343671191567E-4 -0.0019409080567142263 -0.0011049870602718736 -7.765358867507545E-4 
0.8806608679527271 -2.7927358167750946E-4 -7.099857476062522E-4 0.0021702673937207856 1.8231750222904835E-5 -3.2650652498105446E-4 -2.5566217456081365E-4 -0.0019480795929278237 -0.0010286427812651094 -5.950516936648008E-4 
0.7636340094601821 -3.7121628374445345E-4 -3.6769471680310267E-4 0.002210896988834631 -1.1775650920165944E-5 -2.9484613864450004E-4 -2.6384275908310396E-4 -0.0019413928540521711 -0.0010294155453834462 -7.738636277966498E-4 
0.0018996403858075328 -2.820761980518445E-4 3.138772084088418E-4 0.0021676802719394366 4.462920603111636E-5 -4.0473268872666287E-4 -1.804867432446264E-4 -0.0019409853717045544 -0.0010269624132544413 -5.102214766978535E-4 
0.279416105486713 -3.737612043395247E-4 -7.479515526186845E-4 0.002174467495229011 1.1449535898447854E-5 -3.824653899410781E-4 -2.5558564717191243E-4 -0.0019415695996801252 -0.0010994699357362587 -5.004436588592228E-4 
0.11247417387862602 -2.826927587085378E-4 -2.7414636675639767E-4 0.0021698940489244026 -1.3532496927023453E-4 -4.0907277969472324E-4 -2.4155815735978642E-4 -0.001994599431480624 -0.0010241902302179004 -5.077976151349543E-4 
0.6577138256070575 -3.7133795867083153E-4 -3.218081051258186E-4 0.0021943825318320076 -1.136065878126191E-5 -3.4703866426585004E-4 -2.6478059394958477E-4 -0.0019545792820671983 -0.0010262049102887423 -7.726617384874643E-4 
0.06448061163761964 -4.805615435775136E-4 -7.153588843616437E-4 0.0022004063227640588 -1.3266082102599945E-5 -3.5600244049130154E-4 -2.075469469101894E-4 -0.0019465613500339754 -0.0010223373439454896 -7.714732954067105E-4 
0.01009694987130455 -3.1957300290193935E-4 -6.158473270259496E-4 0.002167681753073112 4.332135466613793E-5 -3.9714339346169023E-4 -2.5330872235083875E-4 -0.0020981029333312067 -0.0010910197897287793 -7.733053440345698E-4 
0.24937805655040957 -2.6605774368371925E-4 -7.703319754278987E-4 0.002200894805413875 1.6544943437081594E-5 -3.2833384442797924E-4 -1.9930183135458127E-4 -0.0019987254303842207 -0.0010132874871806115 -7.761755118080576E-4 
0.014036722241407673 -3.45578664525011E-4 -3.219666640588738E-4 0.0021784363804446608 -1.2938601569067994E-5 3.053308799410303E-4 -2.5377609090386234E-4 -0.0019445772306232437 -0.0010202403073843115 -5.002903691511977E-4 
0.09213891433400355 -4.732118910868564E-4 -2.797434187801778E-4 0.00216648407298087 -1.3307759872672624E-5 -3.193570554775793E-4 -2.530195619139921E-4 -0.0019319534294440558 -0.0011121489964268363 -5.951554812550311E-4 
0.8671780938520603 -2.670547611705562E-4 -6.691866907540471E-4 0.0021940510683457833 7.459704164142919E-5 -3.1400809995321894E-4 -2.232397683036237E-4 -0.0019425288596224438 -0.0010499855669511117 -6.006680373020996E-4 
0.10046166914309623 -2.661206966894659E-4 -2.6567900394633463E-4 0.0021756194742101258 -1.351881055487099E-4 -4.0907277969472324E-4 -2.477787263379923E-4 -0.001994599431480624 -0.0010254260202791938 -5.077976151349543E-4 
0.25640804380563076 -2.6605774368371925E-4 3.635040351413624E-4 0.002194561488342792 1.713807153407046E-5 1.8391396921886672E-4 -2.042489505420034E-4 -0.001940410050070513 -0.001057941416795555 -7.815829032317648E-4 
0.6776600299482425 -2.5379367096682186E-4 -2.780695578270906E-4 0.002175685828735046 1.1246152342995436E-5 -3.273308351304598E-4 -2.5555487104209453E-4 -0.0021302617073860075 0.0034307383438249646 -7.810659113577765E-4 
0.6204149572508184 -3.613367287067818E-4 3.4756161846611846E-4 0.002193729332462985 3.773754472156519E-5 -4.0634139011431694E-4 -2.619487676570851E-4 -0.0019511772322447776 -0.001026489827062867 -6.025024668754615E-4 
0.1236543957729828 -3.42944656150662E-4 -6.239409725714513E-4 0.0021679196872674356 -4.7326060047759456E-5 3.025831607831454E-4 -2.4876906870651766E-4 -0.001945710953061025 -0.001027867015328824 -7.745066261520095E-4 
0.2899261943707676 -3.709445362534017E-4 2.688017732524955E-4 0.0021930595788278618 4.864098986525374E-5 -3.9914407006116616E-4 -2.478185276931346E-4 -0.001943221351236341 -0.0011050096726536952 -7.842770489826769E-4 
0.05063152989245168 -4.754392127602073E-4 -2.8370890973391274E-4 0.002169379932674336 -6.568081109841992E-5 -3.2584106165589914E-4 -2.082410986410518E-4 -0.0019443091241021545 -0.001092724017324834 -7.732806791569233E-4 
0.3389246035541422 -3.26761456455848E-4 -6.110956726667348E-4 0.0021697830001219482 -7.900730152104335E-6 2.716471288001192E-4 -2.7105367387062537E-4 -0.0019472096883308514 -0.0010539936708698777 -7.725880591881833E-4 
0.16051934645576701 -3.1502478048124724E-4 4.2633607522784173E-4 0.0022008185194167017 2.668524843591449E-5 2.6706144230037224E-4 -3.214110814106426E-4 -0.001960117278563295 -0.001028495609842694 -7.895179054783623E-4 
0.6499661814433582 -3.3095663850180355E-4 -3.405385930940558E-4 0.0021953131801867413 -1.1347942715961399E-5 -5.617848931001986E-4 -2.5933439985387083E-4 -0.0019543250620817987 -0.0010262539137717757 -7.567211436066302E-4 
0.07588894620804641 -2.6812039285803403E-4 2.6330544166323574E-4 0.002194524811406227 -1.2545441924203831E-5 -4.0473268872666287E-4 -2.025122316546882E-4 -0.0019995537671997294 -0.001022513805086239 -5.148033578618556E-4 
0.8947881010154437 -2.6786453786929157E-4 -7.265650943099466E-4 0.00217001934761539 1.4350646886261796E-5 -4.079665930227073E-4 -3.3473900571340124E-4 -0.0019413656400705933 -0.001084057355115555 -5.325346804378994E-4 
0.2991774089981674 -3.8136014054004517E-4 -7.040409522013927E-4 0.0021678936639489975 2.0937286719140258E-5 -4.085868251800421E-4 -2.41890873995438E-4 -0.001935617205764504 -0.0010251805926066331 -7.48351288924008E-4 
0.13405188669135798 -3.822234995157574E-4 4.2294895838431443E-4 0.0021941429117014375 1.8070574216599266E-5 -3.465676084288577E-4 -2.477172378569752E-4 -0.0019412956447711397 -0.0010255602664624003 -6.199245291331984E-4 
0.019949250196635127 -6.186771416247956E-4 4.421119720677731E-4 0.002167633958394972 4.889042901584004E-5 -3.254462555398439E-4 -3.205376851274455E-4 -0.002121946403434757 -0.0010253417647584056 -7.730373784836733E-4 
0.8474832044464312 -4.7733473873797937E-4 -7.150196486669227E-4 0.002194393378384579 -1.1065568854207827E-5 -3.440866244533818E-4 -2.554212938412772E-4 -0.0019412134880752029 -0.0010288308006454498 -7.705414994899676E-4 
0.4878660002664895 -2.8390462121714773E-4 -9.908288468101476E-4 0.0021943114699027096 -1.3967133286356458E-4 -3.847736995524612E-4 -2.5586364448052434E-4 -0.0019327778735849961 -0.0010259525235493613 -7.721028384410769E-4 
0.07093889994045341 -3.822234995157574E-4 -7.112326626924503E-4 0.0021941429117014375 1.8007680725101717E-5 -3.465676084288577E-4 -2.477172378569752E-4 -0.001941205462874999 -0.0010255347709623196 -6.049429458904978E-4 
0.7366559790210048 -5.149748991793196E-4 -9.560071912820668E-4 0.0022084717348487574 -1.3609712780240522E-4 -4.0023500076368976E-4 -1.9495314797079733E-4 -0.0019527052572073885 -0.0011049185928713747 -7.236940708298525E-4 
0.6809102563998609 -2.535853662567707E-4 -2.6540229026684363E-4 0.0022026389874901645 1.580957106493717E-5 -3.238546682057333E-4 -2.648477578726338E-4 -0.002138120298225845 -0.001026494835820561 -7.731764645381646E-4 
0.8174326181595546 -2.8037073622380853E-4 -7.094606122722831E-4 0.0021956119543506823 -1.0702562265686572E-5 -3.999658319373412E-4 -2.072863436854252E-4 -0.00194128379623074 -0.0010233161616904779 -7.715039977768079E-4 
0.5637558676643009 2.7608602322150825E-5 -6.153723524074319E-4 0.0021934435939851243 2.0300865746112893E-5 -3.478265467312121E-4 -1.7205800222343378E-4 -0.001953967564183609 -0.0010135691656067368 -7.727216775114604E-4 
0.5822902247333984 -3.3912881224938446E-4 -2.783886734505667E-4 0.002185722581241181 1.8480760291563938E-5 3.185084002493105E-4 9.012429567618805E-4 -0.0019493602400800431 -0.0010299015035060942 -6.034666132432126E-4 
0.8562533425547207 -2.800685946934582E-4 -7.094606122722831E-4 0.0021956119543506823 -1.0702562265686572E-5 -4.007844967178908E-4 -2.0728891441951493E-4 -0.0019412341730916777 -0.0010233161616904779 -7.972109128511699E-4 
0.9033745701799506 -3.275773845191908E-4 -6.650071538179274E-4 0.002167681753073112 4.59939219118734E-5 -3.2635968888651676E-4 -2.533297027218234E-4 -0.0020977308830262466 -0.0010142825512589981 -7.731497157123915E-4 
0.980139127515135 5.4549614883809E-5 -2.738091947944853E-4 0.0021751832412725755 -2.2346755673696082E-5 3.1753701326511736E-4 -2.4819398687667653E-4 -0.0019458732410147955 -0.001028122546462191 -6.198967307023844E-4 
0.5758746782990184 -3.2753060467150436E-4 -2.7441524123895055E-4 0.0021945489040549153 8.67514427587306E-5 -3.241985673606835E-4 -2.475443902458997E-4 -0.0019416724516608274 -0.001052314173725477 -7.839169864528968E-4 
0.42380596072658955 -3.232795823416259E-4 -7.099857476062522E-4 0.0021702673937207856 1.8231750222904835E-5 -3.2650652498105446E-4 -2.5154847675614214E-4 -0.001949414325029657 -0.0010538543958835576 -5.906876506870074E-4 
0.7815444289225473 -3.291815075514578E-4 -3.405385930940558E-4 0.002208701730376649 -1.1348251558970862E-5 -5.617848931001986E-4 -2.590661675211071E-4 -0.0019417064758311523 -0.0010262539137717757 -4.902152480041334E-4 
0.15201229615007097 -3.822234995157574E-4 -3.3697732275156616E-4 0.0022083683568934038 -1.2363177250480129E-5 -4.02004553622943E-4 -3.3210170300682974E-4 -0.0019413056710256174 -0.0010256233671227092 -5.103421613193058E-4 
0.19192500442629232 -3.2298181827779596E-4 -3.003217450045294E-4 0.0021678318609222097 2.7302520525565105E-5 -3.963188489140157E-4 -1.7799101036409826E-4 -0.002119615689540888 -0.0010284276517934508 -4.8774711221763494E-4 
0.914753321635378 -3.360671310406179E-4 -2.897614220440581E-4 0.0021943825318320076 -1.1374719192933026E-5 2.76519469821819E-4 -2.648477578726338E-4 -0.0021295691545929153 -0.0010288580967414448 -7.842321144155148E-4 
0.9956740414880688 -2.8390462121714773E-4 -9.908288468101476E-4 0.0021943114699027096 -1.3967133286356458E-4 -3.8448921267815765E-4 -2.5586364448052434E-4 -0.0019991335436707496 -0.001026861257687691 -7.721028384410769E-4 
0.5338391678238417 -2.8208535588215166E-4 -3.886498218589216E-4 0.0022011396603316474 -1.2864707217512858E-4 -3.6892041702622075E-4 -1.8096276985345492E-4 -0.0019977484341910275 -0.0010269611546897621 -7.701227374327712E-4 
0.23770259084899742 -3.268813449051357E-4 -2.7593557630232844E-4 0.002194237462109806 -5.9392829848085204E-5 -3.234262956687417E-4 -2.590661675211071E-4 -0.001941212787240893 0.001828070769633178 -6.081915063433385E-4 
0.17979349198865552 -2.6419663507883746E-4 2.4605300234134477E-4 0.0021671495788137614 2.069581576237483E-5 -3.9704199304824264E-4 -2.5197166506793635E-4 -0.0019976873088324723 -0.0010269548626397065 -5.123518635422235E-4 
0.5474568358284474 2.0070300531032178E-5 -7.16707600457726E-4 0.0022081401569422816 4.637955138963038E-5 -3.315656022012996E-4 -2.5214986614487177E-4 -0.0019494119972202828 -0.0010141422318377439 -7.704543666354285E-4 
0.47796165050865974 -3.3627907672780964E-4 -2.902222645844925E-4 0.0021944807847545833 -2.2348881055254453E-5 2.9865254655649147E-4 -2.825239177197801E-4 -0.0019498173473172543 -0.0010912764558147843 -7.779624684638953E-4 
0.017196928476860773 -3.713514447474246E-4 -3.219666640588738E-4 0.0022082246291061664 -1.2938601569067994E-5 -3.9376532642467155E-4 -2.543659434863988E-4 -0.0019463048686190905 -0.0010222118173620449 -4.96519201622954E-4 
0.7980722046298937 -3.27579722501097E-4 -3.405385930940558E-4 0.002194237462109806 -1.4567060788216655E-5 -3.425206638388485E-4 -2.590661675211071E-4 -0.0019370701771629605 -0.0011571866375534381 -6.060266872170631E-4 
0.5569178584946419 -2.7927358167750946E-4 -7.099857476062522E-4 0.002169821580294937 -1.366263029443179E-5 -3.2631499827836407E-4 -2.544472187699137E-4 -0.001949424236791974 -0.0010287057774415024 -4.979176282299174E-4 
0.8133122898555716 -3.822234995157574E-4 3.033836403068936E-4 0.0021941429117014375 1.8007680725101717E-5 -3.415522636075417E-4 -2.4734469626759657E-4 -0.001941205462874999 -0.0010255347709623196 -5.948609975949124E-4 
0.18846983160375697 -3.836168535076655E-4 -3.001375829911005E-4 0.0022088954441049527 7.964459078404804E-5 -3.555451254728212E-4 -1.8491490722895816E-4 -0.0019412974198052115 -0.0010281568086405186 -7.1163508958527E-4 
0.7822992126780837 -2.8371457144606973E-4 -6.991091831477123E-4 0.002210650942141881 -1.1451868206207268E-5 -5.76549611015516E-4 -2.5578191748889146E-4 -0.0019408689359571535 -0.0010298311074543932 -7.373996077777995E-4 
0.6226438371564582 -3.613367287067818E-4 3.342660788668476E-4 0.002193729332462985 3.773754472156519E-5 -4.099812004407186E-4 -2.5871235772114646E-4 -0.001944004129257592 -0.0010269191405343765 -7.276758773396995E-4 
0.12752690074325057 -3.3131060536266996E-4 -6.257396388098707E-4 0.002206182898621758 -1.1786361503974928E-4 -4.0805262167859717E-4 -2.4239325347687985E-4 -0.0020138763250159225 -0.001032837647069405 -7.244267261674774E-4 
0.5165642354672376 -3.8808126497804236E-4 -0.0010031748943208347 0.002207813528712699 -1.4100777418517925E-4 -4.015836076748032E-4 -2.545592267993396E-4 -0.0019322018091300997 -0.0010259532893720585 -7.760647253344544E-4 
0.2678769826316115 -2.6795081572061316E-4 2.8227081645474837E-4 0.002167396691108408 -1.1466317986881592E-5 -4.0945487507967383E-4 -2.0696530009133729E-4 -0.001936893454665903 -0.001026865988410972 -5.094617546501376E-4 
0.7998931873725375 -4.732118910868564E-4 -2.7956160137404513E-4 0.0022088913568299065 -1.3307759872672624E-5 -3.191364700075345E-4 -2.530195619139921E-4 -0.0019319863849071132 -0.0011121814910520936 -7.899247988203748E-4 
0.14378922083594226 -3.825238813118586E-4 -3.001375829911005E-4 0.0022088765303801823 -1.3073378108969541E-5 -3.529878166779012E-4 -1.8491490722895816E-4 -0.0019412974198052115 -0.0010286328957142719 -5.156659357368689E-4 
0.007312272047082569 -3.880793481427182E-4 3.5330533919200634E-4 0.0022077176262411727 3.793538303400021E-5 -5.637292046612786E-4 -2.599841960604126E-4 -0.0021016461466825407 -0.001026848310372404 -7.282658554433669E-4 
0.20498725375354565 -3.351129879775177E-4 -2.9168421304983755E-4 0.002185722581241181 1.567221391399041E-5 2.8619416081084E-4 8.994415851654714E-4 -0.0019442760039129674 -0.001083342918421063 -7.286400237074505E-4 
7.667323101160362E-4 -2.6795081572061316E-4 2.8227081645474837E-4 0.002193622444052319 4.966504843376381E-5 -4.0473268872666287E-4 -2.0696530009133729E-4 -0.001954252834701772 -0.001026987541288308 -5.102214766978535E-4 
0.7418607350444447 3.528010277563642E-5 -5.631974398865229E-4 0.00216940702955101 -4.993250272055508E-5 -3.8533540101806136E-4 -2.048398032164467E-4 -0.0019527052572073885 -0.0011064788410085613 -7.236412821614659E-4 
0.0832891520969473 -3.387313548534673E-4 2.676822578627437E-4 0.002193694871544723 -1.9212066048305136E-5 -3.9916110560790896E-4 -2.6490796376683206E-4 -0.001957038143380219 -0.0011050096726536952 -7.842770489826769E-4 
0.1418065486617225 -3.721442138608323E-4 -6.632664451909176E-4 0.0021679196872674356 -1.3032436555176001E-5 3.025831607831454E-4 -2.4878261808333974E-4 -0.0019456925474429447 -0.0010280888562054838 -7.745066261520095E-4 
0.5419736490018268 2.0633848421066167E-5 -7.16707600457726E-4 0.003154704106021343 4.637955138963038E-5 -3.315656022012996E-4 -2.5214986614487177E-4 -0.001949030015707751 -0.0010141422318377439 -7.764098481430878E-4 
0.2020709547388414 -2.7525775740564265E-4 -7.099857476062522E-4 0.0021685426367609234 1.554190464306683E-5 -3.5518095409312327E-4 -2.5717934217060046E-4 -0.0019515031918497666 -0.0010817889912743892 -5.972803865024898E-4 
0.9811028654414478 -2.6605774368371925E-4 -7.703319754278987E-4 0.0021938516823948144 1.6544943437081594E-5 -3.2830186350193513E-4 -1.788725671446846E-4 -0.0019455929084682367 -0.0010132874871806115 -5.076917641120139E-4 
