1167.0 13352.0 2998.0 
1203.0 13075.0 2900.0 
1163.0 13390.0 3057.0 
1129.0 13866.0 4173.0 
1192.0 13230.0 3033.0 
1192.0 13189.0 3049.0 
1127.0 13941.0 4078.0 
1127.0 13858.0 4183.0 
1138.0 13404.0 3178.0 
1198.0 13098.0 2988.0 
1167.0 13352.0 2998.0 
1154.0 13332.0 3185.0 
1163.0 13390.0 3057.0 
1175.0 13251.0 3048.0 
1134.0 13861.0 4137.0 
1163.0 13431.0 3047.0 
1214.0 13142.0 2794.0 
1163.0 13455.0 3039.0 
1129.0 13870.0 4146.0 
1190.0 13212.0 3232.0 
1154.0 13332.0 3185.0 
1134.0 13861.0 4137.0 
1192.0 13261.0 2962.0 
1161.0 13372.0 3089.0 
1134.0 13887.0 4129.0 
1134.0 13861.0 4137.0 
1134.0 13855.0 4152.0 
1129.0 13866.0 4173.0 
1127.0 13937.0 4142.0 
1198.0 13147.0 2826.0 
1132.0 13815.0 4276.0 
1192.0 13163.0 3094.0 
1166.0 13271.0 3139.0 
1161.0 13319.0 3174.0 
1214.0 13142.0 2794.0 
1142.0 13395.0 3281.0 
1131.0 13918.0 3902.0 
1198.0 13120.0 2863.0 
1189.0 13232.0 3320.0 
1127.0 13834.0 4221.0 
1164.0 13302.0 3119.0 
1161.0 13382.0 3073.0 
1214.0 13142.0 2794.0 
1129.0 13866.0 4173.0 
1214.0 13142.0 2794.0 
1136.0 13864.0 4133.0 
1214.0 13142.0 2794.0 
