1131.0 13930.0 3709.0 
1226.0 13165.0 2948.0 
1131.0 13930.0 3709.0 
1131.0 13930.0 3709.0 
1135.0 13899.0 3654.0 
1212.0 13273.0 2936.0 
1138.0 13296.0 3228.0 
1226.0 13165.0 2948.0 
1135.0 13899.0 3654.0 
1131.0 13930.0 3709.0 
1215.0 13108.0 2993.0 
1137.0 13796.0 3597.0 
1184.0 13126.0 3029.0 
1138.0 13287.0 3292.0 
1184.0 13130.0 2981.0 
1177.0 13184.0 3164.0 
1184.0 12943.0 3120.0 
1131.0 13930.0 3709.0 
1184.0 12943.0 3120.0 
1137.0 13796.0 3597.0 
1135.0 13916.0 3635.0 
1172.0 13403.0 3149.0 
1131.0 13930.0 3709.0 
1184.0 12943.0 3120.0 
1198.0 13299.0 2894.0 
1138.0 13296.0 3228.0 
1191.0 13297.0 2933.0 
1184.0 12976.0 3079.0 
1179.0 13155.0 3135.0 
1225.0 12993.0 2990.0 
1177.0 13227.0 3053.0 
1225.0 12993.0 2990.0 
1138.0 13321.0 3218.0 
1168.0 13515.0 3096.0 
1131.0 13930.0 3709.0 
1136.0 13835.0 3622.0 
1218.0 13032.0 2966.0 
1213.0 13259.0 2838.0 
1186.0 12975.0 3064.0 
1212.0 13002.0 2999.0 
1135.0 13899.0 3654.0 
1179.0 13110.0 3176.0 
1135.0 13899.0 3654.0 
1186.0 12975.0 3064.0 
1131.0 13901.0 3870.0 
1172.0 13466.0 3066.0 
1170.0 13407.0 3135.0 
