1203.0 13116.0 3000.0 
1200.0 13133.0 3007.0 
1138.0 13321.0 3138.0 
1162.0 13162.0 3431.0 
1161.0 13306.0 3059.0 
1162.0 13213.0 3415.0 
1161.0 13335.0 2998.0 
1263.0 13565.0 2835.0 
1179.0 13088.0 3159.0 
1138.0 13330.0 3074.0 
1162.0 13162.0 3431.0 
1203.0 13116.0 3000.0 
1142.0 13255.0 3288.0 
1138.0 13330.0 3074.0 
1179.0 13170.0 3061.0 
1138.0 13321.0 3138.0 
1179.0 13096.0 3095.0 
1138.0 13330.0 3074.0 
1138.0 13330.0 3074.0 
1243.0 13542.0 2854.0 
1131.0 13728.0 3528.0 
1145.0 13217.0 3117.0 
1131.0 13728.0 3528.0 
1171.0 13197.0 3258.0 
1172.0 13306.0 2896.0 
1186.0 13060.0 3026.0 
1145.0 13264.0 3102.0 
1243.0 13542.0 2854.0 
1171.0 13196.0 3403.0 
1192.0 13163.0 2972.0 
1162.0 13162.0 3431.0 
1233.0 13172.0 2897.0 
1243.0 13541.0 2855.0 
1187.0 13216.0 2994.0 
1179.0 13143.0 3080.0 
1161.0 13276.0 3091.0 
1184.0 13078.0 3117.0 
1247.0 13154.0 2879.0 
1142.0 13255.0 3288.0 
1192.0 13172.0 2908.0 
1161.0 13335.0 2998.0 
1254.0 13581.0 2848.0 
1218.0 13055.0 2929.0 
1184.0 13078.0 3117.0 
1162.0 13162.0 3431.0 
