1171.0 13357.0 2952.0 
1229.0 13247.0 2872.0 
1138.0 13383.0 3291.0 
1156.0 13326.0 3077.0 
1156.0 13326.0 3077.0 
1138.0 13311.0 3336.0 
1141.0 13390.0 3145.0 
1172.0 13279.0 2869.0 
1214.0 13214.0 3341.0 
1208.0 13236.0 3664.0 
1128.0 14048.0 3824.0 
1274.0 13150.0 3578.0 
1274.0 13150.0 3578.0 
1137.0 13692.0 3426.0 
1127.0 14149.0 3781.0 
1211.0 13264.0 2816.0 
1127.0 13828.0 3941.0 
1144.0 13382.0 3131.0 
1168.0 13438.0 2967.0 
1145.0 13333.0 3044.0 
1214.0 13214.0 3341.0 
1123.0 14228.0 4087.0 
1172.0 13279.0 2869.0 
1130.0 14038.0 3760.0 
1138.0 13461.0 3267.0 
1224.0 13208.0 3061.0 
1144.0 13468.0 3125.0 
1140.0 13473.0 3219.0 
1237.0 13248.0 2800.0 
1214.0 13254.0 3317.0 
1161.0 13327.0 3024.0 
1127.0 13910.0 3931.0 
1138.0 13527.0 3163.0 
1137.0 13692.0 3426.0 
1131.0 13741.0 3528.0 
1211.0 13264.0 2816.0 
1192.0 13255.0 2967.0 
1120.0 14254.0 4216.0 
1274.0 13124.0 3590.0 
1123.0 14144.0 4113.0 
1170.0 13372.0 2983.0 
