1127.0 14136.0 3690.0 
1125.0 13987.0 3773.0 
1216.0 13137.0 2898.0 
1131.0 13717.0 3822.0 
1134.0 14064.0 3697.0 
1172.0 13416.0 2855.0 
1247.0 13163.0 2815.0 
1198.0 13155.0 2834.0 
1192.0 13235.0 2936.0 
1192.0 13235.0 2936.0 
1123.0 14112.0 3710.0 
1134.0 14042.0 3738.0 
1122.0 13919.0 3857.0 
1234.0 13363.0 2725.0 
1161.0 13356.0 2896.0 
1182.0 13283.0 2961.0 
1198.0 13105.0 2995.0 
1126.0 13831.0 3819.0 
1126.0 13826.0 3900.0 
1164.0 13188.0 3073.0 
1122.0 13854.0 3903.0 
1190.0 13120.0 3010.0 
1138.0 13522.0 3067.0 
1153.0 13186.0 3174.0 
1168.0 13419.0 2871.0 
1134.0 14018.0 3747.0 
1134.0 14018.0 3747.0 
1180.0 13430.0 2822.0 
1219.0 13403.0 2765.0 
1161.0 13356.0 2896.0 
1273.0 13134.0 2954.0 
1120.0 13926.0 4080.0 
1122.0 13856.0 3875.0 
1187.0 13380.0 2874.0 
1120.0 13956.0 3956.0 
1125.0 14107.0 3732.0 
1135.0 13802.0 3691.0 
1156.0 13266.0 3044.0 
1137.0 14064.0 3584.0 
1243.0 13260.0 2764.0 
1167.0 13308.0 3018.0 
1133.0 13973.0 3773.0 
1143.0 13243.0 3073.0 
1226.0 13357.0 2758.0 
1234.0 13363.0 2725.0 
1192.0 13354.0 2916.0 
1139.0 13529.0 3023.0 
