1175.0 13254.0 3288.0 
1220.0 13201.0 2778.0 
1208.0 13263.0 2840.0 
1141.0 13365.0 3689.0 
1167.0 13354.0 3088.0 
1151.0 13330.0 3307.0 
1263.0 13165.0 2776.0 
1157.0 13575.0 3153.0 
1220.0 13194.0 2787.0 
1138.0 13413.0 3418.0 
1220.0 13194.0 2787.0 
1197.0 13096.0 3043.0 
1198.0 13275.0 2919.0 
1159.0 13554.0 3143.0 
1198.0 13213.0 2974.0 
1184.0 13216.0 3018.0 
1243.0 13166.0 2777.0 
1198.0 13243.0 2956.0 
1231.0 13183.0 2760.0 
1220.0 13201.0 2778.0 
1179.0 13282.0 3277.0 
1141.0 13365.0 3689.0 
1141.0 13365.0 3689.0 
1142.0 13441.0 3337.0 
1231.0 13183.0 2760.0 
1196.0 13229.0 2964.0 
1226.0 13177.0 2848.0 
1142.0 13330.0 3388.0 
1136.0 13502.0 3486.0 
1171.0 13264.0 3409.0 
1184.0 13025.0 3105.0 
1231.0 13183.0 2760.0 
1201.0 13165.0 2960.0 
1142.0 13467.0 3248.0 
1151.0 13340.0 3196.0 
1156.0 13291.0 3513.0 
1201.0 13165.0 2960.0 
1178.0 13287.0 3168.0 
1134.0 13441.0 3492.0 
1179.0 13182.0 3414.0 
1184.0 13004.0 3479.0 
1120.0 13593.0 3604.0 
1203.0 13058.0 2978.0 
1167.0 13354.0 3088.0 
1220.0 13201.0 2778.0 
1134.0 13441.0 3492.0 
1161.0 13338.0 3094.0 
1142.0 13467.0 3248.0 
1141.0 13399.0 3353.0 
1120.0 13597.0 3518.0 
1220.0 13201.0 2778.0 
1218.0 13010.0 2903.0 
1216.0 13242.0 2819.0 
1175.0 13254.0 3288.0 
1226.0 13164.0 2884.0 
1218.0 13002.0 2917.0 
1184.0 13025.0 3105.0 
1184.0 13036.0 3079.0 
1242.0 13170.0 2875.0 
1184.0 13033.0 3091.0 
1199.0 13188.0 2844.0 
1197.0 13340.0 2938.0 
1222.0 13176.0 2849.0 
1218.0 13002.0 2917.0 
1180.0 13510.0 3070.0 
1177.0 13206.0 3438.0 
