1219.0 13263.0 2822.0 
1183.0 13353.0 2977.0 
1192.0 13257.0 2967.0 
1255.0 13180.0 2989.0 
1202.0 13267.0 2926.0 
1161.0 13292.0 3079.0 
1201.0 13268.0 2935.0 
1149.0 13466.0 3205.0 
1132.0 13824.0 3575.0 
1161.0 13266.0 3178.0 
1247.0 13204.0 2745.0 
1138.0 13469.0 3143.0 
1161.0 13121.0 3194.0 
1211.0 13244.0 2888.0 
1132.0 13856.0 3530.0 
1132.0 13856.0 3530.0 
1238.0 13378.0 2740.0 
1155.0 13423.0 3296.0 
1203.0 13255.0 2992.0 
1121.0 13820.0 3604.0 
1255.0 13193.0 2965.0 
1249.0 13367.0 2729.0 
1138.0 13469.0 3143.0 
1238.0 13246.0 2787.0 
1222.0 13230.0 2820.0 
1247.0 13198.0 2780.0 
1198.0 13079.0 3147.0 
1198.0 13079.0 3147.0 
1161.0 13120.0 3240.0 
1192.0 13389.0 2906.0 
1209.0 13341.0 2813.0 
1161.0 13337.0 3022.0 
1214.0 13274.0 2856.0 
1161.0 13281.0 3130.0 
1203.0 13063.0 3138.0 
1203.0 13133.0 3128.0 
1178.0 13329.0 3004.0 
1229.0 13283.0 2760.0 
1138.0 13427.0 3268.0 
1192.0 13274.0 2914.0 
1212.0 13221.0 2863.0 
1132.0 13824.0 3575.0 
1192.0 13410.0 2884.0 
1138.0 13513.0 3086.0 
1198.0 13220.0 3073.0 
1226.0 13212.0 2794.0 
1200.0 13269.0 2859.0 
1187.0 13230.0 2997.0 
1210.0 13268.0 2921.0 
1183.0 13388.0 2941.0 
1222.0 13199.0 2848.0 
1238.0 13378.0 2740.0 
1238.0 13378.0 2740.0 
1139.0 13516.0 3073.0 
1137.0 13777.0 3523.0 
