1198.0 13410.0 2882.0 
1181.0 13250.0 3066.0 
1181.0 13212.0 3080.0 
1181.0 13269.0 2997.0 
1210.0 13248.0 2874.0 
1222.0 13186.0 2812.0 
1235.0 13510.0 2811.0 
1235.0 13510.0 2811.0 
1190.0 13163.0 3101.0 
1138.0 13911.0 3581.0 
1180.0 13319.0 3357.0 
1190.0 13335.0 2944.0 
1137.0 13691.0 3804.0 
1131.0 13887.0 3672.0 
1243.0 13159.0 3215.0 
1140.0 13468.0 3108.0 
1131.0 13909.0 3645.0 
1131.0 13883.0 3881.0 
1249.0 13153.0 3209.0 
1138.0 13899.0 3660.0 
1188.0 13598.0 2970.0 
1193.0 13499.0 2817.0 
1151.0 13363.0 3303.0 
1286.0 13134.0 2909.0 
1198.0 13410.0 2882.0 
1198.0 13404.0 2934.0 
1146.0 13478.0 3053.0 
1131.0 14040.0 3604.0 
1181.0 13250.0 3066.0 
1222.0 13161.0 2813.0 
1213.0 13181.0 3093.0 
1171.0 13342.0 3442.0 
1207.0 13267.0 2934.0 
1134.0 13832.0 4076.0 
1138.0 13909.0 3629.0 
1212.0 13182.0 2834.0 
1163.0 13380.0 2985.0 
