0.013846426247885336
0.015571433121353905
0.01071964116319032
0.00932507825336497
0.01228218573646427
0.012879009498331342
0.008716496573997588
0.008761932229402029
0.010080253624361084
0.00973699379004857
0.008576426497301844
0.010716067457262755
0.008416643328340821
0.010679978727171713
0.011062965126886464
0.008979131595936203
0.010361512380040388
0.015674736445420074
0.009448585797933689
0.012921242715809194
0.01068977476214848
0.015554130829672655
0.01248350541860279
0.011944934537642832
0.01126064490915408
0.011387209323131616
0.009374893956919934
0.010591879837153245
0.008845507067675255
0.015940756766945115
