4 6 10 18 14 11 7 8 15 0 9 19 12 5 2 13 16 17 1 3  
4 15 18 10 14 6 8 17 11 13 12 0 9 19 16 5 3 2 1 7  
4 15 18 10 14 6 8 17 11 12 0 5 9 19 2 13 16 7 3 1  
6 10 4 18 14 11 7 8 15 0 9 13 12 17 3 19 16 5 2 1  
4 15 18 10 14 6 8 17 11 13 12 5 9 19 7 1 0 2 16 3  
4 15 18 10 14 6 11 17 8 12 0 5 9 19 2 13 16 1 7 3  
4 6 10 18 14 11 0 8 15 5 9 19 12 17 3 13 16 7 2 1  
4 10 18 6 14 11 7 8 17 12 5 9 19 15 2 3 13 16 0 1  
4 10 18 6 14 11 7 8 17 12 5 9 19 15 0 3 13 16 2 1  
4 10 18 15 7 8 14 6 11 5 9 19 2 16 17 12 0 13 1 3  
4 15 18 10 14 6 8 17 11 12 0 5 9 19 2 13 16 7 1 3  
4 15 6 10 18 17 19 12 5 9 11 1 0 13 7 2 14 16 3 8  
4 10 6 18 14 11 7 8 15 0 9 13 12 17 3 19 16 5 2 1  
4 15 18 10 14 6 7 8 5 9 19 11 17 12 2 0 1 13 16 3  
4 10 6 18 14 11 7 8 15 0 9 13 12 17 3 19 16 5 2 1  
10 6 15 4 18 14 8 0 11 16 9 19 12 17 1 7 5 2 13 3  
4 10 18 15 7 8 14 6 11 5 9 19 13 16 17 12 0 2 1 3  
6 4 10 18 14 11 7 8 15 0 9 19 16 5 2 17 12 3 1 13  
10 6 15 4 11 14 8 0 18 16 9 19 3 17 1 7 2 13 12 5  
4 10 18 15 6 14 5 9 19 11 17 12 1 0 2 7 13 16 3 8  
4 10 18 14 6 11 7 8 17 12 0 1 5 9 19 15 2 3 13 16  
4 10 18 15 7 8 14 6 11 5 9 19 13 16 17 12 0 1 2 3  
4 10 18 6 14 11 7 8 0 12 5 9 19 15 3 17 13 16 2 1  
4 10 6 18 15 14 7 8 5 9 19 11 17 12 2 1 0 13 16 3  
4 15 18 10 14 6 8 17 11 13 12 0 9 19 16 5 3 2 1 7  
4 10 6 15 18 14 5 9 19 11 17 12 1 0 2 7 13 16 3 8  
4 15 18 10 14 6 8 17 11 13 12 0 9 19 16 5 7 2 3 1  
4 15 18 10 6 5 9 19 13 12 17 11 0 1 7 2 14 16 3 8  
4 15 18 10 14 6 2 8 17 12 0 1 5 9 19 11 7 13 16 3  
4 15 18 10 14 6 8 17 11 13 12 5 9 19 7 1 0 16 2 3  
6 4 10 18 14 11 0 8 15 5 9 19 12 17 3 13 16 7 2 1  
10 6 15 4 11 14 8 0 16 18 9 19 17 12 7 3 1 5 2 13  
6 10 4 18 14 11 7 8 15 0 9 13 12 17 3 19 16 5 2 1  
4 10 6 18 14 11 7 8 0 12 5 9 19 15 2 3 13 16 17 1  
4 10 6 15 7 18 11 5 14 9 12 17 13 1 0 2 19 16 3 8  
4 15 18 10 7 11 6 5 9 14 12 17 19 2 1 0 13 16 3 8  
10 6 15 4 11 14 8 0 18 12 9 19 2 17 1 7 3 13 16 5  
4 15 18 10 14 6 8 17 11 12 0 5 9 19 2 13 16 7 3 1  
4 10 18 15 6 14 7 8 5 9 19 11 17 12 1 0 2 13 16 3  
4 15 18 10 14 6 11 5 9 19 12 17 2 7 1 0 13 16 3 8  
10 6 15 4 18 14 8 0 11 16 9 19 12 17 1 7 2 13 5 3  
4 15 6 10 18 5 9 19 11 12 17 13 0 1 7 2 14 16 3 8  
4 10 18 15 7 8 14 6 11 5 9 19 13 16 17 12 0 1 2 3  
4 10 6 15 18 14 5 9 19 11 17 12 1 0 2 7 13 16 3 8  
4 10 18 15 6 14 5 9 19 11 17 12 2 0 1 7 13 16 3 8  
4 15 18 10 14 6 7 8 5 9 19 11 17 1 0 12 2 13 16 3  
10 6 15 4 11 14 8 0 16 18 9 19 12 17 1 5 2 13 7 3  
4 15 18 10 14 6 5 9 19 11 7 12 2 0 1 17 13 16 3 8  
10 6 15 4 18 14 8 17 11 16 9 19 12 0 1 7 2 13 5 3  
10 6 15 4 11 14 8 0 12 18 17 16 9 19 5 3 13 2 1 7  
4 15 6 10 18 5 9 19 13 12 17 11 0 1 7 2 14 16 3 8  
10 6 15 4 18 14 8 0 16 11 17 12 9 19 5 3 13 2 7 1  
4 15 18 10 6 17 19 12 5 11 9 1 0 13 7 2 14 16 3 8  
4 15 18 10 14 6 17 8 11 0 12 5 9 19 2 13 16 7 3 1  
4 15 6 10 7 18 11 14 5 9 19 12 2 17 1 0 13 16 3 8  
4 15 18 10 14 6 8 17 11 13 12 0 9 19 16 5 7 2 3 1  
4 15 18 10 14 6 8 17 11 19 12 0 9 13 16 5 7 2 3 1  
4 15 18 10 7 11 6 5 14 17 12 9 13 1 0 2 19 16 3 8  
10 6 15 4 11 14 8 0 18 16 9 19 12 17 1 5 7 2 13 3  
4 15 18 10 14 6 8 17 11 12 5 9 19 2 1 0 13 16 7 3  
4 15 18 10 14 6 7 8 5 9 19 11 17 1 0 12 13 2 16 3  
4 10 18 15 6 5 9 11 19 12 17 13 0 1 7 2 14 16 3 8  
10 6 15 4 11 14 8 0 16 18 9 19 12 17 1 5 2 7 13 3  
4 15 6 10 18 14 11 17 12 0 1 5 9 19 2 7 13 16 3 8  
6 10 4 18 14 11 7 8 15 0 9 13 12 17 3 19 16 5 2 1  
