4 10 18 14 6 11 15 7 8 17 12 9 13 0 1 16 5 2 3 19  
4 10 18 14 6 11 15 17 8 7 12 9 13 0 1 16 5 2 3 19  
4 10 6 15 8 17 11 12 5 9 14 7 18 13 2 1 0 19 16 3  
4 10 6 15 8 17 11 12 5 9 14 7 18 13 2 1 0 19 16 3  
4 10 6 15 18 14 11 7 8 17 12 9 19 0 1 13 16 5 2 3  
4 10 6 15 18 11 14 17 12 5 9 8 13 7 1 0 2 19 16 3  
4 10 18 14 6 7 8 11 17 12 0 15 5 9 13 16 1 2 19 3  
4 10 18 14 6 11 17 15 8 0 12 9 13 16 5 7 2 1 3 19  
4 10 18 14 6 11 17 8 15 12 5 9 7 13 2 1 0 19 16 3  
6 10 4 15 11 17 8 12 5 9 14 7 18 13 2 1 0 19 16 3  
4 10 18 14 6 7 8 11 15 17 16 5 9 13 12 2 0 1 3 19  
4 10 18 14 6 7 11 8 17 12 0 15 9 16 13 5 2 19 3 1  
4 10 6 18 15 14 11 7 8 17 12 9 19 0 1 13 16 5 2 3  
4 10 18 14 6 11 7 8 17 12 9 15 0 19 5 3 13 16 2 1  
4 10 18 14 6 11 17 15 8 0 12 9 13 16 5 7 2 1 3 19  
4 10 6 15 18 14 11 7 8 17 12 9 19 1 0 13 16 5 2 3  
4 10 18 14 15 6 11 7 8 17 12 9 1 0 19 5 2 13 16 3  
4 10 6 15 8 17 11 12 5 9 14 7 18 13 2 1 0 19 16 3  
4 10 18 14 6 11 7 8 17 12 9 15 2 19 5 13 16 0 1 3  
6 10 4 15 11 5 8 17 12 9 19 7 18 13 0 1 2 16 3 14  
4 10 18 15 6 11 14 17 12 5 9 8 13 7 1 0 2 19 16 3  
4 10 6 15 7 8 11 17 12 9 19 5 18 13 0 1 2 16 3 14  
4 15 18 14 6 11 17 10 12 5 9 8 13 7 1 0 2 19 16 3  
4 10 6 15 5 18 11 14 17 12 7 9 13 2 1 0 19 16 3 8  
4 10 18 14 6 7 8 11 17 12 0 15 9 13 16 5 1 2 3 19  
4 10 18 14 6 11 17 8 15 0 12 9 19 5 2 13 16 7 3 1  
4 10 18 14 6 11 7 8 17 12 0 15 9 16 2 13 5 19 3 1  
4 10 18 14 6 11 7 8 17 12 9 15 0 16 13 5 2 3 1 19  
4 10 18 14 6 15 17 11 8 0 12 9 13 16 5 7 2 1 3 19  
4 10 18 14 6 11 7 8 17 12 9 15 0 1 2 19 5 13 16 3  
4 10 18 14 6 11 17 15 8 0 12 9 13 16 5 7 2 3 1 19  
4 10 18 15 5 6 11 14 2 17 12 9 19 7 1 0 13 16 3 8  
4 10 18 14 6 11 15 0 8 17 12 9 19 7 3 13 16 5 2 1  
4 10 18 14 6 11 7 15 17 12 8 5 9 13 2 1 0 19 16 3  
4 10 18 14 6 11 17 15 8 0 12 9 19 16 5 7 3 13 2 1  
4 10 18 14 6 11 7 8 17 12 9 15 5 19 0 1 13 2 16 3  
4 10 18 14 6 11 7 8 17 12 9 15 0 3 19 13 16 5 2 1  
4 10 18 14 6 11 17 8 15 16 5 9 19 2 1 0 13 12 7 3  
4 10 18 14 6 11 17 15 8 0 12 9 19 16 5 7 2 1 13 3  
4 10 18 14 6 15 17 8 11 0 12 9 13 7 3 19 16 5 2 1  
4 10 18 14 6 11 7 8 17 12 9 15 5 13 0 1 19 2 16 3  
4 10 18 14 6 11 15 7 17 12 5 8 9 13 2 1 0 19 16 3  
4 10 18 15 14 6 11 7 8 0 12 17 13 16 5 9 1 2 3 19  
4 10 18 14 6 11 0 15 8 17 12 7 13 16 5 9 1 2 3 19  
4 10 18 14 6 11 17 8 15 16 5 9 19 3 1 0 12 7 2 13  
4 10 18 11 6 15 5 17 14 12 7 9 13 2 1 0 19 16 3 8  
4 10 18 14 6 15 0 11 8 17 12 9 19 16 5 2 7 1 3 13  
4 10 18 14 6 7 11 8 17 12 0 15 9 13 16 5 2 3 1 19  
4 10 18 14 6 11 7 8 17 12 9 15 0 19 5 3 13 16 2 1  
4 10 18 14 6 11 7 8 17 12 9 15 0 16 13 5 2 3 1 19  
4 10 18 14 6 11 17 15 8 0 12 9 13 16 5 19 2 1 7 3  
4 10 18 14 6 11 7 8 17 12 9 15 0 1 19 13 16 5 2 3  
4 10 18 14 6 7 11 8 17 12 0 15 9 19 3 13 16 5 2 1  
4 10 6 7 8 11 5 18 15 14 17 12 9 13 2 1 0 19 16 3  
4 10 18 14 6 15 0 11 8 17 12 9 1 5 19 7 2 13 16 3  
4 10 18 14 6 11 0 8 15 17 12 9 1 5 19 7 3 2 13 16  
4 10 18 14 15 6 11 7 8 0 12 5 9 13 2 1 17 19 16 3  
4 10 6 15 18 11 14 5 12 17 7 9 13 2 1 0 19 16 3 8  
