10 6 4 15 18 14 11 5 9 19 8 7 17 16 2 13 12 0 1 3  
6 10 4 18 14 11 7 8 0 15 5 9 16 13 2 3 19 12 17 1  
10 6 15 4 14 5 11 18 7 8 9 19 2 0 13 16 12 17 1 3  
10 6 18 11 4 14 8 15 0 12 9 19 16 5 17 1 7 2 13 3  
10 6 18 11 4 14 8 15 0 12 9 19 16 5 17 1 7 13 2 3  
4 15 18 10 14 6 11 5 9 19 0 8 12 7 1 17 2 13 16 3  
4 10 6 18 15 11 5 9 19 17 12 7 13 0 1 2 16 3 8 14  
10 6 4 15 18 14 11 5 9 19 8 7 17 16 2 13 12 0 1 3  
10 6 15 4 14 11 5 8 0 12 9 13 16 17 1 7 2 18 3 19  
6 10 4 15 11 5 9 19 18 16 17 1 2 7 13 12 0 8 3 14  
10 6 11 18 14 4 8 15 7 5 9 19 2 12 17 1 0 13 16 3  
4 10 6 18 11 15 5 9 19 17 12 2 0 1 7 13 16 3 14 8  
10 6 18 11 4 14 8 15 0 12 9 19 16 5 17 1 7 3 2 13  
10 6 18 11 14 4 8 15 0 12 9 19 5 17 1 7 2 13 16 3  
10 6 4 15 14 18 11 7 2 17 1 13 16 5 9 19 12 0 3 8  
6 10 4 15 18 11 5 19 9 16 17 1 2 7 13 12 0 3 14 8  
4 10 6 18 15 11 5 9 19 17 1 16 7 13 2 12 0 3 14 8  
10 6 18 11 4 14 8 15 0 12 9 19 16 5 17 3 13 7 2 1  
10 6 18 11 4 14 8 15 17 12 9 19 16 5 0 1 7 13 2 3  
10 6 4 15 14 18 11 7 5 8 9 19 2 17 13 16 12 0 1 3  
10 6 18 11 4 14 8 15 0 12 9 19 16 5 2 13 7 3 1 17  
4 10 6 18 15 11 5 9 19 2 7 13 16 17 1 12 0 3 14 8  
4 10 6 18 15 14 11 7 0 12 5 2 17 1 19 9 13 16 3 8  
10 6 15 4 14 12 5 8 0 11 9 13 16 17 1 7 18 2 19 3  
4 10 6 18 15 11 5 17 12 2 9 19 16 0 1 7 13 3 14 8  
4 10 6 18 11 15 5 9 19 2 13 12 17 1 0 8 7 16 3 14  
10 6 11 4 18 14 8 15 0 12 9 19 16 5 17 2 7 3 1 13  
10 6 18 11 4 14 8 15 17 12 9 19 16 5 0 1 7 13 2 3  
10 6 18 11 4 14 8 15 17 12 9 19 16 5 0 2 7 3 13 1  
6 10 4 15 18 14 11 5 9 19 8 12 17 13 16 0 1 7 2 3  
10 6 18 11 4 14 8 15 0 12 9 19 16 5 17 2 3 1 7 13  
10 6 4 15 18 14 11 5 9 8 19 17 12 0 1 7 2 13 16 3  
10 6 18 11 4 14 8 15 0 12 9 19 16 5 17 7 3 13 2 1  
10 6 18 11 14 4 8 15 7 5 9 19 13 12 17 1 0 2 16 3  
4 15 18 10 14 6 11 5 9 19 8 12 0 7 1 17 2 13 16 3  
