9.783067177540627E-10 1.001392726604257 
0.8512691792759737 -0.7726037170486967 
0.8233733498196887 -0.45835027424703007 
0.45423432584226153 -0.12344218733595483 
0.6526234523134925 -0.45758389569642166 
0.618482748592573 -0.1247279134439711 
0.2571963188554648 0.24292540878085989 
0.409453356982102 0.24108273728618496 
0.18236099047369286 0.6698013472166403 
0.08201541999993939 0.6707192194952591 
0.004458047049049785 0.934105012790902 
0.041593669218947485 0.7576529764351276 
0.012661185838866357 0.883929614046635 
0.19040810024545407 0.6209780706644257 
0.43846849594297055 -0.07133173632652079 
0.4208005122340932 0.11520230410142532 
0.057497923697383546 0.7055106942690401 
0.4168797436447004 0.14483569544469854 
0.6277263713692659 -0.27140349148717663 
0.642974370914045 -0.42577359518904395 
0.6300157338581189 -0.3025022740313859 
0.19610113010428643 0.5831608871337576 
0.234222774251277 0.31141783361539266 
0.04692839026948126 0.7383519801562746 
0.23780067448619308 0.29296614207331084 
0.03387351912313197 0.7875941631396337 
0.623875960025652 -0.21414790755825105 
0.41315479290175183 0.20997838349156644 
0.8437840992762171 -0.7455137754960712 
0.6353596911897683 -0.3653967651383052 
0.19412153584950742 0.6002467141115788 
0.4147866179084375 0.1710830125900566 
0.6226991789622096 -0.1871002953519078 
0.21644811932834146 0.42928203888690303 
0.43184317534681804 -0.019310916561658252 
0.632335583135413 -0.31840389484935966 
0.8396214870878037 -0.6969301324731949 
0.24208560475714994 0.2749891690603142 
0.6460322281977358 -0.4436486049463531 
0.02361586141646932 0.8316841168214691 
0.4296452481872176 5.944666415138431E-4 
0.6403517892494723 -0.39794532142801287 
0.0012333302023195825 0.9698507831670967 
0.6209419689615865 -0.15407966558123345 
0.42592112745326705 0.03984877309495203 
0.8464931649751984 -0.7607046527793305 
0.06709794803096536 0.6888534428438494 
0.186860972080046 0.6521059277483812 
0.4342760273487827 -0.04033629754115349 
0.2228816006845217 0.38264044037489514 
0.8290096579223905 -0.5648020762376432 
0.42131725962729116 0.09113367256589758 
0.6259296476777527 -0.2453014909707844 
0.027118519090163218 0.8163405200278524 
0.19975968878640243 0.5557401200191011 
0.4417666757730338 -0.09059178951917153 
0.20578041316265444 0.5120953119750149 
0.2253874939602122 0.37265664548996275 
0.8277967425539049 -0.5434931183160736 
0.02088684726590842 0.8496348178415258 
0.826318994241551 -0.5163515282679217 
0.21252735073922585 0.4601049766076097 
0.24567304890911987 0.2622709239733743 
0.23048495196138954 0.332860896351821 
0.21247565826483716 0.4854650104202696 
0.44367584218316186 -0.09986317260233493 
0.8407714537256588 -0.7219108460380954 
0.2192727148103576 0.40840136489328827 
0.22012600135320276 0.4033296988019531 
0.8246626518422174 -0.4838592447998361 
0.8366932932860744 -0.6786871684264613 
0.016678717193996703 0.8641290274470058 
0.8323324002790835 -0.6189817897218072 
0.8361314830079075 -0.671496359061817 
0.8260753912203487 -0.5108626906987035 
0.053273681557633054 0.7228237690058104 
0.20248111872595348 0.5358528975097385 
0.6375558166221003 -0.38671349457855475 
0.415268678675327 0.16491307967761795 
0.4101858530813868 0.23177970432599015 
0.07503156754598689 0.6747124048414935 
0.8248533703629766 -0.4880820135402613 
0.8345838442181268 -0.6516309365448646 
0.6262389155731525 -0.25015784037532784 
0.8310016828348232 -0.5982406858480772 
0.6229303965132186 -0.19913801246853385 
0.20878090269499633 0.48733762349078075 
0.05127020356147732 0.7236431710316358 
0.6333487637451355 -0.34369972574627394 
0.4244174236698214 0.05753588643199386 
0.21436949224552862 0.44676591097274654 
0.25024159494742504 0.25094525176462273 
0.6191015103489041 -0.13559881125485046 
0.411417355819627 0.21495252339016194 
0.8328421414539675 -0.626540698055924 
0.6517923792459669 -0.4542576312978375 
0.8302939439004701 -0.586292274871471 
0.8404598105140554 -0.7186700772131365 
0.1861084660967583 0.6544933383552435 
0.013438672531173423 0.8798350487189798 
