0.8516360249980933 -0.7720681558949006 
8.834529546789438E-10 1.002520660499009 
0.8234486916678654 -0.4593743372187242 
0.6184273788984057 -0.12327314349847311 
0.6534026195588648 -0.45727213434140124 
0.4531359270777267 -0.12282989796805706 
0.25811021640741555 0.24403154547044772 
0.4093393625943786 0.2433542057050914 
0.08351346099542736 0.6713702680825412 
0.1847421746467759 0.666885874545611 
0.1963347695408123 0.5817099813463492 
0.6370863915238669 -0.3822164691234624 
0.6411913025706583 -0.4136970626784014 
0.6235904639760851 -0.20960055388476329 
0.2198684246567287 0.40385349575666907 
0.6336573746537785 -0.3469195791828488 
0.6462181537878638 -0.44432729413808303 
0.24690187460739202 0.2615544012835268 
0.4119366482124996 0.20865685983352428 
0.19030252531620745 0.6230109162499367 
0.8258203526413468 -0.5067211170444215 
0.24183721540786296 0.27654977075434667 
0.6269398311058062 -0.24471936900822314 
0.23288663376571087 0.31899898121941356 
0.2288546446477575 0.3425962274501859 
0.20166478101050916 0.5445037838633033 
0.22374563707658163 0.37676360170775564 
0.21650952867364068 0.4296998803168585 
0.8246210573847492 -0.4826932403963399 
0.06715170410456331 0.6851844223697655 
0.05287081391602011 0.7189876262606958 
0.009334551904062127 0.9071466578992773 
0.4166588166622265 0.1479561546470155 
0.8287398256343366 -0.5597032219069566 
0.2085623397524661 0.4898667697644138 
0.21119503600052614 0.46915304119499485 
0.18485395912998173 0.6564949421139978 
0.07731060522359767 0.6731417107382008 
0.44089172095255114 -0.08549482599217821 
0.428439727776234 0.014689502832404137 
0.4136401463862357 0.18635206041482577 
0.0036344022836593375 0.9414897059954981 
0.8337993240421337 -0.6371469028274968 
0.18934468803933305 0.6285659985075533 
0.2282768687514599 0.3655467156261669 
0.8393586921688576 -0.7053812971399656 
0.06205753650799237 0.6953647821268916 
0.4154176854914844 0.16888363054413352 
0.4204576936066843 0.10105757321604382 
0.43662726883471514 -0.052998325063172744 
0.8476708452688665 -0.7519108680809503 
0.8301438156534895 -0.5838935398404868 
0.43145294938184997 -0.015665345128787395 
0.4485313177397108 -0.100595283124856 
0.43280358331954105 -0.027593343703997304 
0.03484317635793961 0.7845114779215843 
0.25718865749610015 0.24405923379846997 
0.4094399652574175 0.24177673492442062 
0.837385075331071 -0.6861500083147619 
0.8356249456665369 -0.6621140515730805 
2.2642829121077845E-4 0.9869351882831655 
0.6225566454569911 -0.18141481446567775 
0.028961185452927585 0.8091362969748951 
0.046190537007687604 0.7409050046775568 
0.020025242074221627 0.8519501391753828 
0.014437921955733013 0.899262505716979 
0.042657797718947954 0.7571361714821587 
0.03274702968527876 0.7966090036062387 
0.8275314935377847 -0.5378280200428556 
0.2368407577052612 0.3008077174820656 
0.42296046239627866 0.07270349100671279 
0.20637232219955406 0.5071471508704288 
0.42781339609974267 0.023915629672500535 
0.014785852815232342 0.8766889096075972 
0.8410147100148976 -0.7233742116543298 
0.8309757561755626 -0.5973655969123997 
0.6197650970275792 -0.14625976093792142 
0.4224547589486802 0.08475629588644913 
0.021932384081059283 0.8398970716217531 
0.6277734098128279 -0.2716494156092897 
0.43651347607297797 -0.05161173482251739 
0.6210728172878328 -0.16833373474165242 
0.4184585413853327 0.12512790701838275 
0.442355471567871 -0.08888094681868935 
0.21348007403014546 0.45217297853068356 
0.03880138353522572 0.7682538884475065 
0.4254722904520372 0.04419745647406687 
0.8438341500695367 -0.7456168981914176 
0.4246077157617638 0.05320420471742561 
0.21494382464613931 0.4460527109853716 
0.6272380849857392 -0.26015111442762107 
0.41881465372141735 0.12083004638571197 
0.8422428757325348 -0.733699556658553 
0.6519549993108871 -0.45633208600104846 
0.026197952695383553 0.8217486170736853 
0.8362123112259405 -0.6718960226958292 
0.0013203689751830061 0.9657285682145172 
0.024644586235511384 0.8280196070280156 
0.23615733395049512 0.3011862765882682 
0.4496860826597763 -0.11536787573919564 
