0.8515346103894736 -0.7727971215407982 
8.30123302688647E-8 1.0008663610229955 
0.65198588171413 -0.45748640429194254 
0.618401852391982 -0.12360304358135485 
0.8233605461689149 -0.4581489685530002 
0.45431851950557556 -0.1234779615967201 
0.4093873748000808 0.24261182868673084 
0.25823175093082806 0.24286752760485503 
0.18221336258783144 0.6706216534478917 
0.08359223939225416 0.6708942848882516 
0.4389994840723514 -0.0716826478903377 
0.43339104694695163 -0.0330990268281464 
0.023893276212851255 0.8303016355488708 
0.42138040698511103 0.08958045368417758 
0.059009298915210895 0.702295088934473 
0.6268791236896355 -0.2595596608630666 
0.0499402160804448 0.7277351809448598 
0.19541148569473732 0.5888878099039145 
0.002650832869947148 0.9501784038901929 
0.825325566558388 -0.4972773567856799 
0.018402794526465982 0.8558136024894213 
0.41238444855871176 0.20242603794047015 
0.03681683940113156 0.7806372151632842 
0.22864887823161417 0.3435888494572425 
0.6368137603404858 -0.37983642270164597 
0.043433609814305635 0.755551003035841 
0.8354972345145231 -0.6634745086045121 
8.257025787175021E-4 0.9727664271527141 
0.42543705799144765 0.04389450797917699 
0.6253450100284196 -0.2366750898417219 
0.8303192165557832 -0.5871133802549009 
0.2462820649209066 0.26069596148862856 
0.01655025388246148 0.8782255716388845 
0.19219449975064928 0.6089685517715306 
0.6236708807053586 -0.2110525424972836 
0.43119060764526174 -0.013470058041095632 
0.6209877682412819 -0.16747003820817788 
0.8287352918337778 -0.5602684416159527 
0.2249475285218345 0.3679147550309678 
0.44365168940537614 -0.09981354398996556 
0.1995407515453891 0.557787680827629 
0.8276561697882513 -0.5400819551385592 
0.6196383458327859 -0.14461117447826471 
0.622386374020051 -0.19054972358225597 
0.18924558321229284 0.6289986566476704 
0.8319039063310856 -0.608468425574684 
0.41066449797605553 0.2302029626901833 
0.006679659737078458 0.9185101061530362 
0.6294997847162307 -0.2959626733005454 
0.21780965044916192 0.42745882850192285 
0.8369333040623582 -0.6809929685136333 
0.6315213726326891 -0.32219709561980997 
0.25638114852933974 0.2531769594875814 
0.41901485204519173 0.11771469519799894 
0.6327384339235403 -0.3364541445650823 
0.20380446405777378 0.525325066602867 
0.04564835105167403 0.7422762864078639 
0.8419919776729249 -0.7323118670485623 
0.03288786680469341 0.7953293469491841 
0.24004913426756608 0.28277375511563624 
0.2186693070388292 0.4126912514156274 
0.646932849442756 -0.44733582904791785 
0.010700967329683814 0.8944399609389588 
0.4174506165873798 0.1397967522452992 
0.41636560256027055 0.15108484132500716 
0.6402477874506114 -0.40967203845273337 
0.23551450197669965 0.3042821027181997 
0.8334380199862801 -0.6315975207368789 
0.029490363640625072 0.8060534785389399 
0.06470598917593127 0.6889626588145829 
0.07708143878554222 0.6725787314594812 
0.24144317682794372 0.27683320553087953 
0.8394079078920349 -0.699942785238318 
0.41493527320808593 0.17651874816755414 
0.21389613560234783 0.4483908292908872 
0.44551626769682207 -0.10792085660480849 
0.45023062585369034 -0.12043619708945472 
0.22296485959360166 0.3816838160060927 
0.8454103441018749 -0.7554520697320721 
0.4288607050403301 0.009581487418804272 
0.42026099436093534 0.10305004380523561 
0.23212771255062525 0.3226942830798053 
0.6429602173168928 -0.42797593259199684 
0.425872508606459 0.03989734689503509 
0.18475370544901043 0.6565229061338527 
0.6346545729205824 -0.35792060384308505 
0.4280898362139583 0.016051926247985304 
0.07175951876092174 0.682027047601984 
0.20076897776291713 0.5482178670091239 
0.6312036368172218 -0.2962080021042806 
0.20800200377407607 0.4934171116017423 
0.4151487161254298 0.1735437817652241 
0.20650256444850312 0.5048081219856005 
0.21055294220761547 0.4734739548001341 
0.644055962460518 -0.4345510568422532 
0.8395514481674218 -0.7102820452961798 
0.8418423829594195 -0.7223124070136775 
0.8478072996644871 -0.7657973180688669 
0.2131469107307086 0.45452518238550416 
0.6352904905444874 -0.36227610487653894 
