0.8517771634022965 -0.7729583138463264 
3.6611809194255635E-6 0.9990319443148392 
0.8234895157351758 -0.4608316672730219 
0.6524178384307484 -0.45791049416954926 
0.4541755909637825 -0.12388113970065068 
0.6187113929875686 -0.12908662903878063 
0.2569475050755261 0.2427193418588788 
0.4093821700255402 0.24180346295409968 
0.08233969865852496 0.6702980998543061 
0.18231826884356805 0.6697511403048799 
0.422114821115091 0.08054733731257972 
0.23388120824165773 0.31339060359274556 
0.2098788422221909 0.47833824141985515 
0.04590363978402656 0.7410533752571886 
0.06334664667587536 0.6911627405459488 
0.05695547367072079 0.7064777352983473 
0.8254125525642056 -0.4989220970984068 
0.439125419311216 -0.07606450329651698 
0.8297874189185918 -0.5785412639372038 
0.2010716502346252 0.5489742596265501 
0.20597712408454533 0.5083665286219359 
0.19006487707189715 0.6397066764978369 
0.827724782788512 -0.5424694030695943 
0.22671973936243034 0.35580125922671907 
6.785684394875618E-4 0.9747978186393591 
0.19311776410326117 0.6027290000124759 
0.4254737466598875 0.045721205857011435 
0.23703676268534402 0.2961308036289928 
0.8429839830074008 -0.7403316421250276 
0.03159881800455827 0.7965432722890934 
0.6480081459807202 -0.45111625714960496 
0.026551995370476866 0.8180700340763118 
0.24959920870352903 0.25148511783853167 
0.43595399039381255 -0.047086247097801924 
0.013352957310577618 0.8795911084975235 
0.196547854031399 0.5800192171778475 
0.03559537122755128 0.7800062511683757 
0.6420663681119763 -0.42304250096180807 
0.6407614566352612 -0.41379679735396474 
0.41962389203048367 0.11924705075858534 
0.848397127437428 -0.7679669869466129 
0.2032560504114383 0.529054166017946 
0.6266434070001249 -0.2561228102628072 
0.6224331956240754 -0.19126827518226527 
0.6283847677668047 -0.27323969949342636 
0.41633078214483715 0.1507718131091518 
0.0031032712916548577 0.9446566306432949 
0.8265865378332319 -0.5214207824053576 
0.21385052230577709 0.44811214182234693 
0.019105500795543826 0.8517388633628084 
0.42912206710382395 0.00873730238531892 
0.8377401809916506 -0.6911286133254175 
0.42669846645057724 0.030499698497854867 
0.6210698428258876 -0.1693263232622498 
0.023147276751137286 0.8336490449976769 
0.6370707469075672 -0.38188836293730516 
0.6249036945009866 -0.23037269929300666 
0.4133795430626118 0.18902829501805557 
0.4478924692223351 -0.1153558977201641 
0.8311654213183535 -0.600882289464584 
0.8413055786448713 -0.7244933949434481 
0.8392928158579984 -0.7071749340347238 
0.6200504795250457 -0.15209156671547563 
0.634718071504839 -0.35917018494619374 
0.24243843589790165 0.2727942553128549 
0.6318030460707625 -0.32579461259530584 
0.8358456742930039 -0.6682991028762415 
0.4184769221174346 0.12426058256713195 
0.4442601899456434 -0.0961372865210858 
0.6297156310790482 -0.2991019602345001 
0.24338293822655288 0.2691431191142381 
0.21654691369957768 0.427732629290788 
0.8320498256206378 -0.6147589468972967 
0.22122849036108283 0.3937919229428663 
0.41287918526371864 0.21167190224853843 
0.6237961591627474 -0.2135109467994597 
0.43052902893253014 -0.007915630252530377 
0.04022748765661105 0.7617788390481488 
0.6302593754159751 -0.3062325654444521 
0.8331525612960662 -0.6311806128009679 
0.011670866062722522 0.890039600814836 
0.8356299709870355 -0.6563002882067495 
0.19539231910027172 0.5903694026736652 
0.21944420882464494 0.4160667981851093 
0.4333889424702979 -0.03354911031758292 
0.04275416887505826 0.7523766368893843 
0.059863557645106535 0.6989804596606505 
0.004356938728530019 0.9339315940849185 
0.6367607730901184 -0.3797726062814287 
0.4151143517181226 0.16635390480813086 
0.4443863405105566 -0.10311964679676737 
0.009280507520064166 0.9016658597181185 
0.02162947739613702 0.8502775725937106 
0.414534015449 0.17396275426333932 
0.21479462567247504 0.440956206437659 
0.2197333677636861 0.40458911127002445 
0.6189424846982476 -0.1331977645422554 
0.18625536254441805 0.6524293782990386 
0.40990730487041305 0.23486850409168666 
0.2244295412057608 0.3710228339307261 
