6.671827167503998E-10 1.0019732481272299 
0.8517038608276696 -0.772633871289916 
0.8234357113521993 -0.45933916646048617 
0.6515505490980071 -0.4570067208753641 
0.6185722618364207 -0.12617673412398872 
0.45349873461868184 -0.12327511363881015 
0.4094784267917947 0.24110903840294812 
0.2579195535253492 0.2434404341642413 
0.18240908682656207 0.6699160179313547 
0.08210751373562386 0.6709441274769706 
0.21662389147638553 0.4283310232211463 
0.2096483525385907 0.48121771263981694 
0.008974160938363025 0.9049338769251507 
0.22767948495058357 0.35046347939151173 
0.22053053382081672 0.4011686206144741 
0.8441631115270731 -0.7475704709684534 
0.4377141058383581 -0.05377209400977699 
0.4322784193590111 -0.022261707084702344 
0.6328835068673467 -0.33806788022357026 
0.014764814122927067 0.8742333347253517 
0.0011234501128236409 0.9681216342620652 
0.4192975423385514 0.12302896277651398 
0.42433708244882173 0.05623432110197231 
0.4120668589201662 0.20800701331607563 
0.620348817278464 -0.15691017563772208 
0.4166430119557787 0.14775425324960395 
0.6347499535853276 -0.35859024713430826 
0.042953211693747884 0.7608158567528158 
0.6306893532746622 -0.30849450411418283 
0.6462692189800653 -0.4445333223635939 
0.18639408504678012 0.6470695275511018 
0.20121780091512176 0.5452561892717643 
0.8344364411488858 -0.6478973768766231 
0.19886992893579372 0.5632222647449759 
0.20724805744038716 0.49938200815334843 
0.6368279390618206 -0.37969470671348415 
0.8287695625380171 -0.5603868525488235 
0.052705304261817555 0.7242546376738503 
0.8317403151492265 -0.6085374869264814 
0.24212964911364876 0.29736919326505556 
0.8330828693274062 -0.629884603958653 
0.44356599105384653 -0.09962656267792536 
0.4475252635185354 -0.11362921049715342 
0.4264047525741482 0.033715608717784055 
0.03595834094125337 0.7797855402652448 
0.03431871208963385 0.7867431641575363 
0.006174412689936737 0.9279549216465829 
0.8379862537808269 -0.686831206973567 
0.6258388169726938 -0.2216185953154919 
0.4207501534529946 0.10169998169145718 
0.4412997397093614 -0.08168234935357216 
0.4307706801268373 -0.009456507099674515 
0.6266859266941578 -0.2564736045024415 
0.04657028175926531 0.7392513641756457 
0.8421019269206509 -0.7262898372642752 
0.22999711473239262 0.33558738123690923 
0.0688215491549807 0.6823489497738963 
0.02889400718877555 0.8086792460331045 
0.6212808906494816 -0.17226890578198562 
0.8246309504336689 -0.48314939674118185 
0.4129566970399899 0.19507415543147386 
0.07758294542394822 0.6723218506191505 
0.003235980234169711 0.9509457365754979 
0.4234307421607433 0.08147903756513157 
0.4392889605468111 -0.06722988128056896 
0.2201464056620165 0.40152578445765297 
0.4144938917989212 0.17509083261831934 
0.24730563052859883 0.25775453283006466 
0.428776121877901 0.011408291042059895 
0.8396223748227367 -0.7107800385731564 
0.2039586331034819 0.524980843119034 
0.8251653340747462 -0.4938282900805334 
0.060947505058340457 0.6973838245031363 
0.23556894005625803 0.3044541745974289 
0.2047234929230464 0.518908523842721 
0.830200973196846 -0.5836378618635808 
0.6228945594199199 -0.19819571835972116 
0.6393261199683904 -0.4017768057730777 
0.4159029559669103 0.166255745913189 
0.6420009180956023 -0.4222165751307211 
0.826204738983584 -0.5130966538630961 
0.6426343036296388 -0.42628736454331306 
0.02729710484891215 0.8342537229293266 
0.2334498361121803 0.31684928736263523 
0.8362494742623162 -0.6718979077688106 
0.021814461035587252 0.8410899025123351 
0.1978214095142562 0.5863127631326918 
0.6242250893683966 -0.21938465880031235 
0.6302304889126707 -0.29428736742397515 
0.6224356950579284 -0.1907870680768441 
0.003962129202388809 0.9379667822956881 
0.04427115148628835 0.7474666846674742 
0.02812274628136824 0.8123688094358806 
0.19033193184139718 0.6317352785225998 
0.8304783393185555 -0.5891801881152693 
0.827745204962948 -0.5421162215881343 
0.6269900164664208 -0.2600332010979555 
0.6387050907692298 -0.39725259610177 
0.01685038779035941 0.8629970044190393 
0.628407100642568 -0.28042440332251845 
