1.2697262285164823E-6 1.000226278567302 
0.8522391021384712 -0.7728641662263942 
0.6528303034520845 -0.45757564833826453 
0.8233366136723416 -0.45770847108483553 
0.6184991202865926 -0.1254582456506618 
0.4539833697820052 -0.12368950213804138 
0.25734187400943376 0.24296006324385186 
0.4093789997522455 0.2421119712955093 
0.08350716392882013 0.6703599557646179 
0.18226589475616212 0.6702066368806548 
0.42127601656789926 0.09278505967160397 
0.2308863762989431 0.3298834413263232 
0.4175170571322437 0.13621713917899478 
0.02094761255777792 0.8478081381624571 
0.42455662751331213 0.05359652941388113 
0.20471620614502178 0.5187490762187825 
0.8301334216252358 -0.5838553487191643 
0.029589382343066493 0.8062301383118397 
0.8328508876559585 -0.6203847200719084 
0.23636299766117197 0.2994637276527402 
0.6407163544793242 -0.4132935873459906 
0.43814843739359904 -0.06942675989816367 
0.41580824154936025 0.15840986028564227 
0.6337878128377494 -0.34873238614640295 
0.005198277731477879 0.9278702540792714 
0.8410600045347656 -0.7246218591149397 
0.2264520305857098 0.35788132624197583 
0.6237210105748101 -0.2111991090488909 
0.8354920424681012 -0.6633210196142165 
0.4340835682372727 -0.03906935008295496 
0.4317139215972578 -0.018744557177709863 
0.4445900930379852 -0.10427727871873545 
0.008554860313952792 0.9118978320198712 
0.20894509296962283 0.4857641722164606 
0.0016409264666142898 0.9628776459160197 
0.8337249623241083 -0.6379954805721486 
0.8277262198458581 -0.5418691933479535 
0.4116125839740535 0.2126410831805976 
0.8455344419871142 -0.7501022776897295 
0.41351595087637777 0.1873573891984005 
0.6278268669263923 -0.27320889750379707 
0.014068867285633085 0.8764240891525981 
0.6377006196831091 -0.375447193972537 
0.6253720505576827 -0.23373200922619197 
0.828938550207921 -0.5639802985700311 
0.011988163298520094 0.8921852665632433 
0.2391907732964702 0.2862343665578531 
0.24376762277785013 0.26796846060688007 
0.4294705084936134 0.002291507863783975 
0.05288275143385848 0.7186058355095207 
0.627075307389799 -0.2512999643767263 
0.19786005527830186 0.5693444712773756 
0.217396427999214 0.4215232680122205 
0.01862577358220875 0.8587097776870983 
0.0020049218041422734 0.9558517958772377 
0.21433956982946642 0.44464927358616224 
0.8265515426405855 -0.5206908064977946 
0.202423915472729 0.5397440233604319 
0.04641848675404342 0.7404553881973958 
0.8393283126538312 -0.708115855589808 
0.201982919045905 0.5534098919584461 
0.43721563079931014 -0.05900609344782033 
0.21896295030615948 0.4100544917970834 
0.03937925926417679 0.7705599730967688 
0.6473185540879383 -0.44818391268622587 
0.8465143322689682 -0.7609106970574621 
0.2213689951740621 0.3926610807577418 
0.6198650222863091 -0.1486725539868964 
0.19328378015801406 0.6015974275876567 
0.2503692906189036 0.250429123499174 
0.6314867507340277 -0.3205818725984516 
0.06119260682425515 0.6961238206901507 
0.4094926605966516 0.24067122654655776 
0.21306176543936423 0.4546787653883013 
0.6210402687795246 -0.1598953853566226 
0.044176266962570876 0.7493977490137483 
0.03384534708427203 0.78942215112816 
0.6438831125340618 -0.4233466639024442 
0.8252083283762194 -0.48625009652120865 
0.8240553453985 -0.4722866404635458 
0.6446231585724334 -0.43787955379153687 
0.22449429704264096 0.3708315826971401 
0.2121803549144912 0.47418167199291283 
0.07728883508972383 0.6720231728941743 
0.24749846802717956 0.2568913097071521 
0.03956221607690119 0.764468793194164 
0.1838647030522057 0.6613537739534426 
0.057417140431340837 0.705560003776532 
0.4263018020992622 0.034437363503232156 
0.6221471299461984 -0.186711749666558 
0.06520753076092833 0.687416332847567 
0.41262152220395354 0.19916562218184425 
0.6293324766180117 -0.2939664567346582 
0.1905533680705575 0.620690042197293 
0.2228247742853996 0.38230234309442174 
0.07184809700725253 0.6775678717777964 
0.18618657207813885 0.6476229072918445 
0.6359017071785077 -0.3690641427386928 
0.6221593500794792 -0.18712703944801073 
0.8378275643807316 -0.6919810458668176 
