0.8519069376535006 -0.7724613566631311 
9.698908391263944E-9 1.001903574321546 
0.652406362231282 -0.4575664400684614 
0.6184792647873225 -0.1243512368922281 
0.8235154177434488 -0.46094875980689454 
0.454058426962722 -0.123580126451664 
0.40941856336857635 0.2416508279865314 
0.2579896940559847 0.24311378101772374 
0.08281512224984033 0.6709321633991671 
0.18237830732607369 0.6700775373854607 
0.0393693196073682 0.7657197426514912 
0.43328556624611847 -0.016919787720229586 
0.6262232227275873 -0.24950009191777742 
0.4369275983713984 -0.06019000110153484 
0.44142919875114384 -0.08839643072946042 
0.8366282278097986 -0.6774057559135388 
0.02753593169359153 0.8150584689551519 
0.6382809102069225 -0.38012923830614465 
0.007138184798399172 0.9150674395539437 
0.4470899792737646 -0.11272701928225633 
0.21442741472796453 0.4551805085544306 
0.8275374877766546 -0.538750397540551 
0.0011886228455683784 0.9679431760392729 
0.6406270949369248 -0.41256260269796047 
0.047196654133656424 0.7379023513383227 
0.2247434859539933 0.36956788208859737 
0.20352852161835727 0.5275380104108782 
0.6240539345971752 -0.21526347734134954 
0.23822580477831046 0.30596402207283524 
0.2216801643095288 0.39076827858292484 
0.21763557663739755 0.4206960076321924 
0.18750203172690066 0.640252894631766 
0.4286686233682231 0.010468785224307166 
0.24329552446979635 0.2751363720071706 
0.20840643195170586 0.4904728954093353 
0.2278072178572763 0.34916483029577833 
0.6457221196355851 -0.4427545841689772 
0.01362099845271092 0.880094087961972 
0.03296628820027653 0.7915865707607666 
0.6276961129019315 -0.27113194666558277 
0.41511132013123075 0.16743579531628097 
0.018431359225726175 0.8556743224325835 
0.21166160538787984 0.4658083968365855 
0.8311995284918355 -0.6007159022988768 
0.41105408286113754 0.2199875317431769 
0.8266201881203055 -0.521991759228901 
0.6216407105018157 -0.1775395152229706 
0.4222015496526542 0.08019928554680791 
0.8397131158447123 -0.7118572621001749 
0.6352252762953938 -0.363658558759079 
0.4263629564714608 0.03434200590595284 
0.24791274562075852 0.2556850997052281 
0.19999144047877615 0.5539471846956832 
0.8456423881029027 -0.7563150766605772 
0.6231014261440531 -0.20177801824241304 
0.8322719064249777 -0.6178896028224121 
0.42081155508341844 0.10576968530410102 
0.19466910706399193 0.5926867998879047 
0.6313583004322647 -0.3197034590122795 
0.8294800883587569 -0.5732281508926363 
0.05449192505502748 0.7136280973485376 
0.6428154735863086 -0.4260562706305932 
0.0025728612632619635 0.9502769292252876 
0.6201354623711895 -0.14908050400710995 
0.03565206084339512 0.7807049505837546 
0.1961576598943462 0.5822378673924686 
0.21885979598639038 0.41120847811372346 
0.41419436132795245 0.18952577073450735 
0.82387390366838 -0.4675572197521575 
0.4399078167533583 -0.06623064628481486 
0.41812223640902835 0.148239098242587 
0.4235872546718042 0.06470579886586444 
0.43074897184782523 -0.009426093169448617 
0.413243148401402 0.20184184187213952 
0.06323292010463197 0.692704810673196 
1.9271726596058886E-8 1.0012199604847225 
0.19884659970932006 0.5623922109905068 
0.42498326909407774 0.048739156152237804 
0.8428227369828601 -0.7385895639798623 
0.8352203412070474 -0.6598043997158018 
0.07024663760386513 0.679558222636522 
0.07256170321361465 0.677052285820984 
0.014148515247732418 0.8782439914660605 
0.19084396359814465 0.6189460349273103 
0.19156007687293136 0.6143721363738968 
0.18439726632080422 0.6586335843819762 
0.005727217834416291 0.9367095841889447 
0.25530772735071117 0.2440075367258993 
0.8404126231528251 -0.7160849527385597 
0.8336575895645763 -0.6381165556650225 
0.6205575239824949 -0.1601842446150857 
0.8252345467362595 -0.4953412146380054 
0.8296539730438416 -0.575535829573694 
0.6301442014728349 -0.2958581825672566 
0.23130255413929565 0.3313414276610524 
0.05914442040587467 0.7016580395014074 
0.02087121063321329 0.8444091209745154 
0.6292793383912141 -0.2931700074694607 
0.023363716472346363 0.8327747412028954 
0.8252666024121882 -0.49596272361524185 
