0.8517485855909074 -0.77250187433157 
2.81764680110444E-7 1.0008161917076974 
0.45395917150123477 -0.12312361793117195 
0.6521582730721911 -0.45730579560061635 
0.8233776466041424 -0.45846841581264797 
0.6197852622949092 -0.13427944491916927 
0.2578671308998257 0.24309050895459516 
0.4093950597455034 0.2422542424107025 
0.08234842641833443 0.670790481355981 
0.1826236694016074 0.66876529832333 
0.23860202588969084 0.2893345107156279 
0.06245655956125867 0.6937497596501461 
0.05050945796980352 0.7263548720840305 
0.029428136286488424 0.8069394955425236 
0.19287214925179558 0.6052130606468951 
0.004071049077576379 0.9383661426431317 
0.8298402121777807 -0.5789800531378192 
0.42565318440674255 0.04209130738091553 
0.6356182143181243 -0.36806465878742367 
0.8409336652739681 -0.72095682484215 
0.220261313707791 0.401231951063874 
0.22825446861152532 0.3464721527274246 
0.8455974529905427 -0.7561162850324575 
0.4283499169346837 0.014101159236785643 
0.2476065213086059 0.2572105266931902 
0.4299437393613264 -0.0015311521421805022 
0.8321651844105329 -0.6157753998235914 
0.02290847248554545 0.8353329035811529 
0.010704568955687388 0.8946096645071281 
0.6232694558298046 -0.19541158405032386 
0.8258097639694919 -0.5064685818215293 
0.6431519065678886 -0.42874302217852056 
0.19805651305716235 0.5683181093772505 
0.4467030417221063 -0.10953505959999531 
0.07043120432655148 0.6797405122473381 
0.23323283702840103 0.31685991286963655 
0.019373050936202563 0.8643861068028003 
0.41328272505126623 0.19537208978052076 
0.20375933077322494 0.5262407516932676 
0.034842767021800614 0.7841130276078299 
0.20822428434779405 0.49660562086499405 
0.624526778795177 -0.21511362505201348 
8.529868042296655E-4 0.9724861741930761 
0.8247654839282994 -0.4850811495396462 
0.6267338620381017 -0.2566639882408118 
0.4364446485014428 -0.057242616840884705 
0.43297011349106446 -0.028792223263415236 
0.025186669332246336 0.8247847438811748 
0.8396899295220968 -0.7115967075225985 
0.4382216463445394 -0.06901035576643809 
0.2115025892690544 0.46684121881999313 
0.1900153475560864 0.6263623652188037 
0.23305062473578572 0.3243802848590632 
0.6339585609648161 -0.34011159229681714 
0.007037227322697348 0.9161519315177805 
0.6198773979818621 -0.14436265948403287 
0.8297553926098646 -0.5619650248615142 
0.22421736789533997 0.3734944640584257 
0.4213210219866611 0.09074435163292754 
0.2086522115490601 0.49083909148860727 
0.013713029698593837 0.8791965796283621 
0.8279299824010624 -0.5455826769485524 
0.4239491631687887 0.06309586448945373 
0.4169543594224596 0.14488176414814416 
0.43374511193847787 -0.03567320223662314 
0.44130386929016274 -0.08777840598204119 
0.6283746280215883 -0.2805985062819464 
0.2479359856521482 0.25622742864614195 
0.6303244016154954 -0.3064014319797404 
0.41177561123493733 0.21505598400613993 
0.1993138302384568 0.5590642488699908 
0.20188531288963218 0.5402034729571572 
0.22558898635134061 0.3642330369421224 
0.6402402942447907 -0.40933600021226946 
0.6312545489408342 -0.3182139793506976 
0.4182552274375493 0.12770201516954488 
0.1889960347101371 0.6489354444169712 
0.41479072336268885 0.17094734096051126 
0.6253567982907451 -0.23645640136760773 
0.18643673401483501 0.6512415216474797 
6.54518162594972E-4 0.9763141226469167 
0.6212638924489836 -0.17142603551119048 
0.04217866983923907 0.75515117611253 
0.6211372190315092 -0.1698110714987049 
0.6289135662491742 -0.28772260352816087 
0.21808694592302433 0.41736141712738867 
0.8345374427756211 -0.6505546152382683 
0.8374540655380202 -0.6875285357917532 
0.8237994354018652 -0.4670418224227193 
0.8470251127059696 -0.7619115617484894 
0.005879551337141353 0.9235657020050477 
0.6379571901432245 -0.3893052658590013 
0.2126350926601501 0.4586863058462889 
0.04662194212806353 0.7396430643955664 
0.8270896431072084 -0.5303041468669826 
0.4147699773623492 0.17197206458034578 
0.6325652208887071 -0.33461987331915677 
0.6465524332315913 -0.44537127193132375 
0.19254602584646344 0.6163367883965547 
0.21712987753268798 0.4244397916362103 
