0.8518314021444373 -0.7728143932968259 
1.4175259737477137E-7 1.000880157112316 
0.4529716443879038 -0.12335968588589091 
0.8234481840438826 -0.45989657519991345 
0.6523129472620487 -0.45753897154349293 
0.6185950012869815 -0.12680004726923666 
0.40939120446994903 0.24215717884472845 
0.257127648371365 0.2429746107323133 
0.08166643618154872 0.670519064999795 
0.18235369023861542 0.670008707224154 
0.2009637543450538 0.5466234570731175 
0.845059093045573 -0.7535720387932792 
0.832633829095045 -0.6234910067594277 
0.8396638838983871 -0.7107655619080913 
0.20821342310757526 0.4926458447377847 
0.8298057687073889 -0.5782448416151119 
0.6255253310310579 -0.23921551616446918 
0.6359249356786361 -0.3711663282371338 
0.6390780481085008 -0.3999765489820718 
0.44466242450342736 -0.1041808804019212 
0.44326147091983603 -0.08205219720742522 
0.4141145992418376 0.17974012050447108 
0.4225476402443347 0.07677722789549367 
0.18968138863212078 0.6257557256676148 
0.4303126921126229 -0.00544818716156803 
0.026896002457253446 0.81701971776801 
0.6448474607634085 -0.4388360241429482 
0.42788673640615055 0.01821640650153576 
0.8347243360098651 -0.6533882105096133 
0.6335695968788205 -0.34614109233470947 
0.620246034485739 -0.1551660553240848 
0.05586236529942179 0.7099256225550765 
0.6419127549526532 -0.42151180301802116 
0.6230628105540934 -0.20143602119533788 
0.1936234446031168 0.6043772839122291 
0.2217661341103826 0.391116566017804 
0.8374478375953238 -0.6877300044673131 
0.049227551171192374 0.7304592084251342 
0.6305690831988351 -0.2916919985205639 
0.04675213697745895 0.7393628626478465 
0.4118934849999802 0.20879632225628075 
0.2484192614727708 0.2547666591203873 
0.8286131263383376 -0.5578047918843273 
0.23529502998187524 0.30540302581775786 
0.42452736964895144 0.05361541352829435 
0.030769958718865842 0.8005555993845731 
0.4163809774858771 0.15075081629925935 
0.23019529334184125 0.3342517216375546 
0.6225921117051993 -0.1893464222733022 
0.23913966942851567 0.2870744503531236 
0.19826506947241238 0.577163668766374 
0.8275629799318567 -0.5373135994051699 
0.4208429844258067 0.10445828872935091 
0.4259413688836172 0.038863465565561424 
0.0594319419645547 0.7004643339092831 
0.0035997348237441495 0.9668766131377886 
0.6319286252699832 -0.32666727851332633 
6.147317956359255E-4 0.9766714608934204 
0.2184248558829096 0.41401615143603104 
0.21452207540641471 0.4433626543861817 
0.43279197926428403 -0.027947733963570885 
0.8359861436530676 -0.6698197481062089 
0.00938365178410161 0.9015196475518906 
0.007438798682527448 0.913316240080758 
0.23279274945185052 0.31913643001984704 
0.6275611168358275 -0.2692524562482248 
0.03550247807177573 0.7811850223647598 
0.4094966500668807 0.24069388288718044 
0.06539698444007117 0.687417331506645 
0.4370312662538652 -0.06141403622715631 
0.012603453012265536 0.8841935424504054 
0.003629579487823942 0.941033456243882 
0.6306156166001444 -0.31040066085862505 
0.07150413398054407 0.6787295408981737 
0.4340128785503573 -0.03794109124190913 
0.022249351302973897 0.8379098343741979 
0.22729022082179756 0.3524075956508677 
0.22431261541415756 0.37237138978210393 
0.006579152065965821 0.9351484661538783 
0.01651477680607824 0.8648435125064672 
0.18745112111072842 0.6490816445864545 
0.04102532895898947 0.7594139270057656 
0.21179006772814288 0.46380074572742797 
0.6269471132833615 -0.26020206785868827 
0.6508955415022981 -0.4564391883040269 
0.2430977767236321 0.27035080766809366 
0.41249149705060884 0.20121547800963285 
0.040526917257935044 0.7615506456887784 
0.8243137204889075 -0.4772382881246421 
0.019773199686088594 0.8493393036055354 
0.8264947866410297 -0.5195453400548585 
0.4172718663891566 0.14156773476014659 
0.1954821721505473 0.5870481328360662 
0.21889517599734062 0.4110347365629139 
0.4365159644686533 -0.057567532913234465 
0.2568482664833049 0.25336281452038234 
0.03403886966183772 0.7869609702233298 
0.014615985948177257 0.8742196797740163 
0.2108734943431987 0.4737748910178725 
0.22579623263803367 0.3623569959893203 
