0.8512106540629569 -0.7721742007958756 
6.677325359305541E-11 1.0014782447858652 
0.8234835502867125 -0.46039542580349135 
0.6523119549547589 -0.4575226830845905 
0.6184953676240008 -0.12473857881984692 
0.45464214807647546 -0.12293430458610188 
0.258433798939751 0.243358079626652 
0.4093527376664422 0.242824157621418 
0.08424303192816274 0.6708883185919834 
0.18254094650127062 0.6690785001287775 
0.0074589301170060185 0.9134358633382486 
0.24627648881914202 0.2605291681411472 
0.8259606352495851 -0.5065488701741543 
0.012959516231428436 0.8830353513099627 
0.4322541184763137 -0.021227830715869377 
0.03128001556287996 0.7990220043331394 
0.4419772678618046 -0.09169344043341641 
0.43756675490793123 -0.0646538184519937 
0.038272101722422534 0.7699212516117723 
0.8284132820488073 -0.5544343970288876 
0.837335031472394 -0.6859460923723617 
0.632595082671704 -0.3345826309475184 
0.18977192002929327 0.6295246041631495 
0.6213632017404205 -0.1736383358120873 
0.6277796809327838 -0.27233996632024376 
0.6458978000609094 -0.4387956855325317 
0.42845312217481407 0.013132505309850313 
0.016623884999051985 0.8647658671655714 
0.8354470969822719 -0.6613247839911629 
0.2045358302489273 0.5206691272167991 
0.1828347779189493 0.6673153947943882 
0.4460767473785536 -0.10897650989967171 
0.8297513314424649 -0.5773142061238322 
0.8397862783037373 -0.712339565155738 
0.8266454580441845 -0.5224624631676171 
0.19876256307457885 0.5718399482547569 
0.4242318772163686 0.05736742698301978 
0.021022136661067364 0.8438352023966152 
0.23817074465751403 0.29180725744149344 
0.19418086526966885 0.5958807008317494 
0.2284296856173057 0.34537030389251394 
0.2087378750469469 0.4909184358723451 
0.4129248307450961 0.19550057342591037 
0.6304276701830221 -0.3078526039520805 
0.4217867202177639 0.08492159163777942 
0.003976382609446383 0.9380760528020518 
0.02408442470734612 0.8297929450215753 
0.21928155692506912 0.4083238783364301 
0.19981863679604256 0.555667008487302 
0.41817381646129004 0.12869295075872447 
0.8336656395949332 -0.6381850943912837 
0.028354458022839743 0.8117027420727303 
0.002558558951317902 0.9507142364723948 
0.05931343282058646 0.7016386419193578 
0.2027702882279904 0.5336797516262877 
0.2275936767359857 0.35998925331658604 
0.6233737911238983 -0.20622328689102296 
0.8417379760252671 -0.7299945520304201 
0.2327625425921146 0.3214708545527365 
0.8319171252218069 -0.600578221869687 
0.2516570077159331 0.2489995005575891 
6.561200366527985E-4 0.9764004320244912 
0.6406763277876316 -0.41274746159844883 
0.6293133572839733 -0.29293343299692953 
0.6258891691876998 -0.2423050940919217 
0.4155075110822685 0.17442252339643763 
0.2162156726925847 0.43108702306652436 
0.8458713426267839 -0.7574930346174729 
0.23416991002121645 0.31350169233221253 
0.4256391443622308 0.041615886022213895 
0.41716616379578686 0.1412085431961138 
0.6419398605279678 -0.42158962598868316 
0.41594315502038426 0.16171314796680192 
0.8440957730178139 -0.7474078158582677 
0.21307142764746134 0.4551922528772172 
0.6238023914837209 -0.212694924758921 
0.6377943629033755 -0.3890630127769633 
0.42040379197008815 0.10157497867656602 
0.42732461050678155 0.025008059082392856 
0.434863544964566 -0.04482789283402861 
0.6253888217487523 -0.23722361217126128 
0.6196886153499929 -0.14476938502265008 
0.6373269148592497 -0.3846043227860983 
0.2246811344641228 0.3817388827475234 
0.22122770416100632 0.39432507456623966 
0.635086633659235 -0.3615407756474575 
0.6202329053102097 -0.1544169573146602 
0.07541901714445037 0.6738801756471967 
0.04933368097405333 0.7307568390629325 
0.6346588870976728 -0.357739291567822 
0.4530332432084067 -0.12282350152484622 
0.04506902382153383 0.744721771348296 
0.04129853665699518 0.7584681461007291 
0.2114101195984358 0.4672557698824299 
0.2153381988275699 0.4396998847857361 
0.23780851259291963 0.29284086050060243 
0.4105251689258764 0.2270755078776104 
0.43422476231243834 -0.037582093694393845 
0.05103158212711281 0.7248582274545364 
3.9696819238106E-4 0.9882414991440661 
