2.8146776576143395E-9 1.001031254747765 
0.8513766421417566 -0.7727045077848289 
0.823367107870401 -0.45817309217424174 
0.6185115866523152 -0.12562483995984772 
0.45383846508602066 -0.12360835737030154 
0.6523112873106084 -0.4577107824547469 
0.40935252188509824 0.24266888520836652 
0.25805870969884404 0.24301684902285275 
0.1823359629278991 0.6700847716432126 
0.0816247326988133 0.6706388192138749 
0.8263776905484934 -0.5168248712739362 
0.42180462115479417 0.09439854834676943 
0.0354888488902015 0.7809118038288269 
0.8293382845809564 -0.5607200254383096 
0.6322659446536238 -0.3280690260597671 
0.834147446203222 -0.6298740677213951 
0.8307000140785704 -0.5931882955831157 
0.04165518596096746 0.7576591833942992 
0.4239399946951276 0.062310851288955 
0.2042816247362713 0.5217128086068694 
0.836420901983081 -0.6687540734747064 
0.41504466643336524 0.1690494911479901 
0.41330772894918427 0.190390532800247 
0.18799344208172836 0.6382416581325718 
0.8455066588828432 -0.7558046393615978 
0.41804434003586965 0.12998799482887338 
0.0014264246495688626 0.9639877725928666 
0.2008789188583593 0.5519953321239636 
0.2257847818325671 0.3635534544989699 
0.20845951485503914 0.5114530225683209 
0.8274425157658692 -0.5371303676035661 
0.053828560640091797 0.721366406407567 
0.6200616733893578 -0.1522366055271937 
0.02359476483603673 0.8321529303773457 
0.8391219065697575 -0.7056783994221751 
0.19407953843488057 0.5961660513154533 
0.21750530918003996 0.4215535484986266 
0.6275293335669383 -0.26582731823288036 
0.23261397214050616 0.32668265710616934 
0.235126565639105 0.3069654308348456 
0.43472202190923676 -0.044047395626984204 
0.1911688762226082 0.6164465033766391 
0.4253746334267324 0.0449056800433955 
0.018524916773220962 0.8554387132025819 
0.8424780734227196 -0.7362949144656439 
0.02582208121306029 0.8214606782647963 
0.05911917033035735 0.7015271288132573 
0.6295518253224782 -0.29388460505582903 
0.013797269280633462 0.878482823844074 
0.42999292692102453 -0.002448557446437114 
0.011203295189587847 0.8915203299167614 
0.62125372566371 -0.16939913442186047 
0.6222545168180538 -0.18843539459106998 
2.734819401535777E-4 0.9855095071653772 
0.6236074598882122 -0.20501286336732605 
0.43758373838201126 -0.06508830869330652 
0.2478742070720129 0.2581436611269936 
0.23778038816063413 0.2927445424473183 
0.8408421935028003 -0.7224062554350313 
0.6339180003582638 -0.3472887095349591 
0.6480618107387376 -0.4508859172177744 
0.004659912448485307 0.9322026844669355 
0.6428925091431549 -0.427911426992529 
0.20998566937896157 0.4823442699883446 
0.4271815256627749 0.025264254074447903 
0.21487556992392798 0.4411040550645691 
0.07038374238095865 0.679503626255957 
0.6244712574012715 -0.22361823961650065 
0.21357973110595518 0.4641253354405875 
0.4170765337679641 0.1422768734629515 
0.2568674421159737 0.2471436937195276 
0.41166930655148715 0.21767546838859467 
0.43186562236256826 -0.0196546364223881 
0.6400088748542715 -0.40750697181765166 
0.046248242026195666 0.7453714583408108 
0.4297972030025242 0.017248868293215265 
0.6360649680188687 -0.35768235195485387 
0.06854317827968265 0.6893616205981179 
0.01711848287613725 0.8620776222809382 
0.07778139498468309 0.6723722839046342 
0.6292346325670704 -0.29246981021957813 
0.008117471857411379 0.9092815989198042 
0.06172374093470251 0.6949635309586271 
0.22287024510630768 0.3823517780324071 
0.003808916983056479 0.9395928858986637 
0.03117225505532581 0.7990623487395497 
0.2289180949064733 0.3421283356379005 
0.4408421676519716 -0.07093398079128474 
0.4330545289736258 -0.03015174942290749 
0.4440702883781371 -0.1021793081066228 
0.4421190714669049 -0.08621950822506197 
0.8369749389031645 -0.6816796430412481 
0.03024132681785005 0.8029571255002167 
0.6394608768371551 -0.40100614054273215 
0.8512975787188286 -0.7723136421647993 
0.21984735176767373 0.40404045846212583 
0.6265209204005573 -0.25248675903169127 
0.63725836670957 -0.38394137992551947 
0.1895601893709326 0.6307293374679471 
0.049164836969043474 0.7303509837136309 
