0.515410031147196
0.5154987152130067
0.5156053167329934
0.5151156205605382
0.5155380325863769
0.5154286786237462
0.5155986073735782
0.5155380064707197
0.515558035126448
0.5155273950042498
0.5153024008617417
0.5152959450776744
0.5152695912526898
0.5155065479280473
0.5156825315429067
0.5156390202443611
0.5153347571238049
0.5153203705196711
0.5153657515218758
0.5154517514974845
0.5150086688878518
0.5153688765299814
0.515524381278342
0.5149235385627651
0.5156480763826121
0.5155503685487085
0.5155786229936556
0.5155387130233392
0.51560888920217
0.5155918001447298
