6.903934882451777E-5
6.844501080643322E-5
6.427281407108288E-5
6.303054289467473E-5
6.707817270369311E-5
6.731314052251475E-5
6.602045740596497E-5
7.143737375223573E-5
7.074605629459297E-5
6.577293294764766E-5
6.646685912828321E-5
6.647358245938698E-5
6.562082064132251E-5
6.618506672807202E-5
6.546186632659652E-5
6.757036927131304E-5
6.533008253470317E-5
6.64052934069614E-5
6.718414616527223E-5
7.008315296335979E-5
6.975222822753392E-5
6.760556905261868E-5
6.901697814425734E-5
7.765946307752995E-5
6.780378922991939E-5
6.362469143316527E-5
6.60173829059727E-5
6.559403004751131E-5
6.477387901720131E-5
6.67017613821093E-5
