1.6814473424719978E-11 1.001539062190248 
0.8519903188615081 -0.7724880724175868 
0.45404908804879385 -0.12303737383011308 
0.6199962369141302 -0.15073924847948636 
0.4094955578742668 0.24085405728019377 
0.8234008181212981 -0.45894734644411983 
0.652338046986226 -0.45707958385807634 
0.2575028563885973 0.24332831213064693 
0.1830849892229894 0.6662998864576094 
0.08248669632171997 0.6706892923229005 
0.23867797672966753 0.288976258313585 
0.24651166561765694 0.26055527792364963 
0.06147069705732765 0.6973659899831436 
0.4257110814539681 0.04236748594432346 
0.4168753750147344 0.1448228288492719 
0.8369004237792506 -0.6813163119404837 
0.8293583904751161 -0.5705982677977519 
0.8346699480345741 -0.6524446594715101 
0.8314763382788718 -0.6056544865408354 
0.8393772504070792 -0.7082400081561993 
0.43697060801340865 -0.060498397341776006 
0.6220440784803221 -0.1836960046307153 
0.8253759927935668 -0.4893903154218328 
0.20777013553202117 0.4953785300571138 
0.6278566225299053 -0.27307212940470355 
0.01415619303533705 0.885003948543658 
0.0020254425869805776 0.956888982958258 
0.019968421455220348 0.8488155721330639 
0.18667267115349806 0.6460421534387094 
0.05435428794243423 0.7152422377636761 
0.4293521855504072 0.00363814537617639 
0.8328292890447213 -0.6259315629515467 
0.8261959294700191 -0.513892848434402 
0.4337691227417506 -0.03588299285742801 
0.21448811470615445 0.44383773319877456 
0.04244100088314057 0.7542741269902077 
0.2335742136780965 0.3200482008095641 
0.44035010892026194 -0.08260172116115388 
0.015776040353691154 0.870336633889249 
0.6351377083297891 -0.3432244309811133 
0.007943644842497835 0.9106594772973202 
0.4490780916754823 -0.11759127300891144 
0.21334255553171633 0.47360756670945975 
0.005228760756643358 0.9284570528145256 
0.19096236672797665 0.6238089681047324 
0.07026326768682262 0.6806095175083945 
0.4193811311027192 0.11383738307647612 
0.20005827244478488 0.5540269330953529 
0.8424185276671526 -0.7308303960528513 
0.43192393517569505 -0.019610182965998913 
0.639215307018672 -0.4010104489177299 
0.41261578374001484 0.2039615710795454 
0.029472277957899473 0.8081785662655644 
0.20417299869012262 0.5227329707946059 
0.2520779542069792 0.2483331660570406 
0.03660835180942225 0.7762691440551758 
0.1944317009043956 0.6023233308822411 
0.6295903248787635 -0.2967772775415622 
0.8290683090979609 -0.5456626570294618 
0.4142091435953458 0.18404445373704612 
0.827449348668736 -0.5367603740919894 
7.620411200630617E-4 0.9756642439979041 
0.6304184796501495 -0.30578856473367766 
0.6259985024993695 -0.24608702255170986 
0.649066209132565 -0.4529032132362168 
0.6239510026732769 -0.2150403222326883 
0.2017506929008079 0.5410037852863221 
0.6239510026732769 -0.2150403222326883 
0.02490979106646246 0.8262536310912546 
0.82354585524539 -0.4615286677816929 
0.031621391800869814 0.7982534230756367 
0.216482467574602 0.42888205565686066 
0.03789260270697373 0.7724149656513604 
0.22798833767082266 0.34801389845142444 
0.4219671236215913 0.08297742697314679 
0.44437734258247497 -0.0974331044875729 
0.05019809642531581 0.7277982630848735 
0.6357253997843451 -0.3686882448887013 
0.8454665683814186 -0.7368717361372555 
0.1967788476609779 0.5861347306099159 
0.02380230183655485 0.8312411718369034 
0.6357253997843451 -0.3686882448887013 
0.23470314522501753 0.3106110380546459 
0.22798833767082266 0.34801389845142444 
0.2224796028753326 0.39867372344672136 
0.22504045715860302 0.36817650485878306 
0.22311055918171652 0.3808896972372778 
0.6260430158086993 -0.24722390910786649 
0.2224796028753326 0.39867372344672136 
0.04660219754250533 0.739619504263026 
0.6423686581015221 -0.42385683320661843 
0.6206953173104872 -0.16202095009671988 
0.6321309689532821 -0.3283627744921598 
0.19166784986999802 0.6137028597472373 
0.4301015767605396 -0.0023585229657898284 
0.8462863585839373 -0.759588042521888 
0.6420785671219729 -0.42273558842075337 
0.41502872326342555 0.1711810657938653 
0.4249660930060962 0.06609894627841398 
0.07536703625324614 0.6741494020511751 
