0.8512859645532986 -0.7722865788372506 
6.830591991899313E-11 1.0015000184383487 
0.8512859645532986 -0.7722865788372506 
0.8233477456337933 -0.45733095588192324 
0.6187261453202992 -0.1286230162531298 
0.6518826835674459 -0.4566796010979131 
0.4538947146563672 -0.123080840811539 
0.25875135777608405 0.24381346661003636 
0.40949417146773154 0.24095464834147862 
0.08327558151452383 0.6714068762926726 
0.1826641005504732 0.6689951676688327 
0.2000907351084466 0.5536834702218704 
0.19589861818099794 0.5930381806541766 
0.1878716000777847 0.6392520003004453 
0.43194606154629983 -0.019729288041350195 
0.012329691012655686 0.8863150565753752 
0.19159863212979913 0.614153677627639 
0.23577637336809487 0.30328339226117046 
0.43558319120151684 -0.050169967904745774 
0.20382655866887878 0.5256999704621811 
0.42378330751568827 0.06260045753130279 
0.4462263578166448 -0.10090338226042607 
0.4379897280213102 -0.06757414613334975 
0.8335022443121125 -0.6360488541081242 
0.051607901643744805 0.7230758360158563 
0.23067896937631793 0.33188015071439136 
0.8282848515499812 -0.5518514976758432 
0.42604272787064357 0.037670317320888214 
0.8393617079084263 -0.6929775746244217 
0.640111536585104 -0.40836720236122526 
0.20637941516188152 0.5064878364649549 
0.44193683480881285 -0.09052557827434117 
0.00645322593714398 0.9208143074613785 
0.6205842900551259 -0.1602818190684901 
0.21603689031547202 0.4399192603503535 
0.2090083102121273 0.48588682998792104 
0.4293385266079164 0.004447880211274754 
0.04386467595622612 0.7494577884439525 
0.6319841349750664 -0.32620874917796383 
0.23912345271380012 0.2886747955784408 
0.4114639991964115 0.21500949648584272 
0.22506311877745977 0.36761111021423337 
0.22241044931314669 0.3859674484188809 
0.6338142443625571 -0.3480954660161716 
0.8251460442135911 -0.49291538210239993 
0.2511968913121639 0.249257718326165 
0.6366076001837202 -0.377663897854889 
0.033014023299723694 0.7935071638443429 
0.4139689257939499 0.1825832469734196 
0.8433344964534775 -0.742046232677059 
0.048032000647119044 0.7350823847135022 
0.41866217504252773 0.12286717300361619 
0.039337336070780604 0.7664812961899181 
0.22028529056282492 0.4018257462154238 
0.06559260399573169 0.6885670111972693 
0.24378849391003288 0.26944517756173175 
0.8244248427049065 -0.47880644045355425 
0.6415569467199821 -0.41818415054665403 
0.03243323826374461 0.7952372033260678 
0.003291373929799085 0.9489061380122988 
0.6450023686721723 -0.4374833486677101 
0.6304623970204317 -0.3072632738682846 
0.21223947662167658 0.47010148669351776 
0.4534707705926172 -0.12261170843722306 
5.118232776740936E-4 0.9792221452886706 
0.4131312239870756 0.19314788993395227 
0.6222964898874034 -0.18800154296003266 
0.416001950492116 0.15621630637233674 
0.8264379936763246 -0.5181772320784386 
0.42179514789402844 0.08542071228722696 
0.8355922153293476 -0.6643488244078228 
0.0012682249853521836 0.966418357530127 
0.22742623703977252 0.3521180443827765 
0.42043810668617354 0.1028260222501895 
0.8411939731021733 -0.7248252355485937 
0.6468747633790605 -0.44612979100969874 
0.8289894423419918 -0.5640892746465428 
0.023088411247743523 0.8344047862421187 
0.8355922153293476 -0.6643488244078228 
0.41747977634211203 0.13846952347280683 
0.8307018979476238 -0.5925540966158304 
0.8303727916413426 -0.5807916673230635 
0.016609537646206207 0.8662270308045437 
0.06362786662898685 0.6914679146927869 
0.6275349697507157 -0.2683089313609742 
0.05829884463850976 0.7038755712923691 
0.6352121022991422 -0.36357984063706705 
0.4104557447405952 0.23266153362058878 
0.6239015921184596 -0.21409479963165357 
0.8323240228536641 -0.6178699510735599 
0.8264379936763246 -0.5181772320784386 
0.014957565156900901 0.8732069697459719 
0.24311336995678662 0.2719188657089401 
0.625401088692861 -0.23647118855954743 
0.8322993834347003 -0.6089867230284463 
0.026513161403367402 0.8192451857387656 
0.6290171011923521 -0.2880345533105979 
0.21810713478901725 0.4172915553957634 
0.22915868555666563 0.34097278374604645 
0.039645246307279225 0.7656795557781053 
