0.8517582541992409 -0.7726668171547437 
0.8517582541992409 -0.7726668171547437 
1.9521790434184894E-11 1.0018028543193684 
0.6526886624621566 -0.4574952744633643 
0.6184352273576844 -0.12352832181279812 
0.4532760516583173 -0.1225932343297325 
0.8234598217241167 -0.4595637907716841 
0.25685576753052386 0.24438818309541266 
0.40940968141925227 0.24269602814870905 
0.18290319549718065 0.6679703124461843 
0.08171332133484999 0.6716107102126884 
0.21568462881880357 0.4354205678785182 
0.23274869652175995 0.32031398514754317 
0.2230863441553021 0.3814966853388674 
0.8271194743623806 -0.5293661040375921 
0.010031296702862985 0.8994041701576232 
0.42836579474973424 0.018879898359125055 
0.6238758821628918 -0.21338490713647776 
0.8410115407949142 -0.7230841104218142 
0.023409408348985652 0.8358576263159313 
0.42542435804715034 0.045558533830407914 
0.42040045031310314 0.10254963615882974 
0.43731249922125714 -0.061414095141777404 
0.23942436861756566 0.2887717567479922 
0.8304211599430024 -0.5875590068726945 
0.4185286505038615 0.1260023197256591 
0.4136542215042736 0.187706693562395 
0.6271760168902211 -0.26339288063394184 
0.03986162093346611 0.7661147455671857 
0.015020004140537502 0.8730979823260859 
0.22661238096922953 0.3571398892517055 
0.6361335006977658 -0.37105257153599513 
0.04791088073165785 0.7363190500637109 
0.18943018293028768 0.6284847907941928 
0.837525309064802 -0.6883583375484361 
0.02862846577784252 0.8127809859298438 
0.6197277002115217 -0.14625215090966495 
0.6217954198414803 -0.18047257716650042 
0.4478944366972825 -0.11077915435693561 
0.05718586862372038 0.7070129823483515 
0.8473509514838751 -0.7475218332869654 
0.20843916075213503 0.4917195496624965 
0.21285553652055594 0.4624287656710036 
0.8330046139757592 -0.6277383170904636 
0.6457493256380104 -0.4349780625465291 
0.6382493004697365 -0.3930921988369893 
0.19486814689971194 0.5934590006365917 
0.005633840235490295 0.9265209891678067 
0.4312644735623402 -0.01282415471852181 
0.6406444251692494 -0.4068959139122552 
0.2524898184887533 0.25557280655173964 
0.054227730567803376 0.717642162121364 
0.8254235278479725 -0.4972067792035943 
0.03848936595787844 0.7743879458841091 
0.4453345595662741 -0.08943449936053009 
0.8252841533990836 -0.4923369134975833 
0.8347980358438903 -0.6530259344318512 
0.41585497607956845 0.15794939031386837 
0.6210968104982254 -0.16864367470837338 
0.21133499662785216 0.4725545661907719 
0.633841346918689 -0.3480109273249811 
0.8433964013843808 -0.7421815912189743 
0.4161526181490899 0.15417709885629005 
0.4229643758039073 0.07190307242101356 
0.014587535389673778 0.8744615349587164 
0.20802538904166734 0.51202273712595 
0.6295533427180318 -0.296418710340037 
0.41241476621939327 0.21048601056334615 
0.41219221107936177 0.2213139194702381 
0.8236072762192264 -0.4618578836850677 
0.6257640641275704 -0.24188094050680653 
0.19727616476733106 0.5776438831773727 
0.07362189090368124 0.6769746531195551 
0.6312956051738924 -0.31857832181462226 
0.8288702620203158 -0.5614060130145883 
0.6457493256380104 -0.4349780625465291 
0.24158515669536754 0.2781658859907076 
0.4340226857251209 -0.03735339357231525 
0.44091317812557024 -0.08536493276526473 
0.049081813166179086 0.7311604754481792 
0.001594961894297699 0.9626097841417051 
0.4230340204514469 0.07122264856103924 
0.06849656312544755 0.683454661415905 
0.8330046139757592 -0.6277383170904636 
0.1997425758966062 0.5579162008211933 
0.03361914816621159 0.793682667537097 
0.005021303199051405 0.9309778620081512 
0.8295885221763282 -0.5743328704110182 
0.03361914816621159 0.793682667537097 
0.18611056137920168 0.6495173182617809 
0.20411594401108907 0.5278109245599608 
0.24661264120710163 0.26444296348442875 
0.40952035081783256 0.24079775018350533 
0.6295533427180318 -0.296418710340037 
6.02735113000602E-4 0.977206632631228 
0.4340055928873897 -0.03622281168181646 
0.6330591299373877 -0.3396723384819738 
0.06458519433774856 0.6895566611688582 
0.18611056137920168 0.6495173182617809 
0.19852787935750882 0.5660596954150939 
