0.852437451948155 -0.7725362520837162 
1.6781877530602658E-7 1.0010896194593888 
0.8233436403777249 -0.45771052498818937 
0.6534012268887214 -0.45718677835246985 
0.6184068205764955 -0.12333438433592127 
0.45346349297493715 -0.12296183400742283 
0.410580794930155 0.2261729898807953 
0.257611090700617 0.2431900353767446 
0.18280860848611613 0.6672422917932881 
0.08132254102301764 0.6709651584807452 
0.8376209049004375 -0.6880944155368163 
0.41613207860161583 0.15647331423735203 
0.19755036622273944 0.5729103412852756 
0.23047223838319303 0.33281057218579563 
0.8404913346913776 -0.7186796563993162 
0.19211672799265536 0.6105266707432274 
0.831417708861064 -0.6046630114418543 
0.8439332973697877 -0.7457690849093673 
0.44043118965417705 -0.07721519285475724 
0.43726730412973047 -0.0577188716187662 
0.06849867958604434 0.6832082772905781 
0.03131152524887976 0.7992776700742761 
0.636769574412095 -0.3792167869111537 
0.41401047800458346 0.18630049279115662 
0.23607340059051202 0.30150921462949676 
0.24939193728172088 0.2535011147224713 
0.04880664391924561 0.7320778550272866 
0.004917266883956606 0.9358179464387685 
0.05390503918627659 0.7244072284839649 
0.2085843484798755 0.4892755300869303 
0.22710858711349588 0.35403317858011174 
0.42299996203866896 0.07063985755748899 
0.8279023283497422 -0.545132084695179 
0.0020812525165981345 0.956100999582482 
0.20471082071405056 0.5191715889457021 
0.8352388539304798 -0.6522016448528595 
7.88042599408038E-4 0.9781071734775708 
0.243346939350432 0.2698535065790101 
0.6240254443822929 -0.2163806710176377 
0.0075237311807510865 0.9129006068471217 
0.2132963014112883 0.45414273563305 
0.6207007369305071 -0.1624088398674935 
0.019255056242974154 0.8526182168025289 
0.8333116288382363 -0.6332788743180933 
0.026324467750489744 0.8255682794247268 
0.430620349618682 -0.008378511721450748 
0.6225289147285062 -0.19237974012549322 
0.6465505257058024 -0.44519193060527834 
0.4188951506302977 0.12011583722697124 
0.0423466202943919 0.7553359132784561 
0.21013378529427462 0.477413299695047 
0.6352640295693112 -0.349532625633885 
0.22256093043432185 0.39119373125943313 
0.6189844803847264 -0.1331447074243792 
0.44585415423853225 -0.10290063883969743 
0.6292643157390756 -0.2922611441033299 
0.024073803585257188 0.8311741482137684 
0.20343257192836078 0.5288167157443477 
0.8250603055489051 -0.49182507228170214 
0.6398318637900433 -0.3992111679479142 
0.221668739977148 0.41294666331772445 
0.0809467138747949 0.6715808783572645 
0.18993886508663652 0.6249996357158474 
0.18770069746418241 0.6395372273273078 
0.4254190546810459 0.04916282769706139 
0.8305859166150849 -0.5746108016334519 
0.6286889983814925 -0.28430527952195633 
0.428017549478138 0.0179332670117355 
0.42594760790055775 0.03874278372563905 
0.06276919814252625 0.6938929351944226 
0.41208013851356873 0.2066955137290846 
0.04090606916455358 0.7607058899142668 
0.036314266111488386 0.7789968284974058 
0.8294104839943814 -0.571619661462944 
0.24004233324869445 0.28294848995264543 
0.6224705894994176 -0.1733271747437154 
0.8267702394154256 -0.5217330562009511 
0.4329893524344425 -0.02978403418003893 
0.01003834480847915 0.8983858004385475 
0.6436146808747831 -0.43160690679873637 
0.2004005512741317 0.5516648315576901 
0.4289406193001493 0.00815128116253731 
0.03498382436579367 0.7837995631381915 
0.4329893524344425 -0.02978403418003893 
0.05949196417084637 0.7010285107707727 
0.631909071067089 -0.3195393681218718 
0.21762720353574833 0.42030737911791255 
0.4211434211428344 0.09299808084777056 
0.011628280911050948 0.8888494774680691 
0.6253418836917938 -0.23657724485294698 
0.21552689610809161 0.44092433291436073 
0.4208364506574848 0.09598536243752567 
0.41914032745862584 0.11706170299162208 
0.640676164489004 -0.41184410483550765 
0.631909071067089 -0.3195393681218718 
0.014180611247042407 0.8781607208741097 
0.6269590052268494 -0.2602166246683352 
0.4468356173676211 -0.10631150870113795 
0.2572144242602692 0.24356056677204915 
0.8252849961000189 -0.49495463535015816 
