0.8513373576112118 -0.7723808895425077 
1.2727667597851514E-10 1.0027439080165146 
0.6530033501456629 -0.4571180811694504 
0.8234024539767069 -0.45847421427447027 
0.4094787653293089 0.24118215261332254 
0.45299211308438814 -0.12261683140569717 
0.6186598846985202 -0.12729713340534207 
0.25725231442656854 0.2432777712478446 
0.18242967188173687 0.6707803986958035 
0.08192510895130471 0.6713217057237176 
0.22750768031889407 0.35124263265540895 
0.41265149181153654 0.200074400772663 
0.2456882627819632 0.2623713807624308 
0.8316724147821374 -0.6079213204298252 
0.6267190269584844 -0.25225215327169964 
0.6284780023524213 -0.27940090047292515 
0.4149538287623078 0.17463758800864887 
0.223470621214397 0.3837936643573781 
0.19868622633190708 0.5640155102444303 
0.04258250329682217 0.7554238494833424 
0.6207632246632031 -0.15430692166271798 
0.23348277134104212 0.31593281464580214 
0.6442692968835672 -0.4350285965972733 
0.004332099258208474 0.9373007714996586 
0.6354904353020725 -0.35936458594852533 
0.4387820450828062 -0.0731609459263573 
0.44453106855034674 -0.10331066570993944 
0.4215325581106693 0.08863497661227109 
0.42383326492339957 0.06189237113913675 
0.18595831513550948 0.6511499268604598 
0.21820975319170818 0.4169986418734478 
0.6330019199944611 -0.3391454208822245 
0.2081848108345216 0.49307865034820103 
0.8361882353812771 -0.670884346083622 
0.8404044854178507 -0.7179975297506671 
0.02905150209530144 0.8082820081546455 
0.8307561259466938 -0.5936036875434588 
0.642798629431734 -0.42007406678437276 
0.06198482296350186 0.6972501464187157 
0.6375481956530045 -0.38633736496499604 
0.8347070807474124 -0.651363861695297 
0.032909127217089496 0.7924096478026603 
0.19027422448623774 0.6335988596025214 
0.19408311517541488 0.5973222728598764 
0.6389115491306672 -0.39886011937809446 
0.018960574462809077 0.8544929616617358 
0.2544818767744017 0.24530293940487996 
0.1942594722356826 0.596656120573032 
0.6304064542307393 -0.30709309243390054 
0.8255556156722739 -0.5010152387630212 
0.07220810939735439 0.6777444595379231 
0.8290986991706053 -0.5657846049998158 
0.21153253975009076 0.4694324370995818 
0.6244015271412031 -0.22229241168246083 
0.43293954151512437 -0.028552670131052522 
0.07213822903884518 0.6929724989534513 
0.24031179134082792 0.2818969942993254 
0.41943265831425836 0.11694043355866598 
0.6243366051035042 -0.21591258803370156 
0.04947519858730212 0.7300932794821239 
0.20648946328133327 0.5086667283351523 
0.025394131564044298 0.8246312993578452 
0.42832416647637594 0.014607640768522768 
0.038171178971298736 0.7811888198467418 
0.011125909790056732 0.8934687564102329 
0.6313816456464524 -0.31580886280651715 
0.4468702116731691 -0.11198072525696165 
0.8434937550288517 -0.7372964853120969 
0.8266580813710032 -0.5218848765176058 
0.21238438036285412 0.46044300487708667 
0.41680959716413263 0.14674778337028738 
0.6230151089809473 -0.1846676922718682 
0.8286161731117508 -0.5562867172432095 
0.238788929675606 0.28877827426796104 
0.41703938543450625 0.14283214717430848 
0.622690600337064 -0.18320481086290163 
0.0391496075358026 0.7678355250721098 
0.4261532640291693 0.03699310158778204 
0.43727692530506557 -0.06215581599424429 
0.8380987145345691 -0.6938956467020837 
0.41984237572002725 0.10797674352150596 
0.01209770841585267 0.8873543494055665 
0.6193170544310962 -0.13098310940619742 
0.007343979451370414 0.9149454272621675 
0.0572963098325836 0.7087737891238495 
0.05492012552141673 0.7135325127371653 
0.20423742179673765 0.5234453405254266 
0.8246810152832158 -0.4838679181388042 
0.20068409847922442 0.5492950856066691 
0.425620812249545 0.04335469595707579 
7.251032849929784E-4 0.9752578384321469 
0.021998186043635543 0.8396301008437224 
0.8393973030022566 -0.6973322857559627 
0.2150270440469932 0.4402920358552348 
0.007124550954901613 0.9163648088685411 
0.824409636392301 -0.4733331774345021 
0.8465517677672135 -0.7605966165784178 
0.050763958953564794 0.7259537814875338 
0.23515807445709427 0.3065177174650277 
0.2150270440469932 0.4402920358552348 
