6.0181660762465E-8 1.0018286845636024 
0.8514316358007645 -0.7720720109237491 
0.82336676254289 -0.45773490483934 
0.6522014130636387 -0.4569494993591754 
0.6185664019908752 -0.12562202167371977 
0.4534698040861098 -0.1229185315039611 
0.2578946102155747 0.24399044986585797 
0.40950764746445595 0.24327160300517822 
0.18266055012110252 0.6688441511015207 
0.08190381761357043 0.6713212375460329 
0.6290008524791556 -0.2858954238870216 
0.19918560102625862 0.5605006531344194 
0.6260475295378803 -0.24163236907843877 
0.05465044491605363 0.7142416903044336 
0.18820949719325158 0.6391947625565322 
0.06800860894204493 0.6838108130745169 
0.19390211377968067 0.6087418601644748 
0.2037929343448972 0.527960926916997 
0.2255082006359293 0.36616815028854166 
0.6361756991513801 -0.37301043993718164 
0.6203613895427768 -0.1511333178586475 
0.21206638292853808 0.4634802132909646 
0.20955514740317463 0.48206531885212656 
0.6245978065581617 -0.2198396640612946 
0.1952917555350443 0.5882112475821205 
0.027244002136867312 0.8167142157114957 
0.21581231647928673 0.43507207436010586 
0.831149507113819 -0.5978596613088061 
0.0021369295710593483 0.9564700936593797 
0.8367081154493095 -0.6774929796373671 
0.20609327416673281 0.5104633989867808 
0.6428544606050939 -0.4214742028201293 
0.43007941343379325 -0.0021776891022608404 
0.42635655604553474 0.036375060658410466 
0.8336683614165773 -0.6382390374610286 
0.014706937762971661 0.8777824337222243 
0.8404519720568986 -0.7129327002026247 
0.01033266602966798 0.8973436881805689 
0.23738859575808707 0.29549926092611145 
0.23124971884029658 0.3392230631364253 
0.4192250339755943 0.11684762315571544 
0.840849641425564 -0.7215224477640989 
0.22345634502530087 0.38549319357358 
0.42330278467133564 0.06772499571351114 
0.6223990334422899 -0.18984289153259798 
0.4170255454659498 0.15365333629046116 
0.6309647706925382 -0.31436463482574634 
0.4330274974944627 -0.027570818208132186 
0.8450309176582007 -0.7527768187053443 
0.43981270543168516 -0.07914002957786805 
0.23399920224069595 0.3223261665806765 
0.03320034828571407 0.7926186398452896 
0.8270060089201227 -0.528408674292784 
0.0388750473664346 0.7697408121330275 
0.22013593715321417 0.40348816700141404 
0.6217784389393652 -0.17973063032748188 
0.8245613503631277 -0.4770159412307318 
0.8303474754770154 -0.5869503985597893 
0.634651976964314 -0.35017490472636364 
0.41752363142126014 0.13703385800508006 
0.24455653226533755 0.2673906250597277 
0.6393543440087922 -0.40128698933120455 
0.44416810206930357 -0.10171263808241243 
0.1847898875674143 0.6574826399266305 
0.21815141178722203 0.4174032161870643 
0.4512084566911305 -0.1209631002558792 
0.023861039002726334 0.8323550067198066 
0.42106436645251766 0.09417475052727187 
0.647109078118875 -0.4474981201712861 
0.4350169165442204 -0.045454609520089444 
0.8255887405946568 -0.49994152432897626 
0.045797876954365824 0.7432310274825094 
0.41067863706885566 0.22562742049707826 
0.017923252969414286 0.8604868047749433 
0.004848400058582281 0.9321543216243358 
0.8278019014056563 -0.538373457812781 
0.008691851842701326 0.9169713057162059 
0.0774985554111984 0.6738533452994447 
0.2496388042430068 0.25255012368919216 
0.8288217572264631 -0.5608980081906434 
0.44400805374239205 -0.09473454768279402 
0.43084891500803535 -0.009306641487704891 
0.05015256467005777 0.731489360542621 
0.42191295176226895 0.0835517603955773 
0.41377358204542336 0.1849537550566035 
0.42562180984965053 0.04407395538777098 
0.6335122956323224 -0.3371065852695822 
0.0027697287062288245 0.9494432005385225 
0.02111886405874558 0.8433063563618434 
0.07061534407088838 0.6799556730454728 
0.4144429015845221 0.17657989163039098 
0.6320645425315111 -0.3253396086312368 
0.8450309176582007 -0.7527768187053443 
0.4375307708318179 -0.06380367178506013 
0.4124180874228789 0.2030153957285219 
0.05134970011664583 0.7235713960645422 
0.045797876954365824 0.7432310274825094 
0.8253975265005491 -0.4957137526743329 
0.03580237795110282 0.780179311611599 
0.8286886743028233 -0.5586445835435371 
