20 10
  0  9  1 91  2 96  3 73  4 37  5 28  6 32  7 27  8  4  9 83
  0 19  1 54  2 78  3 88  4 94  5 58  6 18  7 63  8 67  9  4
  0 86  1 71  2  7  3 17  4 51  5 52  6  3  7 59  8 77  9 50
  0 38  1 36  2 72  3 24  4  1  5 11  6 60  7 76  8 24  9 74
  0 71  1 13  2 80  3 53  4  9  5 21  6 34  7 97  8 68  9 14
  0 82  1 44  2 38  3 86  4 16  5 97  6 69  7 85  8 37  9  8
  0 12  1 27  2 17  3 10  4 89  5 49  6 47  7 57  8 28  9 67
  0 20  1 23  2 98  3 30  4  2  5 55  6 95  7 49  8 65  9 18
  0 37  1 95  2 88  3 71  4 80  5 16  6 92  7 60  8 93  9 60
  0 22  1 15  2 78  3  5  4 38  5  4  6 70  7 30  8 68  9  3
  0 97  1 25  2 80  3 11  4 94  5 82  6 71  7 70  8 18  9 43
  0 85  1 88  2 54  3 97  4 93  5 60  6 73  7  1  8  6  9 31
  0 93  1 46  2 73  3 10  4 89  5  5  6 58  7 23  8 49  9 59
  0 33  1  5  2 83  3 84  4 95  5 52  6 17  7 18  8 67  9 69
  0 69  1 38  2 15  3 58  4 95  5 42  6 26  7 42  8 93  9 13
  0 70  1 74  2  5  3 47  4 63  5 61  6 39  7 96  8  3  9 46
  0 29  1 21  2 27  3 69  4 17  5 87  6 60  7  2  8 10  9 53
  0 48  1 36  2 20  3 80  4 98  5 89  6 72  7 52  8 80  9 27
  0 28  1 21  2 75  3 49  4  2  5 76  6 93  7 49  8 44  9 28
  0 76  1  4  2 24  3 74  4 19  5 46  6 27  7 82  8 26  9 63
Reldue
-1	1569	-1	7
-1	1247	-1	8
-1	970	-1	1
-1	635	-1	3
-1	1608	-1	9
-1	1805	-1	7
-1	1314	-1	5
-1	1218	-1	9
-1	2658	-1	9
-1	527	-1	7
-1	2326	-1	8
-1	1761	-1	4
-1	1839	-1	6
-1	1431	-1	3
-1	1886	-1	7
-1	1911	-1	10
-1	1103	-1	1
-1	1973	-1	6
-1	1785	-1	2
-1	551	-1	2
