100 5
  0 31  1 28  2 55  3 71  4 32
  0 37  1  1  2 91  3 85  4 28
  0 48  1 98  2 82  3 53  4 73
  0  7  1 12  2 92  3 10  4 30
  0 22  1 29  2 84  3 54  4 72
  0 18  1 18  2 54  3 61  4 56
  0 95  1 31  2 60  3 86  4 83
  0 98  1 93  2 21  3 11  4 21
  0 21  1 13  2 32  3 79  4 33
  0 79  1 84  2 11  3 15  4 40
  0 99  1 26  2 26  3 47  4 51
  0 81  1 27  2 60  3 54  4 73
  0 65  1 94  2 71  3 78  4 15
  0 55  1 60  2 94  3 54  4 87
  0 46  1 91  2 85  3 44  4 12
  0 56  1 23  2 25  3 69  4 69
  0 93  1 35  2 10  3 40  4  7
  0 88  1 52  2 16  3 95  4  2
  0 43  1 28  2 23  3 35  4 91
  0 52  1 87  2 21  3 78  4 70
  0 68  1  8  2 14  3 62  4 26
  0 11  1 95  2 65  3 93  4 16
  0 69  1  8  2 75  3 70  4 82
  0 27  1 47  2 24  3  8  4 16
  0 65  1 75  2 46  3 84  4 97
  0 85  1 99  2 54  3 43  4 99
  0 55  1 85  2 69  3 59  4 28
  0 49  1 50  2 28  3 44  4 56
  0  3  1 15  2 93  3 30  4 29
  0 53  1 75  2 76  3 77  4 67
  0 25  1 64  2 82  3 77  4 69
  0 29  1 41  2 71  3 34  4 68
  0 33  1 49  2 63  3 80  4 78
  0 35  1 16  2 85  3 37  4 87
  0 56  1 40  2 16  3 88  4 73
  0 89  1 64  2 22  3  9  4 87
  0 36  1 65  2 81  3 73  4 98
  0 50  1 64  2 43  3 98  4 28
  0 30  1 26  2 96  3 13  4 60
  0  9  1 87  2  8  3 19  4 54
  0 53  1 89  2 50  3 53  4 99
  0 29  1 55  2 78  3 88  4 52
  0 26  1 43  2 71  3 39  4  7
  0 55  1 11  2 46  3 23  4 68
  0 62  1 83  2 81  3 11  4 40
  0 93  1 75  2 95  3 17  4 27
  0 31  1 14  2  6  3  6  4 12
  0 13  1 52  2 36  3  3  4 49
  0 62  1 86  2 17  3  1  4 60
  0 76  1 14  2 46  3 74  4 61
  0 41  1 10  2 54  3 87  4 48
  0 82  1 45  2 10  3 77  4 49
  0  1  1 90  2 82  3 25  4 31
  0  1  1 46  2 91  3 26  4 58
  0 65  1 49  2 30  3 13  4 92
  0 65  1 55  2 93  3  3  4 16
  0 23  1 27  2 15  3 78  4 57
  0 33  1 70  2 17  3 45  4 42
  0  7  1 71  2 34  3 29  4 82
  0 14  1 69  2 19  3  7  4 46
  0 74  1 62  2 14  3 60  4 35
  0 81  1 90  2 45  3 62  4 94
  0 60  1 30  2  4  3 61  4 33
  0 35  1 91  2 64  3 95  4 85
  0 73  1 76  2 14  3 39  4 71
  0 83  1 55  2  3  3 53  4 70
  0 24  1 68  2 65  3 78  4 87
  0 42  1 77  2 69  3  6  4 43
  0 61  1 77  2 48  3 25  4 23
  0  9  1  1  2  2  3 10  4 28
  0 67  1 48  2 51  3 71  4 79
  0 55  1 34  2  7  3  7  4 13
  0 58  1 48  2 13  3 28  4 89
  0 48  1 59  2 70  3 96  4 45
  0 38  1  5  2 76  3 42  4 75
  0 55  1 74  2 91  3 63  4 85
  0 30  1 77  2 87  3 98  4 86
  0 76  1  4  2 96  3 35  4 34
  0 47  1 93  2 14  3 93  4 20
  0  4  1 87  2 31  3 60  4 47
  0  3  1 74  2 78  3 89  4 11
  0 57  1 81  2 22  3 84  4 14
  0 32  1 29  2 50  3 80  4 30
  0 62  1  6  2 36  3  8  4 81
  0 61  1 18  2 86  3 59  4 29
  0 72  1 16  2 83  3 53  4 64
  0 67  1 84  2 32  3 58  4 73
  0 59  1 75  2 54  3 64  4 94
  0 57  1 80  2 98  3 88  4 29
  0 80  1 38  2 21  3 66  4  8
  0 97  1 34  2 94  3 72  4 84
  0 73  1 11  2 72  3 72  4 33
  0 75  1 13  2 66  3 81  4 18
  0 58  1 84  2 96  3 11  4 95
  0 74  1 17  2  2  3 75  4 70
  0 32  1 53  2 26  3 90  4 85
  0 87  1 19  2  4  3 90  4 15
  0  6  1 93  2 54  3 42  4 93
  0 47  1 71  2 25  3 96  4 62
  0 65  1 66  2 27  3  7  4 74
Reldue
-1	775	-1	3
-1	679	-1	3
-1	616	-1	4
-1	206	-1	10
-1	1038	-1	6
-1	573	-1	2
-1	1181	-1	1
-1	679	-1	4
-1	264	-1	5
-1	280	-1	5
-1	481	-1	4
-1	1110	-1	2
-1	1255	-1	8
-1	711	-1	6
-1	670	-1	4
-1	913	-1	3
-1	729	-1	6
-1	649	-1	7
-1	871	-1	5
-1	735	-1	1
-1	645	-1	7
-1	844	-1	6
-1	487	-1	1
-1	373	-1	7
-1	1221	-1	4
-1	1187	-1	2
-1	1060	-1	2
-1	305	-1	3
-1	674	-1	4
-1	476	-1	10
-1	546	-1	7
-1	608	-1	9
-1	317	-1	7
-1	665	-1	10
-1	739	-1	5
-1	712	-1	1
-1	1306	-1	10
-1	1102	-1	2
-1	740	-1	4
-1	376	-1	3
-1	1230	-1	6
-1	440	-1	7
-1	459	-1	9
-1	749	-1	9
-1	485	-1	5
-1	649	-1	2
-1	177	-1	9
-1	563	-1	1
-1	798	-1	3
-1	516	-1	2
-1	547	-1	1
-1	1043	-1	5
-1	504	-1	7
-1	624	-1	1
-1	655	-1	7
-1	508	-1	3
-1	546	-1	2
-1	420	-1	1
-1	423	-1	4
-1	384	-1	3
-1	336	-1	3
-1	598	-1	10
-1	645	-1	8
-1	576	-1	7
-1	617	-1	6
-1	683	-1	10
-1	1118	-1	10
-1	325	-1	5
-1	439	-1	6
-1	76	-1	7
-1	1217	-1	5
-1	357	-1	8
-1	360	-1	9
-1	477	-1	1
-1	387	-1	6
-1	1285	-1	6
-1	1016	-1	9
-1	376	-1	6
-1	1008	-1	9
-1	691	-1	6
-1	851	-1	2
-1	889	-1	8
-1	786	-1	8
-1	760	-1	4
-1	303	-1	7
-1	906	-1	3
-1	989	-1	9
-1	763	-1	9
-1	1386	-1	7
-1	509	-1	5
-1	1514	-1	7
-1	687	-1	4
-1	325	-1	3
-1	668	-1	5
-1	250	-1	3
-1	1014	-1	6
-1	236	-1	10
-1	916	-1	8
-1	690	-1	7
-1	446	-1	4
