1130.0 13885.0 3781.0 
1134.0 13900.0 3750.0 
1126.0 13973.0 3820.0 
1160.0 13245.0 3229.0 
1129.0 13928.0 3815.0 
1146.0 13269.0 3084.0 
1198.0 13202.0 2851.0 
1270.0 13146.0 2811.0 
1158.0 13283.0 3048.0 
1143.0 13528.0 3246.0 
1131.0 13816.0 3859.0 
1129.0 13927.0 3832.0 
1127.0 13905.0 3905.0 
1139.0 13486.0 3380.0 
1249.0 13147.0 2812.0 
1124.0 13914.0 3943.0 
1144.0 13291.0 3108.0 
1127.0 13905.0 3905.0 
1125.0 14001.0 3930.0 
1138.0 13652.0 3323.0 
1242.0 13208.0 2849.0 
1138.0 13513.0 3329.0 
1133.0 14000.0 3738.0 
1123.0 13915.0 3966.0 
1228.0 13258.0 2762.0 
1129.0 13881.0 3914.0 
1125.0 14087.0 3780.0 
1154.0 13257.0 3172.0 
1122.0 14007.0 4058.0 
1198.0 13289.0 2832.0 
1156.0 13251.0 3122.0 
1179.0 13179.0 2932.0 
1134.0 13900.0 3750.0 
1157.0 13408.0 3076.0 
