1186.0 13303.0 3059.0 
1179.0 13403.0 2990.0 
1143.0 13534.0 3282.0 
1132.0 13931.0 4025.0 
1184.0 13247.0 3285.0 
1186.0 13382.0 3010.0 
1186.0 13361.0 3052.0 
1184.0 13248.0 3255.0 
1200.0 13306.0 2969.0 
1184.0 13245.0 3351.0 
1212.0 13244.0 2907.0 
1181.0 13336.0 3087.0 
1213.0 13391.0 2830.0 
1142.0 13475.0 3295.0 
1179.0 13405.0 2987.0 
1179.0 13152.0 3408.0 
1179.0 13348.0 3059.0 
1163.0 13267.0 3384.0 
1213.0 13391.0 2830.0 
1239.0 13359.0 2881.0 
1213.0 13391.0 2830.0 
1154.0 13354.0 3396.0 
1179.0 13152.0 3408.0 
1212.0 13244.0 2907.0 
1203.0 13360.0 2907.0 
1189.0 13253.0 3251.0 
1138.0 13579.0 3223.0 
1158.0 13442.0 3028.0 
1144.0 13440.0 3188.0 
1190.0 13157.0 3302.0 
1146.0 13379.0 3106.0 
1154.0 13417.0 3067.0 
1163.0 13344.0 3088.0 
1242.0 13350.0 2810.0 
1239.0 13350.0 2882.0 
1249.0 13203.0 2755.0 
1194.0 13462.0 2867.0 
1192.0 13227.0 2973.0 
1197.0 13417.0 2877.0 
1190.0 13460.0 2975.0 
1186.0 13368.0 3035.0 
1183.0 13322.0 3208.0 
1179.0 13283.0 3353.0 
1140.0 13540.0 3095.0 
1133.0 13895.0 4043.0 
1151.0 13298.0 3588.0 
1197.0 13417.0 2877.0 
1190.0 13169.0 3122.0 
1211.0 13254.0 2886.0 
1192.0 13399.0 2950.0 
1192.0 13149.0 3076.0 
