1153.0 13676.0 3107.0 
1153.0 13618.0 3109.0 
1216.0 13230.0 2816.0 
1179.0 13388.0 3061.0 
1154.0 13287.0 3229.0 
1195.0 13297.0 3029.0 
1180.0 13620.0 2948.0 
1247.0 13248.0 2725.0 
1160.0 13264.0 3206.0 
1161.0 13368.0 3188.0 
1138.0 13589.0 3152.0 
1192.0 13348.0 2946.0 
1216.0 13190.0 2846.0 
1175.0 13350.0 3170.0 
1131.0 14013.0 3809.0 
1182.0 13229.0 3171.0 
1179.0 13388.0 3061.0 
1247.0 13248.0 2725.0 
1198.0 13248.0 2816.0 
1191.0 13357.0 2936.0 
1247.0 13191.0 2799.0 
1191.0 13357.0 2936.0 
1190.0 13293.0 3057.0 
1191.0 13357.0 2936.0 
1198.0 13359.0 2805.0 
1200.0 13239.0 2821.0 
1187.0 13384.0 2936.0 
1255.0 13174.0 2959.0 
1175.0 13348.0 3186.0 
1176.0 13349.0 3169.0 
1247.0 13362.0 2724.0 
1234.0 13237.0 2778.0 
1138.0 13589.0 3152.0 
1200.0 13239.0 2821.0 
1160.0 13594.0 3071.0 
1207.0 13261.0 2802.0 
1198.0 13359.0 2805.0 
1194.0 13309.0 2975.0 
1190.0 13357.0 2962.0 
1131.0 14141.0 3772.0 
1175.0 13348.0 3186.0 
1120.0 13851.0 3892.0 
1198.0 13232.0 2874.0 
1179.0 13193.0 3331.0 
1185.0 13384.0 2968.0 
1127.0 14159.0 3786.0 
1202.0 13408.0 2778.0 
1180.0 13620.0 2948.0 
1131.0 13961.0 3844.0 
1190.0 13305.0 3039.0 
1161.0 13415.0 2961.0 
1119.0 13966.0 4217.0 
1146.0 13546.0 3160.0 
1138.0 13419.0 3165.0 
1192.0 13348.0 2946.0 
1216.0 13187.0 3010.0 
1207.0 13261.0 2802.0 
1130.0 14068.0 3847.0 
1126.0 13698.0 3854.0 
1198.0 13191.0 2894.0 
