1191.0 13222.0 2939.0 
1198.0 13119.0 2871.0 
1212.0 13152.0 2801.0 
1147.0 13281.0 3078.0 
1234.0 13184.0 2717.0 
1192.0 13235.0 2904.0 
1138.0 13547.0 3074.0 
1192.0 13208.0 2973.0 
1212.0 13142.0 2807.0 
1212.0 13185.0 2791.0 
1190.0 13226.0 3042.0 
1172.0 13473.0 2966.0 
1141.0 13417.0 3189.0 
1147.0 13281.0 3078.0 
1138.0 13525.0 3092.0 
1182.0 13275.0 3073.0 
1157.0 13554.0 3070.0 
1198.0 13185.0 2799.0 
1184.0 13289.0 2889.0 
1197.0 13201.0 2854.0 
1138.0 13446.0 3390.0 
1161.0 13292.0 3017.0 
1180.0 13301.0 2900.0 
1184.0 13245.0 2891.0 
1138.0 13383.0 3433.0 
1192.0 13251.0 2828.0 
1263.0 13156.0 2723.0 
1169.0 13357.0 2981.0 
1198.0 13142.0 2812.0 
1214.0 13115.0 2743.0 
1147.0 13259.0 3116.0 
1147.0 13284.0 3076.0 
1163.0 13245.0 3282.0 
