0.011655519651137253
0.009467519913022727
0.01072073057809032
0.014241119350503342
0.011785957898093445
0.013867818076988716
0.01585265848916346
0.010480121391974925
0.011026714532310912
0.012143685904847145
0.011061868189691309
0.014239786721442436
0.014267873183717795
0.00990372166692847
0.015659797687898762
0.010992224163727504
0.009746315752476597
0.009949816787033779
0.013825507270927042
0.014379833151049739
0.010704255724983078
0.013029213713959455
0.013357515474562407
0.011748450815596237
0.009261062064964725
0.009098591620946445
0.01635655036806181
0.009934030181841462
0.009908282983429351
0.01181668792571897
