4 10 6 18 15 14 11 5 8 17 12 9 19 2 7 1 0 13 16 3  
4 10 18 14 6 11 17 8 15 12 0 9 19 16 5 2 7 3 13 1  
4 10 18 14 6 11 15 17 1 5 9 12 0 19 7 2 13 16 3 8  
4 10 18 14 6 11 17 8 15 12 0 9 19 16 5 2 7 3 13 1  
4 10 6 15 18 14 0 8 11 17 12 9 13 16 5 2 1 7 3 19  
4 10 18 14 6 11 17 8 15 12 0 9 19 16 5 2 7 3 1 13  
4 10 6 18 15 14 7 11 8 0 12 9 13 5 2 17 1 19 16 3  
4 10 18 14 15 6 11 7 8 17 12 9 13 16 5 2 0 1 3 19  
4 15 18 10 6 14 11 5 17 8 12 9 19 0 1 7 2 13 16 3  
4 10 18 14 6 11 17 8 15 12 0 9 19 16 5 2 7 1 13 3  
4 10 18 14 6 11 17 8 15 12 0 9 13 16 5 2 7 1 3 19  
4 10 6 18 15 14 7 8 11 5 17 12 9 19 1 0 2 13 16 3  
4 10 18 14 6 11 17 8 15 12 0 9 13 16 5 7 2 3 1 19  
4 10 6 18 15 14 7 11 8 17 12 0 1 5 9 13 2 19 16 3  
4 10 6 18 15 14 7 8 0 12 11 9 19 5 2 1 17 13 16 3  
4 10 18 14 6 11 15 17 12 5 9 1 0 19 7 2 13 16 3 8  
4 10 6 18 15 14 11 5 8 17 12 9 19 2 7 0 1 13 16 3  
4 10 18 14 6 11 17 8 15 12 0 9 19 16 5 2 7 3 13 1  
4 10 6 18 15 14 7 8 11 17 12 9 19 16 5 2 0 1 13 3  
4 15 18 10 6 14 11 7 1 17 9 12 0 19 5 2 13 16 3 8  
4 10 18 14 6 11 17 8 15 12 0 9 19 16 5 2 7 13 3 1  
4 10 18 14 6 11 17 8 15 0 12 9 19 16 5 2 7 3 1 13  
4 10 18 14 6 11 17 8 15 0 12 9 19 16 5 7 3 13 2 1  
4 10 18 14 6 11 17 8 15 12 0 9 1 16 5 2 7 13 3 19  
4 10 18 14 6 11 17 8 15 12 0 9 19 16 5 2 7 13 3 1  
4 10 18 14 6 11 15 17 1 5 9 12 0 19 7 2 13 16 3 8  
4 10 18 14 6 11 17 8 15 12 0 9 1 16 5 7 2 13 3 19  
4 10 18 14 6 11 17 8 15 0 12 9 19 16 5 13 7 1 2 3  
4 10 18 14 6 11 17 8 15 12 0 9 19 16 5 2 7 3 1 13  
4 10 6 18 15 14 11 5 1 17 9 12 0 19 2 7 13 16 3 8  
4 10 6 18 15 14 7 11 5 12 17 9 1 0 19 2 13 16 3 8  
4 15 18 10 14 6 11 7 8 17 12 9 13 16 5 2 0 1 3 19  
4 10 18 14 6 11 17 8 15 12 0 9 16 1 5 2 13 7 3 19  
4 10 18 15 6 11 14 5 0 1 17 12 9 19 7 2 13 16 3 8  
4 10 18 14 6 11 17 8 15 12 0 9 19 16 5 2 7 3 1 13  
4 10 18 14 6 11 17 8 15 12 0 9 1 16 5 2 7 13 3 19  
4 10 18 14 6 11 17 8 15 0 12 9 13 16 5 2 7 3 1 19  
4 10 6 15 18 14 7 8 11 17 12 9 13 16 5 2 0 1 3 19  
4 10 18 14 6 11 17 8 15 0 12 9 19 16 5 2 7 3 1 13  
4 10 18 14 6 15 17 8 11 12 5 9 19 2 7 0 1 13 16 3  
4 10 6 18 15 14 7 11 5 17 12 1 0 9 13 2 19 16 3 8  
4 10 18 14 6 11 17 8 15 12 0 7 9 1 5 2 19 13 16 3  
4 10 18 14 6 11 17 8 15 12 0 9 19 16 5 2 7 3 1 13  
4 10 18 14 15 6 11 17 1 5 9 12 0 19 7 2 13 16 3 8  
