6 10 4 15 18 11 0 8 14 12 7 5 2 9 13 16 17 1 3 19  
10 6 18 11 4 14 8 15 0 12 9 19 5 2 7 1 17 13 16 3  
10 6 15 4 18 14 11 0 8 12 9 19 5 2 13 7 1 17 16 3  
10 6 4 15 18 14 11 7 8 5 0 1 9 19 2 13 12 17 16 3  
10 6 15 4 14 8 0 11 12 9 19 5 18 13 2 16 17 1 7 3  
10 6 18 11 4 14 8 15 0 12 9 19 2 13 16 5 7 3 1 17  
10 6 15 4 18 14 11 8 0 12 9 19 5 2 13 7 1 17 16 3  
10 6 15 4 14 8 0 11 12 18 5 9 19 2 17 1 7 13 16 3  
10 6 15 4 11 18 14 0 1 5 7 8 9 19 2 13 12 17 16 3  
10 6 18 11 4 14 8 15 0 12 9 19 5 2 7 1 17 13 16 3  
10 6 15 4 14 8 0 11 18 19 12 5 9 13 2 16 7 1 17 3  
10 6 11 4 14 8 15 0 12 9 19 5 18 2 13 7 1 17 16 3  
10 6 15 4 11 14 18 8 17 12 9 0 19 2 13 16 5 3 1 7  
10 6 15 4 11 18 14 0 12 7 5 13 2 9 1 17 19 16 3 8  
10 6 15 4 18 14 11 8 17 19 12 5 9 13 2 16 0 1 7 3  
10 6 18 11 4 14 8 15 0 12 9 19 2 13 16 5 17 3 1 7  
10 6 15 4 11 14 18 8 17 12 9 0 19 2 13 16 5 7 3 1  
10 6 15 4 11 14 0 18 1 7 13 5 2 9 12 17 19 16 3 8  
10 6 15 4 18 14 7 0 8 11 12 9 19 2 13 16 5 17 1 3  
10 6 15 4 11 5 14 0 12 7 18 13 2 9 1 17 19 16 3 8  
10 6 15 4 18 11 0 14 12 5 7 13 2 9 1 17 19 16 3 8  
10 6 15 4 18 14 8 17 11 12 9 19 5 13 2 16 7 0 1 3  
10 6 15 4 14 8 0 11 18 19 12 5 9 13 2 16 7 1 17 3  
10 6 15 4 14 8 0 11 18 19 12 5 9 13 2 7 1 17 16 3  
10 6 4 15 18 14 11 7 5 17 12 13 2 9 1 0 19 16 3 8  
10 6 15 4 11 14 18 8 17 12 9 0 19 2 13 16 5 7 3 1  
10 6 15 5 11 18 14 0 1 7 4 13 2 9 12 17 19 16 3 8  
10 6 18 4 14 11 8 15 0 12 9 19 2 13 16 5 17 1 7 3  
10 6 15 4 14 8 0 11 18 19 12 5 9 13 17 16 1 2 7 3  
10 6 15 4 14 7 11 18 12 0 13 5 2 9 1 17 19 16 3 8  
10 6 4 15 18 14 11 7 8 5 0 1 9 19 2 13 16 17 12 3  
10 6 15 4 11 18 0 14 1 5 7 13 2 17 12 9 19 16 3 8  
10 6 15 4 11 5 14 0 12 7 18 13 2 9 1 17 19 16 3 8  
10 6 15 4 14 8 0 11 18 19 12 5 9 13 2 7 16 17 3 1  
10 6 5 11 4 14 15 7 12 0 18 13 2 9 1 17 19 16 3 8  
10 6 15 4 14 8 0 11 18 19 12 5 9 13 16 17 1 7 3 2  
10 6 4 15 18 14 11 7 8 5 0 1 9 19 2 13 12 17 16 3  
10 6 15 4 14 8 0 11 18 19 12 5 9 13 7 17 1 16 2 3  
10 6 15 4 18 14 11 0 1 5 7 13 2 9 12 17 19 16 3 8  
10 6 4 15 18 14 11 7 8 5 0 1 9 19 2 13 12 17 16 3  
10 6 15 4 14 8 0 11 18 19 16 5 9 13 17 12 1 2 7 3  
10 6 15 4 18 14 11 8 0 12 9 19 5 2 13 7 1 17 16 3  
10 6 15 4 11 18 0 14 1 5 7 13 2 17 12 9 19 16 3 8  
10 6 15 4 14 8 0 11 18 19 16 5 9 13 7 3 12 17 1 2  
10 6 15 4 11 5 14 0 12 7 18 13 2 9 1 17 19 16 3 8  
10 6 4 15 14 11 5 7 12 0 18 13 2 9 1 17 19 16 3 8  
10 6 18 15 7 11 8 0 14 12 5 4 13 2 9 1 17 19 16 3  
10 6 15 4 14 8 0 11 18 19 12 5 7 1 17 9 2 13 16 3  
