10 6 15 4 18 14 11 5 8 7 9 19 12 0 2 17 1 13 16 3  
10 4 15 18 14 6 11 7 9 19 12 0 1 5 17 2 8 13 16 3  
4 10 6 18 15 7 8 11 14 5 9 13 12 0 2 17 1 19 16 3  
6 4 10 18 14 11 0 8 15 5 9 13 3 19 16 17 12 1 7 2  
4 10 6 18 14 11 0 8 15 5 9 19 16 3 12 17 2 13 1 7  
10 6 15 4 11 14 5 18 19 17 8 12 0 1 7 9 2 13 16 3  
10 6 15 4 11 14 5 18 19 17 8 12 0 1 7 9 2 13 16 3  
4 10 6 18 15 14 11 5 9 8 19 16 0 13 12 17 2 1 7 3  
4 10 6 18 15 14 11 5 8 7 9 13 12 0 2 17 1 19 16 3  
4 10 6 18 14 11 0 8 15 5 9 3 19 13 16 17 12 7 1 2  
4 10 6 15 5 9 14 18 19 12 17 11 0 1 2 7 13 16 3 8  
10 6 15 4 18 14 11 5 9 8 19 16 0 13 12 17 1 7 2 3  
10 4 15 18 14 6 11 5 9 8 19 17 12 0 1 7 13 2 16 3  
4 10 6 18 14 11 15 7 8 5 9 19 12 0 2 17 1 13 16 3  
4 10 6 18 14 11 0 8 12 5 9 19 16 15 3 7 2 17 1 13  
10 6 15 4 18 14 11 5 9 8 19 16 7 13 12 17 1 0 2 3  
10 6 15 4 18 14 11 5 9 19 8 7 12 0 2 17 1 13 16 3  
4 10 6 15 5 9 14 18 19 12 11 17 1 0 2 7 13 16 3 8  
6 4 10 18 14 11 0 8 12 5 9 19 16 3 15 17 2 1 7 13  
4 10 18 15 5 14 9 11 19 6 12 0 8 17 1 7 2 13 16 3  
4 10 6 18 14 11 0 8 15 5 9 19 16 3 12 17 2 1 7 13  
4 10 6 15 5 18 14 9 19 12 17 11 7 1 2 0 13 16 3 8  
4 10 6 18 14 11 15 5 9 8 19 16 0 13 12 17 1 7 2 3  
4 10 6 18 17 8 14 11 12 5 9 19 3 15 16 0 2 13 1 7  
4 10 6 18 14 11 0 8 15 5 9 3 19 13 12 17 7 2 16 1  
4 10 6 18 14 11 0 8 15 5 9 19 16 3 12 17 2 13 1 7  
4 10 6 18 14 11 0 8 15 5 9 19 16 13 12 7 2 17 1 3  
