4 10 6 18 15 0 8 14 16 11 17 12 9 19 5 2 7 1 13 3  
4 10 6 18 15 0 8 14 11 16 17 12 9 19 5 2 7 1 13 3  
4 10 6 18 15 0 8 14 11 16 17 12 9 19 5 7 1 13 2 3  
4 10 6 18 15 0 14 8 11 17 12 9 19 16 5 2 13 7 3 1  
4 10 6 18 15 0 8 14 11 16 17 12 9 19 5 2 7 3 13 1  
4 10 6 15 18 0 8 14 11 17 12 9 19 16 5 7 2 3 13 1  
4 10 6 18 15 17 8 14 11 12 5 7 9 13 0 1 2 16 3 19  
4 10 6 18 15 0 8 14 12 5 9 19 11 2 7 17 1 13 16 3  
6 10 4 8 15 0 18 11 19 5 9 14 12 17 1 2 13 7 16 3  
4 10 6 18 15 0 8 14 11 7 9 12 19 5 2 17 1 13 16 3  
6 10 4 8 15 0 18 14 11 16 17 12 9 19 5 2 7 3 1 13  
4 10 6 18 15 0 8 14 11 16 17 12 9 19 5 2 7 1 13 3  
4 10 6 18 15 0 8 14 11 7 1 5 9 19 2 17 12 13 16 3  
4 10 6 18 15 0 8 14 11 7 12 5 9 19 2 17 1 13 16 3  
4 10 6 18 15 17 8 14 11 12 0 5 2 9 16 13 7 1 19 3  
4 10 6 18 15 0 8 14 11 7 9 1 17 19 12 2 13 16 5 3  
4 10 6 15 18 0 8 14 11 7 12 9 5 13 17 1 2 19 16 3  
4 10 6 18 15 0 8 14 11 12 17 5 2 9 13 16 7 1 3 19  
6 10 4 8 15 0 18 14 11 12 17 16 9 19 5 7 2 3 1 13  
4 10 18 15 11 0 8 14 12 5 9 19 6 7 2 17 1 13 16 3  
4 10 6 18 15 0 8 14 11 7 1 5 9 19 2 17 12 13 16 3  
4 10 6 18 14 8 0 11 9 12 17 19 16 15 5 7 2 3 1 13  
4 10 6 18 15 0 8 14 11 16 17 12 9 19 5 2 7 3 1 13  
4 10 6 18 15 0 8 14 11 7 12 9 5 19 17 1 2 13 16 3  
6 10 4 8 15 0 18 11 14 12 17 16 9 19 5 2 7 1 13 3  
4 10 6 18 15 0 8 14 11 16 17 12 9 19 5 2 7 3 13 1  
4 10 8 6 15 0 18 14 11 12 5 7 9 13 2 1 17 19 16 3  
4 10 6 15 18 0 14 8 11 7 12 9 19 5 17 1 2 13 16 3  
4 10 6 18 15 0 14 8 11 12 17 16 9 19 5 2 13 7 3 1  
4 10 6 18 15 0 8 14 11 16 17 12 9 19 5 2 13 7 3 1  
4 10 6 18 15 0 8 14 11 16 17 12 9 1 5 2 13 7 3 19  
4 10 6 8 15 0 18 14 11 12 17 16 9 19 5 3 13 2 1 7  
4 10 18 15 11 0 8 14 12 5 9 19 6 7 2 1 17 13 16 3  
4 10 6 15 8 17 18 11 14 12 0 9 19 16 5 3 13 2 1 7  
4 10 6 18 15 0 8 14 11 16 17 12 9 19 5 2 7 1 13 3  
4 10 6 18 15 17 8 14 11 16 0 12 9 1 5 2 13 7 3 19  
6 10 4 18 15 0 8 14 11 12 17 16 9 19 5 7 2 3 1 13  
4 10 6 18 15 0 14 11 12 7 8 5 9 13 17 1 2 19 16 3  
4 10 8 6 15 0 18 14 11 7 12 5 9 19 2 17 1 13 16 3  
6 10 4 8 15 0 18 14 11 16 17 12 9 19 5 2 7 3 13 1  
4 10 6 18 15 0 8 14 11 17 12 16 9 19 5 7 1 13 2 3  
4 10 6 18 15 17 8 11 14 12 0 9 19 16 5 3 13 7 2 1  
4 10 18 15 11 0 8 14 12 5 9 19 6 7 2 17 1 13 16 3  
4 10 6 18 15 0 8 14 11 16 5 17 12 2 9 13 7 1 3 19  
6 10 4 8 15 0 18 14 11 12 17 16 9 19 5 2 7 3 13 1  
4 10 6 8 15 0 18 11 14 5 9 19 12 13 2 17 1 16 7 3  
6 10 4 8 15 0 18 14 11 12 5 7 9 13 17 1 2 19 16 3  
6 10 4 8 15 0 18 14 11 16 17 12 9 19 5 2 7 1 13 3  
4 10 6 18 14 8 0 11 12 9 17 19 16 15 5 2 7 3 1 13  
4 10 6 18 15 0 8 14 11 17 12 9 19 16 5 3 13 2 1 7  
