4 10 6 15 18 14 0 8 11 5 9 19 2 13 12 7 16 17 1 3  
6 10 4 15 18 14 11 17 8 12 0 9 19 3 13 16 5 2 1 7  
4 10 6 18 15 14 0 8 11 5 16 9 19 2 7 3 13 12 17 1  
4 10 6 18 15 14 0 8 11 5 9 13 3 19 12 17 16 7 2 1  
4 10 6 18 15 14 0 8 11 5 9 19 2 13 12 17 16 1 7 3  
6 10 4 15 18 14 0 8 11 12 17 9 19 3 13 16 5 2 7 1  
4 10 6 18 14 11 15 0 8 12 17 9 19 3 13 16 5 2 1 7  
4 10 6 15 18 14 0 8 11 5 9 19 2 13 12 17 1 7 16 3  
4 10 6 18 15 14 7 8 11 5 9 19 2 13 16 0 1 17 12 3  
10 6 4 15 18 14 11 17 8 12 0 9 19 16 5 13 2 1 7 3  
4 10 6 15 18 14 11 7 8 5 9 19 2 13 12 0 1 17 16 3  
4 10 6 18 15 14 7 8 11 5 9 19 2 13 12 0 16 17 1 3  
4 10 6 18 15 14 11 17 8 12 0 9 19 16 5 2 7 3 13 1  
4 10 6 18 15 14 11 17 8 12 0 9 19 16 5 2 7 13 3 1  
10 6 15 4 18 14 11 17 8 12 0 9 19 3 13 16 5 2 7 1  
4 10 6 18 15 14 0 8 11 16 5 9 19 7 2 13 12 17 1 3  
4 10 6 18 15 14 11 17 8 12 0 9 19 3 13 16 5 2 1 7  
10 6 4 15 18 14 7 8 11 5 9 19 2 13 12 0 16 17 1 3  
4 10 6 18 15 14 0 8 11 5 9 19 2 13 12 17 16 1 7 3  
4 10 6 15 18 14 7 8 11 17 12 5 9 19 2 13 0 16 1 3  
4 10 6 15 18 14 0 8 11 17 12 5 9 19 2 13 16 1 7 3  
6 10 4 15 18 14 11 17 8 12 0 9 19 16 5 2 13 7 3 1  
4 10 6 18 14 11 15 17 8 12 0 1 5 9 19 2 13 16 7 3  
10 6 15 4 18 14 11 17 8 12 0 9 19 3 1 16 5 2 7 13  
4 10 6 18 15 14 7 8 11 5 9 19 2 13 16 0 1 17 12 3  
4 10 6 18 15 14 7 8 11 5 9 19 2 13 12 0 16 17 1 3  
10 6 15 11 5 9 8 14 7 18 2 19 4 13 12 17 1 0 16 3  
4 10 6 18 15 14 0 8 11 5 9 19 3 13 12 17 1 7 2 16  
10 6 15 4 18 14 12 17 8 11 0 9 19 16 5 2 7 3 13 1  
4 10 6 15 18 14 0 8 11 17 12 9 13 7 3 19 16 5 2 1  
4 10 6 15 18 14 7 8 11 5 9 19 2 13 12 17 1 0 16 3  
4 10 6 15 18 14 7 8 11 5 9 19 2 13 16 0 12 17 1 3  
4 10 6 18 15 14 0 8 11 5 9 19 3 13 12 17 7 2 16 1  
4 10 6 18 15 14 11 7 8 5 9 19 2 13 12 17 1 0 16 3  
