4 10 6 18 14 15 11 5 9 8 19 12 0 17 1 7 2 13 16 3  
4 10 6 18 14 8 15 0 11 16 9 19 12 5 17 1 7 13 2 3  
4 10 6 18 14 8 15 0 11 12 5 9 19 7 2 17 1 13 16 3  
6 10 4 8 15 0 18 14 11 7 9 19 12 17 1 5 2 13 16 3  
4 10 6 18 15 0 8 14 12 11 5 9 19 7 1 17 2 13 16 3  
4 10 6 18 14 8 15 11 5 9 19 0 12 2 13 17 16 1 7 3  
4 10 6 18 15 14 0 8 11 7 9 19 12 5 1 17 2 13 16 3  
10 6 18 4 14 11 8 15 0 12 9 19 16 5 17 2 3 13 1 7  
4 15 6 18 10 8 17 11 2 12 5 9 19 0 1 7 13 16 3 14  
4 10 18 14 6 15 11 5 9 8 19 17 12 0 1 7 13 2 16 3  
4 10 6 18 14 8 11 15 0 12 9 19 16 5 17 1 7 2 13 3  
4 10 6 18 14 11 8 15 0 12 9 19 5 17 1 7 2 13 16 3  
4 10 6 18 14 11 8 15 0 12 9 19 16 5 17 2 7 3 13 1  
10 6 18 11 14 4 8 15 0 12 9 19 16 5 17 2 3 13 1 7  
4 10 6 18 15 0 8 14 11 16 17 12 9 19 5 2 7 3 1 13  
4 10 6 18 14 8 11 15 0 12 9 19 16 5 7 2 17 1 13 3  
10 6 18 11 14 4 8 15 0 12 9 19 16 5 17 1 7 3 2 13  
6 10 4 8 15 0 18 14 11 7 9 19 12 5 1 17 2 13 16 3  
4 10 6 11 15 5 9 14 18 19 17 8 12 0 1 7 2 13 16 3  
4 10 6 18 14 8 11 15 0 12 9 13 16 5 17 1 7 2 19 3  
10 6 4 18 14 8 11 15 0 12 9 19 16 5 17 2 3 13 7 1  
10 6 4 11 18 15 17 13 12 5 9 19 2 16 0 1 7 3 14 8  
4 10 6 18 15 0 8 14 11 16 17 12 9 19 5 2 7 3 13 1  
10 4 8 15 6 18 11 14 0 12 9 19 16 5 17 1 7 3 2 13  
4 10 6 18 15 11 5 9 14 8 17 19 12 0 1 7 2 13 16 3  
4 10 6 18 15 11 5 9 19 2 17 12 13 0 16 1 7 3 14 8  
4 10 6 18 14 11 8 15 0 12 9 19 16 5 17 7 2 3 1 13  
4 10 18 15 14 6 11 5 9 8 19 12 0 17 1 7 2 13 16 3  
4 10 18 15 6 14 5 11 9 12 17 19 8 0 1 7 2 13 16 3  
4 10 6 18 14 8 15 0 11 16 9 19 12 5 17 1 7 13 2 3  
4 10 6 18 15 11 5 14 9 19 17 8 12 0 1 7 2 13 16 3  
4 10 6 15 18 0 8 14 11 7 9 19 12 5 1 17 2 13 16 3  
10 6 15 11 4 14 18 8 0 12 9 19 16 5 17 1 7 2 13 3  
