5.189187224688939E-8 1.0010960797708381 
0.9997984268917492 8.506530641298515E-4 
0.8387839166905879 0.08480157418825682 
0.8141793479646574 0.09836054714304934 
0.09014068069664449 0.7012323418710895 
0.6555504018128535 0.19107404757371085 
0.1083221861124424 0.6717872278297665 
0.06483342928257796 0.7465887768816133 
0.54317223810655 0.26395211062954393 
0.6323805671022202 0.20616749196980833 
0.01185919076340386 0.8926715934055186 
0.2936450233494051 0.4597375815207801 
0.0020835786611143256 0.956482738126837 
0.913298470463219 0.04493478972347416 
0.5216521534014236 0.28151080177074983 
7.683938069445034E-4 0.9735721534168503 
0.31540158001872337 0.4425831987418994 
0.019308587567036906 0.8658909539243606 
0.029864405358430657 0.8284389283010604 
0.19637858322943447 0.5580528487515256 
0.7392350493251505 0.14103752986495635 
0.14164491610802446 0.6251688288137058 
0.9301591008818111 0.036191408239788475 
0.04561804577151368 0.7878656282466744 
0.9671408201643804 0.017293788854485237 
0.982351991453343 0.00993827547744842 
0.60612704542538 0.22226490230388535 
0.7754857669692061 0.12017889608932888 
0.20645405722212118 0.5468184525974975 
0.8643069396897533 0.0734965642973562 
0.5931990855560498 0.23073199654551235 
0.5848516416480876 0.24058918290037873 
0.0569640171239848 0.7624396448164197 
0.5695811624082114 0.24662266663782395 
0.9553258476516232 0.024866335388895315 
0.4615482959491698 0.32157714368988777 
0.685281332542727 0.17289269702060456 
0.07806039330219067 0.7219517789065892 
0.0053765545834826844 0.9279498048237221 
0.18237548296281714 0.5885667616571308 
0.3274093412396871 0.42897613699330567 
0.7619618889726804 0.1278965416246678 
0.9416323853681761 0.03051443156247452 
0.008577674403569852 0.9087134341500535 
0.026196588587791406 0.8396041902797292 
0.13364099544220276 0.6361137167994634 
0.48040610320288024 0.3079496170637128 
0.3863815122055265 0.3796678546903221 
0.7915124863038694 0.11123152225315357 
0.21571067549159154 0.53678807022499 
0.7011235955757364 0.1634748619593785 
0.2600771467839637 0.4910013537190268 
0.49768663068133084 0.2954125718223222 
0.37473163880892163 0.38875861561949604 
0.02123254433913052 0.8558753760977503 
0.08419149748825913 0.7116574474167355 
0.4695674897261257 0.3154169232664345 
0.39459802891881635 0.3727812244021912 
0.22352875932237404 0.5283805625531797 
0.1262716940216938 0.6457690856305619 
0.24500052339261047 0.5060821157847365 
0.34307358441388985 0.4150404607431445 
0.18585426253927645 0.5703874202421735 
0.25219024031519144 0.4986989406196504 
0.03791255431960634 0.8067684499869077 
0.4320870678959611 0.3433029688078358 
0.49076098918303024 0.30073989739380885 
0.3372261623304643 0.4201098006237397 
0.42020865903051163 0.3528920042445462 
0.2368463160478418 0.5145016578940604 
0.8830570115639684 0.06127640434983941 
0.35368270436169125 0.406080749353949 
0.6713693532698475 0.18165546205422098 
0.5109984625616253 0.2877437075534465 
0.231189744561977 0.5207148328293713 
0.15498316142034427 0.607600050804266 
0.7291751115539061 0.15269505182389284 
0.03800068241883384 0.806523835799864 
0.9949663888185938 0.003306812542580238 
0.5596408087490797 0.2605309986931795 
0.3700414711317742 0.3965519386050549 
0.6181730154353486 0.2147783089108492 
0.31796502767345336 0.4374992755505918 
0.8979946706857018 0.05347179418532433 
0.1654087503777497 0.5944506284671476 
0.4476352633905018 0.3320605187632716 
0.7886363428785237 0.11301652810915358 
0.15178841601689524 0.611419379922146 
0.5599093486346702 0.2545004064956253 
0.1643705800995479 0.5959642379764051 
0.2700684050294364 0.48183080163551256 
0.6220754743826977 0.21246033938000644 
0.8968139658189117 0.05398896837669513 
0.2876018212949926 0.4650390805136809 
0.006176090413881036 0.9233072517639935 
0.12400373903792991 0.6578491646119188 
0.41789429612906187 0.3576766038463228 
0.18238823791337588 0.574399787550546 
0.7624238937744658 0.1276193336239319 
0.7077695489577216 0.16005663207778426 
