0.9999991499077068 5.402366808195754E-4 
1.3147612878518275E-9 1.0009214598133267 
0.06449386890477526 0.7476945107296684 
0.36397799790190055 0.4158832169368457 
0.37641348609775865 0.38748763451282303 
0.387672354199193 0.378174153083602 
0.0785385966163446 0.7208414150066957 
0.9501983428269141 0.030848876299914722 
0.4112604929206142 0.3618584433090541 
2.7543657088326384E-4 0.9844344573864776 
0.002700968982491031 0.9494473309055792 
0.05364252986118959 0.7698069396105398 
0.17568448219751376 0.5820779209895619 
0.19830023438051264 0.555657286371486 
0.19078906693900036 0.5641896231961703 
0.8313948812579623 0.09114145160149482 
0.23992317785755532 0.5126696345420635 
0.6643509142726924 0.18564349852486106 
0.9200377656133394 0.04160868048179553 
0.6937902501518961 0.16794706814252627 
0.4899610095130683 0.3010047500264771 
0.09831173964544052 0.690493939248778 
0.8959043039340882 0.054199596829541424 
0.04737751385566641 0.7840709929553633 
0.8176357334129913 0.09982690100379438 
0.7072702372322226 0.1600192307736608 
0.7203661021217793 0.15210810020215737 
0.23055725109408023 0.5235917962845185 
0.25343575902191046 0.4975602128080576 
0.3149325306552284 0.44028083500020443 
0.2798423527543583 0.4721219073762021 
0.9284502579071126 0.03892369717158695 
0.11293613460624648 0.6651688999250615 
0.545047082588475 0.2628744135629675 
0.4715612355048463 0.3140286133518862 
0.4315629379602694 0.3462248335886988 
0.9844727829515761 0.009710592169279015 
0.333556165949547 0.42360302103758546 
0.2674422768040008 0.4852050915828344 
0.01679988649122477 0.8723900016859891 
0.8023941370817392 0.10487020881921962 
0.16708782114665507 0.5922195505594889 
0.7525145829793647 0.1334773878590876 
0.44930322436114245 0.33079538837879885 
0.1344924751426891 0.6341757824175472 
0.41838654736168057 0.3544940712259621 
0.5749419326464864 0.24254370684209806 
0.7348232815513958 0.14525174717764164 
0.602542271036554 0.22490461181644947 
0.6339498404804296 0.20448559063473087 
0.29771733305124 0.45589037488901935 
0.3413371978978599 0.4217427774261116 
0.4433912352352015 0.3393095488922845 
0.8471711741998711 0.08041437756984675 
0.5325751053910992 0.27129328552249443 
0.7707166841895788 0.13036988136959207 
0.01360288678042021 0.8847458790089232 
0.14400811762644566 0.6214400493320635 
0.877046515656432 0.0642251882326671 
0.4620456099081745 0.32107390413441883 
0.9652757030095056 0.018285722610930664 
0.21845898596018115 0.5335076958827063 
0.7433592929647451 0.14027865589214503 
0.7908937632032657 0.1114430968911873 
0.6260726574864132 0.20946975700923953 
0.7849868205844724 0.11674426595420717 
0.8918712070914133 0.05647742150748674 
0.5180146637444013 0.2815875318026614 
0.58676321230515 0.23480579753643033 
0.01081228667936468 0.8974843962419641 
0.7736172024790381 0.12310028692602482 
0.12861233815300474 0.6423266522640904 
0.9639807831988096 0.01921708799709628 
0.6495298807741439 0.19476708570923582 
0.007953636698394106 0.9124495061926247 
0.026004835978696517 0.8439060647617453 
0.14792925877523083 0.6166421944307092 
0.3079305275388815 0.4469370707518691 
0.25991866371123196 0.491068874271183 
0.12305074611742213 0.6505091012052641 
0.005517212920276321 0.9323296701440373 
0.5935065917001013 0.23265318994918563 
0.16039408000850272 0.6042045001437985 
0.6489295212790962 0.19770410237067226 
0.5656039085902028 0.2490689160326195 
0.8635660463144422 0.07228162792094497 
0.5566375524579359 0.25498915598102595 
0.15579185945464558 0.6064274237689922 
0.5262961857334122 0.2758681338281555 
0.9959966059274621 0.009184675881843506 
0.030808112754987294 0.8256163021848488 
0.8511659012933563 0.07812429051031773 
0.11806428267721053 0.6577785550003628 
0.08638156583860342 0.7106770195224522 
0.6796461160229961 0.17630645254438387 
0.6796461160229961 0.17630645254438387 
0.028006104811478416 0.8334071674280443 
0.02163490306800603 0.8539033264148738 
0.6136490852710585 0.21802052500832003 
0.09588135244294649 0.7033601128351115 
