0.9997761498898081 7.888672511581413E-4 
0.9997761498898081 7.888672511581413E-4 
4.8860261007283023E-8 1.0012372045818467 
0.576369726797573 0.24196336430466908 
0.816132560165539 0.09774185976164747 
0.006079545520085078 0.9242978847394532 
0.9244230881514317 0.03969873346203205 
0.23411702021302022 0.5177572816659921 
0.8399263260255037 0.08646105965992652 
0.010685363608516157 0.8987031177851706 
0.899448680965052 0.05581494150301544 
0.21706317490848126 0.5369597665093824 
0.8661738082245143 0.07045470132795872 
0.3219955764760851 0.43413675703310095 
0.0023293264320232154 0.9539389164482435 
0.4332449076378298 0.34325429047440525 
0.8872471651233361 0.05908618191233821 
0.47252203991212044 0.3138422743781324 
0.08587381400937111 0.7085157784241352 
0.09670172916600661 0.69147076061365 
0.36816259598713796 0.39443551568916563 
0.7995425701237904 0.11023477102311799 
0.015665461272981185 0.8770147735128826 
0.8528769646619305 0.07760471098027993 
0.5516286929783317 0.25847833756905464 
0.3881705299032705 0.37800498603370075 
0.45264782313334484 0.328287644803273 
0.5376295763105933 0.2682229546220177 
0.5139541490598878 0.28394817849826515 
0.1891185702186549 0.5664405752827282 
0.6215397112891529 0.21291165593038527 
0.10377668303908899 0.6798724950619882 
0.2884886275010755 0.4658020439061069 
0.7473726950557593 0.13776469931413513 
0.044331095486980415 0.791944691495557 
0.2447085776214144 0.5070029492460294 
0.11210396633030836 0.6670669902364645 
0.60587118512144 0.22327464981454206 
0.3350521727248995 0.42256993863881276 
0.08433508535081276 0.7267773424816442 
0.02127818083953885 0.8668208936673898 
0.03277721273899792 0.8214410125915982 
0.16680677330235738 0.5929872212268031 
0.2913203934127808 0.464034138028313 
0.26970522293986904 0.48216084767340495 
0.7669499268168305 0.12835110845267364 
0.7178008995513034 0.16129764212710665 
0.06718624560572506 0.7429345043777389 
0.9699118321383471 0.019516113466684165 
0.9365627605019091 0.03472492335451144 
0.4568802552307936 0.32546557328063974 
0.4146919710698944 0.3569244940886035 
0.14041341267403784 0.6267114377616946 
0.4874658249935951 0.3082205417846112 
0.7274163089171192 0.14805348702921123 
0.9803290650870933 0.012275254594889089 
0.07226116749189025 0.7328052732994224 
0.1581669977609347 0.608946074733339 
0.20043310825351346 0.5544062304626346 
0.6706124528827713 0.18238948974552394 
0.30651271570080796 0.4478901140514563 
0.6839895637597058 0.17573024731320536 
0.6966414950186539 0.16629169084767056 
0.023923859256347574 0.8474609887771541 
0.18111257946551895 0.575593646118342 
0.4263739893988392 0.3503530369097937 
0.39996845367335615 0.3689361345719896 
0.06046504685317772 0.7561758355821798 
0.3784673282005018 0.38890198145449106 
0.999545306965306 0.001244132227103676 
0.9543483801132359 0.02467951528247365 
6.654093465727207E-4 0.9766295421880002 
0.11907080722573268 0.6568043850641844 
0.25536380733233666 0.4956723238645825 
0.7948405565495489 0.11918220111097838 
0.30726692176619164 0.44717396593782677 
0.7525861225237371 0.1335478970463191 
0.6427098522007982 0.19948747741283068 
0.12403718337509162 0.6489186207251236 
0.5923290501620985 0.23172921252006573 
0.492077146268701 0.29985711477777316 
0.34729393697991234 0.41186467227426876 
0.9474039355201387 0.027640726953192144 
0.26854917953147883 0.4834793279747742 
0.4105027192952774 0.36873910131627147 
0.6559874670861916 0.19117663348797292 
0.7031428044473792 0.16239680349650765 
0.05104023019345966 0.7755375547091397 
0.1308923913709847 0.6397692285541929 
0.03965472514896809 0.8033264527972351 
0.5008006798640723 0.29352771112817444 
0.03697597360352134 0.8101344652728593 
0.16458746773634686 0.595892844611604 
0.02811933028589525 0.838984501178754 
0.2066507568511062 0.5465982679132111 
0.6298693061772358 0.20743291041231787 
0.05992696441130889 0.7672569081698443 
0.5378771837189769 0.26761436893269247 
0.3447482897741748 0.41883781007333565 
0.551178735281888 0.25861746607168196 
