9.699205608014797E-5
9.93475431486388E-5
8.989294344786303E-5
9.064228376458382E-5
9.062566825882635E-5
8.724367367955475E-5
9.443559545992346E-5
9.692259165724096E-5
1.0235043443930481E-4
1.0407577516141678E-4
9.747130812303039E-5
9.078790335451678E-5
9.612711948341002E-5
9.151706268678428E-5
1.0091426915479881E-4
9.026597462011263E-5
9.622997236631011E-5
9.754601293313643E-5
9.24445989566695E-5
9.84170965371735E-5
1.0148520295569093E-4
9.194431454896737E-5
9.61073066060338E-5
9.292589399497181E-5
1.0440491540452829E-4
9.380019022447998E-5
1.1110818412699374E-4
9.421938328852958E-5
1.0698931406524725E-4
9.890933242542944E-5
