0.014791131455967776
0.015355443176254702
0.014125580413907879
0.015603783394576687
0.012278312602677754
0.010873145477971968
0.015412039165461137
0.017138090708228693
0.017156586129752127
0.011050675228252704
0.012040173014182365
0.016696329828864986
0.016072816183329952
0.01620302041133148
0.013351774076086731
0.017264427238087743
0.015433916001259512
0.022177187377931507
0.016204395644097425
0.010152516169616155
0.010515665109095268
0.010726711878614736
0.013532970771955588
0.0126261257682862
0.010422822377181201
0.012908225175099819
0.014584837221492952
0.017739874752709772
0.011253411300785082
0.00994535070310787
