0.9998586008284606 0.002068792568122575 
0.0 1.005512902978893 
0.9998586008284606 0.002068792568122575 
0.021822527545905204 0.856146402492885 
0.6954051209580837 0.16891925406837602 
0.10714604062769681 0.677874402745387 
0.8551292915689085 0.07804219187236867 
0.28630270851562334 0.46933298069044593 
0.270621679725629 0.4827917357459081 
0.2541662943404651 0.5001546620853616 
0.9823069991341239 0.012088679295000028 
0.056555114937407454 0.7660531138415464 
0.6732123600593473 0.1820873709817079 
0.14104548264565353 0.6304129814931235 
0.48002947278028585 0.31190598293356536 
0.03808761545220617 0.810326566681349 
0.3047187800327503 0.45361958696009025 
0.5901033107118262 0.2364062711486326 
0.31778600275908664 0.44058602403042785 
0.3401350710944551 0.42126673869175935 
0.00210139024580025 0.9617694751664964 
0.9306848312686825 0.03835205865511647 
0.17600464285214978 0.5843254841823659 
0.6611907435263611 0.19057312437574048 
0.4272263880642121 0.3512893839739134 
0.18700284062808153 0.571949986173732 
0.8142837730740518 0.10102849855224189 
0.11880162117200979 0.6613883729673175 
0.36820421925849645 0.3968437897529741 
0.4039726505842883 0.3673304561205099 
0.7986112469289188 0.10962902386575175 
0.787842297618753 0.1166398466642561 
0.4565990067858097 0.3284038886314675 
0.04839555209164875 0.7849691104370389 
0.11880162117200979 0.6613883729673175 
0.0669343184579015 0.7465800758444868 
0.43692230968169704 0.3429540271820948 
0.013019077814125368 0.8913450786483685 
0.5525953204805207 0.26172984493239676 
0.6159646580784832 0.21830262323574184 
0.3597840853332122 0.40446470943572105 
0.01691781500721473 0.8780374547255747 
0.5197269625642551 0.2826752338777572 
0.8262423932780829 0.09440674797302412 
0.1670034599039592 0.595361336623787 
0.73781286917219 0.1440480936158889 
0.8966465246694093 0.05557391720553498 
0.7144750696421986 0.15820425061311522 
0.39013000719844837 0.37867745363973426 
0.5360824227549348 0.2717505319727486 
0.9618687325464812 0.021474847200799143 
0.4499408942431916 0.3324088900827186 
0.876607586591899 0.06667663295063803 
0.8670265938962957 0.0718883026210987 
0.48834325842199416 0.30720356194679677 
0.6261728130419526 0.2121750777965504 
0.7302654164798287 0.147877586631255 
0.08722889238053405 0.7096330463213322 
0.010767005894078086 0.9095819491909932 
0.00422935993357601 0.9396072730701034 
0.34795695213159583 0.41308801614883744 
0.22785105565523073 0.5256284223031942 
0.08108756520890692 0.721070731499285 
0.5576042878636992 0.25628220875397745 
0.49851714164518285 0.29758393457344223 
0.6464577730481917 0.1986630220825457 
0.09437375701442491 0.7020253540578867 
0.07521897690529031 0.7294255111946758 
0.8886522047195731 0.06034042781945349 
0.5726608660476789 0.24685713299124665 
0.03808761545220617 0.810326566681349 
5.723623801958122E-4 0.9804313863840743 
0.20751541484019392 0.5474031211250712 
0.7543724030734261 0.13492524999359773 
0.00422935993357601 0.9396072730701034 
0.9594232581629365 0.022694889337197065 
0.8262423932780829 0.09440674797302412 
0.7714822183619929 0.12483680462372805 
0.38307880526553556 0.3853377311069709 
0.24192225079918367 0.5135693312462869 
0.9435038300364211 0.03148208216198528 
0.5315886578841678 0.2747038017905063 
0.22499600370436307 0.5285574409765829 
0.02016110534882664 0.8620945300032904 
0.19637515185297638 0.5616076321367446 
0.9113638599541865 0.04828910503330972 
0.7171166720546482 0.1558819692760897 
0.7528595800524412 0.13526811610819897 
3.098003641010434E-4 0.990305455601497 
0.06998908631866979 0.7412168029212248 
0.19953795883770487 0.5577429120352573 
0.15676415728473106 0.6074981619664208 
0.4026451065538924 0.3688254035665664 
0.21653980917023707 0.5415446673236133 
0.6356709393549484 0.2053956628908311 
0.010767005894078086 0.9095819491909932 
0.9113638599541865 0.04828910503330972 
0.7721444319235246 0.12441216467375829 
0.5707164675646089 0.24814373336870774 
0.24192225079918367 0.5135693312462869 
