0.0 1.0219586406274885 
0.9992064678199327 0.010986038069023676 
0.015569153521915957 0.8942780901481114 
0.9227095203793018 0.05009867105328817 
0.028743172058860192 0.8511447610605474 
0.5217980986772977 0.2920186948719378 
0.5404465812318381 0.278555448034887 
0.5794729606083422 0.2523425129502596 
0.24408927371182773 0.5217490991743096 
0.8306057364833478 0.10090647866617657 
0.1325278607507394 0.6542906562595041 
0.7298660435846706 0.159814913897097 
0.8075163778459524 0.11417228577933623 
0.485496651479456 0.3172764798038182 
0.23262333913347688 0.534222511225175 
0.11337674064249828 0.6816006675075996 
0.06332037184034572 0.7668737977411856 
0.2620277755683959 0.5056144700131422 
0.3487213697890521 0.42510965365011666 
0.6588937133733088 0.2010704346105372 
0.6344922972685759 0.21702849181782535 
0.2979754182939099 0.4697270098497513 
0.12149712848659094 0.6692856834654305 
0.10215525052672714 0.6991577515018484 
0.08539787320723588 0.7268602046389565 
0.3185987036493379 0.4513421052622339 
0.09568596687944486 0.7095220569573261 
0.07353001698745609 0.7479806532428491 
0.8437967315089592 0.09293210472349936 
0.9484120424488576 0.03748976355804545 
0.2067826059894587 0.5626700405365751 
0.28257137365899965 0.48640488281103084 
0.6518952983664299 0.2057538123734192 
0.7815062273283192 0.12857545834149245 
0.68337092044385 0.186556968273651 
0.418931487705967 0.3680542157991117 
0.6812223212502964 0.18724193752035503 
0.30644742800745095 0.46320486380549797 
0.15869888911527447 0.6180769747015166 
0.0014774069432759163 0.9825510281918941 
0.5569754808722291 0.2666297714031325 
0.7056649186821895 0.17253039043721075 
0.8875337082102537 0.0693807254442839 
0.5634660141810292 0.2630348336691802 
0.9065160500518837 0.05963116066752639 
0.6226278360958433 0.2240725596268809 
0.6124898261618175 0.23162961935414422 
0.5048226686018507 0.3036484930605153 
0.4662920931447011 0.3308949162899468 
0.4277974055235856 0.3599173268294353 
0.44879623882134845 0.34430529777511115 
0.8571409950354041 0.0855092215278376 
0.5989688122027501 0.23958833116798425 
0.05726926376421915 0.7801943649548148 
0.7074830176663556 0.1714268239973018 
0.36177947508496094 0.413932845682149 
0.14497421463600862 0.6368382664537807 
0.3360230215227484 0.4361153870914523 
0.392198462465805 0.3880722882000164 
0.748767826635802 0.14779025054609543 
0.5003388704713638 0.30687098759960924 
0.07875552631107774 0.7381560602551934 
0.46969301585700696 0.3291390872084256 
0.0025824199889698113 0.9705877774588147 
0.0503090695650292 0.7948715937583912 
0.1919866807610749 0.5787026518940116 
0.4402201216286553 0.3533289431040939 
0.874302418386633 0.07633385786507305 
0.21975665512576437 0.5478945599312827 
0.2686301522632597 0.49801268947492233 
0.17226971287420334 0.6030078752730553 
0.19763519418476844 0.5718504126592586 
0.012926471419932625 0.9082330125585806 
0.008497367384928373 0.9287980235438704 
0.1830705824290303 0.5890511824676093 
0.9669232713631166 0.029142547533635228 
0.9812577986723798 0.021928228292818618 
0.8991014889594362 0.06319241779919836 
0.16464740945327727 0.6125376611036333 
0.14722690237833075 0.6338770031894245 
0.0045998449982462 0.9529685434335349 
0.005852078167926995 0.9456503980258911 
0.21942870522040614 0.5524533276432848 
0.36729581419203694 0.4092853747293696 
0.7645067924960312 0.13970617165849214 
0.8680331785311833 0.08130937111599669 
0.40625170620476764 0.3774056059594772 
0.2776313850500096 0.4899965095659841 
0.7689849870829737 0.13564310957075176 
0.010884616179808182 0.92031098806095 
2.98935492009501E-4 1.0072329366970414 
0.17842041030394268 0.5952142705550653 
0.040929707018235034 0.8166516995580101 
0.9614415581522777 0.03198330694697433 
0.3762441649984238 0.40165772916986964 
0.7947182292364458 0.12141308564213944 
0.03788187332788709 0.8245675756958637 
0.3762441649984238 0.40165772916986964 
0.03454765149748157 0.8330456650164857 
0.32968924969616004 0.4411195749839476 
