0.9998744039001689 0.0020400450448810115 
0.9998744039001689 0.0020400450448810115 
3.415182352806487E-17 1.0040727738972572 
0.397712859345848 0.3734057412620286 
0.4255113391846872 0.34957989079299984 
0.9251236469916643 0.0408991836486219 
0.44803181009991255 0.33396567292123414 
0.07682077645114647 0.7278477853558759 
0.4922297482006273 0.3019511369548153 
0.20810011162662934 0.5471961002253879 
0.7466152476220259 0.13817732249861003 
0.004741190438889931 0.936385511271975 
0.26737717949746564 0.487008426587374 
0.2566124681484515 0.4975385375277519 
0.34230553003282915 0.4177014638477394 
0.3012461241137048 0.4537848113231054 
0.12928405644612673 0.6445598629400768 
0.37526745854476945 0.3904468954673896 
0.06343689419960445 0.7540028104435487 
0.02383269723349246 0.8503169748804703 
0.22606249564623218 0.5284394804559152 
0.001627404599273151 0.9638953988618223 
0.3621061477392319 0.40231695875116963 
0.9106243878039331 0.04847379786785168 
0.24116170014468138 0.5121024130731174 
0.663875477673514 0.1904437660164756 
0.9552456438777753 0.02467693887255692 
0.3229143376286793 0.43550284178717785 
0.16514060883787895 0.5968233739114803 
0.6039766432645598 0.22623629961842018 
0.8358250516559502 0.0879873927279813 
0.4775494550716065 0.31228978948205827 
0.0843418544825052 0.7146335310757741 
0.14045315518171264 0.6296361425179098 
0.007615756865976361 0.9173742534833506 
0.8532953690759444 0.07859887842623729 
0.5453925679118895 0.2647488792006258 
0.04266819564225133 0.7982505904562585 
0.6283667587706763 0.21067468472849435 
0.8010205534767468 0.1071992424874052 
0.7715933650677632 0.12446261694214505 
0.5581977351180558 0.2560955396832845 
0.19852865968756944 0.5576392104987958 
0.17638932266697493 0.5835195479242786 
5.254126094527932E-4 0.9813543122669286 
0.03804066769641168 0.8101543474597831 
0.6883589151581133 0.17265200894116167 
0.616233169688139 0.21811437983614046 
0.30886987826141854 0.4469885367471384 
0.1560912752884871 0.6096885558395465 
0.1021499000959854 0.6841032960271309 
0.7615130843575961 0.13225033619851959 
0.9763525620158282 0.014271684483280764 
0.3337850053028606 0.4252239932327789 
0.8720184109809255 0.06849916840047822 
0.017789635283844807 0.872110914851652 
0.5267435487100818 0.27817118449641337 
0.7263076283455404 0.1500132176054136 
0.9808328007439672 0.011730513317663402 
0.1480825283511128 0.6189972457845632 
0.8190286771702338 0.0974352962227534 
0.05978272120573283 0.7614302032758212 
0.2826101683057308 0.47178344519066895 
0.8932979222235964 0.05777984996573802 
0.2826101683057308 0.47178344519066895 
0.5317791296515335 0.27335252224324336 
0.8886695852095482 0.06022622968995334 
0.6435001758059489 0.20140424698984913 
0.46132475295200315 0.32422274884517555 
0.9557341917236359 0.024460392194308837 
0.23191982123890997 0.5214011600959413 
0.7872423201365437 0.1155705632189694 
0.18826095725663655 0.5693393039571419 
0.7200278220108434 0.15393602447871318 
0.015987486625583677 0.8784383779097786 
0.051948435096018444 0.7804595195211665 
0.03220953176695361 0.8292422849327495 
0.5110585094234302 0.28854303045853674 
0.5876972756420377 0.23688145414417572 
0.5110585094234302 0.28854303045853674 
0.8642774653787186 0.07266472309633838 
0.4661042744316029 0.3204741750980641 
0.7051985724872334 0.1631378545380322 
0.5708005912571438 0.24768741725983628 
0.1187917699254607 0.6589474987772254 
0.588352211708923 0.23607297004691014 
0.05289381602584037 0.7783851840654993 
0.7026309072277054 0.1646481717336442 
0.8237385017794603 0.0945077739387146 
0.18461453359569802 0.5745080195246297 
0.09271282419861337 0.6992344403277244 
0.011446807693355238 0.896246399584037 
0.36950431336290457 0.3958542865176964 
0.011026991194937885 0.898805699081585 
0.09326251234545774 0.6981891607045545 
0.6432480554595692 0.20160393502663587 
0.029556971497481876 0.8334128962082844 
0.6770423375809577 0.1804583110703529 
0.11003185632682616 0.6723536862146323 
0.11753018453432715 0.6605669488049347 
