0.0 1.0043412542625845 
0.9999223566106928 0.0025319263614373057 
0.0 1.0043412542625845 
0.0425482929744323 0.7977870345300925 
0.07998100307714667 0.7205723545104384 
0.7748181761723373 0.12242012847300969 
0.7482332162020848 0.13810326609826715 
0.053510121047665615 0.7725164492198927 
0.12685951803193501 0.6472245152355371 
0.03125572991794285 0.8274888854583438 
0.09100279824504598 0.7044872069402692 
0.17440282757209102 0.5857818373932914 
0.6529933828153595 0.19453572206839442 
0.8856079532430756 0.061057515111367845 
0.5690968204968841 0.24860993526427352 
0.06491576679517164 0.7493701324000747 
0.4607972056830716 0.32390809272291127 
0.11188098469721851 0.6688961778076482 
0.0010159471922494556 0.972400862524506 
0.33935695344407363 0.42049455610145225 
0.9120338528169407 0.04737750588251608 
0.007791023123595698 0.915906685733855 
0.137880660875162 0.6320477713840594 
0.5468619262097563 0.2633786926084519 
0.47824700851741053 0.31204193261330765 
0.10183252198575324 0.6849036034639651 
0.3907710609096776 0.37770959202759086 
0.4371672491526497 0.341741340733718 
0.1466192913282977 0.6204133054857136 
0.8669568932914159 0.07132205368169264 
0.003362409495636459 0.9460947231618093 
0.7913319776666664 0.11290555583264789 
0.7323165961408695 0.14663986981498145 
0.6694217617578072 0.18406074524466612 
0.4490425491501818 0.332555904475722 
0.4036904659795417 0.36764513514910924 
0.4239571201497948 0.35151986117642187 
0.9006621466751752 0.05342913900829929 
0.6237916853701018 0.2126687172185559 
0.9321744372217187 0.0367880815651752 
0.5776822865728269 0.2426102809997652 
0.21923907725251895 0.5356089678964628 
0.5214635649923041 0.28095081901689123 
0.19614444652130242 0.5608094467067868 
0.2741219866826498 0.47937309957677837 
0.2522390334946031 0.5010953527737969 
0.41396951244502733 0.3594813347296189 
0.8196164953508897 0.09702293894809708 
0.712995523461332 0.15815197890604374 
0.004940056294086781 0.9338948898782303 
0.0627992954192837 0.7538997767171669 
0.017116617420745495 0.8738270600248358 
0.2820638002778139 0.47183844986271306 
0.9829107217097068 0.01103470513206551 
0.024260020732963794 0.8493736176656566 
0.3056229961876451 0.45011293253960916 
1.674529161630016E-4 0.9914308969338245 
0.9717965103841075 0.01609779274680355 
0.3791945268968101 0.38761087822381146 
0.9607586456098445 0.02172212284809441 
0.2087168042652408 0.5467407468378721 
0.3555585016319073 0.4066176985532375 
0.15676790103810262 0.6073891031375646 
0.6377267928125716 0.20416711578563723 
0.01911502046341157 0.8659150291146973 
0.7212724970226021 0.15317607176397216 
0.15676790103810262 0.6073891031375646 
0.5411566619426601 0.26704332519614044 
0.026790841910614788 0.8400659493959856 
0.2920355399204422 0.46280864394840854 
0.9374661688486361 0.034340967897329495 
0.8354355836297926 0.08862519968418194 
0.8065563709373844 0.1041900588088886 
0.5935975408453129 0.23239223704960765 
0.857686429684628 0.07630762726839468 
0.22684547576193947 0.5271074287183553 
0.6089285996758496 0.22246442777205908 
0.012206878984203948 0.8936733044242373 
0.5037703364657584 0.29288510304290744 
0.20338232613297516 0.5519626622500814 
0.6993915124473857 0.16613878924498937 
0.29714878738221945 0.45806737083280313 
0.5922468559718675 0.23337882987818565 
0.10722826470233188 0.676117039262398 
0.5287865780526814 0.2754458360220338 
0.9943840940878124 0.00506031261383622 
0.32157309676410084 0.4360288080215676 
0.4914322209869725 0.3018630223348078 
0.012227084620850648 0.8935501050622684 
0.6096567280278342 0.22161561070470465 
0.684223259987088 0.17525972104781334 
0.5037703364657584 0.29288510304290744 
0.18121787729194488 0.5772965557337849 
0.8294414563634638 0.09186461616053694 
0.26325066883185216 0.48998441976993146 
0.8017722710100729 0.1070331005405397 
0.6791024493842591 0.17872203357165806 
0.23305439748305837 0.5209197019702749 
0.18610304976583053 0.5718373966935579 
0.6338733380622271 0.20705998423238864 
