3.7349291745788464E-17 1.1960461460108487 
0.9979387454188394 0.0016116877873040263 
3.7349291745788464E-17 1.1960461460108487 
9.596411359435726E-7 1.0067090930775602 
0.16017687817687953 0.6044352018474902 
0.13087816534866178 0.6390300931346712 
0.57217942883933 0.24503273851799787 
0.18525620707473722 0.5716718983717314 
0.8201742761380031 0.09646465303858193 
0.5148417491002488 0.2835203990549105 
0.4080456107364057 0.3642501422109066 
0.0333324058123588 0.8203043268156626 
0.6206055543981057 0.21532413991432597 
0.10060791663919084 0.6897076362087268 
0.8427341944576763 0.0842882532119291 
0.7453315597548005 0.13839508348628415 
0.5996132486335107 0.2277286734087331 
0.33072525924008445 0.427939038006725 
0.7581081555895294 0.13120511208407132 
0.5019829443960682 0.2938327723560945 
0.21580800340516698 0.5384416390917645 
0.9675677849867406 0.01793802248808751 
0.05325805621152302 0.7704463451219277 
0.008035066341736577 0.9132348800483497 
0.5479839887900696 0.26045391452868805 
0.3168526679807133 0.43931446702224325 
0.11482856537380104 0.6668180006636737 
0.5889480687190229 0.234380395381414 
0.4195501987997845 0.35445421479315115 
0.040519576117334255 0.8020505935347616 
0.4543969308127385 0.3267473146494239 
0.7259784516320726 0.15091038904342532 
0.5366711328182328 0.26964461448593396 
0.6531898929562838 0.1952401681616883 
0.004818801753288582 0.9322711571352538 
0.0026581820395528144 0.9549907959906705 
0.047436204891371625 0.7874019602065504 
0.46849679835438474 0.3188641893231185 
0.02531746514393664 0.8453550948565178 
0.43293680447653704 0.34417862581484726 
8.074903354316487E-4 0.9754411955487385 
0.894143615990207 0.05645939865571958 
0.09288655361881573 0.7011383253646694 
0.4423558730516842 0.33720073918760685 
0.778039670159969 0.12131426064605545 
0.8028678944035934 0.10571844464982143 
0.013082014190734625 0.8899010550507933 
0.8745316254709273 0.06701251296477362 
0.28934067767821364 0.466288169978095 
0.2636830199454405 0.4904288158954159 
0.07125676021135947 0.7397281024465602 
0.3440566967084185 0.4152119837667583 
0.23505753945550667 0.5177441812274176 
0.0756350957279694 0.7298674170637881 
0.023010093570552392 0.8532912290775628 
0.3011070667323966 0.4564918895754381 
0.19782366616739777 0.559999455106916 
0.017355946587519933 0.87286865928056 
0.9151454832637009 0.04569129892924806 
0.3062828456981303 0.44987861712248417 
0.9000906001546054 0.053854660315003924 
0.6343227077697663 0.20660347414489322 
0.9277521795206607 0.037902002667206516 
0.9405202672995672 0.031037625867671555 
0.6908785491033651 0.17036953474581573 
0.3874103217514074 0.38079452040445616 
0.27146149933713587 0.48175375552624494 
0.24219162890292456 0.5118595944924927 
0.12793248242289484 0.6445799954726463 
0.19782366616739777 0.559999455106916 
0.22397112135010883 0.5276449834169658 
0.6767305992213517 0.18067448010978987 
0.4798136059341438 0.31040940446198406 
0.4859927781032992 0.30436911552792045 
1.1625271417123328E-4 0.9963713039242982 
0.8701951233731592 0.06930244079629416 
0.7179830918216423 0.15504337779572677 
0.3874103217514074 0.38079452040445616 
0.06204038484389779 0.7519266517534058 
0.7090026036301785 0.16143794162307176 
0.3619647393847375 0.40086095726543636 
0.7830216817177809 0.11841391215127511 
0.856082431528699 0.07594699526529243 
0.16825679986564668 0.593961786674989 
0.37549144573087045 0.3914408092499954 
0.08466227962342279 0.7142289974546109 
0.9888523951585071 0.007495027903311791 
0.9481710337055476 0.02744433116998664 
0.08314196614651226 0.7168265054683385 
0.979256014299879 0.011460429729192874 
0.11993991005161309 0.6591392428299677 
0.633503213804084 0.20725781735310583 
0.37599741937862646 0.39014896386536413 
0.2538435407611656 0.5003756927363974 
0.7941068652339311 0.11244219548372505 
0.8534949589597336 0.07720072538299312 
0.3509005508783738 0.41094600332919096 
0.7024094664421117 0.16478389111347794 
0.36053202032987663 0.4018626177679314 
0.16825679986564668 0.593961786674989 
