0.9998377068356731 0.0037115362526683156 
8.57651980634852E-18 1.0067990839229686 
0.4974808006565794 0.299614555854207 
0.8747317830327829 0.06911253989318739 
0.0844136632120202 0.7166511265055913 
0.47199075708645166 0.3187423328448672 
0.20158560833524325 0.5565455611968053 
0.062359293585944775 0.756425547258139 
0.16317002040368594 0.6036459926761553 
0.09393713468542231 0.7008340428432345 
0.6759238820868643 0.18259799120141482 
0.1135849741415245 0.6725706167942711 
0.038593442511114906 0.8111980360246891 
0.7777010320688932 0.12205085846528298 
0.04599045777865372 0.7923904186473838 
0.8539547674485439 0.07968095422891894 
0.7690772293757204 0.1288860807312528 
8.324022342955928E-4 0.9780259088431503 
0.9052599840708946 0.05200928009738168 
0.9652575020145842 0.021950960934086276 
0.14520525362150272 0.6246506744977276 
0.19064458089449007 0.5692713108961968 
0.8037061625216783 0.10813269699079167 
0.6219320093317534 0.21566989495549524 
0.9477454060170537 0.030736676520352387 
0.002309015643635004 0.9595758310729644 
0.6554237573498833 0.1982224499020676 
0.6366734792577091 0.2087846266433702 
0.37343211716498753 0.3939830666951169 
0.2584804263243859 0.4975039903709107 
0.9347838078628239 0.03727070105169892 
0.7467909726937465 0.14215628104146533 
0.92032861987917 0.04467504918164077 
0.5786164872036792 0.24432853677920413 
0.17928356967574632 0.5822217860136096 
0.4081885691370504 0.36694242915139463 
0.22138481064707508 0.5349759688189508 
0.22138481064707508 0.5349759688189508 
0.5991519872480662 0.23087604068169104 
0.3938348817427813 0.37781939291301275 
0.25114165171920777 0.5040921249061271 
0.17231415735675765 0.5906348101861817 
0.27219391502452683 0.48366732549977287 
0.2390313702925486 0.5164778007890196 
0.38724760276867737 0.38398892660196643 
0.35609376318928865 0.40822807999046046 
0.7066494625756544 0.1676712244793527 
0.5353408982928943 0.273469490772646 
0.13736394982281191 0.6376340712997205 
0.02975227060051286 0.8340052687596243 
0.12726488615867954 0.6518148929188676 
0.013337760821947726 0.8935394559134014 
0.6070359894373791 0.22540594631619434 
0.7272456440022343 0.15128709779126862 
0.33910380020563635 0.42286781134701495 
0.004993986470545109 0.9370406156752987 
0.4156583614447229 0.36034462078325374 
0.34394936252217057 0.4186478745245235 
0.36524496286068764 0.40370981416228924 
0.5488124123622149 0.26370980124804977 
0.8352576248177905 0.09018366909371835 
0.6507806425073178 0.2011853110994814 
0.02231070986256925 0.8570352886642884 
0.8403196301917493 0.0872902624741384 
0.8212940970728044 0.09759832309378921 
0.743803636922395 0.14417647660364033 
0.008867009384828664 0.9135828962856708 
0.5278821555696289 0.278540608971272 
0.017699050991895386 0.8742052165915186 
0.4436071442780739 0.33895174932678057 
0.5186641863918463 0.28501379335373583 
0.005898326034755763 0.9310793236740955 
0.024802406574459333 0.8519868391457877 
0.7117555168672423 0.16029525517739415 
0.05503865906337657 0.7722770525022894 
0.456950539576519 0.3316966887959878 
0.3150408178970934 0.44604882613585156 
0.31140875594729756 0.451112344346678 
0.5647561851076391 0.25281073231890344 
0.08905012114951977 0.7090779879612233 
0.2990496768605845 0.4589623547446452 
0.42624171436030583 0.3533097685068689 
0.32635398499129925 0.4339983381767971 
0.4436071442780739 0.33895174932678057 
0.11607961821380652 0.6651125357692715 
0.7229175939165833 0.1568592076949443 
0.23940665454397525 0.5161454371958827 
0.009982227207969777 0.9067318744103054 
0.12360868792000507 0.6580555014962486 
0.42624171436030583 0.3533097685068689 
0.05503865906337657 0.7722770525022894 
0.9819545945911443 0.016130572538332163 
0.5186641863918463 0.28501379335373583 
0.6912762164248369 0.17566758673374958 
0.017390476217556156 0.8802091502375426 
0.06202216400798312 0.7573035677703407 
0.029267194030377364 0.8367784740368676 
0.32635398499129925 0.4339983381767971 
0.456950539576519 0.3316966887959878 
0.6910071013544223 0.1758216928402546 
