0.0 1.0195061604251663 
0.9982036832204351 0.010829672870952356 
0.0 1.0195061604251663 
0.882856553941246 0.0709738366076831 
8.092089817336445E-4 0.9906026193559863 
0.9681286959068518 0.02590272733634322 
0.6779013958046542 0.18962996252979603 
0.5473622848396837 0.2728822269741988 
0.757661152856543 0.1406600085321678 
0.912892071525684 0.05475781347914601 
0.6483200586488057 0.20639227886066874 
0.008974142057960405 0.9244932482427011 
0.5620866789063101 0.2629421973637493 
0.7712952676339745 0.13342853246916944 
0.0038240136341558817 0.957124048335644 
0.48669084320199024 0.315131196997752 
0.9403899210681349 0.03952770946244486 
0.46658522810166503 0.33026275367618557 
0.38947579162934126 0.38923664858158735 
0.06608538495108346 0.7600624983414733 
0.7917812293873926 0.12116241754842981 
0.7338564638711852 0.1545253238177281 
0.16710106821849002 0.6073029366199657 
0.22827707227790323 0.5373197038169618 
0.5792640514297033 0.2508608062130594 
0.4046324420065393 0.377261930702138 
0.8362696573480614 0.09623257573758984 
0.18930200853204643 0.5804404398364541 
0.7042815670130174 0.17311423991445948 
0.6884808041946167 0.18266053792340586 
0.9207485062936183 0.05068835787410772 
0.015273329904546051 0.8947999906535261 
0.13446785111432702 0.649676458423149 
0.4963208684695243 0.3079560784495199 
0.9549438894300464 0.03302061036185994 
0.10305344414774872 0.6967981234845079 
0.15464801627785094 0.6229076665877747 
0.3319604236563365 0.4378437481966315 
0.03326161016164192 0.8355548924316623 
0.198882216971891 0.569711412532525 
0.8146866074235427 0.1081687150093717 
0.3504167308058032 0.42174803090398566 
0.04931169020891546 0.7923898662323143 
0.11904513055339755 0.6709676331002135 
0.2831514304487862 0.4827072292157331 
0.6305581571989126 0.21757030562840393 
0.5910431637954294 0.24321491173263451 
0.320473638666584 0.4482567751142089 
0.12754041393621451 0.6591148613757315 
0.3767852699294913 0.39955318124473427 
0.714450369283554 0.16572097198145358 
0.8648868966552903 0.08060842405804232 
0.14530671837885228 0.634718538789051 
0.41672161472696734 0.36789402304838537 
0.6019717374469296 0.23666526032459675 
0.5109294243367455 0.2979326366343557 
0.4242829378030829 0.3620900354641224 
0.03850197046613951 0.8213066713306678 
0.02817102452152636 0.8498777556198426 
0.26402473270619664 0.5008137661023587 
0.07342432752251662 0.746170749204691 
0.2179456384831024 0.5481596414040126 
0.8024043367987828 0.1151128043538938 
0.726557922305756 0.15886332672014528 
0.6183947066474734 0.22537284497171697 
0.25224562037504206 0.5123652547672687 
0.20747034155852417 0.5599221810446283 
0.45198065483670047 0.34117405644322624 
0.07728203092846053 0.7393522182210353 
0.4402740354575263 0.34958715804714874 
0.6410586895924101 0.21091571684697857 
0.43383129373405505 0.3520525384674908 
0.5251245751091767 0.2880173348711928 
0.3653695148922106 0.4092155578316627 
0.05690924726400353 0.7796802324089009 
0.020186674597554896 0.8759365092105471 
0.2964660417076296 0.4696634105138031 
0.8433222172276 0.09254689307502753 
0.31006054704786973 0.45732211537751216 
0.2923667766260912 0.4736215132080235 
0.04509920039264015 0.8060149645358765 
0.3063628225455501 0.4606120446844936 
0.8535311821128557 0.08679452049560978 
0.09399286086314629 0.7114857625112423 
0.45704278973713003 0.33672577405684434 
0.11276974101664627 0.6820673867917828 
0.2416618186800369 0.523062836712714 
0.17840491355317004 0.5929273592012889 
0.17639431169182088 0.5954155371804511 
0.10886531879122657 0.6862750349916755 
0.516384405642798 0.294073627778471 
0.2416618186800369 0.523062836712714 
0.35411751539889497 0.4185784842938807 
0.025058774389814964 0.8597547685425435 
0.08491152883434333 0.7251029001155508 
0.5251245751091767 0.2880173348711928 
0.01681196896410551 0.8895994449896677 
0.2569441459293786 0.5077247142191662 
0.09269707424613571 0.7120348127879014 
0.21328221620260834 0.553514194804748 
