0.9984007615985399 0.0036468252909187416 
6.28893499485953E-18 1.00499001330498 
0.9984007615985399 0.0036468252909187416 
0.7509202942231895 0.13642208321408597 
0.7239596049074364 0.15246618121145308 
0.5813746703255077 0.24120050640712376 
0.5935699541853949 0.2327997888833202 
0.8443073729997169 0.08400347440915874 
0.7749034736812471 0.12289305326440547 
0.7006262053581335 0.16604772875952606 
0.6476218988689278 0.1985461958457439 
0.0252607801140598 0.8470270839228008 
0.1307742739143719 0.6427765265043542 
0.4982061221628931 0.29803876560056536 
0.5514025617961864 0.26165453675604916 
0.46819092137272633 0.3194983744894377 
0.9047520472527576 0.05215103741604308 
0.9807891128745634 0.012626158151851407 
0.9279457985126979 0.03990553230063575 
0.22722304586136494 0.5275244888954831 
0.620968780899622 0.21554194513257915 
0.048622273542111474 0.7850644737061491 
0.6867703904618105 0.17453881227314286 
0.2396344171707137 0.5144432384851397 
0.4539079820549105 0.3296211812530446 
0.8262938488075668 0.09438885373686842 
0.7902155464765368 0.11430155777452877 
0.6213291811457186 0.21532651450475748 
0.0027375324781123145 0.9537214429091564 
0.11394369281152888 0.6671342709896297 
0.1781307264322295 0.5825686541962204 
0.2765359037370567 0.4777157420046451 
0.8027470057644107 0.10697741763796102 
0.3076472674318064 0.4493480694350242 
0.07247076251396607 0.7358326514030479 
0.054963064155419544 0.7708319108560874 
0.8679091362231762 0.07148296780902252 
0.2904256727078742 0.46455188968246536 
0.015749272133997516 0.8799209878054541 
0.41043600703583694 0.3640396263809345 
0.028028104519592423 0.8371876355129352 
0.5270612126885528 0.2778431116686329 
0.8164156702624704 0.10006950135588405 
0.8812171327252061 0.06390545999111999 
0.9430071198368403 0.031853366707018105 
0.9596216873245473 0.023358277902119366 
0.38462733919004116 0.3840014388891516 
0.010602529199658955 0.9022635938221358 
0.26533621772236843 0.4889638721406359 
4.1041361472858584E-4 0.9849147618957435 
0.43525290171000997 0.344523183360375 
0.06377081713372895 0.7524131224480439 
0.0011601094586284819 0.9720857428890695 
0.5441388225202901 0.2665792634161947 
0.1461670094065217 0.6221683706587448 
0.6724866915756966 0.18294726793936214 
0.37378276473712574 0.3926308686022534 
0.15830011351488948 0.6061867198830992 
0.967125347135831 0.02046638935227659 
0.015749272133997516 0.8799209878054541 
0.1461670094065217 0.6221683706587448 
0.39328799249980545 0.3768364829727246 
0.1909688035733411 0.5673101647453024 
0.401835493160502 0.3699973735566348 
0.009357976279085578 0.9085568934357124 
0.18617211357230684 0.572643521860319 
0.2022685891306849 0.5548725975872704 
0.21423504662898551 0.5421779006200604 
0.006189837033051759 0.9260119485218539 
0.07767662741894626 0.7262654127651051 
0.4838377761826038 0.3083998442721762 
0.061911192099342725 0.7590193192174262 
0.08407073079944932 0.7147154722171203 
0.2873820816510262 0.4677438032529669 
0.10659474768706395 0.678866903168794 
0.09229123024337366 0.7006318458666205 
0.24869890902160616 0.5049698517126442 
0.03432229280198658 0.8194881908171774 
0.3536702385310859 0.40989558467979337 
0.32324644388749585 0.4356082856960946 
0.24869890902160616 0.5049698517126442 
0.3284949370638136 0.43042803453378575 
0.4841352329150216 0.3076543725968852 
0.3603543039265971 0.40336367088693575 
0.09378529113587109 0.6980150881290005 
0.217306929270917 0.5380054058614548 
0.36667982201417537 0.39838161655929255 
0.03519655128856848 0.8183450783841371 
0.10180368829958586 0.685767800688504 
0.16753140510536169 0.5950904449746213 
0.0053227464575765215 0.9327967827740742 
0.20039511216935502 0.5563741469846357 
0.041257555629151565 0.8023983954639803 
0.041257555629151565 0.8023983954639803 
0.9361810924387 0.03561407787515612 
0.4223912787588091 0.3538800476445955 
0.12300935534218438 0.6541092154610453 
0.2663459476606938 0.4877251435679096 
0.4429347219732661 0.3382123680704357 
0.5151953578756476 0.285798884889667 
