0.999857817870991 0.005703355899676602 
0.0 1.0107253253531212 
6.23594325678628E-4 0.9837361811476478 
0.43660663672032357 0.34502686804811106 
0.2570587267192151 0.500703868762296 
0.005273781379620597 0.938373272802011 
0.08020262901579071 0.7262050540402123 
0.06439418229929902 0.7561369458985888 
0.3842069771715619 0.3883733174722566 
0.8757625898047465 0.07106923873463067 
0.1607054902860086 0.606098162687515 
0.8503118758390621 0.08364105579688061 
0.007633414888540191 0.9232512578165671 
0.5656228586661456 0.2553953635948767 
0.514685536599169 0.28947169548457835 
0.9469999669912839 0.03299747799874369 
0.23085701130530079 0.5279735183981972 
0.4124602438026943 0.36665999295553536 
0.4973024215777317 0.30120743737763667 
0.5982153874196742 0.23328153963443726 
0.4047091752322029 0.37103702883889084 
0.9614374553727675 0.02568540160187695 
0.35930698098083924 0.4083342082484125 
0.03477213981336284 0.8226268548241066 
0.8240865861311928 0.09786394065365144 
0.3717212502976761 0.39792265995432147 
0.0952538497452878 0.699259431690582 
0.45175691860453326 0.33643586591862956 
0.7887723947561219 0.11809744699279343 
0.5434588149887575 0.27087725147135056 
0.08875283079401142 0.7132762801291465 
0.7044152919122764 0.16778983239266687 
0.7255601702475803 0.15325905670266507 
0.04173253321741738 0.8059485264865863 
0.013984435846271126 0.8924752751150562 
0.7707365985106618 0.12859346599066096 
0.4616020427561731 0.32599840073715963 
0.3470919537365281 0.41863472741989877 
0.8387461877618186 0.09014085643262709 
0.3276110329935849 0.43552136443938944 
0.8097112110762632 0.10615611309413266 
0.021514219289549726 0.8633920120963678 
0.7630691659369967 0.1332278578121833 
0.1760731033914924 0.5909560882652067 
0.2147789902585654 0.5472524851122985 
0.5832103769249397 0.24305726333532235 
0.2408931607879808 0.5190709579767655 
0.3005630332706458 0.4603402633823699 
0.4857098890220993 0.3085931582702434 
0.5290160237218406 0.28015888231427005 
0.7174101614075947 0.15943545827252387 
0.11546266985182087 0.6695434647992243 
0.6608175623912427 0.19363989108959054 
0.14999335875521833 0.6219007188577277 
0.9122833360663767 0.04942168859620969 
0.7989201831692098 0.11281272918349056 
0.9929490041149078 0.009383226790062515 
0.01815014108347357 0.8752609949394817 
0.02698907355076613 0.844021448444157 
0.286813494923126 0.47323257535476215 
0.13793023383565917 0.6387205788596699 
0.12583630648147237 0.6549175405163887 
0.9274224656369445 0.04379723041414971 
0.6118000619772492 0.22435528171676145 
0.6282871541378309 0.21461788843017413 
0.5749677764388929 0.24821531646998984 
0.7436831717095252 0.14401583224931144 
0.05001072860882211 0.7864543222445025 
0.02939997870855693 0.8388743208777315 
0.14717135952181215 0.6260022446570501 
0.13382446190942487 0.6439003316329857 
0.1795702012356425 0.585153249604769 
0.31305868395549374 0.44876682413205204 
0.7453389930202324 0.14307415745692315 
0.3149991698467318 0.44685081191636605 
0.10633711604424931 0.6864821772074863 
0.1880233581656514 0.5747194685388533 
0.649328000740275 0.19939260068227702 
0.29313121112581614 0.4668286019761575 
0.6359546138815249 0.21038236634377433 
0.6159235449994238 0.22063462720795707 
0.6928816702869408 0.17677232198706733 
0.10775579347939689 0.6841474539086825 
0.19973782952909735 0.5618313978482697 
0.8879875455318886 0.06353077007175364 
0.9763357639382769 0.01678608535264904 
0.20913060125728639 0.5534611510580612 
0.12109456218192122 0.6621212580488323 
0.6441046227215106 0.20384231261280114 
0.6894342904427198 0.17899255201036046 
0.6701462148167011 0.1867404874194157 
0.9774060436873956 0.015943412398691854 
0.4745024688207527 0.3185286737490062 
0.056548185359954845 0.7704226239380981 
0.05733312863947959 0.770315197556867 
0.014609482104676524 0.889042870126592 
0.475575020619237 0.31615737766167146 
0.047245979892369505 0.7934518494270061 
0.8918356561465766 0.0614239232105042 
0.9272574094222327 0.04388731684920879 
