0.6565048591122664
0.6580972845437495
0.6583460014716848
0.65719546487609
0.6540762773303231
0.6600964108243885
0.6553487452002625
0.6537674487576458
0.653070921122493
0.6576441249963901
0.6574677352805034
0.6539842542516238
0.6468997043233251
0.6586540235305742
0.6580863930766491
0.6511451664961194
0.6552313790885168
0.6422489780621098
0.6515963917702474
0.6601676278746379
0.6585452402668462
0.6581657153297069
0.6574053488699415
0.6585615406470586
0.6592314255333049
0.6568636340879686
0.657021854937507
0.6485409161103877
0.6578733841751181
0.659511599579968
