1.9474086624147926E-4
1.91220198551812E-4
1.7958453459575644E-4
1.940479396230745E-4
2.227445729963388E-4
1.7486189529508205E-4
2.1832872583587773E-4
2.3296833976335353E-4
2.322310563750631E-4
1.8864311340069127E-4
1.8293060418740316E-4
2.2835458173331132E-4
3.330511064760928E-4
1.8826025859221558E-4
1.822996364270013E-4
2.6828229315649187E-4
2.1684739288995702E-4
4.1756108591059217E-4
2.5501031070748504E-4
1.7175437803095084E-4
1.8277228907438253E-4
1.7679452945420582E-4
1.8946486268351566E-4
1.8752996047804253E-4
1.7149341278430025E-4
1.904189235954888E-4
2.1000793914144583E-4
3.0348303258422005E-4
1.8510524689645526E-4
1.7406465481536738E-4
