0.999857817870991 4.6603041421506354E-4 -3.3326871398005196E-4 -9.627399175520263E-4 3.860582567414818E-4 2.710631779426247E-4 9.629636953681568E-4 0.001610368449333722 -0.0024416601042122205 -0.0018024290484054686 
0.0 2.4385899933234226E-4 -3.828608549089782E-4 -7.785763054010336E-4 1.0739210763848313E-4 2.736964605933789E-4 0.0010458859942571754 0.0015863097246163196 -0.0023784834172537388 -0.0018442247201708622 
6.23594325678628E-4 2.567494437807676E-4 -3.865818248093317E-4 -9.647036242394955E-4 5.748241296127029E-4 2.8333049948305733E-4 0.001040921383528384 0.0016350695302820716 -0.002319884273792765 -6.773791128082642E-4 
0.43660663672032357 2.9551290290535064E-4 -4.289682579963966E-4 -0.0010155913560706137 4.1511186694603397E-4 2.4202846591281265E-4 9.569248257793095E-4 0.0015840767783682065 -0.0023873383070566853 -5.161411676212637E-4 
0.2570587267192151 3.0051685892790934E-4 -3.267186703201927E-4 -0.001012920663523934 1.2688289696246427E-4 2.1905715828241518E-4 0.0010184388289141998 0.0016349864478506233 -0.0023170661580564854 -0.001641062065209945 
0.005273781379620597 3.0814363497778366E-4 -3.2716801717362816E-4 -0.0010125570327768137 5.703739930017456E-4 2.804307825725815E-4 0.0010321497881911144 0.0016228834722633975 -0.0023818149957529873 -0.0018510342366727507 
0.08020262901579071 2.396489690378509E-4 -3.8467349960877913E-4 -0.001041947333364415 6.326568857121219E-4 2.2363843214224946E-4 0.0010322576261320563 0.001611446908331998 -0.0023757865495347415 -0.0016752430824037595 
0.06439418229929902 2.4741304085835206E-4 -3.8619253114514755E-4 -0.001163960642401941 5.491253627460593E-4 2.827150700022539E-4 9.77763113958763E-4 0.0015867507420905572 -0.0024143506236668517 -0.0017559651676312934 
0.3842069771715619 4.258954050831345E-4 -4.2922075954788256E-4 -0.0012969342934803047 5.438033572797094E-4 2.8651077517077703E-4 0.0010318225275169905 0.0015860611873567388 -0.002375095607963816 -0.00184306017490074 
0.8757625898047465 0.0010116333555945207 -3.3551030605557337E-4 -0.0010102927328083033 6.7069155019449E-4 2.6876109045650216E-4 9.601079665857034E-4 0.0016102777143648047 -0.0023833508030372047 -0.0021125366924979443 
0.1607054902860086 4.607366948574075E-4 -3.1989940300628585E-4 -0.0010379610788185173 1.6844809785294826E-4 3.004508937200988E-4 9.66852288950811E-4 0.0015869276212970795 -0.0023737079735028496 -6.612246748917765E-4 
0.8503118758390621 4.895387243099856E-4 -3.8236268957758326E-4 -9.824417783880059E-4 1.0518750531553301E-4 3.1026783886446116E-4 0.0010220802405568128 0.0016361292494234206 -0.002372696981172204 -0.0016401811114382316 
0.007633414888540191 2.647103052515329E-4 -3.8619253114514755E-4 -0.001163960642401941 1.1197815909225049E-4 2.834398152567335E-4 9.77763113958763E-4 0.0015864664423826014 -0.00241411554932221 -0.0017547296007072045 
0.5656228586661456 3.1823022663109846E-4 -4.5770938487886846E-4 -0.0012994647301307674 6.840332665096903E-4 2.7654313420559E-4 9.605408161317127E-4 0.0016104134610455687 -0.0023617013968059513 -0.001867748041057024 
0.514685536599169 3.438529447635294E-4 -3.3488825193832175E-4 -0.0010169735347243356 6.327225436321728E-4 2.770058522309541E-4 9.624310463423056E-4 0.0016229362481835824 -0.0023862050835460036 -0.0016030855916057555 
0.9469999669912839 2.8464434104519883E-4 -4.196898753521058E-4 -0.0013082124743117403 6.765916193339551E-4 1.3874036881744353E-4 0.0010332429156841142 0.001623154356133241 -0.0023827321985270683 -0.001803290515452212 
0.23085701130530079 3.201759673021861E-4 -3.846009872520647E-4 -0.0010711907867769334 1.0341266471674454E-4 2.6862032324607223E-4 0.0010386306823051865 0.0016333263703038968 -0.002323931492575793 -0.001851383491537536 
0.4124602438026943 4.4496272164410144E-4 -4.2968979599688985E-4 -7.896096899684282E-4 6.741396542162306E-4 0.001520616380751098 0.0010517438295500796 0.0016100059891400991 -0.0023740621640119543 -0.0018529266939297099 
0.4973024215777317 0.001025416030211185 -3.2166997601299526E-4 -0.0011724975511247387 6.715889753003438E-4 2.99747420575196E-4 9.729794242339915E-4 0.0016102473441306708 -0.002373374148976585 -5.033979773198448E-4 
0.5982153874196742 2.4382277893655858E-4 -3.83032933540699E-4 -0.0010176156554914137 4.1620414882000324E-4 4.656345889462486E-4 9.766010967500838E-4 0.0015848966139826986 -0.0023199871720750616 -0.0018353594327311287 
0.4047091752322029 4.744649745980912E-4 -3.3253770238029167E-4 -9.627399175520263E-4 3.860582567414818E-4 2.7082884321602806E-4 9.636965994303907E-4 0.0016102964399095116 -0.0023723984308417637 -0.0016472330881248123 
0.9614374553727675 4.507919738260942E-4 -3.299404200833642E-4 -0.0014922244925607232 4.2877660837153806E-4 2.8386038225647456E-4 9.587727226695878E-4 0.0016177104013327928 -0.0023775283623990373 -0.0018399646845826973 
0.35930698098083924 2.1257707289123388E-4 -4.2482974000305064E-4 -9.642069448718461E-4 4.091799825897808E-4 4.938694115943726E-4 9.701360395228977E-4 0.0016103063693703199 -0.00237400263888089 -0.001804870550147834 
0.03477213981336284 0.0011051010107263487 -3.249130963380311E-4 -0.001039799158709079 1.249103473980282E-4 2.771874136851145E-4 9.682487580650605E-4 0.0016340816336071688 -0.0024766111461827418 -6.704764247468728E-4 
0.8240865861311928 4.7226865671750294E-4 -3.2494163022619467E-4 -0.0010423686893603846 1.4476909209308343E-4 0.0012920998812351646 9.548016672340451E-4 0.0016355520693566833 -0.002437197586153267 -6.643501214828521E-4 
0.3717212502976761 2.2809622430663718E-4 -3.2741002426995696E-4 -0.0010399897106134891 1.2117062709336799E-4 1.378423369444876E-4 9.909406512215622E-4 0.0016322651575641947 -0.0023734005496225557 -0.0018115006085249058 
0.0952538497452878 6.692698832574421E-4 -4.6062437416683036E-4 -0.001041947333364415 6.326568857121219E-4 2.2363843214224946E-4 0.0010336889510454328 0.001611446908331998 -0.0023757569074555596 -5.42032885958842E-4 
0.45175691860453326 0.0010116333555945207 -4.372036752538208E-4 -0.0010061635270362745 4.2532446772022977E-4 2.6876109045650216E-4 0.0010386688497432612 0.001617639847096714 -0.002377576635052786 -0.0021125366924979443 
0.7887723947561219 4.6603041421506354E-4 -3.3326871398005196E-4 -9.627399175520263E-4 3.860582567414818E-4 2.710631779426247E-4 9.636965994303907E-4 0.0015906579275510291 -0.0024416601042122205 -0.0017992000348951592 
0.5434588149887575 0.0011887957600456064 -3.324930116145717E-4 -0.0010170274569881164 6.389617042374129E-4 2.4358363341153531E-4 9.895851747360198E-4 0.0016206839605505802 -0.0023726462954528123 -0.0019709017924787304 
0.08875283079401142 0.0011280019483141935 -3.3230888216506476E-4 -9.606424390831296E-4 6.714546282636115E-4 2.788306604621438E-4 0.0010208488986029082 0.0015871611086667415 -0.002375757119484821 -0.002141041652837636 
0.7044152919122764 2.5746727810370537E-4 -4.614107946312363E-4 -0.0011428856153117067 5.817595511480817E-4 2.2366531597892944E-4 9.602252173578758E-4 -2.4424242273991446E-4 -0.00236050742732567 -0.002623085776108546 
0.7255601702475803 2.4355320012811417E-4 -3.176361994304459E-4 -0.0010170608258318332 6.145239211058353E-4 3.5265744778860007E-4 0.0010204867637509496 0.0015859971415444474 -0.002375099029352307 -4.80184384550343E-4 
0.04173253321741738 3.0757747489371535E-4 -3.2430909309412757E-4 -0.0011610474534883418 4.1944209887759384E-4 2.9149106499346233E-4 9.587477223905748E-4 0.001617725366886614 -0.0023775635786216862 -0.0018482474533208335 
0.013984435846271126 3.0814363497778366E-4 -3.2716801717362816E-4 -0.0010125570327768137 5.703739930017456E-4 2.804307825725815E-4 0.0010321497881911144 0.001623037570718219 -0.0023818149957529873 -0.0018496450390311145 
0.7707365985106618 2.8211687862186364E-4 -4.3015830428849537E-4 -0.0011780433760861314 6.715889753003438E-4 2.844576463203515E-4 0.0010208929453131852 0.001620122749242441 -0.0023833508030372047 -0.0017641418202230918 
0.4616020427561731 2.995483736743873E-4 -3.2592621027812665E-4 -9.965868603107426E-4 1.0624780137839438E-4 3.009636760981958E-4 9.609844817118366E-4 0.001585802962456454 -0.002321147307999759 -4.890649509062689E-4 
0.3470919537365281 2.2928479705319773E-4 -3.86413832028091E-4 -0.001056701613967477 3.909322826797967E-4 2.7143572254488514E-4 9.554123422412989E-4 0.0016103032274253993 -0.00237250231291638 -0.0018042181476338594 
0.8387461877618186 3.151139261209319E-4 -3.2430909309412757E-4 -0.0010135310673941769 1.1512887212911731E-4 1.3799246941427696E-4 9.587477223905748E-4 0.0016179397104448502 -0.0023775635786216862 -0.0018572619329560343 
0.3276110329935849 2.7154767454808977E-4 -3.2350065174048315E-4 -0.0010479759141911076 3.908137971154425E-4 2.22458492021257E-4 9.572079447186626E-4 0.0016348913464670442 -0.0023742497916035246 -0.0018082397533826767 
0.8097112110762632 2.4056694476036315E-4 -3.3963933793575694E-4 -7.714412873529228E-4 6.706084830004353E-4 2.8023912302502143E-4 9.635588533867324E-4 0.0015856148852725987 -0.002361172003722394 -0.001855517222834418 
0.021514219289549726 2.677547582391978E-4 -3.244753835622307E-4 -0.0010168664631926081 5.473507363207273E-4 1.3663862268535544E-4 9.890694378340895E-4 0.0015862968875576208 -0.002373865310765641 -0.0017559620358883236 
0.7630691659369967 4.5302662301006724E-4 -5.060464891017414E-4 -0.0011741936303660016 6.881448697865208E-4 2.8391689724034837E-4 0.0010211571145183507 0.0016202278998938442 -0.0023764578120104283 -0.0018578459887325155 
0.1760731033914924 2.4395623942761628E-4 -3.8561650040422617E-4 -0.001292810986318715 7.671834718462565E-5 0.0015152325269368262 0.0010032540513175167 0.0015861590461873022 -0.002326645430674708 -0.001945156099542099 
0.2147789902585654 3.1252427774126847E-4 -3.186560328425639E-4 -0.0012691390680976949 4.167694352234289E-4 2.1261609256461526E-4 9.713408254840524E-4 0.001586155434990348 -0.002483967130242871 0.002435777977102388 
0.5832103769249397 7.247185507539938E-4 -4.328556850456423E-4 -7.799135582760867E-4 6.69997846197248E-4 2.794932458940157E-4 9.714209385003918E-4 0.0016351131980000123 -0.0023650836557645117 -0.0016460220831233947 
0.2408931607879808 4.476305658147284E-4 -4.2968979599688985E-4 -7.896096899684282E-4 6.741396542162306E-4 0.001520616380751098 0.0010517438295500796 0.0016100059891400991 -0.002374333105749257 -0.0018529266939297099 
0.3005630332706458 4.6945692113284625E-4 -4.247658406573561E-4 -0.0011939776371017565 5.776367393787922E-4 3.345691836650546E-4 9.494378917380834E-4 0.0015870119906583094 -0.0024885808979644717 -0.0017448612869707426 
0.4857098890220993 2.9551290290535064E-4 -4.289682579963966E-4 -7.898303027496468E-4 4.1237168719179243E-4 2.4764246183148675E-4 0.0010533258322157543 0.0015840767783682065 -0.002386926581486628 -5.161411676212637E-4 
0.5290160237218406 4.5624590953625456E-4 -3.324930116145717E-4 -0.0010170274569881164 6.321738443496751E-4 2.4382896074022964E-4 9.640290686054545E-4 0.0016203399901446485 -0.002372672298835136 -0.00196863937617593 
0.7174101614075947 4.4792573110555745E-4 -3.19105704397659E-4 -7.907439887879089E-4 6.732006297978606E-4 3.4355177921548065E-4 0.0010204867637509496 0.0015859971415444474 -0.0023750980211428856 -0.0018430595624762311 
0.11546266985182087 2.131188835269584E-4 -3.173798095675269E-4 -0.0010167802273722566 6.163431052442021E-4 2.803407524018852E-4 9.647513312742469E-4 0.0016110141710196327 -0.002377749393037494 -0.001846303396779104 
0.6608175623912427 4.7006534750540247E-4 -3.865818248093317E-4 -0.0010255710157273665 5.748241296127029E-4 2.1383582337157887E-4 0.001041183929436183 0.0016200896944940394 -0.0023190266963477144 -0.0017439534633193795 
0.14999335875521833 6.778347680400452E-4 -3.846009872520647E-4 -0.0010711907867769334 9.827803401006634E-5 2.684673019843669E-4 0.0010320883823372467 0.0016333263703038968 -0.002326079525313973 -0.001851383491537536 
0.9122833360663767 2.4355320012811417E-4 -3.221783663722123E-4 -0.001017416990321371 6.372740818512581E-4 3.0201815374761163E-4 9.596584550041562E-4 0.0015871936051758849 -0.0023751361684313014 -4.847412897313751E-4 
0.7989201831692098 9.975325187080658E-4 -4.2586404178878096E-4 -0.0010274531237750573 6.730535672944175E-4 2.425709757539424E-4 0.0010277868241363103 0.0016220882750234609 -0.002370848959965704 -0.0017574486103727831 
0.9929490041149078 4.518595556583608E-4 -5.066990492105647E-4 -0.0010376756808977128 6.245750162523378E-4 3.2089581610920677E-4 9.77643513565332E-4 0.0016166777229690691 -0.0023764578120104283 -0.0018606168126842574 
0.01815014108347357 2.9551290290535064E-4 -4.289682579963966E-4 -0.0010155913560706137 4.1511186694603397E-4 2.4202846591281265E-4 9.550072986583142E-4 0.0015862928420549663 -0.0023738071969197313 -0.0017150334431472484 
0.02698907355076613 2.757712944592536E-4 -4.4570276859094205E-4 -0.0010399521210887068 1.2501824252653432E-4 2.771874136851145E-4 9.682487580650605E-4 0.0016340816336071688 -0.0024766111461827418 -5.034866872101979E-4 
0.286813494923126 9.87598675688713E-4 -4.298817099193255E-4 -0.0011870282162081208 6.92953564411466E-5 2.153769554821034E-4 9.592253870705408E-4 0.001627571642334031 -0.0023582463606588886 -0.001845189873272161 
0.13793023383565917 0.0011596722542530193 -3.3331496611304316E-4 -0.0010314603349476747 6.766086164040798E-4 2.2394405695887616E-4 9.67582322934011E-4 0.0016334008274946667 -0.0023778151738054545 -0.0018462013503376964 
0.12583630648147237 4.634752486087346E-4 -3.877831675149258E-4 -0.001084371203804019 1.1379158540869588E-4 3.2313785596816937E-4 9.763982060857027E-4 0.0016199682160307764 -0.002479033855153521 -0.0018575734943414761 
0.9274224656369445 0.0010761147449800707 -4.196898753521058E-4 -0.0013082124743117403 6.741043497664807E-4 2.736012400854689E-4 9.684380030214212E-4 0.00162254938956261 -0.002492345305365547 -0.0018010570207401095 
0.6118000619772492 3.016563259906165E-4 -3.2652163355063077E-4 -0.001017934492572156 3.860582567414818E-4 2.6992489641063203E-4 9.636965994303907E-4 0.001610476882926393 -0.0023074042666204444 -0.0018011000345104554 
0.6282871541378309 9.901465760031208E-4 -4.339104723325255E-4 -0.0011747671454164685 6.728012685103634E-4 2.7924736413305166E-4 9.729794242339915E-4 0.0016099108387014514 -0.002374909713534522 -0.0017124521077487589 
0.5749677764388929 2.3446167534644683E-4 -4.332044342996778E-4 -7.778980810896018E-4 6.69997846197248E-4 2.7160070985784936E-4 9.55433206991051E-4 0.001611543956105945 -0.0023654192907809892 -0.0016460220831233947 
0.7436831717095252 4.319938075644733E-4 -3.286520466621139E-4 -8.135042514035616E-4 6.712310048779836E-4 3.726567825013959E-4 0.0010543054384940852 0.0015906371864264324 -0.0023703572423850456 -0.0018348661181852854 
0.05001072860882211 2.454244991154835E-4 -4.9449987228972E-4 -9.454635011215476E-4 6.402628734228581E-4 4.6554199572985976E-4 9.648641262000009E-4 0.0015846102335975308 -0.002381994817665443 -0.0018485569819216667 
0.02939997870855693 4.628974257804749E-4 -3.154035282287392E-4 -0.001143322608246943 4.2247061412302434E-4 2.0933226392253046E-4 0.001049484919294314 0.001584216830898237 -0.0023871894440873186 -0.0017741102747849784 
0.14717135952181215 3.1823022663109846E-4 -4.5715887588150685E-4 -0.001276134292584817 6.15993602486509E-4 2.764919062261421E-4 9.647784665424414E-4 0.0016110183719694618 -0.002377895960177959 -0.0018679711939544295 
0.13382446190942487 4.561659100472886E-4 -5.060693911032177E-4 -0.0010376756808977128 5.383666950471993E-4 3.592938334545943E-4 9.77643513565332E-4 0.0016202279114499564 -0.002458975210128463 -0.0018578459887325155 
0.1795702012356425 3.2082383339292637E-4 -3.2430909309412757E-4 -0.0011623091036041975 1.1512887212911731E-4 2.8588433290917443E-4 9.588250791894923E-4 0.001618295980712924 -0.0023773162682497557 -0.0018566346546604986 
0.31305868395549374 2.7061615136821424E-4 -3.812583897555858E-4 -7.727999543890103E-4 6.74153236241434E-4 3.1530713818992177E-4 0.0010222079306064138 0.0015867658229461563 -0.0023727001889657113 -0.001992451610063797 
0.7453389930202324 2.473379164543756E-4 -4.978803725619922E-4 -8.128452781745666E-4 6.40091666120367E-4 3.256700850582611E-4 0.001051970883868196 0.001610349957606816 -0.0023818006013261424 -0.0018346304909084893 
0.3149991698467318 4.6731306934044817E-4 -4.2209436421953184E-4 -0.0010406101507679341 5.710574876286517E-4 2.4412318808669287E-4 9.88911452516143E-4 0.0016337697850708818 -0.0023727308830054613 -0.0017559396013504774 
0.10633711604424931 0.0011434182545401257 -4.343314659222035E-4 -9.542928591850482E-4 5.378462052963673E-4 3.5848312350464406E-4 9.712936619711056E-4 0.001587852144765007 -0.0024532752070558403 -0.0025857284404616513 
0.1880233581656514 4.934122173618352E-4 -3.8608799072789926E-4 -0.0010431838702260063 1.3985836831539845E-4 2.3953757027577005E-4 0.0010220802405568128 0.0015865946916157492 -0.0023743244446312616 -0.0016422890373071857 
0.649328000740275 2.4355320012811417E-4 -3.176361994304459E-4 -0.0010170608258318332 6.381563406053424E-4 3.0201815374761163E-4 9.587497481988092E-4 0.0015859971415444474 -0.002375099029352307 -4.8455421280323716E-4 
0.29313121112581614 2.7806182872554947E-4 -4.2482974000305064E-4 -9.606783265481844E-4 4.066592777654905E-4 4.938694115943726E-4 0.0010382999754362265 0.00158703690894068 -0.002374022254702766 -0.0018608408520960236 
0.6359546138815249 4.462526101677567E-4 -4.2968979599688985E-4 -7.896096899684282E-4 6.741396542162306E-4 0.001520616380751098 0.0010517438295500796 0.0015906371864264324 -0.0023740621640119543 -0.0018529266939297099 
0.6159235449994238 5.029430402696393E-4 -3.3249257950035643E-4 -0.00101475149602247 3.860582567414818E-4 2.710631779426247E-4 9.636965994303907E-4 0.001610476882926393 -0.0024419988554826117 -4.619919616712317E-4 
0.6928816702869408 9.910504791428574E-4 -3.2955633337214754E-4 -8.275660162899057E-4 7.945066466725798E-5 2.7236430718064603E-4 9.629313943465988E-4 0.0016104237642289804 -0.0023684172670135127 -0.0029704213980930915 
0.10775579347939689 0.0011434182545401257 -3.862221451236445E-4 -9.542928591850482E-4 5.383968996166271E-4 3.5848312350464406E-4 9.712936619711056E-4 0.001587852144765007 -0.0024145520656733556 -0.0025857284404616513 
0.19973782952909735 6.409091549869285E-4 -4.516221961044473E-4 -0.0010359086181241368 6.289489225795841E-4 2.3547177023294596E-4 0.0010302083958356838 0.0015822479326698807 -0.002374456693655219 -0.0017039035482711148 
0.8879875455318886 4.6669155758662074E-4 -3.831860203344168E-4 -0.0010406101507679341 1.0755604551632988E-4 3.2915812660026106E-4 0.0010220196714601593 0.0016337697850708818 -0.00237273097319958 -0.0017538229335490778 
0.9763357639382769 9.737710134547725E-4 -4.2737526674441E-4 -9.973851452771542E-4 6.144460831088096E-4 3.239185077189622E-4 0.0010386688497432612 0.00161097164477071 -0.0023833537027319056 -4.6652834478373045E-4 
0.20913060125728639 3.130224555936274E-4 -3.186560328425639E-4 -0.0012691390680976949 4.726227726370985E-4 2.1261609256461526E-4 9.713408254840524E-4 0.0015867051836504977 -0.002483967130242871 0.002435777977102388 
0.12109456218192122 0.0011487960136197825 -3.332791176212524E-4 -9.613762200006404E-4 6.766086164040798E-4 2.786636659187321E-4 9.607697251367225E-4 0.0016103444580036154 -0.002377749393037494 -0.001846303396779104 
0.6441046227215106 2.4188007919031347E-4 -4.282202910296767E-4 -0.0010159265270123525 6.154629455242053E-4 0.0015297220493242175 0.0010517438295500796 0.0015906371864264324 -0.0023740631722213757 -4.900515160038216E-4 
0.6894342904427198 0.0010027202357917023 -3.298600561787431E-4 -0.0010030010668190881 1.1399917344604587E-4 1.3826070547545886E-4 9.587477223905748E-4 0.0016179397104448502 -0.002377430291895256 -0.0029579281408372996 
0.6701462148167011 4.7062737579189407E-4 -4.4866432280371744E-4 -0.0010263833175497019 1.2146572563906056E-4 2.138515078856154E-4 0.0010444581435935035 0.0016340662033524046 -0.0024341045209465935 -4.988765414878487E-4 
0.9774060436873956 9.737710134547725E-4 -4.2737526674441E-4 -9.782305131128136E-4 9.117983161689849E-5 3.5206575513615276E-4 0.0010386688497432612 0.001590904158982958 -0.0023214193108619377 -4.6652834478373045E-4 
0.4745024688207527 6.527035130891207E-4 -4.516221961044473E-4 -0.0010354403820257076 4.1998933003255966E-4 2.3547177023294596E-4 0.0010302083958356838 0.0015822479326698807 -0.0023869022496484423 -0.001733200195787155 
0.056548185359954845 6.692698832574421E-4 -4.6062437416683036E-4 -0.001041947333364415 6.326568857121219E-4 2.2363843214224946E-4 0.0010336889510454328 0.001611446908331998 -0.0023757569074555596 -5.42032885958842E-4 
0.05733312863947959 2.5856658124073827E-4 -3.865818248093317E-4 -0.0010705261031986497 5.748241296127029E-4 2.789001441652349E-4 0.001041183929436183 0.0016337731753552716 -0.002319884273792765 -0.0017641563848091678 
0.014609482104676524 3.0051685892790934E-4 -3.267186703201927E-4 -0.0010176158018160924 1.2146572563906056E-4 2.1905715828241518E-4 9.554580964053834E-4 0.0016349864478506233 -0.0023170661580564854 -0.001758746146494374 
0.475575020619237 4.682118533744587E-4 -3.196548817344676E-4 -0.001012533537698176 6.389617042374129E-4 3.009636760981958E-4 9.587497481988092E-4 0.0015849298807878692 -0.0023725549128594064 -4.8455421280323716E-4 
0.047245979892369505 4.4413332804822366E-4 -4.3099368794137543E-4 -0.0013554629799080538 6.264626840396494E-4 2.7744005362472494E-4 0.00103695493366708 0.0015869565601390576 -0.002376455802702117 -0.001846538893787986 
0.8918356561465766 4.894075291062885E-4 -3.8236268957758326E-4 -0.0010432698807377309 1.1065476976126879E-4 3.142177014419983E-4 0.0010220802405568128 0.0015867820125018237 -0.002372696981172204 -0.0017538500395318684 
0.9272574094222327 0.0010761147449800707 -4.196898753521058E-4 -0.0013082124743117403 6.765916193339551E-4 2.736012400854689E-4 9.684380030214212E-4 0.00162254938956261 -0.0024935322107183444 -0.0018010570207401095 
