0.0 -1.8950681900335766E-4 -7.079640397976449E-4 -4.6774485638743083E-4 -0.0023621777742773207 2.5810215358843696E-4 4.545408217888278E-4 1.1693781745278597E-4 -2.282999717639476E-4 -1.2586277995311356E-4 
0.9973731670206932 -5.753648474939032E-5 -6.785714922017047E-4 -2.593176780782972E-5 -0.0021500547721834853 2.599183038901175E-4 4.673419847822994E-4 2.5455427699219154E-4 4.2082301820615774E-4 -1.8399518050115444E-4 
0.008291231118477072 -1.8620575341415043E-4 -7.125957355539874E-4 -4.2662495365737156E-4 -0.0021453822568643943 2.5872342214571783E-4 3.15001022032738E-4 2.536593428167081E-4 4.45141011149162E-4 -3.262479112870308E-4 
0.0559183811982818 -5.7278251396664766E-5 -7.058531765080254E-4 7.288164280089038E-5 -0.002370738185610527 2.1620767757907772E-4 4.3624438386992453E-4 3.239745399341817E-4 5.446582837960795E-4 -2.0981011757418403E-4 
0.4432258275588643 -1.841555649506474E-4 -6.97737427582324E-4 -4.421202982379409E-4 -0.0023604023755930564 2.5866256326768976E-4 4.5833492097624787E-4 9.41393308530309E-5 -2.3776820117419478E-4 -1.294093352807509E-4 
0.37598814154309274 -1.7452097952660382E-4 -6.836522322052442E-4 -4.4936393326403055E-4 -0.0021314076958975268 2.604005367427899E-4 6.549962902511026E-4 1.18272902390404E-4 -2.2794810989434585E-4 -2.1245067826255738E-4 
0.04315846159185796 -1.0821839118041425E-4 -7.067718305550335E-4 -4.575875454706728E-4 -0.0023591762400503482 2.1620767757907772E-4 4.3654354202158713E-4 2.5714304068821754E-4 -2.0178729369779366E-4 -2.0943202267611582E-4 
0.8393148341521495 -9.728733269611167E-5 -6.940211960150493E-4 9.256579304859811E-5 8.495180226017027E-4 3.1038711506084363E-4 4.6800147114925254E-4 3.111337065014921E-4 -2.0250337145126987E-4 -1.3035443377206921E-4 
0.026977217966273444 -2.018365211524307E-4 -7.091418674473389E-4 -4.5677438707797966E-4 -0.002109404465051559 2.6056960035802853E-4 5.35618030218903E-4 2.5360506240009145E-4 -2.992622749980299E-4 -2.092682885941824E-4 
0.037759215720632525 -1.0109993648046178E-4 -0.0010104989623290416 -4.486200210661494E-4 -0.0021424994151621416 1.754713232899337E-4 6.202543774333366E-4 3.521613574428859E-5 4.2219432202583853E-4 -1.790723990090948E-4 
0.08250275693942563 -1.9085805171157021E-4 -7.01112460528832E-4 6.040353496985227E-6 -0.0021312799535205835 2.580383212077534E-4 4.54142325721118E-4 8.705689510145096E-5 4.2358206910372186E-4 -1.2320128729003042E-4 
0.41632244549815256 -4.8387239577874977E-4 -7.157380134787249E-4 -4.568402782350702E-4 -0.002368937766227795 2.6714992955811695E-4 6.576007851567247E-4 1.7878014629069117E-4 3.811175709702648E-4 -2.0805300787915114E-4 
0.26447988436922937 -2.0220172322836974E-4 -6.844138264565603E-4 -4.4274268472515156E-4 4.6571960963923804E-4 3.1173406011880266E-4 4.6428794983321064E-4 1.169963246932131E-4 -1.9121838323997152E-4 -2.1031664643784848E-4 
0.7043261727000141 -1.8553092702289372E-4 -6.963397910453395E-4 -4.672900247205582E-4 -0.0023627141711721504 2.573220774122122E-4 4.3544837237339987E-4 1.3623513350066453E-4 -2.3148860811383486E-4 -2.093538724067521E-4 
0.17341698032442684 -9.594321967383731E-5 -6.953796528733812E-4 -4.4533088081926314E-4 0.0010060379164732291 3.1028295770399347E-4 6.606958221282049E-4 -6.762703355472975E-4 4.371788244453865E-4 -1.8170305376670733E-4 
0.8121666997051854 -1.4566187776256868E-4 -0.0010105084980389842 -4.482261794891775E-4 -0.002142440964486957 1.7473421168472757E-4 4.679178032036383E-4 4.095039607983676E-4 -2.2445255143594978E-4 -2.0788519556959166E-4 
0.11989682164891477 -5.826601267100907E-4 -6.727469622417363E-4 -3.592659559207808E-5 -0.002156934123984208 2.5833648932447906E-4 4.506091323820078E-4 8.648051130991459E-5 -2.043896742446534E-4 -1.9714789053413797E-4 
0.7186035953729751 -9.796883072800969E-5 -7.070093055988679E-4 -4.6578810746210114E-4 -0.002156322674650146 2.581110916314852E-4 4.4194265561271436E-4 1.382719103578224E-4 -2.2288031690301507E-4 -2.0033516973610546E-4 
0.35143330874754164 -1.8620575341415043E-4 -6.83622723787696E-4 -4.2662495365737156E-4 -0.0021453822568643943 2.5872342214571783E-4 3.116801171735622E-4 2.536593428167081E-4 -1.9348922272068004E-4 -3.262479112870308E-4 
0.6581199963412809 -4.518040077004405E-6 -7.172776327550002E-4 -4.654450790584025E-4 -0.002136522048961435 2.598451209172666E-4 6.666240304548516E-4 3.443317072859809E-5 4.164202501492122E-4 -1.8051346010312906E-4 
0.15908176435654325 -1.0370158523265654E-4 -6.871011175094729E-4 -4.4218314122027036E-4 -0.0023751381727754386 3.164713952864798E-4 4.636155472800334E-4 3.095596658751052E-4 -2.384834268305134E-4 -3.4738003232233144E-4 
0.6843512040919715 -1.0161794098262418E-4 -7.077582855306508E-4 -4.6714972374079406E-4 -0.0023621777742773207 2.5886088030904313E-4 7.401912420126968E-4 1.356920627943837E-4 -2.2288031690301507E-4 -2.1323185470747627E-4 
0.015492906669832829 -1.003013559170458E-4 -6.948978849734496E-4 3.311509940123373E-5 -0.0024006395646552453 2.5804274333521114E-4 4.543867952339453E-4 3.442280332813636E-4 4.220539710510567E-4 -3.425915226352914E-4 
0.5083868638321623 -1.9544717781750043E-4 -7.002693214277328E-4 -5.398228057883326E-4 -0.0021149571970004413 2.2044794830322834E-4 6.151149931641353E-4 4.314676454549344E-5 -1.746684719549185E-4 -1.771336341476671E-4 
0.6424577596354906 -1.894386426495222E-4 -7.078585975141028E-4 -4.4944985142919547E-4 -0.002128886833309177 2.604454849028343E-4 6.676943166108294E-4 1.1479652085646625E-4 -2.422255211971424E-4 -3.4028022884225194E-4 
0.12773697849744658 -1.0512671777468808E-4 -6.75997924731665E-4 -9.587644348723034E-6 -0.0021471788818348938 2.585370562267019E-4 4.63964808268329E-4 2.6118341239753757E-4 -1.8129028884502645E-4 -1.779210202184043E-4 
0.022508858653135882 -1.3380781876387728E-5 -7.119801628849617E-4 -5.778542643353477E-4 -0.0021367830714012527 2.9480255197742594E-4 6.516524435074484E-4 2.653876854732402E-4 4.2077428314178845E-4 -1.8357555892033214E-4 
0.2767825602161753 -1.8608750159573742E-4 -7.174617165053881E-4 -5.903059954594059E-4 -0.002119350168864774 2.5932560850622395E-4 6.15492875483895E-4 -9.353218320470732E-4 4.126320514673722E-4 -3.2327368230406064E-4 
0.06443066215810184 -8.803161400870496E-6 -7.184792473847262E-4 -4.609336266261305E-4 -0.002149301313479848 2.5984484584539314E-4 4.62256812538008E-4 2.5396716775495073E-4 5.030636826042855E-4 -2.1028047835762014E-4 
0.6116259290493762 -1.0521900573586896E-4 -7.087697482864837E-4 -4.4433014136017026E-4 8.521522050572601E-4 3.9994755452129715E-4 4.636742518180011E-4 2.4777193092081443E-4 -2.0511516637698076E-4 -2.106452333815897E-4 
0.8232423328194065 -2.0278151915566244E-4 -7.017448631431121E-4 -4.6156152600856367E-4 -0.0024094512221759434 2.551528457690005E-4 4.581166483915183E-4 2.7018185454044866E-5 -1.1358837193187679E-4 -2.0887952622526714E-4 
0.4838668728386661 8.273118793358986E-7 -7.13087737661872E-4 -5.383582338383845E-4 -0.0023565790647845078 1.791574147376079E-4 2.752262234068699E-4 3.5655189488486015E-4 4.160050902478611E-4 -2.0895740166056861E-4 
0.0036147626675021582 -1.0522419376760252E-4 -6.771250873557803E-4 -2.604193822565044E-5 9.783024670482292E-4 3.858612080537673E-4 4.684097948808266E-4 6.287564881960047E-5 4.195599198499923E-4 -2.1094664371436309E-4 
0.7367482530305086 -2.8232004384234356E-5 -7.1190472480713E-4 -4.601366708343626E-4 -0.0024129501666732816 2.572812061044328E-4 4.5273117534395523E-4 3.425518116362629E-4 -2.103521308175461E-4 -1.7817193023733754E-4 
0.2464391105131336 -1.9430550478472712E-4 -7.127073129592026E-4 -4.6095234373782514E-4 7.958567378835305E-4 2.582026219051767E-4 6.473816853944213E-4 2.6276533265198667E-4 4.441148342042715E-4 -3.5068634379309E-4 
0.6738454812037247 -1.0523240521397937E-4 -6.765380929724059E-4 -1.5428723994021827E-5 -0.0023567617361867762 2.5825277533201E-4 4.6398221326993285E-4 1.3615242020555612E-4 -2.0291497069364355E-4 -2.0795612232716058E-4 
4.305142190048211E-4 -4.2348021079774564E-4 -7.114163909574808E-4 -4.5687534150913557E-4 -0.002413004557630542 2.677850415117403E-4 4.568720088294284E-4 3.697181121688091E-5 -2.0330129794389896E-4 -2.0771703235900675E-4 
0.3265909698457399 -1.0799143513201769E-4 -7.021126721557388E-4 -4.5789043253144336E-4 -0.0021480289363122666 2.5096551071532563E-4 4.4170529419393866E-4 2.8423636854670373E-4 4.2194745419766244E-4 -1.8120944986435973E-4 
0.09386563295189876 -1.9544717781750043E-4 -6.900696927561118E-4 -5.370091283903541E-4 8.128243631435705E-4 2.587025720241483E-4 6.139962573019033E-4 3.3475084408585136E-5 4.162103022825885E-4 -1.771336341476671E-4 
0.9757212295115022 -9.59778835771632E-5 -6.953557575190256E-4 9.559538546078712E-5 8.495180226017027E-4 3.1038711506084363E-4 4.6800147114925254E-4 3.111337065014921E-4 -2.00899291626619E-4 -1.2991105216982203E-4 
0.5780954987068018 5.582418165792048E-6 -0.0010248013076505815 -4.397110325691947E-6 -0.0024126703168961907 1.8404482067094997E-4 4.624892296493059E-4 3.3088660846135524E-5 4.235312955934221E-4 -2.084536918273608E-4 
0.3901595328057524 -1.4616681815100076E-4 -7.182477214631655E-4 -4.499399262044877E-4 -0.0023602291945992327 2.787610173451676E-4 4.379782495878088E-4 8.658286281828278E-5 -1.9108580410983467E-4 -2.1041140815696298E-4 
0.5374233114135889 -9.751662866234422E-5 -6.953557575190256E-4 -4.4533088081926314E-4 6.465266044878629E-4 3.096719918386906E-4 6.606958221282049E-4 3.1176930078100507E-4 -2.00899291626619E-4 -1.3084155332490933E-4 
0.1376166919988805 -2.9018656390520346E-6 -7.125960166274859E-4 -4.488698917578549E-4 4.2288508343698737E-4 1.803848698494315E-4 6.573686597385009E-4 2.611356571865831E-4 -1.7527491206596133E-4 -1.7655231807670057E-4 
0.9353118197997811 -1.0173345849852881E-4 -7.043758894743435E-4 -4.5069118236799763E-4 -0.00240933307947854 2.5886182684533855E-4 2.8487234465904597E-4 3.353571551385384E-4 -2.1121258174429993E-4 -2.1479801378875615E-4 
0.759187378393719 -1.4781225762566261E-5 -7.164387570492756E-4 -4.5773769908046875E-4 -0.002358212742261873 2.1891499386463047E-4 0.0016566441095917741 2.5971637992721784E-4 -2.0425950970106953E-4 -2.0392140628726243E-4 
0.46805217961242934 -1.011217775126262E-4 -7.006554241053422E-4 -4.5905399109269685E-4 -0.0023623502694462236 2.5852627517934066E-4 4.3575778209674733E-4 1.3184673776317114E-4 -2.1217009024526392E-4 -2.1494248054448629E-4 
0.9719978173779854 -5.5882761727912264E-5 -6.766507266700094E-4 5.650894650878082E-5 -0.0021534989388475884 2.6063446313598197E-4 4.675605958922161E-4 2.533092409026327E-4 5.45776715273206E-4 -1.8133386950957772E-4 
0.15231454385323717 -1.909347900642231E-4 -7.157150961339579E-4 -4.545583199606517E-4 -0.002119350168864774 2.670972228683413E-4 6.135376414297879E-4 -9.353218320470732E-4 3.822243034797264E-4 -3.2327368230406064E-4 
0.0015237623933118116 -9.532005135552129E-5 -6.7312801429963E-4 -2.329667463102871E-5 -0.0021422719137551994 2.5824525058731895E-4 4.544559223866821E-4 3.457066938437627E-5 5.266862821753816E-4 -1.9714789053413797E-4 
0.952295531743893 -4.801974295435271E-4 -6.951311451800449E-4 -4.4984061673436726E-4 6.476404083180743E-4 2.5726717070582024E-4 5.244436227634372E-4 3.3239553385276975E-4 4.6724272685434883E-4 -1.8056192740993613E-4 
0.3107569923163977 -1.9080887824774498E-4 -7.021126721557388E-4 -4.5789043253144336E-4 -0.0021480289363122666 2.5096551071532563E-4 4.396770553588363E-4 2.8423636854670373E-4 3.816480535396358E-4 -1.8120944986435973E-4 
0.7461004364758574 -1.6569054391899063E-5 -7.1408742446518E-4 -4.5773769908046875E-4 -0.002389170110304159 2.5870517179126315E-4 4.3545031063475304E-4 2.5971637992721784E-4 -2.0425950970106953E-4 -2.0392140628726243E-4 
0.10579269049458451 -9.165680854151704E-5 -6.932873224377779E-4 -3.441622411127002E-6 8.561470416083932E-4 2.586701186105549E-4 4.541987123749875E-4 8.705689510145096E-5 -2.0139252786315987E-4 -1.2320128729003042E-4 
0.18338739409769256 -2.0327842592737634E-4 -6.738312515504925E-4 -4.651497982388915E-4 -0.002410014035226464 2.551528457690005E-4 7.362974925846949E-4 3.0351337603556656E-4 -1.6131034605282413E-4 -1.867333644306613E-4 
0.7895636445492675 -1.2693070991894425E-4 -0.0010339962283187054 -4.613627511077045E-4 -0.0023498895509684614 2.598943077269397E-4 6.204598929430918E-4 1.3523861317208264E-4 -2.2781672629846987E-4 -2.1145782532916045E-4 
0.07357415870306461 -6.063442121094156E-5 -6.767320591926953E-4 -1.4660437295341267E-5 -0.0021528490857527106 2.507669414949899E-4 6.128595467696193E-4 4.081846797219671E-4 -2.2797774437229517E-4 -2.1049239078731234E-4 
0.7895636445492675 -1.2693070991894425E-4 -0.0010339962283187054 -4.613627511077045E-4 -0.0023498895509684614 2.598943077269397E-4 6.204598929430918E-4 1.3523861317208264E-4 -2.2781672629846987E-4 -2.1145782532916045E-4 
0.908773541137258 -4.25515004432176E-4 -7.012276389184349E-4 -4.6440613036904336E-4 -0.0023663175972955417 2.890386978683847E-4 6.603078212472765E-4 3.3298985443594193E-4 -2.092582135503022E-4 -2.0722911590531312E-4 
0.18903290636020414 -1.8500067751343755E-4 -7.076780111319669E-4 -4.424600238719312E-4 0.0010170885644703357 3.869839371611033E-4 4.581166483915183E-4 3.071795590865883E-4 4.1335790319614607E-4 -1.8053260890549467E-4 
0.016764960097209985 -9.724225536550641E-5 -6.951400175773128E-4 -4.267823236324943E-4 -0.0021212048290966106 2.6064864815254974E-4 3.0809459752789866E-4 2.4385817887666756E-4 -2.0861731950296697E-4 -1.8185736897137014E-4 
0.2431774584708871 -9.901947303729626E-5 -7.123091489067397E-4 -4.5451869791927836E-4 9.699630447491563E-4 2.6064864815254974E-4 6.163044043268665E-4 8.447749180830613E-5 -2.0861731950296697E-4 -1.8185736897137014E-4 
0.20664254959777772 -1.917026293734116E-4 -7.123940944223807E-4 -4.6105397402504547E-4 -0.0021327804565672214 2.582026219051767E-4 6.487020322246946E-4 2.6170305945253644E-4 4.44131053403796E-4 -3.478331194328089E-4 
0.6297481921566703 -1.4376261555795178E-4 -7.169694524818915E-4 -1.5428723994021827E-5 -0.0023572825562899725 2.5822972784031803E-4 4.6869100459967825E-4 2.6962870729476033E-5 -1.0970957302148827E-4 -2.0977975697552116E-4 
0.5946596180391656 -1.82732424657455E-4 -7.133073489637748E-4 -4.546579566025699E-4 8.830336857018827E-4 2.485417796219203E-4 7.367977801248115E-4 2.1302408450329908E-5 -1.7535076751443718E-4 -2.1035069692490477E-4 
0.5223861892059436 -1.9424758047594572E-4 -7.190295352259488E-4 -5.838516017660782E-4 -0.0023747559172008098 2.58254408741558E-4 6.151898575843853E-4 -9.814054319380804E-4 4.4374768102996184E-4 -1.7276910818418175E-4 
0.9252722754821301 -1.4873227857016688E-4 -7.114825599991571E-4 -5.647042421709871E-6 -0.0025395667705633597 2.585972875116432E-4 4.412369376264568E-4 3.49788442296321E-4 4.510900150847154E-4 -1.9618437121058697E-4 
0.3392421392898668 -1.0523240521397937E-4 -6.765764683623553E-4 -1.5428723994021827E-5 -0.0023567617361867762 2.5822972784031803E-4 4.6398221326993285E-4 2.7139860380603214E-5 4.139373523666097E-4 -2.0792417353486832E-4 
0.14368861894008722 -1.9772087865420001E-4 -0.001030187139132894 -5.216091150439643E-4 -0.0023589811469234886 2.550971331664981E-4 4.386761203021978E-4 2.9082676956842515E-4 -1.4924852526995746E-4 -2.081110386898418E-4 
0.19890798723760816 2.3703929026142447E-6 -7.011141130841587E-4 -5.387880819659839E-4 -0.0024092484084984223 2.580060499891592E-4 2.785883391412147E-4 3.592035622837149E-4 4.191749595237217E-4 -2.082138239990467E-4 
0.5472211255580808 -1.0929874832713365E-4 -7.087697482864837E-4 -4.4633775412124477E-4 9.783024670482292E-4 3.858612080537673E-4 4.6791993141919136E-4 6.181928411719907E-5 -2.051956804842622E-4 -3.2427639764190445E-4 
0.28909396785560637 -9.070872017858456E-5 -6.900978627636449E-4 -4.506552122063162E-4 -0.002409742410249779 2.609680867486151E-4 4.500576414947816E-4 3.4256263163068274E-4 -2.258686705037585E-4 -1.2072460630175871E-4 
0.09703598485719728 -9.532005135552129E-5 -6.7312801429963E-4 -3.592659559207808E-5 -0.002156934123984208 2.585972875116432E-4 4.506091323820078E-4 8.629245676787189E-5 -2.043896742446534E-4 -1.9714789053413797E-4 
0.219148418391522 -1.7072823925977637E-5 -7.042097706257172E-4 -4.5667258235321674E-4 -0.0020968600116177223 2.612883845559866E-4 4.5273117534395523E-4 4.7611030012867253E-4 -2.103521308175461E-4 -3.236816651952018E-4 
0.23168041741219372 -1.7072823925977637E-5 -9.888119810690051E-4 -4.5667258235321674E-4 -0.0024129613432794083 2.2075810139674353E-4 6.570347874825044E-4 3.425518116362629E-4 -2.103521308175461E-4 -1.7839426824579064E-4 
0.5271832979247959 -1.9424758047594572E-4 -7.182479721311409E-4 -5.838516017660782E-4 -0.002360354586686928 2.5807331440318344E-4 6.151898575843853E-4 -9.814054319380804E-4 -1.903752431958324E-4 -2.1061103770291886E-4 
0.560833750100119 -9.59778835771632E-5 -6.953557575190256E-4 -4.4533088081926314E-4 8.23812187945537E-4 3.1038711506084363E-4 6.606958221282049E-4 3.1176930078100507E-4 -2.00899291626619E-4 -1.2991105216982203E-4 
0.9476690283057356 -9.747533041289753E-5 -6.951311451800449E-4 -4.502238885444365E-4 6.476404083180743E-4 2.593261087901553E-4 6.606958221282049E-4 3.3239553385276975E-4 4.6724272685434883E-4 -1.8151501897281462E-4 
0.6222366737542258 -1.0521900573586896E-4 -7.087847721336211E-4 -4.677764364069136E-4 9.25843395303911E-4 4.016576806419395E-4 4.6316509837083153E-4 1.1358404382347098E-4 -2.0538545115479106E-4 -2.106452333815897E-4 
0.7688578666129323 -2.8232004384234356E-5 -7.1190472480713E-4 -4.601366708343626E-4 -0.0024129501666732816 2.55153364496607E-4 4.5273117534395523E-4 3.4162445794805996E-4 -2.103521308175461E-4 -1.7817193023733754E-4 
0.8930539050214109 -1.895521785200582E-4 -7.177604034827722E-4 -4.666123651740297E-4 -0.0023633551597028526 2.5812858178060296E-4 4.54819989819888E-4 1.3475492202310023E-4 -2.1457724887782582E-4 -3.325948326242088E-4 
0.8783861544928901 -4.808094045104746E-4 -7.010399959919479E-4 -4.381918355524705E-4 -0.00241769794619195 3.1659173468918164E-4 5.268100445969152E-4 1.0095124195107001E-4 -2.550640795130408E-4 -2.127559938120786E-4 
0.07053381996913022 -1.2158437584958539E-4 -6.950278441376886E-4 -1.4660437295341267E-5 -0.0021275970294386617 2.507669414949899E-4 6.128595467696193E-4 4.3521267285753714E-4 4.5154346243342163E-4 -2.1099693212303598E-4 
0.5736046752265791 -4.046033922959754E-4 -7.012257723645383E-4 -5.835276469339938E-4 -0.0023747559172008098 2.5932560850622395E-4 6.151369002317205E-4 3.013441610961239E-6 4.1695312506609774E-4 -1.7603989396715392E-4 
0.0028244473331882312 -5.818633372532187E-4 -7.015506322774859E-4 -5.512317214796335E-4 -0.0021609025017656 2.583247627472792E-4 6.489472457645392E-4 1.0506991552927634E-4 -1.9925249705709294E-4 -2.1124156878899418E-4 
0.2976903502603765 -1.8696569993449088E-4 -7.125957355539874E-4 -4.5439156827748785E-4 -0.0021453822568643943 2.5872342214571783E-4 6.223638398064838E-4 9.427865574834668E-5 4.45141011149162E-4 -3.262479112870308E-4 
0.3853624240869 -1.4616681815100076E-4 -7.190292845579734E-4 -4.499399262044877E-4 -0.002374630525113114 2.789421116835422E-4 4.379782495878088E-4 8.658286281828278E-5 4.4303712011595957E-4 -1.725694786382259E-4 
0.10507609813873886 -1.9544717781750043E-4 -7.002693214277328E-4 -5.370091283903541E-4 8.128243631435705E-4 2.2044794830322834E-4 6.139962573019033E-4 3.3475084408585136E-5 -1.746684719549185E-4 -1.771336341476671E-4 
0.9135621085285522 -1.976979455466478E-4 -6.739152080583771E-4 -1.5843508690770283E-5 5.25578759920752E-4 2.5853800885998474E-4 4.673419847822994E-4 2.57284132576151E-4 -1.742276476620141E-4 -2.1263467474709997E-4 
0.4945163320367717 -2.528350855455946E-5 -7.117749750826735E-4 -4.568402782350702E-4 -0.002368937766227795 2.5752201669236146E-4 6.571362056964243E-4 1.7878014629069117E-4 4.0481268354736926E-4 -2.0805300787915114E-4 
0.4526357447517319 -8.583388277667509E-5 -6.949732934899337E-4 -4.4944985142919547E-4 0.0010270113076078632 2.605307149213823E-4 4.850653268054318E-4 9.710867516873008E-5 4.377439606379336E-4 -3.4332171663517693E-4 
0.8607405859065597 -8.28897018297556E-5 -6.744243699801732E-4 -5.436121712420889E-4 8.27177050735937E-4 3.9966399831476503E-4 4.6363174756059095E-4 9.992331841145834E-5 4.200862158484457E-4 -2.1063480231303132E-4 
0.3315027834533365 -1.092716605471549E-4 -7.016574249734909E-4 -4.5789043253144336E-4 -0.0021480289363122666 2.516610458633568E-4 4.4170529419393866E-4 2.843574715940919E-4 5.081426515708805E-4 -1.8120944986435973E-4 
0.34811174652117866 -1.9917114927909461E-4 -6.8405175308402E-4 -4.2643816346060027E-4 -0.0022801308759190066 2.606883161601902E-4 4.6356471256487204E-4 1.1008799809127882E-4 -2.2163580865306657E-4 -1.7840622220962102E-4 
0.5564084857232349 -5.5882761727912264E-5 -6.766507266700094E-4 -4.844173197712694E-4 -0.0021792047735037542 2.6063446313598197E-4 6.602549468711685E-4 2.5394483518214564E-4 5.45776715273206E-4 -1.8133386950957772E-4 
0.8908334367794621 -1.9544717781750043E-4 -7.170657520945084E-4 -4.746401378097647E-4 -0.00211966009598821 2.2044794830322834E-4 6.132177637020132E-4 1.3879640942140778E-4 -1.746684719549185E-4 -1.789741064996809E-4 
0.2208512525473652 -1.7054709352207876E-5 -0.0010336951901190083 -4.5670600762172815E-4 -0.0023590026448586784 1.8508031645460054E-4 7.430772327402323E-4 3.296791295370762E-5 -2.2228186141449356E-4 -2.084571930380017E-4 
0.23054993706486554 -2.859270767127805E-5 -7.013494381520542E-4 -5.409090160084723E-4 -0.0024189071071620914 2.580060499891592E-4 6.609978493044229E-4 2.8553735575804085E-4 4.191588432245239E-4 -1.8171056910781417E-4 
0.7688578666129323 -2.8232004384234356E-5 -7.1190472480713E-4 -4.601366708343626E-4 -0.0024129501666732816 2.55153364496607E-4 4.5273117534395523E-4 3.4162445794805996E-4 -2.103521308175461E-4 -1.7817193023733754E-4 
0.8607405859065597 -8.28897018297556E-5 -6.744243699801732E-4 -5.436121712420889E-4 8.27177050735937E-4 3.9966399831476503E-4 4.6363174756059095E-4 9.992331841145834E-5 4.200862158484457E-4 -2.1063480231303132E-4 
