0.9984007615985399 2.371252312405682E-4 2.936789378985953E-4 3.1377708106628677E-4 0.00204726706283486 3.0462608352703107E-5 -5.038753734912197E-4 -0.0011741140043653427 7.920256562671024E-4 -7.025465483100415E-4 
6.28893499485953E-18 2.4368912870845636E-4 -3.9593909405999763E-4 -2.5153139513377655E-5 0.0018930964000124025 1.7327382129933824E-4 -5.771093845867803E-4 -0.0010888682725390005 -6.30544055391339E-4 -7.518193259473024E-4 
0.9984007615985399 2.371252312405682E-4 2.936789378985953E-4 3.1377708106628677E-4 0.00204726706283486 3.0462608352703107E-5 -5.038753734912197E-4 -0.0011741140043653427 7.920256562671024E-4 -7.025465483100415E-4 
0.7509202942231895 2.3489590223120673E-4 -2.2780254220054833E-4 8.147095579269325E-5 0.0018877799812292212 6.071376566246512E-5 -8.545432789569244E-4 -0.0010863487831441403 -6.995476975739842E-4 -7.489908425044173E-4 
0.7239596049074364 2.3683263766702923E-4 -1.9155913452733805E-4 2.5511970048526316E-4 0.0021546436875155735 5.91601389194967E-5 -4.7776315942808063E-4 -0.0010914394303055091 7.172381597076022E-4 -7.571171835903847E-4 
0.5813746703255077 2.3665567967006936E-4 -3.9583929977942187E-4 2.476396650916212E-4 0.002129347173875703 4.697170659974685E-5 5.343275529639548E-4 -0.0010888646424820347 8.147990654701974E-4 -7.553574764450658E-4 
0.5935699541853949 2.3786239494386462E-4 -1.4968011935452113E-4 -3.3030955663279266E-5 0.0021292335622318435 5.532806867093651E-5 5.16398690963391E-4 -9.460992089252503E-4 -5.580872396545543E-4 -7.484700577531223E-4 
0.8443073729997169 2.4944035493729605E-4 2.765265494282311E-4 3.1556901411268436E-4 0.0019869118385708005 5.802814045893998E-5 5.073283548084615E-4 -0.0010962677188809703 -7.474138892558028E-4 -7.003968930920134E-4 
0.7749034736812471 2.4007877930585345E-4 -1.858879271782342E-4 3.138496902321319E-4 0.0020444829532487393 5.915737671438333E-5 -4.759258882204655E-4 -0.001172996376462007 7.90842404413287E-4 -7.569423510817956E-4 
0.7006262053581335 2.289404903301599E-4 -2.2467815643009215E-4 1.8342126276212913E-4 0.0018958848141988937 5.634317389135182E-5 -8.325057183632151E-4 -0.0011017968650073482 -7.0250313861361E-4 -7.505613411921893E-4 
0.6476218988689278 2.465000150901221E-4 -1.5375795189914926E-4 1.9478913960447233E-4 0.002146810467941273 2.940137958506918E-5 5.517441671007002E-4 -0.0010323100474863799 -5.503644891339924E-4 -7.514008324153701E-4 
0.0252607801140598 2.5535905506287454E-4 -2.2045963550773395E-4 2.468546624498749E-4 0.0021269104184016307 1.4341121465171792E-4 0.0010871343443899458 -0.0010395010753443106 8.464764674242712E-4 -7.040272673739709E-4 
0.1307742739143719 2.4296439879681152E-4 -1.551805496693987E-4 2.4790871954521104E-4 0.0018999503538018098 5.783826929683877E-5 -5.338126976529847E-4 -0.0012893782724814912 -7.235490179817046E-4 -7.546023299825433E-4 
0.4982061221628931 2.4808692846972223E-4 -2.3446121726431528E-4 8.175299584987793E-5 0.0021272036537524296 5.910365563666322E-5 -8.177474721519129E-4 -0.0011076605322668277 -6.709861279065863E-4 -7.57158425450621E-4 
0.5514025617961864 2.463512238831566E-4 -8.975335984113112E-4 2.505620693108971E-4 0.002103222811920836 6.330312430044955E-5 5.11956943566189E-4 -0.001032461897416704 -0.001142277889209491 -7.010265266319929E-4 
0.46819092137272633 4.28248806584924E-4 2.782489245693311E-4 3.141679501435996E-4 0.0018651944170647162 6.0206120284567164E-5 5.073283548084615E-4 -0.0011004309818301444 -0.0011450160108946441 -7.552811580111592E-4 
0.9047520472527576 2.3810870341836422E-4 -9.367836778641829E-4 2.582514614341643E-4 0.0021270020114911767 5.8155233300209204E-5 5.731270012374213E-4 -0.001093341304077521 -6.938502688131267E-4 -7.07601830417445E-4 
0.9807891128745634 2.371252312405682E-4 2.936789378985953E-4 3.1377708106628677E-4 0.00204726706283486 3.0462608352703107E-5 -5.038753734912197E-4 -0.0011741140043653427 -9.394203227932022E-4 -7.025465483100415E-4 
0.9279457985126979 2.3812476817545398E-4 -1.6824770712533146E-4 2.5068159246584027E-4 0.002091743759458654 5.5139556326313E-5 -8.944341751024854E-4 -0.0011753787829607597 -7.294660543012654E-4 -7.550918861817113E-4 
0.22722304586136494 2.3488383068036582E-4 -2.2571265577731592E-4 8.097651280268144E-5 0.002148609886914885 5.665804723440656E-5 -4.2499931175814416E-4 -0.0011014859540565585 -5.368806076484863E-4 -7.509512358669553E-4 
0.620968780899622 4.258907928237296E-4 -1.551805496693987E-4 2.4550147219293717E-4 0.0021269206349565175 3.048682589011103E-5 -5.17994478565679E-4 -0.001088637581268731 -8.289593548047299E-4 -6.987399777796775E-4 
0.048622273542111474 4.257548739200912E-4 -2.1175252132773906E-4 1.1662241748438052E-5 0.0021339730682886204 1.801104136953733E-4 -7.85829427086648E-4 -0.0010952144024416438 8.94400955649094E-4 -6.975353924106254E-4 
0.6867703904618105 2.533911909662806E-4 -1.5486832532613732E-4 3.1386523917468107E-4 0.0018808069892665973 5.556646135919937E-5 -9.70834132070237E-4 -9.51221763372496E-4 -9.427414301916342E-4 -7.484754742769261E-4 
0.2396344171707137 2.3149652811797902E-4 2.782489245693311E-4 3.1556901411268436E-4 0.001984132749555826 5.2782940434282136E-5 5.073283548084615E-4 -0.0010962677188809703 -7.214391175616201E-4 -7.023378935152651E-4 
0.4539079820549105 2.3519607988086737E-4 -3.9593909405999763E-4 2.5778159315692213E-4 0.001881093637498373 4.886672621919137E-5 -5.076134505073286E-4 -0.001055559821291952 8.310451894207715E-4 -7.075234023476091E-4 
0.8262938488075668 4.291402839335432E-4 -1.6892079964333655E-4 1.9411639843959288E-4 0.0020553021409377317 -6.0171793850576994E-5 4.487002009369166E-4 -0.0011776610417117894 -0.0011423535884342115 -7.023095168058082E-4 
0.7902155464765368 4.113669415439107E-4 -2.4649714817909544E-4 2.605811260180208E-4 0.00214880769599244 6.336570245900671E-5 4.4855679749591134E-4 -0.0010568312310439826 -7.592352434199509E-4 -7.485664794084651E-4 
0.6213291811457186 4.2279926412668175E-4 2.765265494282311E-4 3.1146539158665544E-4 0.0021251188593699897 5.7827200376023236E-5 4.656165912615507E-4 -0.0010882503143516697 8.277678409519258E-4 -7.001740215331981E-4 
0.0027375324781123145 4.1467472805475984E-4 -9.217558572869419E-4 -3.255133106701844E-5 0.0021447029735956863 5.3754604782811485E-5 5.717224044612216E-4 -9.492906127903105E-4 -7.053726460112654E-4 -7.058122349339713E-4 
0.11394369281152888 2.4521221337800957E-4 2.878683190053258E-4 2.567073088347229E-4 0.0021101742639891676 5.6681303138750994E-5 6.594301673870554E-4 -9.453399589096735E-4 -8.069011387850353E-4 -7.002181722558986E-4 
0.1781307264322295 4.235189665725103E-4 -1.551805496693987E-4 2.4686287775181853E-4 0.0021269206349565175 3.072310022574385E-5 -5.338126976529847E-4 -0.0010375075224413224 8.311921553931747E-4 -7.546030424886484E-4 
0.2765359037370567 4.232062992676047E-4 -1.541470341845552E-4 2.4758574193897346E-4 0.0018832693237868922 1.6046879489578088E-4 5.067922139252474E-4 -0.001038143839288999 -6.382236481476988E-4 -7.531164253729887E-4 
0.8027470057644107 4.2667296910451713E-4 -3.825578478679629E-4 2.5681454326174577E-4 0.0018540271292267585 5.578645352502639E-5 -4.783249058279603E-4 -0.0011015739657542533 -9.413840210416712E-4 -7.509463827208954E-4 
0.3076472674318064 4.388607512186673E-4 -1.541693837664624E-4 1.9397243229559683E-4 0.0021564614638797546 5.579900944247496E-5 4.449294748446687E-4 -9.503899043961332E-4 7.109820798602126E-4 -7.051234456697687E-4 
0.07247076251396607 4.386752385548985E-4 -4.2549012080616113E-4 2.5514160395416805E-4 0.0020437037950411666 3.0039684538450706E-5 -4.2511650078943804E-4 -0.0011016415710089866 -9.24051946433123E-4 -7.04236057433653E-4 
0.054963064155419544 2.3014101253957997E-4 -2.2487306413659195E-4 8.152465554453974E-5 0.0018972286951033893 5.7782855603221034E-5 0.0010352855674460835 -0.0012995436124013191 -7.137229090576826E-4 -7.567107702731035E-4 
0.8679091362231762 2.3520026546097183E-4 -2.2874488824501743E-4 2.570766888396659E-4 0.0021339065093183315 5.7583381703130794E-5 -4.4994388456779045E-4 -0.001063734782478642 -8.78983606997177E-4 -7.020601529404764E-4 
0.2904256727078742 2.345645504905431E-4 -1.541470341845552E-4 2.579418461726481E-4 0.001881184814807951 1.6257723952461494E-4 -4.824968138581031E-4 -0.0010384706122788512 -6.382236481476988E-4 -7.518434198821545E-4 
0.015749272133997516 4.113669415439107E-4 -2.1110237223858914E-4 2.7339627541057295E-4 0.0021487784208067515 5.540108302794552E-5 4.873072574629614E-4 -0.001052687747366895 -6.943868278051165E-4 -7.575284805730048E-4 
0.41043600703583694 2.4634736250940786E-4 -9.068268668478154E-4 2.4797362466667333E-4 0.0021471703127268426 5.554926341985846E-5 5.528282955046587E-4 -0.001032461897416704 -0.0011426824009688162 -7.006296514624942E-4 
0.028028104519592423 4.12947443198328E-4 -4.564521946260567E-4 1.8131479883659767E-4 0.0018805649565737576 5.6345113222642094E-5 5.451968426592611E-4 -0.0010888602303518694 -5.958081506903014E-4 -7.518617482866138E-4 
0.5270612126885528 4.144799025015981E-4 -4.08373113310044E-4 2.609316624841629E-4 0.002124374651959635 5.652646563561173E-5 4.693258547379754E-4 -0.0011151908012251176 -8.552267975700807E-4 -6.976963585150646E-4 
0.8164156702624704 4.113669415439107E-4 -9.249919141510827E-4 2.520612845178186E-4 0.0021540260441962945 5.841367401734414E-5 5.215744291692734E-4 -0.0010568312310439826 -8.139416234519772E-4 -7.575707168100093E-4 
0.8812171327252061 2.4064679271412786E-4 -1.43110077328709E-4 2.5804574807396853E-4 0.001881093637498373 4.886672621919137E-5 -5.076134505073286E-4 -0.001055559821291952 8.49033592939447E-4 -7.07817559080262E-4 
0.9430071198368403 2.4854477347883275E-4 -4.624211090827038E-4 2.522582633896664E-4 0.0021272660337478366 6.711243805055124E-5 5.357144521626647E-4 -0.0010888602303518694 -5.564897139564113E-4 -7.518592990753134E-4 
0.9596216873245473 2.3837048574782725E-4 2.936789378985953E-4 7.314477972885492E-6 0.00204726706283486 3.0462608352703107E-5 -5.770703280004273E-4 -0.0011760486957231278 8.485694044701543E-4 -7.482644397515456E-4 
0.38462733919004116 2.483074996533499E-4 -1.551805496693987E-4 1.874641116817916E-4 0.0021263314732276437 -2.0081101682260322E-5 9.059389413264867E-4 -0.0010956153124150143 -7.112455457680303E-4 -7.057551678297193E-4 
0.010602529199658955 2.3853148952769399E-4 -4.097006479895119E-4 -3.255133106701844E-5 0.002146217064010505 5.758643965340254E-5 5.211006311497467E-4 -9.420670755927678E-4 -6.436820088353236E-4 -7.540004473674772E-4 
0.26533621772236843 2.4881103271020524E-4 -1.541693837664624E-4 1.9397243229559683E-4 0.0021564614638797546 5.579900944247496E-5 5.081729484374896E-4 -9.503899043961332E-4 7.109820798602126E-4 -7.003800666235602E-4 
4.1041361472858584E-4 2.3619101528997858E-4 -4.388442337812387E-4 -2.8107236200951946E-5 0.0018882023938216555 6.0400147406031775E-5 -8.558561809638433E-4 -0.0010860857106499467 -5.64373962137341E-4 -7.498696369692432E-4 
0.43525290171000997 2.3810870341836422E-4 -9.367836778641829E-4 2.5442837662962436E-4 0.0021270020114911767 5.8123078370693845E-5 5.731270012374213E-4 -0.0010944255314846451 -6.942119275753009E-4 -7.07601830417445E-4 
0.06377081713372895 2.371252312405682E-4 2.936789378985953E-4 7.113859581711298E-5 0.00204726706283486 5.775996727614887E-5 -5.038753734912197E-4 -0.0011741140043653427 8.260858052853432E-4 -7.044854438026544E-4 
0.0011601094586284819 4.200890716696187E-4 -9.221084945894725E-4 -3.651897411647813E-5 0.0021447029735956863 5.896123386583344E-5 5.717224044612216E-4 -0.0010883351392028614 -5.179464095316443E-4 -7.058122349339713E-4 
0.5441388225202901 2.4634736250940786E-4 -8.975335984113112E-4 2.5765227537746484E-4 0.002103222811920836 5.554926341985846E-5 5.111538600427364E-4 -0.001032461897416704 -0.0011426824009688162 -7.006251438137807E-4 
0.1461670094065217 2.3841200444394285E-4 -4.3982747164217096E-4 2.511711840078645E-4 0.0020503013443861954 1.626277827475111E-4 -4.030765027324331E-4 -0.0012011105504314602 -5.468554340480939E-4 -7.524534726259394E-4 
0.6724866915756966 2.529136230083231E-4 -4.364788669073295E-4 2.525586819466526E-4 0.0018818648448410244 1.6267344671759115E-4 -4.0806751653985887E-4 -9.61880375598348E-4 -9.427414301916342E-4 -7.484754742769261E-4 
0.37378276473712574 4.1063739787603176E-4 -4.446563919792704E-4 2.4536752055653806E-4 0.0021263907120869386 5.1395730570125505E-5 5.357144521626647E-4 -0.0010888602303518694 -5.564897139564113E-4 -7.521132052891401E-4 
0.15830011351488948 2.3491514625277902E-4 -1.5913969393268877E-4 2.5709053146539596E-4 0.0020437037950411666 2.8554957203771935E-5 -4.4975977186786876E-4 -0.001037536287406037 -5.570445886403434E-4 -6.99934092412903E-4 
0.967125347135831 2.3014101253957997E-4 -9.41692084113042E-4 6.018966465178535E-5 0.002154010417508265 5.8396482309132704E-5 0.0010695527391523956 -0.0013020967266645159 -8.18391589994923E-4 -7.560812680091055E-4 
0.015749272133997516 4.113669415439107E-4 -2.1110237223858914E-4 2.7339627541057295E-4 0.0021487784208067515 5.540108302794552E-5 4.873072574629614E-4 -0.001052687747366895 -6.943868278051165E-4 -7.575284805730048E-4 
0.1461670094065217 2.3841200444394285E-4 -4.3982747164217096E-4 2.511711840078645E-4 0.0020503013443861954 1.626277827475111E-4 -4.030765027324331E-4 -0.0012011105504314602 -5.468554340480939E-4 -7.524534726259394E-4 
0.39328799249980545 4.1063739787603176E-4 -4.446563919792704E-4 2.4536752055653806E-4 0.0021263907120869386 5.1395730570125505E-5 5.357144521626647E-4 -0.0010888602303518694 -5.564897139564113E-4 -7.521132052891401E-4 
0.1909688035733411 4.268680032366149E-4 -1.676272007011395E-4 2.46755753020732E-4 0.0020496032268173 1.626277827475111E-4 -4.012948876912869E-4 -0.0012036307368204946 -5.468554340480939E-4 -7.524534726259394E-4 
0.401835493160502 4.232062992676047E-4 -1.5458760966128503E-4 2.453884295630834E-4 0.002120985150243685 1.6046879489578088E-4 5.354406395081003E-4 -0.0010878954401323355 -6.314404980452943E-4 -7.520908821253262E-4 
0.009357976279085578 2.429500332838887E-4 2.9984815412870504E-4 3.141679501435996E-4 0.0018562648168464026 6.0206120284567164E-5 5.073283548084615E-4 -0.0011004309818301444 -0.001141100921499733 -7.539657880523284E-4 
0.18617211357230684 2.3440364979498147E-4 -1.9831831695683665E-4 1.948052268094659E-4 0.0020490938140107495 7.195954585674131E-5 4.3761905690364573E-4 -0.0010632814078634517 7.007778018295894E-4 -7.027364900489784E-4 
0.2022685891306849 4.235189665725103E-4 -1.551805496693987E-4 2.467744905777006E-4 0.0021263127977314417 3.072310022574385E-5 -5.371303236687776E-4 -0.0010938932873031484 8.311921553931747E-4 -7.525466796699507E-4 
0.21423504662898551 2.5241902534351004E-4 1.7581915569910185E-4 -4.758998272484568E-5 0.002149772030828708 5.7893245952101374E-5 0.001098243738267051 -0.0011025097647895529 -7.531735002822026E-4 -7.544600014753275E-4 
0.006189837033051759 2.3824091612851013E-4 -2.5009982843036325E-4 7.994230193584636E-5 0.0018877799812292212 6.071376566246512E-5 4.949353897588564E-4 -0.0010878485882795939 -6.996095181567472E-4 -7.489908425044173E-4 
0.07767662741894626 2.4651938842715497E-4 -4.2568179863852675E-4 1.9478913960447233E-4 0.0020345516319102406 3.0093197824666175E-5 5.214667411016561E-4 -0.001092152929960161 -9.603882324434376E-4 -7.0482954791712E-4 
0.4838377761826038 2.3619101528997858E-4 -4.4056971918519244E-4 -2.782582453128407E-5 0.0020441480311257534 6.085696596129409E-5 4.722801628187284E-4 -0.0010860857106499467 -0.0011504300018780897 -7.498817874863801E-4 
0.061911192099342725 4.192506016981663E-4 2.8710688270130357E-4 2.6052168210692725E-4 0.0025915103030154808 5.614212126053211E-5 0.0011365281632940006 -0.0010910436100501821 -0.0011091979839176448 -7.509631217805631E-4 
0.08407073079944932 4.3890766312918805E-4 -2.0784826973907125E-4 2.621819539395618E-4 0.0018931183354218622 2.8788076155153767E-5 -8.535763647336247E-4 -0.001103224387764122 -7.0296893078393E-4 -7.555049018799472E-4 
0.2873820816510262 4.387894770602905E-4 -1.5423316015686448E-4 2.4758574193897346E-4 0.0018779987553224201 1.6046879489578088E-4 -8.443435500067406E-4 -0.0010890709893617448 -6.154513830591272E-4 -7.053442609122435E-4 
0.10659474768706395 2.3014033945726011E-4 -2.3388106284201162E-4 8.214932617162335E-5 0.0021487627941187224 1.5511628987750152E-4 0.0010352855674460835 -0.0010997989665592507 -7.020137074234364E-4 -7.50773434209242E-4 
0.09229123024337366 2.4254068462671618E-4 -4.4004761522297515E-4 1.9489055477135033E-4 0.002049909448768625 3.003906231093069E-5 -4.2874563172846296E-4 -0.0010305628656475108 -5.433411701052991E-4 -7.52450473487567E-4 
0.24869890902160616 2.3618775390753921E-4 -2.1545036183252933E-4 -2.515163615762868E-5 0.0018879256374585566 1.7340783944432697E-4 -5.758582396242957E-4 -9.46877521298796E-4 8.242689688484843E-4 -7.564603768688149E-4 
0.03432229280198658 2.3429499089411813E-4 -3.9604572225791844E-4 2.6224999831825726E-4 0.001895318770981845 5.613240607170764E-5 6.273961223792632E-4 -0.0010863479514365908 -7.82231986465141E-4 -7.488631630608472E-4 
0.3536702385310859 2.3221404867130582E-4 -1.6965885034464671E-4 2.611992039259759E-4 0.0020473598882584307 5.8089555230442446E-5 0.0012130775613878304 -0.001179626008086495 -7.051910712232016E-4 -7.513188615722331E-4 
0.32324644388749585 4.232062992676047E-4 -1.9399833735302114E-4 2.474375764130828E-4 0.0021571632623930827 1.605361899348633E-4 -4.816554605637264E-4 -0.0010377257511288223 7.083663143546541E-4 -7.571100529027867E-4 
0.24869890902160616 2.3618775390753921E-4 -2.1545036183252933E-4 -2.515163615762868E-5 0.0018879256374585566 1.7340783944432697E-4 -5.758582396242957E-4 -9.46877521298796E-4 8.242689688484843E-4 -7.564603768688149E-4 
0.3284949370638136 2.3754893392452295E-4 -1.2572895549507735E-4 2.4311804399860707E-4 0.00205117708441207 5.768243923527645E-5 5.428500781264713E-4 -9.474214939284619E-4 -5.531924290018808E-4 -7.009892374754661E-4 
0.4841352329150216 2.440342452066928E-4 -3.4480793419038134E-4 2.4730344876765773E-4 0.001989640431140435 1.5779924672670412E-4 -7.369652787387736E-4 -9.510775013188319E-4 6.759903974138747E-4 -7.516508007192207E-4 
0.3603543039265971 4.032029348717728E-4 -2.340877587699055E-4 8.152465554453974E-5 0.0020494863361807604 6.553872335360715E-5 4.8690460697413754E-4 -0.0010399213475358418 -5.461376477388926E-4 -7.510539749426466E-4 
0.09378529113587109 2.3488169752074273E-4 -1.573630974357602E-4 2.565960884753842E-4 0.0020437037950411666 2.8554957203771935E-5 -4.2511650078943804E-4 -0.001037536287406037 -5.381424187165054E-4 -6.99934092412903E-4 
0.217306929270917 2.3636480926714942E-4 1.7581915569910185E-4 -4.758998272484568E-5 0.0020481881544108685 5.7893245952101374E-5 -5.153588818966098E-4 -0.0011025097647895529 -7.300460435879748E-4 -7.544600014753275E-4 
0.36667982201417537 2.4775686504989664E-4 -4.406988729153393E-4 2.500034172027466E-4 0.002103680310085806 6.0206120284567164E-5 -3.5930009842436507E-4 -0.0011987738735711984 -5.530989152717706E-4 -7.021217900279798E-4 
0.03519655128856848 4.259627624624717E-4 -2.2276778247398143E-4 -6.656365087573331E-6 0.0021339730682886204 1.796837183002771E-4 -7.882696980414939E-4 -0.0012580179969501927 8.94400955649094E-4 -6.975353924106254E-4 
0.10180368829958586 2.371312559600627E-4 -4.393317790444303E-4 2.511711840078645E-4 0.0020503013443861954 1.6410691931747243E-4 -4.030765027324331E-4 -0.0012069104350367265 7.391157884343738E-4 -7.524534726259394E-4 
0.16753140510536169 4.2661506841197854E-4 -2.2406882010726382E-4 2.6065536538612125E-4 0.0020483969507254685 5.682178102426448E-5 -4.168430076245477E-4 -9.451487970351448E-4 -9.24694059024769E-4 -7.539375567924065E-4 
0.0053227464575765215 2.5535905506287454E-4 -2.2045963550773395E-4 1.8745589637984795E-4 0.002126321256672757 -3.520811454317166E-5 9.072678437658894E-4 -0.0010387769379488758 -6.959612337369338E-4 -7.040365445578378E-4 
0.20039511216935502 2.3149652811797902E-4 -2.1546672724683495E-4 3.146946560925011E-4 0.001984132749555826 5.2782940434282136E-5 -4.494787320452667E-4 -0.0010999115994280966 -7.214391175616201E-4 -7.023378935152651E-4 
0.041257555629151565 2.3810870341836422E-4 -9.367836778641829E-4 2.545796184580654E-4 0.002102544447658242 5.532946582399602E-5 5.207481601885555E-4 -0.0010339766562521757 -7.108287457045868E-4 -7.065969310073789E-4 
0.041257555629151565 2.3810870341836422E-4 -9.367836778641829E-4 2.545796184580654E-4 0.002102544447658242 5.532946582399602E-5 5.207481601885555E-4 -0.0010339766562521757 -7.108287457045868E-4 -7.065969310073789E-4 
0.9361810924387 2.3812476817545398E-4 -1.636319577697316E-4 2.5068159246584027E-4 0.0020881512590932233 5.5139556326313E-5 -8.929558279369388E-4 -0.0011726883596755652 -7.294660543012654E-4 -7.505698892771368E-4 
0.4223912787588091 2.4521221337800957E-4 -1.6098164181688212E-4 2.268585483742409E-4 0.002109956533563429 5.760727268699399E-5 -7.872030810961675E-4 -0.0010351309266186971 -5.727470828828512E-4 -7.052273708297709E-4 
0.12300935534218438 4.250211562547018E-4 -3.825578478679629E-4 1.9858181462199757E-4 0.0018564647033600414 5.870302970129661E-5 -8.654171914987927E-4 -0.0011803554244545931 -9.449793859278793E-4 -7.513450743719427E-4 
0.2663459476606938 2.3768384205410535E-4 -2.340877587699055E-4 8.152465554453974E-5 0.0020494863361807604 6.575960369396689E-5 4.796702910909017E-4 -0.0010399213475358418 -5.461376477388926E-4 -7.511650407162436E-4 
0.4429347219732661 2.351350213199563E-4 -3.9290727023746095E-4 2.5057028484219923E-4 0.0021107921267534127 5.760993360433882E-5 5.24784367117449E-4 -0.0010357671650983353 -6.693640650091779E-4 -7.542898129338292E-4 
0.5151953578756476 2.3283714741239165E-4 -2.3446121726431528E-4 8.175299584987793E-5 0.0021270130780687794 5.652646563561173E-5 -4.1121650808627905E-4 -0.0011084661691285406 -6.511924987125817E-4 -7.57158425450621E-4 
