0.0 1.902059213469928E-4 -3.181449064060904E-4 -0.0010787110306380323 -3.335780381137908E-4 -3.985263057166458E-4 8.751683627853258E-5 1.8063845109727786E-4 -9.105793612281573E-5 -2.083456357721126E-4 
0.9984866713481197 2.190432162320303E-4 1.434759699745742E-4 -0.0011059081698605237 -2.941446971073881E-4 -3.7439007085384324E-4 3.184085072492302E-5 1.7083234115186833E-4 -9.295856256907057E-5 -5.367552102738175E-4 
0.0 1.902059213469928E-4 -3.181449064060904E-4 -0.0010787110306380323 -3.335780381137908E-4 -3.985263057166458E-4 8.751683627853258E-5 1.8063845109727786E-4 -9.105793612281573E-5 -2.083456357721126E-4 
0.842924619720286 -0.0010950927591339347 1.5580339788641225E-4 -0.0010858974061595799 -2.918538539289402E-4 -5.52058879317075E-4 2.308437887359394E-4 1.9532240181893422E-4 -2.1908312231803267E-4 -2.0584828551638575E-4 
0.05889646984991882 -0.0010900078546859466 1.4906763746530292E-4 -0.0011364521375330605 -4.0870049158888674E-4 -5.262465166417698E-4 2.2777207153106932E-4 1.9034155821634542E-4 -2.4392956290519532E-4 -2.101215599677143E-4 
0.8214594730057451 2.0807786349084716E-4 1.377064932592868E-4 -0.0011922032242487127 -3.326197175324529E-4 -5.856290249034693E-4 1.2447655537359102E-4 1.9794201800897603E-4 -1.8186276536864588E-4 -2.0548062731042015E-4 
0.48748538577337325 -0.0011237716916821202 2.1257404963047281E-4 -0.0011849860530929466 -2.907552712437244E-4 -5.523769674568024E-4 7.131454456612582E-5 1.971634894701095E-4 -6.16656999270095E-5 -5.145690621294388E-4 
0.027225025800497033 -0.001123893204773786 1.5626578582745782E-4 -0.0011985694346521322 -4.66361468983475E-4 -6.078313560071571E-4 9.094792342753902E-5 2.016813630941524E-4 -5.842041214318243E-5 -2.058261065192931E-4 
0.2623067445016316 2.14562617397774E-4 1.483498176637993E-4 -0.001102323475748135 -3.5863260561085997E-4 -6.796486349189141E-4 1.2707257345854738E-4 1.7530436835978895E-4 -8.577427954943985E-5 -5.398369673868061E-4 
0.03676773517750123 2.0774138037732144E-4 1.4664945344551242E-4 -0.0011025630952957574 -3.3140855890345514E-4 -5.8769360492593E-4 5.403031346594605E-5 1.9689505306419875E-4 -1.525890398076685E-5 -1.9110109997958277E-4 
0.8673098894058779 9.405659239942164E-5 1.5492960938353817E-4 -0.0011163565778625044 -2.8706618293938466E-4 -4.155286911435595E-4 2.451529484074627E-4 1.8970236695231698E-4 -1.0759110780347966E-4 -1.7999570125005473E-4 
0.3573442719736175 1.8560941757538062E-4 -3.53767714374179E-4 -0.0010594347853805923 -3.9016795502206807E-4 -4.114923367466676E-4 3.4834526151793655E-5 2.0102353387954855E-4 -1.25878736518673E-4 -2.2311631608506284E-4 
0.9681024986584595 1.5308536853163193E-4 1.5166338367727782E-4 -0.0013942545308081105 -3.5826699225651414E-4 0.0010959838079480791 1.7644900228671212E-4 1.8969587492413773E-4 -3.196546929673263E-4 -1.5937932323200726E-4 
0.8795242194542296 -0.001308596912649664 1.5606960570393753E-4 -0.001098017839701465 -3.3464853900755826E-4 -3.654871385402525E-4 2.5491328118580034E-4 1.8048856014467822E-4 -1.3150661470321073E-4 -2.0895310326268825E-4 
0.4414505315302483 2.831262038520618E-4 1.462319128275287E-4 -0.0011066433410654834 -7.811894657407273E-4 -4.2211176237949186E-4 1.2709352297625784E-4 1.7511316298379867E-4 -1.9598862383556775E-5 -1.9511484984628514E-4 
0.902038429415549 -0.0011249311490717881 8.841582582950374E-5 -0.0011856079677359456 -3.725096899697775E-4 -3.717138624493365E-4 -9.98588714455342E-4 1.8004967282389338E-4 -7.672851573010947E-5 -2.0368821920322026E-4 
0.017712017789395074 -0.0011426797748687412 1.5443089549961204E-4 -0.0010968175808109214 -4.6088347934905186E-4 -5.13032839451391E-4 1.2449426152952666E-4 2.0115137503493697E-4 -2.1433255210866252E-4 -2.1220265474634567E-4 
0.3420212003832188 -0.0011566164980627892 2.0819272476774856E-4 -0.0011058767074106704 -3.7795295638689056E-4 -4.1291027785783613E-4 3.197471044105567E-5 3.891426543198132E-4 -9.155488146821821E-5 -2.246608234239496E-4 
0.4585528324231 1.6049045918265493E-4 1.5137441113696813E-4 -0.0011201695982628558 -4.5641099097140945E-4 -6.442704340863778E-4 1.0342605867272538E-4 1.7934274096324124E-4 -4.8989576390687066E-5 -2.117082998450396E-4 
0.64844200382341 1.6824402036875238E-4 1.8062500781677198E-4 -0.0010713359999147286 -4.2413050796697924E-4 -3.605652679531144E-4 1.0497835009495643E-4 1.802893732024105E-4 -7.87712267972374E-5 -5.199369067746477E-4 
0.16321062153855742 -0.0012034998728506319 1.4664945344551242E-4 -0.001102516731304522 -3.3274928502035077E-4 -5.8769360492593E-4 5.596814655926718E-5 1.9689505306419875E-4 -1.525890398076685E-5 -1.9110109997958277E-4 
0.8029437645804506 1.7847914215510653E-4 1.3785142023014005E-4 -0.0011190858382456735 -4.2418397659207914E-4 -3.643375222615209E-4 1.242953509358031E-4 1.8029023673625638E-4 -1.0949915219990477E-4 -2.0458671018664404E-4 
0.7715222946709722 -0.001121774554689417 1.524114796235089E-4 -0.0013123888558737883 -2.904368397733839E-4 -5.413869081711725E-4 1.3958238452306906E-4 1.7323254725491968E-4 -1.795088377317334E-4 -2.0360615415452633E-4 
0.17534455152858594 1.672675579841035E-4 1.518898096174568E-4 -0.0010695316990543663 -2.8734425200440165E-4 -4.3849297600177204E-4 2.181600261447324E-4 1.8982156994273709E-4 -8.076958193895655E-5 -2.1126462762481482E-4 
0.5085997975238479 -0.0011568862864284814 -3.3515031845606473E-4 -0.0010735372368813562 -4.711776860787062E-4 -4.58497934012983E-4 2.488218300267667E-4 3.870357633581165E-4 -9.829848534047537E-4 -2.0313556762087162E-4 
0.07886776040960114 -0.0010900078546859466 1.48618646001531E-4 -0.00107248667644326 -4.644704790537275E-4 -5.262465166417698E-4 3.11485612972655E-5 1.9034155821634542E-4 -1.584533414403465E-4 -2.0971473620297156E-4 
0.37199920894180144 -0.001124156782919099 2.1261203836550735E-4 -0.0011849860530929466 -2.907552712437244E-4 -5.523769674568024E-4 7.131454456612582E-5 1.971634894701095E-4 -6.16656999270095E-5 -2.042363954241017E-4 
0.0872956162598384 -0.0010881587755483596 1.377064932592868E-4 -0.001071882812249499 -4.6180142804396124E-4 -5.831049964301638E-4 1.286105223065538E-4 1.9794201800897603E-4 -1.8152297019111905E-4 -2.0340996729526707E-4 
0.2282265075830069 2.0008501180911414E-4 1.5151453801820334E-4 -0.001111153746675398 -3.351643337614751E-4 -3.658791363022277E-4 1.2771035602569727E-4 1.9317356342320955E-4 -4.825091061048481E-5 -5.326933429515203E-4 
0.5448797258672562 -0.001119951214800099 8.61955878245477E-5 -0.0011842410404539674 -2.874671082190353E-4 -5.52179072979988E-4 2.264401628213872E-4 1.7901344488895185E-4 -7.693566338241242E-5 -2.033546911016651E-4 
0.73549204873608 1.9022740545032252E-4 1.8058301862434642E-4 -0.001068699851241815 -4.6530180963162216E-4 -5.897658822870419E-4 4.173912420159221E-5 1.9273639914924303E-4 -8.888860379794736E-5 -1.7579443298337268E-4 
0.14410026295702144 1.8354248436952878E-4 1.5151453801820334E-4 -0.0014095387948143915 -3.354158752722534E-4 -5.292122364457285E-4 -9.823709504689659E-4 2.0170288002882417E-4 -2.88245826752243E-4 -2.1401215005501932E-4 
0.13452216281286283 -0.0011230855600018335 8.560152875389818E-5 -0.0011850392246526937 -2.919670424818217E-4 -5.512229244999411E-4 1.2427506710306472E-4 1.9775375551808438E-4 -1.5065380948920976E-4 -2.136934191736237E-4 
0.3298918957803617 -0.0011430683790810377 1.436818480275059E-4 -0.0011004245171061917 -4.647685855897014E-4 -4.2038947372497924E-4 6.155580294868946E-5 1.8064764215296574E-4 -1.5857853775923513E-4 -2.051095347504642E-4 
0.42915400669019166 1.1008990990600737E-4 2.0681946436540253E-4 -0.00110087701268138 -8.177202177245832E-4 -4.1475965438503195E-4 1.380931383137087E-4 1.9453014851406584E-4 -1.861338485320323E-4 -1.75452206244469E-4 
0.3082471267124605 -0.001102192699736938 1.376090744201753E-4 -0.001118951643070225 -2.6331264610371825E-4 -6.454279322943112E-4 9.674377414225695E-5 1.992702233109965E-4 -3.451246012543749E-5 -2.026321403633067E-4 
0.021545134606790084 2.0059903950680075E-4 1.586743320628376E-4 -0.0010711721632974804 -4.2498355403477767E-4 -5.724459779556162E-4 8.64162887921582E-5 1.8005888734036872E-4 -9.126323780882489E-5 -2.0577790185901117E-4 
0.04967731963210481 -0.0013184769082951913 1.5606960570393753E-4 -0.001270470867057684 -3.311462433679671E-4 -4.154928224967281E-4 1.5410329821147125E-4 1.9679730587984824E-4 -1.2590816156694465E-4 -5.066687921843074E-4 
0.9488488257531524 -0.0011706194726888038 1.3768908208601185E-4 -0.0011010831972903948 -4.624336135326378E-4 -5.13032839451391E-4 1.2449426152952666E-4 1.791501849679791E-4 -2.1433255210866252E-4 -2.1204854412552158E-4 
0.6121031926473858 -0.0012009620546831838 1.8097237168021682E-4 -0.0011847534743488135 -2.907769607673027E-4 -3.753131449314639E-4 1.2738304494521808E-4 1.7921400105827434E-4 -8.440215428269992E-5 -2.0370267899912369E-4 
0.29628722146256636 -0.0011759726201968188 2.0755251272435568E-4 -0.0014134857789638376 -3.69556146953186E-4 -3.6773301018128016E-4 -9.784903097313018E-4 1.8006853883848606E-4 -7.309822690933622E-5 -2.075993553777918E-4 
0.7245875146303992 6.479197651341573E-5 1.3855110426808158E-4 -0.0011165745375651163 -4.2416917375439104E-4 -3.6465266141292457E-4 1.3951700752777124E-4 1.8063001903611514E-4 -1.0756907129495707E-4 -1.7545478355742063E-4 
0.18479335928518897 1.6736554617909297E-4 1.5137441113696813E-4 -0.001071602608910169 -8.150528879637269E-4 -6.434504635944698E-4 1.0342605867272538E-4 1.8996904107552667E-4 -4.921627437004035E-5 -2.4126874740063958E-4 
0.28371970006090486 1.6049045918265493E-4 1.5137441113696813E-4 -0.0010738152462429287 -8.150528879637269E-4 -6.442704340863778E-4 1.0342605867272538E-4 1.8029360829717838E-4 -4.921627437004035E-5 -2.4126874740063958E-4 
0.6830904793171695 2.3595258919545457E-4 1.3860807205959464E-4 -0.0011044715697026313 -4.230644169343464E-4 -4.236175926180537E-4 1.2693375000600402E-4 2.0071523607826487E-4 -3.5030682598338335E-5 -5.12864165550932E-4 
0.12211791014469697 -0.0011588106727955351 1.5117614292031373E-4 -0.0010955196703238551 -3.352993482042047E-4 -4.219039905298944E-4 -9.639409510073944E-4 1.927133815665328E-4 -2.3467547781760132E-4 -2.140203341559212E-4 
0.39695848567892633 -0.0011685144280014737 1.4664945344551242E-4 2.145542927702855E-4 -4.303361086112479E-4 -5.732459818436069E-4 5.5496974020672045E-5 1.9689505306419875E-4 -1.525890398076685E-5 -2.072132735370902E-4 
0.41756307994033826 2.004996184023308E-4 2.0755251272435568E-4 -0.0014134807564574914 -3.2573319556876667E-4 -3.821806332636033E-4 1.3427847136899146E-4 1.802299594980351E-4 -7.30635526724556E-5 -2.031800633170421E-4 
0.2447211280284055 -0.0011588106727955351 1.5117614292031373E-4 -0.0010737119752943106 -3.423584762607389E-4 -4.250445241281226E-4 -9.328789110127599E-4 1.929106935730663E-4 -2.3467547781760132E-4 -2.1449112441673904E-4 
0.9125606618750436 2.6013614393235606E-4 1.372089945012761E-4 -0.0011012387387893865 -2.9417847809063466E-4 -5.892062147912299E-4 1.228078597307036E-4 1.7927357142151845E-4 -7.65213852694312E-5 -2.0368821920322026E-4 
0.2169398586729971 1.6019644805403152E-4 2.1142538292228622E-4 -0.0011189610029042588 -2.6291868230085314E-4 -6.453775694724092E-4 6.737329945234684E-5 1.7961373958539712E-4 -1.317911597355755E-4 -2.1440352699121792E-4 
0.09641552510878011 -0.0011588106727955351 2.0707426155794118E-4 -0.0010745456482171467 -2.9215983634688693E-4 -5.530911811047079E-4 5.477780967707083E-5 1.928715837413473E-4 -9.952994580131479E-4 -2.033333173970166E-4 
0.5922704265645709 -0.0010919801228073435 1.8116104105652303E-4 -0.0013146273321780035 -3.3565243214274203E-4 -5.119100998262048E-4 1.2445874611640345E-4 1.8032099826675792E-4 -7.912317407634615E-5 -2.0784254627110186E-4 
0.19460956329956886 -0.0012034998728506319 1.4664667030234044E-4 -0.0011023161536870992 -3.422300613103609E-4 -5.8769360492593E-4 5.596814655926718E-5 1.9689505306419875E-4 -3.052730697783326E-4 -1.913548389390775E-4 
0.9255830005204112 1.8354248436952878E-4 1.5150082395696166E-4 -0.001417440369585277 -3.3568419331135E-4 -5.292122364457285E-4 -9.417648634258346E-6 1.996024967480016E-4 -2.900078551739519E-4 -2.1401215005501932E-4 
0.21011505743401665 1.6034803934059132E-4 1.434295647756568E-4 -0.0011161254366922467 -2.9433749826996233E-4 -3.768874765893359E-4 1.2389157953232602E-4 1.9285858212597572E-4 -1.2875309480575985E-4 -5.385498914684036E-4 
0.06951189193603766 2.526707933616466E-4 1.3755500310165983E-4 -0.0011016103671222092 -3.3549048976130283E-4 -5.327726805715188E-4 1.2707257345854738E-4 2.012208289933372E-4 -2.9461431720437226E-4 -5.391603898363115E-4 
0.697854386811236 2.50886206030882E-4 1.3755500310165983E-4 -0.0011016103671222092 -3.572397465242964E-4 -6.797570422842482E-4 1.266114088918492E-4 1.7509700026083287E-4 -6.0638898572326225E-5 -5.391603898363115E-4 
0.6308022968634346 -0.0011345705037048722 1.8196709408562894E-4 -0.0011811050995111253 -2.922508095987197E-4 -4.2555736415406933E-4 -9.242319420858843E-4 1.8003983381855565E-4 -6.161547963173456E-5 -5.472926979231878E-4 
0.7110648074279964 -0.001356809156497944 1.3860807205959464E-4 -0.0011045124097222886 -4.229038211127332E-4 -4.236175926180537E-4 1.505836976565223E-4 1.7579495501248563E-4 -3.5030682598338335E-5 -5.12864165550932E-4 
0.6035461393733187 2.190432162320303E-4 1.818704793922592E-4 -0.001099781183814759 -2.922440393747678E-4 -5.232966014198468E-4 1.3021917215224626E-4 1.8003895641576493E-4 -2.1885975600293903E-4 -5.410492081123501E-4 
0.01165044586280026 -0.0011558125328405872 1.5660051659543333E-4 -0.001099851064347987 -3.358892243933745E-4 0.001179858067433691 1.2818232441518356E-4 1.9713808663165985E-4 -2.1563470708491967E-4 -2.129460044834579E-4 
0.5192712121716312 -0.001124156782919099 2.1261203836550735E-4 -0.0011849953312049835 -4.703654392598886E-4 -5.516063867908865E-4 7.131454456612582E-5 1.9718828853705197E-4 -2.0266266964948264E-4 -2.042363954241017E-4 
0.6736231363753012 2.3595258919545457E-4 1.3860807205959464E-4 -0.0011044715697026313 -2.9095715890964217E-4 -4.236175926180537E-4 1.273771989261503E-4 2.0071523607826487E-4 -3.5030682598338335E-5 -5.078028695004815E-4 
0.23900496866808746 -0.0011163752260029273 1.5154467940130988E-4 -0.0011025236801137364 -3.359333415245054E-4 -5.13032839451391E-4 1.2392112547434324E-4 2.0076507719273817E-4 -2.102943490620517E-4 -2.1044122749005537E-4 
0.004813687476620032 -0.0011568862864284814 -3.3515031845606473E-4 -0.0010787898594535664 -4.714132324429881E-4 -4.58497934012983E-4 2.488218300267667E-4 3.979161524550794E-4 -9.794123363110483E-4 -2.0313554207090635E-4 
6.283574647893975E-4 -0.001162410467708921 1.5667944941883053E-4 -0.0010858703017947785 -3.3358501864659177E-4 -5.10485425808204E-4 9.121112246478948E-5 1.9533252917458636E-4 -7.176624156418839E-5 -2.058841289724227E-4 
0.12588841554744407 -0.0012040963998849183 1.3843911417562769E-4 -0.0011850392246526937 -4.76772871176091E-4 -3.9992501386401365E-4 1.2427506710306472E-4 1.9775375551808438E-4 -1.5065380948920976E-4 -2.140842337543039E-4 
0.002207221044414176 2.053666846349934E-4 -3.1211105734273376E-4 -0.0010713359999147286 -4.2498355403477767E-4 -5.430258703902573E-4 1.4020386090001278E-4 1.7983295387007762E-4 -1.786684603027271E-4 -2.119175843255578E-4 
0.6287254858874605 -0.0011340737867734064 1.8178064071330965E-4 -0.0011811050995111253 -2.922508095987197E-4 -4.2555736415406933E-4 -9.242319420858843E-4 1.750209154222333E-4 -6.161547963173456E-5 -2.1708622364155695E-4 
0.7904123305015232 1.5299065278599126E-4 1.5585919598285145E-4 -0.001037635694133271 -2.9138603890502924E-4 -5.442116456888866E-4 6.492332557827905E-5 1.9674163254256995E-4 -0.0010996949330177425 -1.9637212340158363E-4 
0.5621694222973065 -0.0010919801228073435 1.8116104105652303E-4 -0.0013146273321780035 -3.3565243214274203E-4 -5.119100998262048E-4 1.2445874611640345E-4 1.8032099826675792E-4 -7.912317407634615E-5 -2.0784254627110186E-4 
0.47210543529150756 1.1921895651842234E-4 -3.356933309620688E-4 -0.0010736238891522496 -3.792355138529095E-4 -4.1246129747635917E-4 2.2867533842541602E-4 1.7891009405692857E-4 -2.017475154285488E-4 -5.361518976278724E-4 
0.7520176670069861 3.428462416519049E-4 2.1195371784743982E-4 -0.001315429726672284 -3.3305470972715785E-4 -6.974840692326594E-4 1.2527492137031867E-4 2.0207550667218353E-4 -1.7827274299988687E-4 -2.078067515968637E-4 
0.5343926411771471 -0.0010920805492444737 1.8020927194743614E-4 -0.001416705065703077 -3.3765416253217864E-4 -4.2922038574276554E-4 1.2764624672627743E-4 1.901671585310717E-4 -8.906509119503534E-5 -2.0780607404141555E-4 
0.7520176670069861 3.428462416519049E-4 2.1195371784743982E-4 -0.001315429726672284 -3.3305470972715785E-4 -6.974840692326594E-4 1.2527492137031867E-4 2.0207550667218353E-4 -1.7827274299988687E-4 -2.078067515968637E-4 
0.3832947945764075 1.6227789280533788E-4 2.1142538292228622E-4 -0.0011164270202844427 -2.6291868230085314E-4 -6.453775694724092E-4 6.737329945234684E-5 1.8018163240737401E-4 -1.3177634499901873E-4 -2.0289317958480538E-4 
0.06997088699496695 1.7847914215510653E-4 1.8188530748456384E-4 -0.0010688376209559585 -4.2418397659207914E-4 -3.643375222615209E-4 4.0317537364980205E-5 1.8029023673625638E-4 -8.898493934376216E-5 -2.0458671018664404E-4 
0.2742708923043019 1.6039247098766543E-4 1.7580567840649026E-4 -0.0011424878446694294 -2.8734425200440165E-4 -4.404849157420497E-4 2.304819073261865E-5 1.801461371643888E-4 -8.076958193895655E-5 -2.1126462762481482E-4 
0.5750156391702776 1.7847914215510653E-4 1.3785142023014005E-4 -0.0011190858382456735 -4.580380726258073E-4 -6.599471620100562E-4 1.3680316128608603E-4 1.8029023673625638E-4 -1.0949915219990477E-4 -2.0458671018664404E-4 
0.9837523194176936 2.1394207222869734E-4 -3.181449064060904E-4 -0.0010787110306380323 -3.3366426884232347E-4 -3.985263057166458E-4 8.87617374263023E-5 1.7906810003677433E-4 -2.1342460234169655E-4 -2.0861096532889326E-4 
0.007452806481532029 -0.0011729675008500435 1.5656001046027477E-4 -0.0010852747795436096 -4.5730002803562314E-4 -4.3905472628378715E-4 9.094792342753902E-5 1.7698071371760878E-4 -5.9465398648756E-5 -2.0520965942814683E-4 
9.847093508834233E-4 4.979951825023232E-5 1.313706004721847E-4 -0.001201432945680805 -4.2498355403477767E-4 -5.430258703902573E-4 6.426296242577914E-5 1.7988579210030824E-4 -0.001119139816264836 -2.119175843255578E-4 
0.1099823914991535 2.1508055217678862E-4 1.5302412540928176E-4 -0.0011406341740064093 -3.3639779850760975E-4 -3.6578825488666784E-4 2.1122023216004415E-5 1.9035225299838534E-4 -8.652217821587348E-5 -1.732651842719761E-4 
0.661275373089357 -0.0010900078546859466 1.3746968064195066E-4 -0.0011364521375330605 -3.5926374348799504E-4 -6.785602300484851E-4 2.2797786613474916E-4 1.9034155821634542E-4 -2.4402461991614638E-4 -2.101215599677143E-4 
0.1099823914991535 2.1508055217678862E-4 1.5302412540928176E-4 -0.0011406341740064093 -3.3639779850760975E-4 -3.6578825488666784E-4 2.1122023216004415E-5 1.9035225299838534E-4 -8.652217821587348E-5 -1.732651842719761E-4 
0.38629907848429784 2.8785255061931935E-4 1.3755500310165983E-4 -0.001073690092027241 -3.3530726793432975E-4 -5.306286152332933E-4 1.2660140091995224E-4 2.0155421398169359E-4 -2.9461431720437226E-4 -5.508447821894254E-4 
0.1026618624963599 -0.0010900078546859466 1.4906763746530292E-4 -0.0011272210322436176 -4.0870049158888674E-4 -5.262465166417698E-4 2.2777207153106932E-4 1.9034155821634542E-4 -2.4392956290519532E-4 -1.9649438489391754E-4 
0.4701033883322493 1.602439833328479E-4 -3.356933309620688E-4 -0.0010736238891522496 -3.792355138529095E-4 -4.1246129747635917E-4 3.1733801940397784E-5 1.7607561740485308E-4 -3.0223111493882254E-5 -5.361518976278724E-4 
0.5824597753812493 -0.0011568862864284814 1.1266278631158687E-4 -0.0010735413562157853 -4.7117471179437603E-4 -4.579938767191895E-4 2.8256412461719277E-4 3.871986930421138E-4 -5.142217125408435E-5 -4.795050487861755E-4 
0.9357300040891086 2.1462810084459978E-4 1.5150136968501197E-4 -0.001109503116203097 -3.353059068886163E-4 -3.6468606407479096E-4 2.308437887359394E-4 2.0007009623814273E-4 -4.598125428362598E-5 -2.158664911167542E-4 
0.04621891435237291 -0.0013106269075631469 1.5606960570393753E-4 -0.0011936944190969806 -3.338893949635791E-4 -4.154928224967281E-4 1.5410329821147125E-4 1.9679730587984824E-4 -1.2590816156694465E-4 -5.066687921843074E-4 
0.003384444687944639 6.0077299199563414E-5 -3.4501105570844425E-4 -0.0010850494497814704 -3.7795295638689056E-4 -4.132141685531512E-4 3.23710091974804E-5 3.8938146336818795E-4 -9.107327714429583E-5 -5.151902343675598E-4 
0.15319174125149998 1.7867545456362122E-4 1.8188530748456384E-4 -0.0010688376209559585 -4.2418397659207914E-4 -3.621934569232954E-4 4.0317537364980205E-5 1.8062362172461275E-4 -8.898493934376216E-5 -2.0458671018664404E-4 
0.33018890617400437 2.090079078218883E-4 1.436818480275059E-4 -0.0011004245171061917 -4.6158120003147974E-4 -4.2038947372497924E-4 6.155580294868946E-5 1.8064764215296574E-4 -1.851935276115828E-4 -2.051095347504642E-4 
0.15273274619114924 1.8886071462497134E-4 1.3755500310165983E-4 -0.0011016103671222092 -3.3549048976130283E-4 -5.306286152332933E-4 1.3011177362859408E-4 2.0216961259348238E-4 -2.9461431720437226E-4 -5.391603898363115E-4 
0.30447955261806176 1.1174049177800697E-4 1.5151453801820334E-4 -0.0011110455664718622 -2.6306128666292266E-4 -6.357155908216609E-4 1.2771035602569727E-4 1.9940219900434512E-4 -4.825091061048481E-5 -5.326933429515203E-4 
0.984552448017022 2.43416068744356E-4 1.51548162519755E-4 -0.0010749241600382566 -4.646024964833808E-4 -5.331560388812909E-4 2.2263177476725886E-4 1.9796744395851712E-4 -2.805217953049238E-4 -2.074565325468719E-4 
0.5626991640093886 -0.0010919801228073435 1.7898740292844926E-4 -0.0013960607136584635 -3.3565243214274203E-4 -4.930216061549772E-4 1.7663287828609484E-4 1.8032099826675792E-4 -7.912317407634615E-5 -2.0784254627110186E-4 
0.4177446118926468 2.004996184023308E-4 2.0755251272435568E-4 -0.0014134807564574914 -4.235032409866369E-4 -3.6773301018128016E-4 1.3427847136899146E-4 1.802299594980351E-4 -7.30635526724556E-5 -2.076078445214356E-4 
