0.0 -6.755311756422545E-4 3.3302763956967484E-4 0.0021315200301447535 0.0013028579859727769 -8.497955628820474E-4 1.7756984195028364E-4 0.0029178715152554015 0.002930554036513605 -1.093671706967075E-4 
0.9982036832204351 -6.896807983031053E-4 5.538490555526737E-4 0.0021555586233710953 0.0013022501975465403 -8.80277146128771E-4 1.4650284732054198E-4 0.002913775557611163 0.002925548309922168 -1.0860669550709096E-4 
0.0 -6.755311756422545E-4 3.3302763956967484E-4 0.0021315200301447535 0.0013028579859727769 -8.497955628820474E-4 1.7756984195028364E-4 0.0029178715152554015 0.002930554036513605 -1.093671706967075E-4 
0.882856553941246 -6.734503474412467E-4 5.83356278085367E-4 0.0021492270166157987 0.0013172629305703782 -9.288514875484535E-4 3.075064129340771E-4 0.0029029573973103277 0.002929281366054833 -1.2816647468120762E-4 
8.092089817336445E-4 -5.357947973420737E-4 5.847587021645569E-4 0.002137334188642575 0.0013036904930598936 -0.0010252489170610576 2.9551533914375143E-4 0.0028536937430065344 0.0028626136314547743 -2.6503725151876293E-4 
0.9681286959068518 -5.294255768731761E-4 3.5108413363224035E-4 0.002134978603157756 0.001317371124858271 -9.307557599760232E-4 1.732444694142016E-4 0.0029160933004341635 0.0028660990649821794 -2.6996642795163405E-4 
0.6779013958046542 -7.114275798189267E-4 6.298477237551779E-4 0.002139638905293942 0.0013226770446315335 -0.0016275679050415457 2.966460733749868E-4 0.0029145744578973534 0.00305354899560802 -1.1285576110165572E-4 
0.5473622848396837 -5.176886986985652E-4 5.845703772195369E-4 0.0021480020589243437 0.00129207750629197 -0.0010207760300796989 4.217813603210987E-5 0.0028733703531123697 0.003039915935949025 -1.8104206147094646E-4 
0.757661152856543 -7.055727738017687E-4 6.089077791769128E-4 0.0021363241886789377 0.001318087478122328 -8.822689156354139E-4 2.9836721881544044E-4 0.002915536909754627 0.0028661605959431733 -1.0658883963034957E-4 
0.912892071525684 -5.057491229501477E-4 3.5108413363224035E-4 0.0021356379976802857 0.001317857340527211 -8.477083259851596E-4 1.7332152843403472E-4 0.0029173827432802534 0.0029356164766973767 -2.671354234342588E-4 
0.6483200586488057 -5.15218227429639E-4 5.859004356734475E-4 0.002137138242607061 0.001316789690263485 -0.00102630467683763 1.7543498725076023E-4 0.0028770473035585413 0.002854236527255136 -1.201761316722083E-4 
0.008974142057960405 -7.961642679307583E-4 6.105745641263217E-4 0.002131469068247338 0.0013224804230464978 -0.0010035249649807338 3.0407719998733966E-4 0.002917894861244134 0.0029316506703109544 -1.2742409468528666E-4 
0.5620866789063101 -8.030916743934978E-4 6.098158006169797E-4 0.0021523459819181847 0.0012991417134119376 -0.0012893589556921855 2.996486399124184E-4 0.0028682408946350477 0.002867464022431298 -1.293037025417963E-4 
0.7712952676339745 -5.386139882064858E-4 6.184440619292418E-4 0.0021474129310473456 0.0013021427203028903 -0.002530193978327557 3.0466220507915676E-4 0.0028738125521097333 -0.0021103694290885294 -1.1025789675220152E-4 
0.0038240136341558817 -6.762518666657238E-4 6.381591589522982E-4 0.002137869426935106 0.0013172629305703782 -9.261078699601232E-4 2.961099892547118E-4 0.0029020771937743896 0.0028629513481996504 -1.2487234949826447E-4 
0.48669084320199024 -5.139158418936635E-4 3.1535910578417935E-4 0.0021377248024310952 0.001317352065117651 -0.0010203938297886179 4.556821860697575E-4 0.0028733703531123697 0.0029231594601535106 -1.1018851865799331E-4 
0.9403899210681349 -5.171059130202849E-4 6.089077791769128E-4 0.0021501703945420374 0.0012967105851136407 -0.0010331696033790314 5.189133695624321E-4 0.002901111305042961 -0.0024389872201918484 -1.1018890752158754E-4 
0.46658522810166503 -5.181235094276893E-4 6.171841775588355E-4 0.0022154174571779026 0.0013034851007541093 -9.97467603202126E-4 4.862730571666826E-4 0.002873440547378767 0.0029644554484729176 -1.2874528398417584E-4 
0.38947579162934126 -5.181615051985467E-4 6.596176008116089E-4 0.0021497375236936398 0.001317221912239513 -9.50041041867295E-4 1.667984474729858E-4 0.002874361320825804 0.002857407789292375 -1.2816170228228108E-4 
0.06608538495108346 -5.163216028384568E-4 5.43309819109499E-4 0.0021390382613675272 0.0012966672287498251 -0.0010202919626868794 1.690685969149332E-4 0.002888930455145732 0.002929146872013841 -1.974175874456713E-4 
0.7917812293873926 -5.617307327904339E-4 6.18192923680425E-4 0.0021298658050609765 0.0013038822176540614 -9.97467603202126E-4 4.862730571666826E-4 0.002913644939528671 0.0028642988032762076 -2.717613401119787E-4 
0.7338564638711852 -5.177875245675452E-4 5.684997491698222E-4 0.0021412184827878547 0.0012924354290155243 -9.83218135151391E-4 5.372706236119528E-5 0.0028733402430197643 0.0029231311208853324 -1.8069295653275343E-4 
0.16710106821849002 -6.807919118997612E-4 5.336017226904754E-4 0.0021394992632356668 0.0013021947954201995 -0.0010412506098124454 5.074927430771091E-4 0.002915557501001069 0.002933156572299903 -2.6856488001933225E-4 
0.22827707227790323 -6.896807983031053E-4 5.616409570771372E-4 0.0021555586233710953 0.0013006942863063532 -8.80277146128771E-4 1.610859501578945E-4 0.0029156283041698074 0.002925548309922168 -2.7260791207277214E-4 
0.5792640514297033 -5.181755452987077E-4 5.730611154599812E-4 0.0021377126987123934 0.00129223166601136 -0.0010263463271753708 1.7514359775474344E-4 0.0028767128893582494 0.0028519476473706853 -1.1226065521093752E-4 
0.4046324420065393 -7.600724735217837E-4 5.53002389377931E-4 0.0021361247660868863 0.001297921673290052 -0.0010041165241429675 4.872627019858459E-4 0.0028677956977918757 0.0028507570206321446 -1.2742056670107105E-4 
0.8362696573480614 -6.807919118997612E-4 3.2826825524845036E-4 0.0021377404989599063 0.001303634809796192 -0.0010001229720285716 4.8549777821017197E-4 0.0029152356147095827 0.002866276919081519 -2.6503725151876293E-4 
0.18930200853204643 -5.428523189461545E-4 6.106850233562671E-4 0.002150607949708363 0.0012991417119120306 -0.0012237748584537818 3.170998395545444E-4 0.00286991478051611 0.0028705503905129505 -1.2950986041394027E-4 
0.7042815670130174 -5.136989510648773E-4 6.381591589522982E-4 0.002135242035303217 0.001302499683946064 -9.237062921822042E-4 2.961099892547118E-4 0.0032673924520990275 0.0028659575772558583 -1.1891568144463829E-4 
0.6884808041946167 -4.6795605426996635E-4 6.381591589522982E-4 0.002135242035303217 0.0013026251424697632 -9.237062921822042E-4 2.961099892547118E-4 0.0032673924520990275 0.0028659575772558583 -1.1891568144463829E-4 
0.9207485062936183 -6.938828051553696E-4 6.138606311512176E-4 0.002136817862584823 0.001300687638737183 -0.001029987587946349 4.872627019858459E-4 0.0028719391031282317 0.002850786540291528 -1.0823107350164954E-4 
0.015273329904546051 -6.807409364694714E-4 3.3302763956967484E-4 0.0021315200301447535 0.0013028579859727769 -0.0010292820601136747 1.7756984195028364E-4 0.002876730720490725 0.002930554036513605 -1.093671706967075E-4 
0.13446785111432702 -5.213854060777902E-4 6.148432857745306E-4 0.0022165374123771842 0.0012972854054311039 -0.0010077314610719337 1.4688353098780735E-4 0.002908096715573174 0.0029255460048089625 -1.9651861093388973E-4 
0.4963208684695243 -5.04538272582968E-4 3.491606261541786E-4 0.002131661412595828 0.0012926307039819473 -0.0010311236903951177 1.1999888024335817E-4 0.00289080674021892 0.0028678275802970963 -1.1890582839183186E-4 
0.9549438894300464 -6.813966256273731E-4 6.64950906874443E-4 0.0021377404989599063 0.0013036224193440432 -9.983666800737563E-4 4.858631143707978E-4 0.002915557501001069 0.0028661605996769066 -2.6503725151876293E-4 
0.10305344414774872 -5.284515083343048E-4 6.381591589522982E-4 0.0021377239631640743 0.0013172629305703782 -9.248405389014476E-4 2.961099892547118E-4 0.0032673924520990275 0.0028629625972646506 -1.2487234949826447E-4 
0.15464801627785094 -6.918661329001121E-4 5.843573104912868E-4 0.0021526089849084632 0.0013166830780879076 -0.0010187324089822522 3.0357008279818055E-4 0.0028983871284886265 0.0029472234758451603 -1.1060509746412541E-4 
0.3319604236563365 -5.134288810165761E-4 5.316915443870764E-4 0.002221960703234403 0.0012981956888737187 -0.0010396299362991695 1.9094496310316812E-4 0.0028859958186786936 0.0028654759773325145 -9.406304323233692E-5 
0.03326161016164192 -7.186408654747671E-4 5.85073131439238E-4 0.0021374260966932216 0.0013172619815735717 -9.478513137870163E-4 1.396793204717548E-4 0.0028707160687349857 0.00293510334260122 -1.1304759940050281E-4 
0.198882216971891 -8.109136489799388E-4 6.196046018260702E-4 0.002133185884977013 0.0013034678152606157 -8.514217422488693E-4 3.0358161028640884E-4 0.002867501068567113 0.003018525065760382 -1.96823092977793E-4 
0.8146866074235427 -6.991112251397692E-4 6.138606311512176E-4 0.0021475332696753524 0.00129199005449203 -0.0010078077721328274 1.718877371048882E-4 0.002870890992735443 0.0028669916813319485 -2.7369283616036325E-4 
0.3504167308058032 -5.16929484715998E-4 6.184440619292418E-4 0.0021466277839814482 0.0012968093400866148 -0.0010302722223001345 3.0812454541095984E-4 0.0028745131822586743 0.0028654756853122815 -1.1028241453312535E-4 
0.04931169020891546 -6.833017683057568E-4 6.146620751143907E-4 0.0022188431438244366 0.001302425078990005 -0.001024525914670118 3.0318551639371325E-4 -0.0018208926277687265 0.0029318234750719823 -1.9518785709588834E-4 
0.11904513055339755 -5.421714304118987E-4 3.432045629985509E-4 0.0021379355511542677 0.001316880032701644 -8.872794659608431E-4 1.750959494902947E-4 0.002887820134826499 0.0029225396821094714 -1.2478616068014307E-4 
0.2831514304487862 -6.807919118997612E-4 5.31580953670879E-4 0.0022222237790544977 0.0013021947954201995 -0.0010413383418577935 5.068151345798761E-4 0.002915557501001069 0.0028663222645329374 -2.6856383848531713E-4 
0.6305581571989126 -5.181755452987077E-4 5.870679657915354E-4 0.0021376802822865647 0.00129223166601136 -0.0010263463271753708 1.7514359775474344E-4 0.0028770473035585413 0.0028519476473706853 -1.0861680211554357E-4 
0.5910431637954294 -5.211551787793353E-4 5.730611154599812E-4 0.0021377109475883187 0.001302321197423134 -0.0010263463271753708 1.7514359775474344E-4 0.002916505661785749 0.0028519476473706853 -1.1226065521093752E-4 
0.320473638666584 -7.159284588628329E-4 5.316290274794048E-4 0.002221960703234403 0.0012980983501216853 -0.0010385348745611553 4.946425561301646E-4 0.0028859958186786936 0.0028654759773325145 -9.411395045380209E-5 
0.12754041393621451 -7.163830478010705E-4 6.1765214940821E-4 0.0021315200301447535 0.0013028579859727769 -8.497955628820474E-4 1.7691637505228678E-4 0.002917298209926317 0.0029284801489001533 -1.1025321854446156E-4 
0.3767852699294913 -5.185779582038905E-4 6.596176008116089E-4 0.0021351603928043256 0.001317221912239513 -9.50041041867295E-4 1.667984474729858E-4 0.002874361320825804 0.0028575812553517316 -1.2816170228228108E-4 
0.714450369283554 -5.421714304118987E-4 3.432045629985509E-4 0.00213545362329341 0.0013021167860773296 -8.844567089068663E-4 1.8470550191223978E-4 0.002888110095231831 0.002849523770102529 -1.1817212751692771E-4 
0.8648868966552903 -6.804866868272571E-4 5.851062542784223E-4 0.0021492420726230517 0.0013172171635621093 -9.964083500377159E-4 1.557936955950721E-4 0.0029152044900578188 0.002866295168428207 -2.6503725151876293E-4 
0.14530671837885228 -8.478518881998777E-4 5.943891149039E-4 0.002139803168875609 0.0013032832241192363 -0.001012902512067176 1.313299896966827E-4 0.0028713849764724257 0.0028607927601892484 -1.2351071720663066E-4 
0.41672161472696734 -5.27484480409745E-4 3.158651019224771E-4 0.002147599992979457 0.0012979460757212135 -0.0010177201034556437 2.9854377903705174E-4 0.0029144491388824697 0.002945295840846861 -2.580932725660732E-4 
0.6019717374469296 -4.6805687462637697E-4 5.725464341523094E-4 0.002125303478401973 0.0013081576109395992 -0.0015553501702782562 4.969233850154081E-4 0.0028745815858106246 0.0028470752194898383 -1.0802716625627375E-4 
0.5109294243367455 -4.8322229717416885E-4 6.530143705012817E-4 0.002131873478092231 0.0013026921083568348 -9.631354867152666E-4 1.6499663781138104E-4 0.0029154975114293103 0.002934535097102215 -1.2626029395911603E-4 
0.4242829378030829 -5.149359445761528E-4 3.451242652490627E-4 0.002226052955957493 0.0012924896612603752 -0.0010291600333694733 1.3246956184336436E-4 0.002914503658494653 0.002931790347326525 -1.218291214974939E-4 
0.03850197046613951 -5.13677839405024E-4 5.728030148899655E-4 0.0021457273167408866 0.0013081066500715214 -0.0010279151273013664 4.8676411329329645E-4 0.002872507734694218 0.002847060390624817 -1.0781969677150674E-4 
0.02817102452152636 -7.194122803636697E-4 3.3302763956967484E-4 0.0021315200301447535 0.0013028579859727769 -8.497955628820474E-4 1.7756984195028364E-4 0.0028697024696218007 0.002930554036513605 -1.1304424607165102E-4 
0.26402473270619664 -6.806209292440513E-4 5.83918594052097E-4 0.0021377404989599063 0.0013022034201476708 -9.265105915165705E-4 4.8549777821017197E-4 0.0029154312706044377 0.0028661605996769066 -1.2120222227187066E-4 
0.07342432752251662 -6.734503474412467E-4 5.835878929645032E-4 0.0021492270166157987 0.0013172629305703782 -9.288514875484535E-4 1.731312549694131E-4 0.0029022537543324884 0.002929281366054833 -1.2772294322718885E-4 
0.2179456384831024 -4.816030390870793E-4 5.617516879127348E-4 0.0021473353381712278 0.0013007102485426032 -9.632195944103831E-4 5.016678843979513E-4 0.002915652811463909 0.0028499778841128646 -2.71557474681137E-4 
0.8024043367987828 -8.478518881998777E-4 5.94562408301154E-4 0.002139803168875609 0.001303406130460126 -0.001012902512067176 1.313299896966827E-4 0.0028713849764724257 0.0028607927601892484 -1.241246477776266E-4 
0.726557922305756 -4.8322229717416885E-4 6.529218421798092E-4 0.0021289156431006993 0.0013024423473959872 -9.63424432264293E-4 1.6499663781138104E-4 0.0028702977553812497 0.002934535097102215 -1.1214223891625098E-4 
0.6183947066474734 -6.705464573361709E-4 5.859004356734475E-4 0.002137138242607061 0.001316789690263485 -9.266050111697425E-4 1.7543498725076023E-4 0.0028779313524009585 0.002854236527255136 -1.201761316722083E-4 
0.25224562037504206 -6.776412957634237E-4 5.83918594052097E-4 0.002137742250083981 0.0012921138887358968 -9.265105915165705E-4 4.8549777821017197E-4 0.0028756384981769383 0.0028661605996769066 -1.2120222227187066E-4 
0.20747034155852417 -5.286306460185249E-4 6.153509666952643E-4 0.002218892519679509 0.0013028992332722662 -0.0010225588425674462 3.0044883247551656E-4 0.002915541405991813 0.00286767857662086 -2.6350375176100013E-4 
0.45198065483670047 -5.30089032590361E-4 6.139949802506246E-4 0.0021477514762044507 0.0013034851007541093 -0.0010147696522936843 4.862730571666826E-4 0.002915623066773807 0.002964820414073001 -2.728990299908701E-4 
0.07728203092846053 -5.176886986985652E-4 5.845703772195369E-4 0.0021480020589243437 0.00129207750629197 -0.0010215668469209377 4.217813603210987E-5 0.0028733703531123697 0.0030399993119871746 -1.8104206147094646E-4 
0.4402740354575263 -7.159288963397177E-4 6.177711507691592E-4 0.0021377185324616974 0.0012981637712185991 -0.0010302722223001345 3.034714200267073E-4 0.002871958471336878 0.002865636144189091 -1.1028241453312535E-4 
0.6410586895924101 -5.177069346128866E-4 5.845822817484995E-4 0.002137512859909934 0.0012921921635809695 -0.0010263463271753708 1.7514359775474344E-4 0.0028770473035585413 0.00285008471462261 -1.0928193107567184E-4 
0.43383129373405505 -7.157994837184885E-4 6.192826284320986E-4 0.0021377185324616974 0.0012981637712185991 -0.0010302722223001345 2.989043123569213E-4 -0.001908734830984464 0.0028643780845025208 -1.2008423142453925E-4 
0.5251245751091767 -5.139158418936635E-4 5.843120289322262E-4 0.0021479566455481994 0.0013175282511746996 -0.0010207760300796989 5.088139347674453E-4 0.0028733703531123697 0.0029231594601535106 -1.1018851865799331E-4 
0.3653695148922106 -4.989736145629021E-4 3.475384399177241E-4 0.002152839448003331 0.001292293072779247 -0.0010070060649064376 5.127333271382072E-4 0.00291666056357314 0.0028708074376637936 -1.9434403786477308E-4 
0.05690924726400353 -6.939908589533231E-4 5.780562167150487E-4 0.0022400309217639304 0.0013005265362040404 -0.001018462455688588 4.5667029457506275E-4 0.0028720401991698314 0.0030195002136816492 -1.991975379596545E-4 
0.020186674597554896 -4.6793494261011316E-4 5.728030148899655E-4 0.0021457273167408866 0.0013082321085952206 -0.0010279151273013664 4.8676411329329645E-4 0.002872507734694218 0.002847060390624817 -1.0781969677150674E-4 
0.2964660417076296 -5.171210855246854E-4 6.187312521130878E-4 0.002137742043973191 0.0012980341145360746 -0.0010303222729116366 2.984812847443967E-4 0.002872479691189828 0.0028694251719697467 -1.10624225191976E-4 
0.8433222172276 -6.807919118997612E-4 5.864335040738889E-4 0.002149228053495522 0.0013172642561066186 -9.992303364629947E-4 1.5494108923524516E-4 0.002915956132890727 0.002926243668079296 -2.73571006513972E-4 
0.31006054704786973 -7.159288963397177E-4 6.187312521130878E-4 0.002147464270581374 0.0012980248557574723 -0.001008040387095899 3.0356268483486216E-4 0.0028709103609440892 0.0028654749944202226 -1.1028241453312535E-4 
0.2923667766260912 -7.152578802014033E-4 3.323732442495503E-4 0.0021336183445870823 0.001302206922754304 -9.26278372374703E-4 1.5235974770473477E-4 0.0028999192743931128 0.0029274764626475666 -2.6624206848518646E-4 
0.04509920039264015 -7.055727738017687E-4 5.814875024068511E-4 0.002218923883896557 0.001318087478122328 -8.824917947753556E-4 2.9836721881544044E-4 0.002915536909754627 0.003020303387027022 -1.0658883963034957E-4 
0.3063628225455501 -7.391969810098566E-4 5.870679657915354E-4 0.0021376375272863252 0.00129223166601136 -0.0010263463271753708 1.786642384305894E-4 0.0028770473035585413 0.0028519476473706853 -1.0855065369210458E-4 
0.8535311821128557 -6.807919118997612E-4 5.864335040738889E-4 0.002149160224646752 0.0013172171635621093 -9.964083500377159E-4 1.5479903717740022E-4 0.0029152044900578188 0.002866276919081519 -2.6503725151876293E-4 
0.09399286086314629 -5.357947973420737E-4 5.637329470962112E-4 0.002137338285810263 0.0013036904930598936 -9.9157006680552E-4 2.9964393673605227E-4 0.0032801229635921066 0.0028626136314547743 -2.6475298192994874E-4 
0.45704278973713003 -5.166295373707844E-4 5.316290274794048E-4 0.0021414764660352757 0.0012925124097015535 -0.0010261361479455677 1.6670004591578014E-4 0.002885595628483924 0.0028515735153673482 -9.438651841059225E-5 
0.11276974101664627 -6.968186086935383E-4 6.381591589522982E-4 0.002147404720387708 0.001302430835234744 -9.246098689648315E-4 4.774628174430336E-4 0.0032646196196775626 0.0028629513481996504 -1.2487234949826447E-4 
0.2416618186800369 -7.173649450921358E-4 3.449118714859231E-4 0.002137131712826802 0.001292505727592734 -0.0010302722223001345 2.968850159980822E-4 0.002875944946863995 0.0028694251719697467 -1.2168394920405664E-4 
0.17840491355317004 -5.560695140713285E-4 6.122692684436247E-4 0.0021362622269757055 0.0013008431977386194 -8.82720827352673E-4 3.0930297815904396E-4 0.0028995084271730134 0.002868341515465992 -2.605406766785334E-4 
0.17639431169182088 -7.600724735217837E-4 6.141245440035638E-4 0.00213626401240738 0.0012978551840598803 -8.840061479243921E-4 3.105494837352404E-4 0.002901047834019534 0.002851161746383352 -1.2742056670107105E-4 
0.10886531879122657 -5.043476066503108E-4 6.25996358908631E-4 0.0021314703370231072 0.0013172629305703782 -9.248405389014476E-4 2.961099892547118E-4 0.0029108879492880653 0.0028629513481996504 -1.2487234949826447E-4 
0.516384405642798 -4.865778665595838E-4 6.510333245682397E-4 0.002136637608787056 0.0013027148883730834 -9.631354867152666E-4 1.6499663781138104E-4 0.0029154975114293103 0.0029255663870008173 -1.2677216912858498E-4 
0.2416618186800369 -7.173649450921358E-4 3.449118714859231E-4 0.002137131712826802 0.001292505727592734 -0.0010302722223001345 2.968850159980822E-4 0.002875944946863995 0.0028694251719697467 -1.2168394920405664E-4 
0.35411751539889497 -5.16929484715998E-4 6.184285943139508E-4 0.002137325404906448 0.0012968093400866148 -0.0010302722223001345 3.0812454541095984E-4 0.0028745131822586743 0.002865629351154309 -1.1028241453312535E-4 
0.025058774389814964 -7.895651025028703E-4 3.5044723406411346E-4 0.0021354676829743323 0.0013224804230464978 -0.001004773339767616 3.0407719998733966E-4 0.002917894861244134 0.0028471734778343213 -1.1849869203663571E-4 
0.08491152883434333 -7.059977770716896E-4 5.372765096083033E-4 0.00213173007290603 0.0013026434960319942 -9.849821532196055E-4 1.316813175852248E-4 0.0028722532749738405 0.0028518883392333423 -1.0939737394292526E-4 
0.5251245751091767 -5.139158418936635E-4 5.843120289322262E-4 0.0021479566455481994 0.0013175282511746996 -0.0010207760300796989 5.088139347674453E-4 0.0028733703531123697 0.0029231594601535106 -1.1018851865799331E-4 
0.01681196896410551 -6.83275361391354E-4 6.220167851566246E-4 0.0021531469151512017 0.0013032519663220827 -0.0010074390407262296 3.0318551639371325E-4 0.0029136915259426748 0.003036786915389772 -1.9518785709588834E-4 
0.2569441459293786 -4.816030390870793E-4 5.617516879127348E-4 0.002134721031080664 0.0013007102485426032 -9.651100686665991E-4 5.016678843979513E-4 0.002915652811463909 0.0028603349500119506 -2.70034864067889E-4 
0.09269707424613571 -6.773156024007364E-4 3.513878239157223E-4 0.0021476997400970413 0.0013177506247179923 -0.001014206446183199 3.0939292405479353E-4 0.0028993916652471606 0.0028498478791388056 -1.0527508303550162E-4 
0.21328221620260834 -5.138780887490973E-4 6.153509666952643E-4 0.002218892519679509 0.0013028992332722662 -0.0010225588425674462 3.0044883247551656E-4 0.002915541405991813 0.0028676673275558596 -2.6350375176100013E-4 
