0.9998586008284606 8.833735779831778E-4 9.416889375295483E-5 1.9777656935071868E-4 -0.001315246738294563 -1.6907119320582354E-4 -3.253380100494555E-4 0.0010047235534568185 -3.7098740531419305E-4 -0.0010998989369840236 
0.0 0.0010402432177707849 7.084725561621E-5 1.8749291083503675E-4 -0.0012893421545734102 -1.1792722529193537E-4 -3.6080329937145453E-4 9.549719971024872E-4 -4.906895443371709E-4 0.001700587913101552 
0.9998586008284606 8.833735779831778E-4 9.416889375295483E-5 1.9777656935071868E-4 -0.001315246738294563 -1.6907119320582354E-4 -3.253380100494555E-4 0.0010047235534568185 -3.7098740531419305E-4 -0.0010998989369840236 
0.021822527545905204 8.954685587279658E-4 1.5589746350465827E-4 1.9282588103936162E-4 -0.0012882421489577268 -8.13702574188901E-5 6.745361706499652E-4 9.574099834806164E-4 -3.7467709602995587E-4 -0.0011157670362686861 
0.6954051209580837 0.0010402719215520284 1.4553005883392097E-4 -2.1713368585118926E-4 -0.0013126774937505064 -1.4884854005966282E-4 -5.419549856383047E-4 0.0010595994839751337 -3.01327286463407E-4 -0.0013148483141784593 
0.10714604062769681 0.001378317962167111 3.291742394433588E-5 -1.8103913597070423E-4 -0.0012887147570467639 -0.0012567566319618057 6.400544736128524E-4 9.26901389359499E-4 -3.0792159960505935E-4 -0.0011550979689492718 
0.8551292915689085 0.0013569186571336204 9.218142056653383E-5 2.0386666630869344E-4 -0.0012891158961175805 -2.3095306574668446E-4 -4.566816409354748E-4 0.0010417800801723123 -3.143027403040052E-4 -0.001233207433306916 
0.28630270851562334 0.0014635376876227684 9.658713096446375E-6 -1.7175713530022364E-4 -0.0013280182105726624 -6.299021042268762E-4 -4.532282018168456E-4 9.567615842430074E-4 -3.036281401995577E-4 -0.0014349997626697205 
0.270621679725629 8.929591102817355E-4 1.5589746350465827E-4 1.9282588103936162E-4 -0.0012892062221184224 -8.13702574188901E-5 -3.3132235809544956E-4 0.0010559769863112414 -3.7143910026142025E-4 -0.0011157670362686861 
0.2541662943404651 0.0011160584737271932 9.440783271655547E-5 1.5507337729291272E-4 -0.0013153208328545865 4.720843302183549E-4 -5.367186634667203E-4 9.001345215519649E-4 -3.676770449958901E-4 0.001676392992527591 
0.9823069991341239 0.0013457835135682842 9.51265924709765E-5 1.9101825176749088E-4 -0.001288526978175307 4.985958363862964E-4 8.422209780174954E-4 7.824257841429682E-4 -3.044933341685674E-4 0.0016848878707086208 
0.056555114937407454 0.0011671519724971964 3.3060506777993754E-5 -2.1980628366999512E-4 -0.0012816553985956275 4.372174989224588E-4 -3.0770801200377267E-4 9.268214320343294E-4 -3.193570745595557E-4 -0.0011174459829509898 
0.6732123600593473 0.0010461061118103214 1.0187922082715568E-4 1.95864631807352E-4 -0.001310543425326618 -1.1672581344621771E-4 -3.552594419943493E-4 9.95418972069578E-4 -4.9408265627302E-4 -0.0011400023947210325 
0.14104548264565353 0.0015690306354080104 7.833423676031467E-5 1.9072452501159675E-4 -0.0012896900742472223 -1.880215775160195E-4 7.269665158965746E-4 0.0010664456125613457 -4.8386444873288416E-4 0.0017876775531243056 
0.48002947278028585 0.001023738642066837 7.193531594708061E-5 -2.2403717622103143E-4 -0.0013203151931228982 -1.1293155591245372E-4 -2.795838773723043E-4 9.563562392158703E-4 -4.827036136810613E-4 0.0022571468040104817 
0.03808761545220617 0.001378317962167111 3.2876127610937376E-5 -1.8103913597070423E-4 -0.001288708415349003 -0.0013096888903324786 -3.0770801200377267E-4 9.24876742380729E-4 -3.0990302221964446E-4 -0.0011550979689492718 
0.3047187800327503 0.0013423785454057327 1.621049113278478E-4 2.0787402264688503E-4 -0.0012905688540721966 -0.0013318871039177556 -3.7063875868614924E-4 0.001072546472538311 -4.8245448141406844E-4 0.0017329463828467397 
0.5901033107118262 0.0013479850923341517 2.3363541416274403E-6 2.0787402264688503E-4 -0.0012905688540721966 -0.0013205140332261049 -3.7063875868614924E-4 8.770640552119283E-4 -4.8245448141406844E-4 0.0017329463828467397 
0.31778600275908664 0.0011674667286765484 1.620190391567357E-4 -2.1940450626007737E-4 -0.0012906282329628212 -0.0013094056147448148 -3.0770801200377267E-4 0.0010768718404355062 -3.193570745595557E-4 -0.0011896558527775601 
0.3401350710944551 0.0013457835135682842 9.51265924709765E-5 1.9101825176749088E-4 -0.0012898063596981514 4.6918776301720316E-4 8.422209780174954E-4 7.824257841429682E-4 -3.0364466235991447E-4 0.0016841492825547181 
0.00210139024580025 0.0010458982601784528 1.0078905679044343E-4 -2.016402313018569E-4 -0.0013156490295864042 -1.4780403691363163E-4 -0.001879079898363326 7.810648127365734E-4 -2.546381930791496E-4 0.001657963115043022 
0.9306848312686825 0.0015356387421333567 7.775798322966828E-5 1.944186496937936E-4 -0.001315483838870056 -1.801797381120006E-4 8.793102549698349E-4 9.956577017477526E-4 -3.0838111182455665E-4 -0.0012134044444085672 
0.17600464285214978 9.658783635959834E-4 -2.9505053295798E-5 1.9443553431678642E-4 -0.0013139293755997676 -1.051829114914523E-4 -2.744678759465048E-4 9.945958530868859E-4 -3.092599485748089E-4 -0.001516173440906142 
0.6611907435263611 0.0017767034365035019 7.71987792503724E-5 1.8152954322501834E-4 -0.0013145165079599555 -8.232960844628437E-5 7.113759149876357E-4 7.859762480380318E-4 -3.0337220664473165E-4 -0.0013238127709181418 
0.4272263880642121 0.0010388625982320685 8.707043835350138E-5 2.0629734846415156E-4 -0.001319893140896367 4.51136215759714E-4 -3.789782667457704E-4 9.015873370651467E-4 -3.015985098800263E-4 0.002259416505635182 
0.18700284062808153 0.001634214095051119 7.79160525910618E-5 2.039074453375711E-4 -0.001324051701458718 4.228559734206847E-4 8.45064120601361E-4 9.92894768572958E-4 -3.172942551544052E-4 -7.928185995082048E-4 
0.8142837730740518 0.0018192997669811868 8.027682586959994E-5 1.84297211098017E-4 -0.0013228274796785436 -1.474584494111016E-4 -4.3001996835980176E-4 0.0010702882001412098 -3.0861669573331005E-4 -0.0011362973115031372 
0.11880162117200979 0.0010241075958358841 7.193531594708061E-5 1.8986237215377872E-4 -0.0013203151931228982 -1.125292716728303E-4 -3.77033897378541E-4 9.563500328881908E-4 -4.827036136810613E-4 0.0022648497296525 
0.36820421925849645 0.0014647786313811634 7.859189719773315E-5 1.936305979892647E-4 -0.0013156057085213985 -1.5176845365011033E-4 -2.8707747594441236E-4 9.733254622874153E-4 -3.182278156717961E-4 -0.0012392536496112624 
0.4039726505842883 0.0011671519724971964 3.2876127610937376E-5 -2.1980628366999512E-4 -0.0012818065122504278 -4.398677432240474E-4 -3.0770801200377267E-4 7.93964464268694E-4 -3.193570745595557E-4 -0.0011550979689492718 
0.7986112469289188 0.001116613929994199 7.907291878751812E-5 1.9341577274039896E-4 -0.0012909614892070195 -1.0702996356545325E-4 -5.221074970788561E-4 0.0010703297739158859 -3.18996671724571E-4 0.0017326032999206127 
0.787842297618753 0.0010463395129260864 9.800365145178515E-5 2.2990406462165976E-4 -0.001313365632603635 4.648695712294953E-4 -0.001622884153210085 9.559843847644546E-4 -2.98715841093501E-4 0.0017040310889010538 
0.4565990067858097 0.0013878667772493733 1.3463945005587498E-5 1.9383214567782422E-4 -0.0013202306814935098 -4.918038560596162E-5 -3.988334509351299E-4 9.934028207114977E-4 -3.219262742038553E-4 0.0017073997928687469 
0.04839555209164875 0.0010381982398732252 9.791263556059368E-5 -1.8024169817400308E-4 -0.001313780490970438 -0.0013196111989875873 -3.0782062973594985E-4 9.329264103211026E-4 -3.0993946034450597E-4 -0.0011825280426767796 
0.11880162117200979 0.0010241075958358841 7.193531594708061E-5 1.8986237215377872E-4 -0.0013203151931228982 -1.125292716728303E-4 -3.77033897378541E-4 9.563500328881908E-4 -4.827036136810613E-4 0.0022648497296525 
0.0669343184579015 0.001378317962167111 3.2876127610937376E-5 -1.8103913597070423E-4 -0.001288708415349003 -0.0013096888903324786 -3.0770801200377267E-4 9.26901389359499E-4 -3.0993946034450597E-4 -0.0011550979689492718 
0.43692230968169704 0.001116613929994199 9.129675725921382E-5 2.3219039864263714E-4 -0.0012910068446163336 -1.0963260281267163E-4 -4.792858046859742E-4 0.0010703297739158859 -3.195612899247537E-4 0.0017326032999206127 
0.013019077814125368 0.0010456921491316198 7.084725561621E-5 1.944986941746912E-4 -0.001315510776970558 -1.1389160089190394E-4 -3.6080329937145453E-4 9.952383845091188E-4 -4.979160961184891E-4 0.0017484083624361906 
0.5525953204805207 0.0013897622502001912 1.5794246059323234E-4 1.9383968127430394E-4 -0.001289787224188775 -1.051829114914523E-4 -0.0016607371011614076 9.966109290220732E-4 -3.0255094942626835E-4 0.0016548857396879114 
0.6159646580784832 0.0016188903048397472 7.653562576207608E-5 2.031114834011588E-4 -0.0013238030739003376 -1.8083859551875237E-4 6.223671978095982E-4 9.577562602175508E-4 -3.088225202949516E-4 -8.197804504763788E-4 
0.3597840853332122 0.0013465149288216754 -3.5720007276728364E-5 1.8753361547233275E-4 -0.00129053515689483 3.8438617450051274E-4 -1.9005570673078068E-4 9.332603864351316E-4 -3.142640887129205E-4 0.0017516150295268926 
0.01691781500721473 0.0011272503069740785 9.366823537585893E-5 1.7459853099539244E-4 -0.0013155515521821024 6.049186370992129E-4 -0.001926718490970862 8.788624084785059E-4 -3.2367845879529997E-4 0.0017231609043777607 
0.5197269625642551 0.0010042912262309845 9.156841789038715E-6 2.313060548679849E-4 -0.0013225468046595783 -9.673850925968783E-5 -2.635484325767632E-4 9.903897663578905E-4 -4.840361889545666E-4 0.0017326032999206127 
0.8262423932780829 0.0018192997669811868 8.012753197372396E-5 1.84297211098017E-4 -0.0013229615856777742 -1.474584494111016E-4 -4.3001996835980176E-4 0.0010702882001412098 -3.107042825788917E-4 -0.0011362973115031372 
0.1670034599039592 0.00144043773000063 7.783765846556206E-5 2.039074453375711E-4 -0.0012888156116557647 -1.1068265534641865E-4 6.779202892069228E-4 9.51110384828535E-4 -3.0954207388274936E-4 -0.0010658634194716937 
0.73781286917219 9.944829602952876E-4 9.464608829193465E-5 -1.6882163488640835E-4 -0.001311288063962645 2.614411032729217E-4 -2.791593264301062E-4 0.001000346923393547 -3.0818563624228443E-4 -0.0016357743666327853 
0.8966465246694093 9.711693937786432E-4 -4.502504892008822E-5 1.9312210799735604E-4 -0.0013139293755997676 -6.646434019023706E-5 -2.946327320927281E-4 9.910895429830464E-4 -3.0791209450051367E-4 0.0014470069247252706 
0.7144750696421986 0.0010239896555709809 1.4553005883392097E-4 -2.1713368585118926E-4 -0.0013101233026538263 -0.0013379390255248234 -3.690376034809626E-4 0.0010595994839751337 -3.01327286463407E-4 -0.0012735887159157715 
0.39013000719844837 0.0011077908811720047 1.2031237942995115E-5 1.9173643435318262E-4 -0.0013221940497284042 -4.454504739884221E-4 -4.71848851953012E-4 0.0010038058181363655 -3.6634128651213266E-4 -0.0012071200235278675 
0.5360824227549348 0.0013878667772493733 1.606515468123076E-4 1.939020685498703E-4 -0.0012893004222862528 -1.5732358223195342E-4 -3.9668987589140133E-4 0.001074645157947579 -3.0387078267771135E-4 0.0016577285806302264 
0.9618687325464812 8.833735779831778E-4 7.271375230078526E-5 1.9538684535828698E-4 -0.0013451350547910254 -1.7142375634560808E-4 -2.7560960359992016E-4 0.0010004276530144994 -4.95147804549661E-4 -0.001236771907528561 
0.4499408942431916 0.0013777145053107402 6.67020362894292E-5 1.873098471144946E-4 -0.0012893504048036087 4.189113736113591E-4 -3.138408973177651E-4 9.559104801020316E-4 -3.154456235107592E-4 -0.001082307014759757 
0.876607586591899 0.0010463395129260864 9.824747050091402E-5 2.2990406462165976E-4 -0.001286839475706396 4.4864396313599845E-4 -2.9522205622967764E-4 9.559840976970068E-4 -2.98715841093501E-4 0.0017036383408862512 
0.8670265938962957 0.0010463443392587357 1.2867220992311628E-5 2.3265399870936554E-4 -0.00131342015915546 -5.043833382674327E-5 -5.015245584779247E-4 9.926509380634616E-4 -4.330495237763272E-4 0.0016923242384413537 
0.48834325842199416 0.0014168107780041864 -4.08767978839899E-5 1.5436488785569138E-4 -0.0012782948525698846 -5.920526275035348E-4 -0.0019142325135024507 9.845440411434144E-4 -3.032770179422296E-4 0.0017163096164198686 
0.6261728130419526 0.0010463443392587357 7.826685289751024E-5 2.3127032562658307E-4 -0.0012888055503595518 -1.4825627355951658E-4 -5.045455913018655E-4 0.0010781373716678008 -4.3563146959246356E-4 0.0016867865593406359 
0.7302654164798287 9.470246739080052E-4 7.657786728985462E-5 1.7614005350314409E-4 -0.0013115040494844428 3.5610115108214544E-4 -2.770725946413065E-4 9.273093371744893E-4 -3.0818226375237785E-4 -0.001248086241395446 
0.08722889238053405 0.0010483197058126395 1.621049113278478E-4 1.965333291986052E-4 -0.001290839825702451 4.241221777075194E-4 -3.614604890481262E-4 9.534288121111578E-4 -4.900622277121955E-4 0.0017597695112735643 
0.010767005894078086 0.001446581406097538 7.461796928932993E-5 -1.8574978255291564E-4 -0.001288988743412375 -0.003340416258034637 -4.5637313674471857E-4 0.0010011206718841673 -3.0801823120986746E-4 -0.0012433487528114584 
0.00422935993357601 0.0010051673812116872 -3.2151349411943116E-5 -2.6163535538844407E-4 -0.001314930311335855 4.5602025028931685E-4 -3.7729681275252544E-4 9.531326179933541E-4 -3.720429647773921E-4 -0.0013642936066473545 
0.34795695213159583 8.755637049264831E-4 9.530039261916775E-5 1.9540100093369116E-4 -0.0013424340989670511 -1.0509531304541333E-4 -2.76310331707217E-4 9.968579230689718E-4 -3.120312709231373E-4 -0.0012352380257046602 
0.22785105565523073 0.001112623853717205 8.777641224907079E-5 1.88883751848276E-4 -0.0013269334147143531 4.3575358984883984E-4 -2.873491036125633E-4 9.558735513071906E-4 -3.1896881301493135E-4 -7.722009089315053E-4 
0.08108756520890692 0.001515299928739792 7.833423676031467E-5 1.9510897033219482E-4 -0.0012943326213758091 -1.812602364152117E-4 7.269665158965746E-4 9.469024101006607E-4 -3.083256898637398E-4 0.0017398775544895464 
0.5576042878636992 0.0013457835135682842 1.554748741030839E-4 1.938478130457288E-4 -0.0012892749948735518 4.995564683053483E-4 8.422209780174954E-4 9.54585811579767E-4 -3.08877346865185E-4 -7.573659701775855E-4 
0.49851714164518285 0.0010067220859382659 9.681960688588299E-5 1.8489340438393307E-4 -0.0012782948525698846 -5.56698414886622E-4 -2.7493817657604444E-4 9.972178336187685E-4 -3.120689614801369E-4 0.0017163096164198686 
0.6464577730481917 0.0011675853253069204 7.657786728985462E-5 -2.1725259441528834E-4 -0.001311308734338599 3.5610115108214544E-4 -2.770725946413065E-4 9.273093371744893E-4 -3.0818226375237785E-4 -0.001178775358807749 
0.09437375701442491 0.0014504299635435113 9.415553281500114E-5 1.9226639269559882E-4 -0.0013158985241970612 3.76195446565054E-4 -0.0019255972860753902 0.0010649467917860818 -3.284315263845324E-4 0.002193822604703472 
0.07521897690529031 0.001110479277559792 9.102060764225755E-5 5.445086365738975E-4 -0.0013265451621146571 -9.986864687647879E-5 7.00244778322944E-4 9.509605496686065E-4 -3.23177877218598E-4 -7.722009089315053E-4 
0.8886522047195731 0.001325869401472735 -4.355677688520201E-5 1.9323442377824175E-4 -0.0013139293755997676 -9.800480777227757E-5 -3.3676402572217084E-4 9.92526345769044E-4 -3.0909692099564826E-4 0.0015808528532519283 
0.5726608660476789 0.0011158082860610796 9.440783271655547E-5 -2.2361931782892544E-4 -0.0013153208328545865 4.616061702754055E-4 -5.367186634667203E-4 9.006663077910821E-4 -3.676770449958901E-4 0.001684961234647457 
0.03808761545220617 0.001378317962167111 3.2876127610937376E-5 -1.8103913597070423E-4 -0.001288708415349003 -0.0013096888903324786 -3.0770801200377267E-4 9.24876742380729E-4 -3.0990302221964446E-4 -0.0011550979689492718 
5.723623801958122E-4 9.487185686267598E-4 9.895664559967855E-5 1.9559441211101716E-4 -0.001314930311335855 4.4548186506942035E-4 -2.775861473291837E-4 9.536635551972902E-4 -3.109239970221536E-4 -0.0012716970486363628 
0.20751541484019392 0.0010493035535554163 7.71987792503724E-5 1.8152954322501834E-4 -0.0013151287237326502 4.425786583360337E-4 6.757511387077386E-4 7.859762480380318E-4 -3.034754801816563E-4 -7.650915066962782E-4 
0.7543724030734261 0.0018202117091025865 8.012753197372396E-5 1.8462534233659392E-4 -0.001322559602020749 -1.2612093963035865E-4 -3.150239625271759E-4 0.001071319107820374 -3.1191343940155137E-4 -0.0011357124417736898 
0.00422935993357601 0.0010051673812116872 -3.2151349411943116E-5 -2.6163535538844407E-4 -0.001314930311335855 4.5602025028931685E-4 -3.7729681275252544E-4 9.531326179933541E-4 -3.720429647773921E-4 -0.0013642936066473545 
0.9594232581629365 8.833735779831778E-4 7.187278833168913E-5 2.029909381675795E-4 -0.0013452324716920821 -1.7072273878718946E-4 -3.253380100494555E-4 0.0010004276530144994 -3.7098740531419305E-4 -0.001236771907528561 
0.8262423932780829 0.0018192997669811868 8.012753197372396E-5 1.84297211098017E-4 -0.0013229615856777742 -1.474584494111016E-4 -4.3001996835980176E-4 0.0010702882001412098 -3.107042825788917E-4 -0.0011362973115031372 
0.7714822183619929 0.0010463395129260864 9.824747050091402E-5 2.2990406462165976E-4 -0.0013113748821516867 4.4864396313599845E-4 -2.9522205622967764E-4 0.0010008037332821182 -2.98715841093501E-4 0.0017036383408862512 
0.38307880526553556 0.0010070369284172244 9.574964980241314E-5 1.928268204611303E-4 -0.0013223129307726874 -4.4833665502408117E-4 -2.5259803947056704E-4 9.536635551972902E-4 -3.182278156717961E-4 0.0019324865438358058 
0.24192225079918367 0.0013808575437481267 9.948539727181064E-5 1.9542496103463783E-4 -0.001288768504933009 -8.13702574188901E-5 7.3959990408718E-4 9.574735329446196E-4 -3.1072186435488375E-4 -0.001978087864087154 
0.9435038300364211 9.770565950983625E-4 -2.809893121829599E-5 1.9816111803277423E-4 -0.0013159136878775966 -1.051829114914523E-4 -5.230308683539256E-4 9.546725819356621E-4 -2.579565374229442E-4 0.0017163587986913536 
0.5315886578841678 0.0013878667772493733 9.602767635372504E-5 1.939020685498703E-4 -0.0012893004222862528 -1.4682876673533397E-4 -3.973957532052641E-4 9.556125092370742E-4 -3.0329017682015206E-4 0.0016577285806302264 
0.22499600370436307 0.0011258260316571237 8.830333649104552E-5 1.8886111195390786E-4 -0.0013269334147143531 -9.290889269947754E-5 -2.8711593981288366E-4 9.558735513071906E-4 -3.1896881301493135E-4 -7.878405630897387E-4 
0.02016110534882664 0.001110479277559792 8.777641224907079E-5 5.473933634759942E-4 -0.0013265451621146571 4.3575358984883984E-4 6.827947857334655E-4 9.509605496686065E-4 -3.2220680878346697E-4 -7.722009089315053E-4 
0.19637515185297638 0.0015356387421333567 -4.739161688768702E-5 1.944186496937936E-4 -0.0013139801325006402 -1.802152365047781E-4 8.233697365825877E-4 9.95657732700145E-4 -3.08381240184813E-4 -0.0013393066932121892 
0.9113638599541865 0.001039972341038446 9.325861820600912E-5 1.8542652659259384E-4 -0.001289650107076894 4.469778393952662E-4 -2.7642861234162966E-4 9.978311301440715E-4 -3.137381198973059E-4 0.0017190135848126928 
0.7171166720546482 0.0010045746523838581 1.4553005883392097E-4 2.0562848118084944E-4 -0.0013114236515515557 4.653344471956316E-4 -3.177850845592693E-4 0.0010566175398942432 -3.0067332373914443E-4 -0.0012735787111983136 
0.7528595800524412 9.944829602952876E-4 9.464608829193465E-5 -1.8146363298082531E-4 -0.001311288063962645 2.614411032729217E-4 -2.79982202949535E-4 0.001001288174029094 -3.1851207355656965E-4 -0.0016023595483800838 
3.098003641010434E-4 0.001446581406097538 9.295108378933896E-5 -1.8574978255291564E-4 -0.0013159333397558507 5.801325614443787E-4 -0.0018702138554079978 0.0010011206718841673 -3.0801823120986746E-4 -0.0011363465273090821 
0.06998908631866979 0.0014402532707184724 7.941951578935161E-5 1.8257256642340166E-4 -0.0012892078150039306 -5.890497285832123E-4 -4.4431517422643187E-4 9.583021291266664E-4 -3.081649194335064E-4 0.0017542614808572063 
0.19953795883770487 0.001325869401472735 -4.355677688520201E-5 1.9323442377824175E-4 -0.0013139810265278683 -1.0522436736471555E-4 -3.3676402572217084E-4 9.92526345769044E-4 -3.090782933156977E-4 0.0015808528532519283 
0.15676415728473106 9.714472326481575E-4 7.797192338798827E-5 1.958840406323304E-4 -0.001315526820142053 -1.5176845365011033E-4 -2.937804293569753E-4 9.733254622874153E-4 -3.182278156717961E-4 -0.0012392536496112624 
0.4026451065538924 0.0011077908811720047 1.2031237942995115E-5 1.9173643435318262E-4 -0.0013222873399348673 -4.454504739884221E-4 -4.71848851953012E-4 0.0011019197584934085 -3.664753395029346E-4 -0.0012064668602691985 
0.21653980917023707 0.0014168107780041864 7.496719642740085E-5 -2.271566746587554E-4 -0.0012790551285809335 -1.3213015725023348E-4 -0.0019259306335762758 9.557341945674098E-4 -3.010598175058083E-4 0.001705242393298261 
0.6356709393549484 0.001003971640291036 9.895664559967855E-5 1.958840406323304E-4 -0.001310543425326618 4.665863576050165E-4 -2.716307030780286E-4 9.734507202394017E-4 -3.182278156717961E-4 -0.0012371388939420701 
0.010767005894078086 0.001446581406097538 7.461796928932993E-5 -1.8574978255291564E-4 -0.001288988743412375 -0.003340416258034637 -4.5637313674471857E-4 0.0010011206718841673 -3.0801823120986746E-4 -0.0012433487528114584 
0.9113638599541865 0.001039972341038446 9.325861820600912E-5 1.8542652659259384E-4 -0.001289650107076894 4.469778393952662E-4 -2.7642861234162966E-4 9.978311301440715E-4 -3.137381198973059E-4 0.0017190135848126928 
0.7721444319235246 0.0010010771705589872 9.547280639251102E-5 1.9806468760703305E-4 -0.001311420364322429 -1.0324324143246233E-4 -3.6107819008854747E-4 9.994556892998262E-4 -3.0854703229105834E-4 0.001745889305826709 
0.5707164675646089 0.0011158082860610796 9.440783271655547E-5 1.7312068769319728E-4 -0.0013153208328545865 4.616061702754055E-4 -5.497031112648704E-4 9.006663077910821E-4 -3.676770449958901E-4 0.001684961234647457 
0.24192225079918367 0.0013808575437481267 9.948539727181064E-5 1.9542496103463783E-4 -0.001288768504933009 -8.13702574188901E-5 7.3959990408718E-4 9.574735329446196E-4 -3.1072186435488375E-4 -0.001978087864087154 
