0.9990132849029723 -1.1070966838493595E-4 -1.44684292120891E-4 3.4286970676642445E-4 1.8094060404994015E-4 0.0012750318632400459 4.857087259753783E-5 -4.4556816498862213E-4 -0.001816399110869108 -6.9109342907281E-4 
0.0 -3.005014289365231E-4 -1.300434122947365E-4 3.611950762083721E-4 -3.0686646818192496E-5 0.001326193530086826 2.738182920827709E-5 -2.700478974914502E-4 -0.0018144021923681667 -6.913336703719825E-4 
0.20142921345184142 -1.3323030338433287E-4 4.645057105980378E-4 4.774876524642412E-4 -2.6536359090510224E-5 0.0012702299100799046 1.9676860640052327E-5 -3.4419544627753483E-4 -0.0017738671169717016 -3.37575017443195E-4 
0.5523852233564757 5.305121086170111E-4 4.2831821992621424E-4 3.6034019912025377E-4 -1.4047799938532037E-5 0.0018442376534477637 2.624002725147384E-5 -2.2374766961000465E-4 -0.0017754702778815204 0.0012365208254915677 
0.4792422942918825 -3.1285654499634566E-4 5.900145352074677E-4 5.485310163439075E-4 1.8888544677461475E-4 0.0014980082442298686 -1.617746004049611E-4 -5.067340141151907E-4 -0.0017762117753552023 0.001284955665678257 
0.11954140001560182 -3.1285654499634566E-4 3.9325590734277883E-4 4.6624228575942764E-4 1.8888544677461475E-4 0.0014965750710062395 -1.5990898434668722E-4 -5.067340141151907E-4 -0.0017762065297883306 0.0012880154822532694 
0.21926721395942905 -3.029741065810296E-4 4.4979053885622504E-4 4.7536653398396405E-4 -2.6583271453154984E-5 0.0013145452180583098 5.1039276687975087E-5 -4.5081839427379717E-4 -0.001537765069605437 0.0015201027529177036 
0.8286678913959704 -1.5121560208101922E-4 -1.0673361455113562E-4 4.75750946857544E-4 -2.0973867563400233E-5 0.0013244792089537488 2.7130993254917953E-5 -4.20956885571001E-4 -0.0018178314108897563 -8.102219640979442E-4 
0.10375207755723566 -3.0016372177744553E-4 4.4332781100135595E-4 4.735106075884156E-4 -3.368811832703525E-5 0.0012803824998563525 1.2593568029615158E-4 -2.56615183862968E-4 -0.0015251225578482065 -5.741710755118425E-4 
0.27178404727548433 -1.9788404810636357E-4 4.4054628855863905E-4 6.368149243917163E-4 1.782271634328967E-4 0.0013005740035516486 4.077075217022922E-5 -3.4852216973136545E-4 -0.0017941212682727047 -7.105628303355653E-4 
0.42411200301056656 -3.1383993504695523E-4 -1.1196001770290816E-4 3.4251846109432173E-4 -1.785439106191848E-5 0.0012762470319112836 2.7244787758309324E-5 -2.681374160825195E-4 -0.0017954711264454623 -4.6819776780905934E-4 
0.5019325248097019 -3.018877064106542E-4 4.2718972450585176E-4 4.7181694784199804E-4 -2.195155933482632E-5 0.001470768501397396 1.564475678484005E-5 -2.8796855736280184E-4 -0.0017756529198675766 -4.424137714214136E-4 
0.08282056978843494 -3.1285654499634566E-4 3.9325590734277883E-4 4.6624228575942764E-4 -3.280464469960408E-5 0.0014965750710062395 -1.5990898434668722E-4 -5.067340141151907E-4 -0.0020479481955954794 0.001204281878661984 
0.5694793462406603 -2.8038406109271E-4 3.9473690341905373E-4 5.193448179352782E-4 1.7532636018818124E-4 0.0013301928440566922 4.6126028143746026E-5 -2.953721291134667E-4 -0.001755448008387957 0.0011525007405771208 
0.35599529932812574 -1.2414971173338593E-4 4.5697055291411533E-4 5.616216938219106E-4 -2.1790220997945353E-5 0.0012618572697875449 -4.319043557700512E-4 -2.8859759736291524E-4 -0.001816558317037003 -7.019901555362384E-4 
0.17317871008674013 -1.468949423073734E-4 4.7372474805667587E-4 3.393555606105648E-4 -5.690077493999019E-6 0.0012736605790903248 2.1638984715397102E-5 -2.767621712838134E-4 -0.001766776159623691 0.0012207973536672535 
0.09096756105476078 -1.2821647528143414E-4 4.649324891274255E-4 5.432426016863972E-4 -4.629823108869566E-5 0.0012746572233190614 1.0500296524017462E-4 -3.25113796135101E-4 -0.0018182528249760458 -7.704484690752281E-4 
0.022228574990851888 -2.953247436481381E-4 4.4845217676632126E-4 4.788471855904548E-4 2.052818414733385E-4 0.0012739956357529843 2.5444908321318638E-5 -4.2420879183496275E-4 -0.001772101253443028 0.001238128680920593 
0.7292670092159808 -1.40224933561621E-4 4.7372474805667587E-4 3.393555606105648E-4 -1.1719114404366528E-6 0.0012736819976401504 2.1638984715397102E-5 -2.768747261576563E-4 -0.0018024366537333922 0.0012207973536672535 
0.3418648086191627 -1.2005574689362189E-4 4.5843947303409117E-4 5.616216938219106E-4 -2.193699788132416E-5 0.001442302851197968 -4.3066449444065897E-4 -2.8860140578163267E-4 -0.0020595650322161956 0.0012013196207620173 
0.44903148381565794 -3.135088488531397E-4 4.493449577779014E-4 3.463489671475109E-4 -1.1536007995563155E-5 0.0012606775280957865 1.4097235520109028E-4 -4.1948165567881585E-4 -0.0015537700348721426 -6.839498125051989E-4 
0.9826673303588893 -3.144457451225548E-4 4.5002947747589857E-4 4.7689015922527787E-4 2.369111498257423E-4 0.001239782809390589 2.852981929230975E-5 -2.958006399243289E-4 -0.0015723824505844823 0.001231784386852538 
0.0735179258507841 -1.1516827154496386E-4 4.4813543270713494E-4 3.5014238293599125E-4 -1.3298152431736594E-5 0.0012918093948824142 4.4661795710482E-5 -4.3440034464404934E-4 -0.0016028482774579464 -6.822767543729994E-4 
0.6829705135065254 -3.050282283250446E-4 5.765968053731161E-4 4.6318497754108367E-4 -2.68214625644248E-5 0.001439588214405263 5.0895181247759036E-5 -4.930779493848357E-4 -0.0017720518167205826 0.0012580533567765105 
0.030070703436906543 -1.3978110325566932E-4 4.7796761954704793E-4 4.8084865755919034E-4 2.467594982250806E-4 0.0012651039412907227 2.6509468172931446E-5 -1.4811979243485368E-4 -0.0015932622020948782 -5.803092966257335E-4 
0.2397562732559797 -1.9788404810636357E-4 4.4054628855863905E-4 6.368149243917163E-4 1.782271634328967E-4 0.0013005740035516486 4.1262137458999857E-5 -3.470459796057024E-4 -0.0017941212682727047 -7.105628303355653E-4 
0.695671697222767 -3.050282283250446E-4 5.768164666017031E-4 4.747185304412261E-4 -2.68214625644248E-5 0.001439588214405263 2.4639928614276233E-5 -4.930779493848357E-4 -0.001800245917635178 -3.1041212944852843E-4 
0.30459076921660316 -1.343711551178181E-4 4.421694085352053E-4 4.725331363997342E-4 -2.1528947922162627E-5 0.001500563496189326 6.368480969481716E-5 -3.4375657896665974E-4 -0.0017738540241015288 -4.675160594668859E-4 
0.04000349950216653 -1.072504259441216E-4 5.786613949689366E-4 4.741903402405362E-4 1.6742088908199227E-4 0.0012750226500894111 4.527874562482913E-5 -4.5059668801290966E-4 -0.0015324796556166244 -4.131958015629742E-4 
0.003084507763754872 -2.9984641582827854E-4 4.4540780879544505E-4 4.7744142523416754E-4 -3.909376538132497E-5 0.0012941919319997808 1.401070605361593E-4 -4.2619317856240114E-4 -0.0015204515497847211 -4.4165074984143756E-4 
0.18585615765450914 -1.414747206613078E-4 4.4407421395068326E-4 4.7238476424113897E-4 -2.6583271453154984E-5 0.0013145452180583098 5.301288699815871E-5 -4.966893461800335E-4 -0.0015548625869250957 -6.800581449589679E-4 
0.5172928143820614 -2.995285086499382E-4 4.433549882805197E-4 3.4692232065404937E-4 -1.1331096449182032E-5 0.0012945709898614121 2.1015039574272747E-5 -4.2035966788177346E-4 -0.0017953112927502186 0.0015641575626885388 
0.0011786823715050007 -3.0360896737478094E-4 4.68333195163271E-4 4.734038636016344E-4 2.357265760336867E-4 0.0013226931290768855 1.9225591242765246E-5 -2.9584308436054075E-4 -0.0017961800676589816 0.0013453737645787748 
0.6611688747110641 -1.387815047560453E-4 5.684634743888569E-4 4.793086176499854E-4 2.6151398272239207E-4 0.0012934675140910598 1.8753713696815197E-5 -4.8195031963626936E-4 -0.001808398084334941 -5.178840474140052E-4 
0.2635834198142433 -1.3211272264580397E-4 5.674419581161075E-4 5.44845652154643E-4 2.2299814455186751E-4 0.0012781223844017709 3.800477293718466E-5 -3.238887745799944E-4 -0.0015720033909175828 -5.181955479707015E-4 
0.39911438901608454 -3.1630566885730034E-4 7.464047242998605E-4 4.7874088476984096E-4 2.057465058657868E-4 0.0014863863255410636 3.4741239198353804E-5 -2.5567135808119226E-4 -0.0017741334702596064 0.0011837470328552417 
0.380704178064662 -3.1793098708748327E-4 7.667031143726284E-4 4.776414403880695E-4 -1.5904018298460392E-6 0.0012424532402783932 6.910307847908564E-5 -2.955175384207524E-4 -0.0017742884541184897 0.001227277541552478 
0.8054351822617838 -3.1321551749913625E-4 -1.478514549804562E-4 3.647118696416076E-4 -2.6390308535070393E-5 0.0012606477375947057 2.739708420360392E-5 -4.194535662036518E-4 -0.0017699946065167387 -8.106935795634484E-4 
0.8599612529269927 -3.0284379844693743E-4 -8.859901543027091E-5 4.6741088276406505E-4 1.7387516557820573E-4 0.0012361746295684007 2.5421093713199645E-5 -1.4777032890857277E-4 -0.0018091043564026302 -7.064336739950145E-4 
0.16181820397050006 -3.148271447627852E-4 4.561656792431803E-4 3.5094129068809785E-4 1.8621573707666686E-4 0.001243367074179304 4.9009480386847276E-5 -2.955307136782668E-4 -0.0015363579684604127 -2.9054509973553414E-4 
0.943157947483252 -1.4899809147311463E-4 -1.4341381618317457E-4 3.477437801090552E-4 1.8621573707666686E-4 0.0012423885243758712 2.7246048748034956E-5 -4.222639053626581E-4 -0.0018224758085833698 -3.190600487611318E-4 
0.6688029950759352 -1.0715162088625832E-4 4.4400951646366246E-4 3.6285988464499787E-4 1.6646364940525523E-4 0.0012828165645641261 4.5623152735888356E-5 -4.970816081571166E-4 -0.0015279808920059855 -6.516411000707912E-4 
0.09906996478851517 -3.0016372177744553E-4 4.4780214571540434E-4 4.748248487540427E-4 -3.368811832703525E-5 0.0014363002997968054 3.1190358236427736E-5 -2.5811294695635227E-4 -0.0017558152306149395 -5.741710755118425E-4 
0.7565347966217187 -1.3323030338433287E-4 4.4247237759354455E-4 4.742109407195023E-4 -4.881943014198414E-6 0.0014437619209593465 6.466521116140552E-5 -3.4419544627753483E-4 -0.0017738671169717016 -4.085942976362711E-4 
0.028668736815308127 -1.1818507934388962E-4 5.044207604590887E-4 4.802989794819523E-4 -1.3350690438750822E-5 0.001272817980091037 2.542395730402199E-5 -2.6896034578477153E-4 -0.0015939780978966535 -4.127618609002963E-4 
0.8945227866915906 -2.816169890193248E-4 4.391762048405297E-4 4.7861260242241594E-4 -3.0686646818192496E-5 0.0012636581997291123 2.738182920827709E-5 -2.9928973763389044E-4 -0.0018182281201573342 -6.951387271825288E-4 
0.6434151737170631 -1.0734802099025286E-4 4.492022198178155E-4 3.6645754047645E-4 1.7115799515611874E-4 0.0012828165645641261 4.5623152735888356E-5 -4.4032176958925677E-4 -0.0015279808920059855 -7.149506293234039E-4 
0.9123574931691902 -1.1433549853598158E-4 5.776660966857601E-4 4.741903402405362E-4 1.6742088908199227E-4 0.0012750226500894111 4.527874562482913E-5 -3.051160002787134E-4 -0.0015271502347241383 -4.131958015629742E-4 
0.8394932236668359 -2.75575265574741E-4 8.013458203634672E-4 5.192286690176325E-4 6.657090121317826E-7 0.001826759157508298 3.291558817696845E-5 -4.32950900940497E-4 -0.001782614910657579 0.0011420699965282654 
0.29037131239242137 -1.1836269394201326E-4 4.7961835119934837E-4 3.6017692003501733E-4 -1.4047799938532037E-5 0.0018442376534477637 2.624101038765854E-5 -2.7030978529354345E-4 -0.0017803164267184144 0.001277914362425501 
0.7089360009757479 -1.372872655315787E-4 7.384828532341881E-4 4.751472113787245E-4 -2.7390066534291277E-5 0.001276106839525148 2.5441597848337E-5 -2.944825379456127E-4 -0.0018182333563239248 0.0013567091358619417 
0.850276187525081 -1.408082488980765E-4 4.628002668296962E-4 4.8523777386693317E-4 2.366547484164854E-4 0.0012722811471971634 2.5131626300468627E-5 -2.79286554644421E-4 -0.001776531002011055 0.0012280984567825007 
0.38812836965520003 -1.378293105638313E-4 7.667031143726284E-4 4.776414403880695E-4 -1.5904018298460392E-6 0.0012750429319006923 6.955897067254294E-5 -2.955175384207524E-4 -0.0017742884541184897 0.001227277541552478 
0.8784148983821418 -3.1518620130986284E-4 4.3233661212038044E-4 4.68058386394543E-4 1.7339452290185002E-4 0.0012367452842641622 2.5421093713199645E-5 -1.4777032890857277E-4 -0.0018096157551878002 -7.064336739950145E-4 
0.0557396985739958 -3.0055072658074404E-4 4.4538535590654715E-4 4.741903402405362E-4 1.6742088908199227E-4 0.001284527188921879 -3.6385633647392497E-4 -2.887008474216762E-4 -0.0015324796556166244 -4.131958015629742E-4 
0.5294706521153254 -1.3852411586551884E-4 4.450485692705037E-4 4.7745916393748046E-4 2.6090630273556344E-4 0.0012934675140910598 1.8753713696815197E-5 -4.8195031963626936E-4 -0.001808398084334941 -4.553085277784792E-4 
0.9697512643328786 -1.3921722200641896E-4 4.6343058766877587E-4 5.198379190236483E-4 1.9360751456619826E-4 0.0014419582279767014 1.920656850227284E-5 -2.9600710604884835E-4 -0.0017775900167341552 0.001285931222044968 
0.7628566377919033 -1.9788404810636357E-4 4.4054628855863905E-4 6.368149243917163E-4 1.782271634328967E-4 0.0013005740035516486 4.1868115539585765E-5 -3.470459796057024E-4 -0.0018100762284091532 0.0012211385295444292 
0.29037131239242137 -1.1836269394201326E-4 4.7961835119934837E-4 3.6017692003501733E-4 -1.4047799938532037E-5 0.0018442376534477637 2.624101038765854E-5 -2.7030978529354345E-4 -0.0017803164267184144 0.001277914362425501 
0.04485694728450296 -1.1818507934388962E-4 4.7691478618074756E-4 4.802989794819523E-4 -1.3744774809922594E-5 0.00127279511364474 2.542395730402199E-5 -4.5119999641983054E-4 -0.0018211718424131558 -4.586738392793867E-4 
0.15085165425582095 -2.809063771196643E-4 4.395514504340605E-4 3.468719288784627E-4 -1.4467265996096523E-5 0.0018052366355068177 -1.6836028423123834E-4 -4.802107981708842E-4 -0.0017762153786491037 0.0012951661764952366 
0.12671364474045643 -1.2366562100579124E-4 4.649324891274255E-4 5.432426016863972E-4 -4.568879990273714E-5 0.0012746572233190614 1.075165084328305E-4 -3.25113796135101E-4 -0.0018182528249760458 -6.925161377391315E-4 
0.409114550253096 -1.3513805584305867E-4 7.667772732234629E-4 3.501178672960343E-4 -3.3927275685562455E-5 0.0012624068262262625 7.043120285043136E-5 -2.828806607199232E-4 -0.0018090776516041115 -8.262708264568559E-4 
0.0089543833377847 -1.1516827154496386E-4 -7.837203298761611E-5 3.5054692656802443E-4 -2.9974568077068846E-5 0.0012918093948824142 -4.0302615650368936E-4 -1.4215503223362631E-4 -0.0016028482774579464 -6.819736427600826E-4 
0.06695123632517536 -3.002220802567187E-4 4.436195057080478E-4 4.741100617987753E-4 -1.1330250959065373E-5 0.0012739302502891992 -3.765026408283265E-4 -2.9303905927329595E-4 -0.001537369868013155 -7.182778105248392E-4 
0.01285744992088074 -1.0970191858689977E-4 4.754004716159038E-4 4.7797891470594765E-4 -1.3928706981055834E-5 0.0014424508288240047 2.4396189913915392E-5 -5.018267097948384E-4 -0.0015952742391565607 -6.162776136978065E-4 
0.1826689252311713 -3.029741065810296E-4 4.4407421395068326E-4 4.7567014916641574E-4 -2.6583271453154984E-5 0.0013145452180583098 5.109132856931053E-5 -4.971009327143563E-4 -0.001537765069605437 -6.800581449589679E-4 
0.6452646482024039 -3.0549311377861104E-4 4.761232436183567E-4 5.230999124103956E-4 1.8715848110986184E-6 0.0012834339543026988 1.4195041629787536E-4 -2.3980292457375608E-4 -0.0015594442762467437 -7.157794432499228E-4 
0.9001149393981385 -3.1457406805694796E-4 4.4982352907259104E-4 3.5078325032255887E-4 1.7431320500021783E-4 0.0012422315025397428 2.553474490481583E-5 -2.9636990731108937E-4 -0.0017850259187857582 -4.6775975229545195E-4 
0.1570554677080746 -1.3993590455369187E-4 4.635482603968633E-4 4.7455714349029665E-4 2.467594982250806E-4 0.0012651039412907227 2.5085099015161113E-5 -1.4811979243485368E-4 -0.0018001351228099812 -3.2550787865589864E-4 
0.005844935480242119 -3.1457406805694796E-4 4.4762610183466013E-4 3.587647880482865E-4 2.3288421091109118E-4 0.0012417690885504094 2.7346466066824022E-5 -2.8007965105477777E-4 -0.0018226392774182655 -3.0472284454804765E-4 
0.41565505095051564 -3.045187746913074E-4 7.464047242998605E-4 4.7874088476984096E-4 2.0591535953152983E-4 0.0014863863255410636 3.4741239198353804E-5 -2.4241116485352083E-4 -0.0017740803383777027 0.0010857340493437625 
0.5812897917505606 -2.801972507824424E-4 3.9473690341905373E-4 5.193448179352782E-4 1.7532636018818124E-4 0.0013294747100313928 4.6126028143746026E-5 -2.953721291134667E-4 -0.0017555175359022796 0.0011525007405771208 
0.7893154781785992 -1.182921473844099E-4 4.7776121953735514E-4 4.802989794819523E-4 -1.4454519537631714E-5 0.0013227143774951755 2.542395730402199E-5 -2.6896034578477153E-4 -0.0015939780978966535 0.0014104458811906619 
0.6250044877203806 -1.876378736800055E-4 4.434909001010909E-4 5.61269475435537E-4 -1.4979786958622523E-5 0.0012701982485120997 1.269522487740666E-5 -3.4079235447637585E-4 -0.0018181845110999246 -6.38962993466424E-4 
0.014229994829571935 -2.953247436481381E-4 -7.248345078433009E-5 4.788471855904548E-4 2.057624841496942E-4 0.0012739956357529843 2.5444908321318638E-5 -4.2420879183496275E-4 -0.001772101253443028 0.001238128680920593 
0.4683721379662163 -3.033677499382649E-4 4.733099860333394E-4 3.4609210327099125E-4 -3.3005073929143365E-5 0.0015249854272685482 2.5038214549530963E-5 -1.7480778685164872E-4 -0.0018015355657407172 0.0011480716227784352 
0.7768053809606925 -1.5076637200973537E-4 -1.3845622163915762E-4 3.48218894882361E-4 -1.1218752558348105E-5 0.001285709885664741 2.7245869564515155E-5 -4.219881902930208E-4 -0.0018163401282031636 -8.107213782343883E-4 
0.9265223886825831 -1.4899809147311463E-4 -1.4341381618317457E-4 3.601456444784142E-4 -2.1850223237706887E-5 0.0012423885243758712 2.7246048748034956E-5 -4.222639053626581E-4 -0.0018224758085833698 -3.190600487611318E-4 
0.13904788210452135 -3.050282283250446E-4 3.854358519911853E-4 4.6604521922055566E-4 1.9120186179913195E-4 0.001439588214405263 5.0595447072192823E-5 -4.930779493848357E-4 -0.0017720518167205826 0.0012580533567765105 
0.5294706521153254 -1.3852411586551884E-4 4.450485692705037E-4 4.7745916393748046E-4 2.6090630273556344E-4 0.0012934675140910598 1.8753713696815197E-5 -4.8195031963626936E-4 -0.001808398084334941 -4.553085277784792E-4 
0.602760125304612 -2.816169890193248E-4 7.376732935430995E-4 4.7874055049228523E-4 -2.717942367443766E-5 0.0012292608708836994 -4.4602857467637214E-4 -2.5785521153829727E-4 -0.0018186383902834807 -7.759324551023844E-4 
0.3115328607111935 4.536153260152494E-4 4.419858047732723E-4 3.5929152850630445E-4 -6.78767702670114E-5 0.001505262894171488 3.7602843913880045E-5 -1.2099582694604269E-4 -0.0015379985396114042 0.0015424767982123821 
0.366933943256018 -3.002220802567187E-4 4.436195057080478E-4 4.7348938433774637E-4 -1.1368297672125312E-5 0.001273882374399138 -3.765026408283265E-4 -2.9303905927329595E-4 -0.001537369868013155 -7.182778105248392E-4 
0.5063684598126352 -3.0229649242435554E-4 4.268519924055198E-4 4.725331363997342E-4 -2.1528947922162627E-5 0.001500563496189326 1.9046686230508307E-5 -3.4375657896665974E-4 -0.0017628192357331915 -4.675160594668859E-4 
0.7967240706826795 -1.1818507934388962E-4 4.776689988196562E-4 4.802989794819523E-4 -1.374446463463987E-5 0.0012727747979643198 2.535227144757016E-5 -2.6613999808296006E-4 -0.0017695161059919327 -8.263729150313174E-4 
0.32402680670909745 -1.375435899788183E-4 5.683712183818119E-4 4.813727057847484E-4 2.228662001470454E-4 0.0012781223844017709 2.8793547405249053E-5 -2.9295741530574373E-4 -0.0015720349724790664 -5.182718332299909E-4 
0.31842146830755635 -1.1214988708190239E-4 4.455038886562827E-4 5.645989528912478E-4 -2.23726280041031E-5 0.001273606549030009 3.506035984940408E-5 -4.5747695378034166E-4 -0.001816558317037003 0.0012371944834597246 
0.9978840546060453 -1.1070966838493595E-4 -1.4014515843228047E-4 3.4286970676642445E-4 1.8094060404994015E-4 0.0012750318632400459 2.6152071347064432E-5 -4.4556816498862213E-4 -0.001816399110869108 -5.719247662103686E-4 
0.25101654321739186 -1.1214988708190239E-4 7.453831154696842E-4 5.645989528912478E-4 2.1421846084317375E-4 0.0015366860578060406 -4.3301585366080874E-4 -4.5498957780891567E-4 -0.001816558317037003 0.0012371944834597246 
0.6250044877203806 -1.876378736800055E-4 4.434909001010909E-4 5.61269475435537E-4 -1.4979786958622523E-5 0.0012701982485120997 1.269522487740666E-5 -3.4079235447637585E-4 -0.0018181845110999246 -6.38962993466424E-4 
0.4432567225421016 -3.035561199970642E-4 4.628002668296962E-4 4.784692697884658E-4 -2.0973867563400233E-5 0.0013244792089537488 2.5441597848337E-5 -2.970837534837817E-4 -0.0018178314108897563 -6.951387271825288E-4 
0.22940339811708993 -3.002220802567187E-4 4.455642857845443E-4 4.741100617987753E-4 -3.339776435332467E-5 0.0012734002776209064 -3.765026408283265E-4 -2.9612610013915507E-4 -0.001537369868013155 -5.710877550796484E-4 
0.4683721379662163 -3.033677499382649E-4 4.733099860333394E-4 3.4609210327099125E-4 -3.3005073929143365E-5 0.0015249854272685482 2.5038214549530963E-5 -1.7480778685164872E-4 -0.0018015355657407172 0.0011480716227784352 
0.25268351507550396 4.4980442626816534E-4 7.626257199717471E-4 6.234008014463861E-4 2.012767272913258E-4 0.0012613155332602411 -4.291440478809478E-4 -1.2099582694604269E-4 -0.0018166020192641947 -6.842559644923033E-4 
0.06115768442832814 -2.977039216113167E-4 4.7961902614728445E-4 4.7607718973625214E-4 -1.373258174075784E-5 0.0013480258926160584 2.5862293230211916E-5 -2.7038782862372543E-4 -0.0017569582582644657 -4.5257897407352136E-4 
0.9496903163546324 -2.6976276440595086E-4 -1.4341381618317457E-4 3.417923547238997E-4 1.857683294947224E-4 0.0012423885243758712 -4.928353080174739E-4 -4.166508583230478E-4 -0.0018233338070405246 -3.190600487611318E-4 
0.2279458279518512 -1.980708584166312E-4 4.4054628855863905E-4 6.368149243917163E-4 1.782271634328967E-4 0.001301292137576948 4.1262137458999857E-5 -3.470459796057024E-4 -0.001794051740758382 -7.105628303355653E-4 
0.018286331751255602 -3.0360896737478094E-4 -1.3368245088113493E-4 4.734038636016344E-4 1.8122914900389362E-4 0.0013226931290768855 4.906615954150171E-5 -2.958827701014822E-4 -0.0018168569727664975 -8.495155808820047E-4 
0.0016321562098082446 -1.1818507934388962E-4 4.766208108480411E-4 4.802627486503292E-4 -7.913709015326963E-6 0.00127279511364474 2.5423751133536653E-5 -2.6896034578477153E-4 -0.0018285962088052845 -4.6819776780905934E-4 
