0.9999999036370968 -3.2555259325441733E-4 -2.2144775031835708E-4 4.4392446146203547E-4 -1.370668185402895E-4 -6.70705302164294E-5 4.103614728935195E-4 0.0021456943210514273 -0.0010949626152634993 -1.2511709818613853E-4 
0.0 -6.063034789123171E-5 -2.252508831919114E-4 4.494135689696914E-4 -1.8789131126087404E-4 -8.559547550936825E-4 3.186649967063663E-4 0.002202456542497554 -0.0015871308882782944 -8.685209909548121E-5 
0.45753316139370803 -3.3462263498542456E-4 -5.507381527285424E-4 5.03990254388306E-4 -1.313888619939417E-5 5.321637735947979E-6 8.92035061837406E-5 0.0021964379419093364 -0.0013635527004466205 9.660098599965901E-5 
0.579386926147945 -2.814071136004762E-4 -2.4956910194299245E-4 4.426187599195562E-4 -1.282837375140523E-4 -8.857076706572759E-5 4.4398929288660044E-4 0.0021494806939299158 -0.0014710345151335363 -8.907727167845476E-5 
0.8216901549746098 4.712204046252816E-5 -2.518639691720078E-4 3.926076154075173E-4 -1.7964857382195786E-4 -6.673940016800028E-5 2.866176918573085E-4 0.00216888280285927 -0.0013781402192907417 -8.689346815583759E-5 
0.08115638373726813 -3.2612383015301284E-4 -3.04902591381158E-4 2.975549670267391E-4 -1.3782648078115945E-4 -6.664483246520522E-5 4.1071447251141656E-4 0.0021457284482779477 -0.0010647302732889107 -7.939496763960017E-5 
0.4960190966508981 -3.1275038647428155E-4 -2.4770202197360087E-4 3.636591662458583E-4 -1.5730618816080764E-4 -7.471982356373034E-5 1.2486102572363637E-4 0.002145483694054644 -0.0013834121033978516 -7.932148016195572E-5 
0.18628032371155562 -5.539544250373048E-5 -2.939469025462517E-4 3.946467584109334E-4 -1.2925047367448456E-4 -7.054252254750214E-5 2.888678852359838E-4 0.002162207228755803 -0.0014536300760892077 -8.929169625921196E-5 
0.20381082029559255 -3.47051312415547E-4 -2.2846105661544845E-4 4.4704759952300096E-4 -1.0877621897106576E-4 -6.47349529364911E-5 2.9066907528035776E-4 0.0021478200527728906 -0.0015666984686673895 -8.16245243371229E-5 
0.33558481347685676 -3.8188287293717486E-4 -2.3303374400565535E-4 8.979826602396117E-5 -1.0232710306254882E-4 -8.792856953748254E-5 3.9407027015837684E-4 0.002157621345814716 -0.0017571890994296955 -6.358845641015423E-5 
0.3875549885407851 -3.8599505190868E-4 -4.3009266823313406E-4 3.946467584109334E-4 -1.2629550593048577E-4 -7.032638035923318E-5 1.5195905791530166E-4 0.002159018233645087 -0.0013511583816848013 -9.063709484780651E-5 
0.4810088649286407 -3.511168244584373E-4 -2.487518997169804E-4 4.0903381452163227E-4 -8.731879070834734E-5 9.406873053024912E-6 4.633819694917704E-4 0.002158769514606635 -0.0014621763399321813 8.914246056134796E-5 
0.07078525185400636 -3.1157894154096956E-5 -3.014429952988255E-4 3.9336156633600793E-4 -2.2029731649138033E-5 -3.479441006355979E-5 9.379093735550892E-5 0.0021842037588411553 -0.0013419583189280572 -8.813545294126155E-5 
0.6550263126386014 -3.4347421551902876E-4 -2.473093814969017E-4 3.758403982143947E-4 -3.0753748394838826E-5 9.153997520890947E-6 1.5178164125435154E-4 0.002524540230696891 -0.0014947211403152705 -9.270372776474205E-5 
0.5224392861680417 6.477491857948074E-6 -4.40270014636617E-4 4.4334630592902415E-4 -1.3682230096029996E-4 -7.56136667184254E-5 3.1825269247709486E-4 0.002195635897886331 -0.0015749622214898376 -8.633447216310582E-5 
0.8989118895482358 -3.2850853398585643E-4 -2.966421622907664E-4 3.9310668906550745E-4 -1.2923382371820066E-4 -8.857325957311953E-5 4.572004846576616E-4 0.002144329648238544 -0.001462013692859379 9.578006696922957E-5 
0.001325740579565915 -3.768393708795823E-5 -2.6323017263912336E-4 4.950339827880416E-4 -1.884816049110286E-4 -5.752766100265103E-5 5.417867051364285E-4 0.002160765533599606 -0.0010750020707686807 -9.666741778119133E-5 
0.6729527375537165 -8.808640509721803E-5 -2.4792075764042143E-4 8.963083207141778E-5 -1.0232710306254882E-4 -4.029158169365231E-5 3.9407027015837684E-4 0.002157621345814716 -0.001757101586637942 -6.358845641015423E-5 
0.1533475879244917 -3.433383795063951E-4 -2.477914364282089E-4 9.071001863888295E-5 -1.7859119072286954E-4 -8.165423787883215E-6 5.282407625102721E-4 0.002145540935700513 -0.0017341604621311153 -8.485436320199203E-5 
0.02860010239436972 -3.2891001358586076E-5 -4.4508034564611334E-4 4.929700148779011E-4 2.3002508889594995E-5 -9.384878533334253E-5 4.816773927622685E-5 0.0021583221694808216 -0.0015783715673469577 8.942336625475072E-5 
0.6849368624455108 -3.971737027716951E-5 -3.2060929263831063E-4 3.944729365036004E-4 -1.275784094916275E-4 -7.033918531482912E-5 8.777595007819605E-5 0.0021624282625207453 -0.001337776032962699 -9.108233289363859E-5 
0.2998580483290446 -3.4314148882475947E-4 -2.4761422188634345E-4 5.002915400111008E-4 -2.0754496508348146E-4 -7.770390217288017E-6 1.0532760290311817E-4 0.0021966753437651417 -0.0017529026431525206 1.0111986503620653E-4 
0.164677718470071 -3.133843033565487E-4 -3.0008700206795485E-4 3.9406038728171484E-4 -1.3777011506072972E-4 -6.498545725781125E-5 6.676227585158598E-5 0.002144548720130154 -0.0015753549288409529 1.1661061338410921E-4 
0.5561974763486294 -3.558526888307873E-5 -2.518639691720078E-4 3.9233037374683684E-4 -1.7959223510616206E-4 -8.680957702326515E-5 2.860586365127396E-4 0.0021580231245714745 -0.0013781402192907417 -8.689346815583759E-5 
0.8740879202428851 -3.433383795063951E-4 -2.4762054926591334E-4 3.8560925046460584E-4 -2.0338969275319162E-4 -6.892351611274535E-6 4.4379895134400446E-4 0.0021352121090899203 -0.0015689654832442813 -1.3015836140468204E-4 
0.7213888176979495 -3.5054877482999786E-4 -2.490429830581247E-4 4.109606370732604E-4 -7.1897994929952735E-6 -5.5568983232147244E-5 1.4447109170153834E-4 0.002129878942338451 -0.0014555309576614393 -1.3521103613792869E-4 
0.12340111382847825 -3.5058483079830524E-4 -4.4508034564611334E-4 4.160703775700428E-4 2.1889920650939524E-5 -7.859573968559109E-5 4.816773927622685E-5 0.0021567777176897686 -0.0014574766299556745 9.589998381375946E-5 
0.09259074673939505 -3.433383795063951E-4 -2.4025547726095958E-4 8.978372503265592E-5 -1.8757765815217322E-4 -8.165423787883215E-6 4.3359897480503475E-4 0.0021351925647308035 -0.0017565784627955128 -8.640318648127457E-5 
0.4029995346617547 -6.009097641759741E-5 -2.125896440789318E-4 3.8223550426512036E-4 -1.8984869695205586E-4 -6.396856441680638E-5 3.8101826633002775E-4 0.0021422931568526693 -0.0015687500164023977 -8.841638822849119E-5 
0.034102690682606546 -4.2598774335346826E-4 -2.3700706984287404E-4 4.961770950747044E-4 -3.152435043263116E-5 -8.825595705133082E-5 1.4843693291960417E-4 0.0021456326152260734 -0.0016067557241610142 -1.275475319798181E-4 
0.5378324045693914 6.477491857948074E-6 -2.4333634121375617E-4 4.433355902614756E-4 -3.1935278418809986E-6 7.174480126433629E-6 3.1825269247709486E-4 0.0021951541867010083 -0.0015792861057169457 8.74845775262816E-5 
0.26654014988587516 -3.472403374083651E-4 -2.0600813027894771E-4 3.9057612122210246E-4 -9.499916061793707E-5 -4.983925414509064E-5 3.906373268247964E-4 0.0021879860438407074 -0.0014521026290685267 -1.2455752100001927E-4 
0.8692284259289189 -4.354818032124459E-5 -3.588730533007469E-4 4.060385468237562E-4 -1.4192027906879823E-4 -4.0583167594721205E-4 8.337436412441708E-5 0.0021300309225047364 -0.0013767069557222736 -1.3488403356944564E-4 
0.11363861089978651 -3.173583332232347E-4 -4.112472844550971E-4 5.045211863598572E-4 -1.3563998782147073E-4 -0.0011054538819431812 3.486048202700319E-4 0.002566258745123358 -0.0015753844550594948 -9.660238070503837E-5 
0.2868967392981939 -3.98787227937524E-5 -2.7992820637036305E-4 3.9264732884156995E-4 -1.8010013421195176E-4 -4.0282164269360134E-4 3.929486423735698E-4 0.0025839427033555666 -0.0014528136510366494 -9.632670967428819E-5 
0.04003603136442396 2.9683639902890326E-5 -4.529501436909028E-4 2.9309679694435064E-4 -1.3635743016373792E-4 -6.391700057072369E-5 2.9012478366745374E-4 0.0021478229726013638 -0.0015775339168607417 8.480230177069912E-5 
0.9173513096932692 -6.345171660479835E-4 -2.064544832159428E-4 3.936643827993634E-4 -9.578120286529888E-5 -4.069651218564197E-4 3.906373268247964E-4 0.0021617537309919625 -0.0015701428547423635 -1.2460976969965666E-4 
0.7647226744294553 -3.056323369360715E-4 -2.3531764133833983E-4 2.9268721369889037E-4 -1.3242871153120518E-4 -9.012546431415539E-4 3.9222274627885204E-4 0.002172858923852947 -0.0015287574643174343 -8.301124748282152E-5 
3.034796612614854E-4 -4.31313504663481E-5 -3.0945108609901044E-4 4.1491034099888716E-4 -8.676742032897627E-5 -3.9891416083725107E-5 9.166063785485571E-5 0.002129982892702776 -0.0015657811216466318 1.006800546741644E-4 
0.21262881923254734 -5.4203693347736195E-5 -1.9290809911473426E-4 4.947701025441437E-4 -1.419015763319902E-4 -8.1712595145464E-5 2.986401181663931E-4 0.0021620017070216866 -0.0015764098086826638 -1.2719459992900588E-4 
0.7024617444021587 -3.49259623280981E-4 -2.490429830581247E-4 5.280985820337099E-4 -8.722263217843335E-5 -7.987495261423661E-5 4.815497091864864E-5 0.0021566712637658 -0.0015609575922364233 9.595792873839555E-5 
0.008515247722308349 -3.742299566356517E-4 -4.307331137346081E-4 3.940928446076174E-4 2.8796788028982515E-5 -3.905934548240359E-4 5.549147855614999E-5 0.002139466763386932 -0.0014591588472105382 -1.2620915899583035E-4 
0.846564495427027 4.668688761684366E-5 -2.518639691720078E-4 3.913513932811172E-4 -1.7964857382195786E-4 -6.399550609614839E-5 2.9028333998691483E-4 0.00216888280285927 -0.0015637334422847445 -8.65882605139879E-5 
0.27829932167135935 -3.467791168144044E-4 -2.966421622907664E-4 3.9367015495237E-4 -1.2923382371820066E-4 -8.857325957311953E-5 4.572004846576616E-4 0.0021882838614126123 -0.0014519916482308695 9.578006696922957E-5 
0.24773319062105276 -3.47051312415547E-4 -2.399026970880113E-4 4.4704759952300096E-4 -1.0989706145990064E-4 9.711625688087559E-6 4.3870490686980987E-4 0.0021592551894518827 -0.001566678578816301 -8.16245243371229E-5 
0.3477123947480443 -3.821152717824825E-4 -2.321145035333598E-4 3.846698535196845E-4 -1.8955146721656677E-4 -7.824852981669984E-5 5.26986222855649E-4 0.0021579287136158044 -0.0015706163324185909 -1.2648926676175784E-4 
0.053995076975823245 -3.485798423341848E-4 -2.4182515152327422E-4 4.496222395347745E-4 -8.724861435566388E-5 3.2225520396602275E-6 1.4372319444824682E-4 0.0021591597614849093 -0.0015683547545503203 9.080107448075097E-5 
0.25672963020270606 -3.47051312415547E-4 -2.399026970880113E-4 4.4704759952300096E-4 -1.0989706145990064E-4 -5.501135506495063E-5 4.3870490686980987E-4 0.0021592551894518827 -0.0014536300760892077 -8.203696481236611E-5 
0.022156447623038866 -3.169257007560372E-4 -4.3161328247896526E-4 5.037678239454038E-4 2.0813249634829117E-5 -0.0011870777830432716 4.780117374302012E-5 0.0021668465319515736 -0.0015299003107678445 -1.3359636500757903E-4 
0.9535655468208006 -3.474221646411769E-4 -2.2218139575380202E-4 4.429981678558084E-4 -1.370668185402895E-4 -4.070592288759103E-4 2.9628733184200825E-4 0.0021353459500817176 -0.0011137982474405277 -1.2662662324628056E-4 
0.004131317037714577 -3.2126851219233107E-4 -3.045307097354401E-4 5.002722473676431E-4 -3.2260876804216688E-6 -3.973820241761283E-4 3.1789373722597317E-4 0.002198011783636677 -0.0015873768950374564 -1.285686213072554E-4 
0.06361061888707248 -3.438803444054178E-4 -3.0025146229629E-4 3.954229042313433E-4 -3.639940595777315E-6 -6.0756138118015044E-5 3.893891519995426E-4 0.0025857397427380114 -0.0014528136510366494 -1.0094335961674373E-4 
0.8469130518123529 2.9683639902890326E-5 -4.529501436909028E-4 2.9309679694435064E-4 -3.134767054848583E-5 -6.397777138218968E-5 2.9012478366745374E-4 0.0021935494472257763 -0.0015775339168607417 -9.102149167050313E-5 
0.31108160602295476 -3.4721403291387517E-4 -2.399026970880113E-4 4.441430870690482E-4 -1.0989706145990064E-4 -5.501135506495063E-5 4.3870490686980987E-4 0.0021592551894518827 -0.0014536300760892077 -8.203696481236611E-5 
0.7372992759037583 -3.432705571587544E-4 -2.4760083164059775E-4 4.109606370732604E-4 -7.1897994929952735E-6 -5.82169735851109E-5 1.0249138887986217E-4 0.002196837181713695 -0.0014555309576614393 -1.3521103613792869E-4 
0.42433614567954325 -3.511168244584373E-4 -2.487518997169804E-4 4.110964596801765E-4 -8.731879070834734E-5 9.406873053024912E-6 4.633819694917704E-4 0.002196050213032717 -0.0014621763399321813 8.914246056134796E-5 
0.10661882925824018 -3.471717818736223E-4 -2.113691630792187E-4 4.5074989501745004E-4 -1.27585316077788E-4 -5.501135506495063E-5 4.336710616816296E-4 0.002159033552991978 -0.00145298964046266 -8.203696481236611E-5 
0.9334259483845444 -3.474221646411769E-4 -2.2201591292601375E-4 4.429981678558084E-4 -1.370668185402895E-4 -8.807703374733443E-5 2.9628733184200825E-4 0.0021353459500817176 -0.0011137982474405277 -1.2662662324628056E-4 
0.6260945492568705 -2.824478200552183E-4 -3.47248427785313E-4 4.009460683863917E-4 -1.3072046378599482E-4 -9.465989015360839E-5 2.8608740783670806E-4 0.0021495437998651705 -0.0014024918073374075 -8.07437927742477E-5 
0.44364888857890117 -3.511168244584373E-4 -2.5055707293507074E-4 4.110964596801765E-4 -8.616965589108132E-5 6.272895918660606E-6 4.633819694917704E-4 0.002196050213032717 -0.0014621763399321813 9.563184130184664E-5 
0.7510138705612921 -2.8190759944280775E-4 -2.490429830581247E-4 4.4717704040314035E-4 2.1008606584453524E-5 -5.3207121548622086E-5 8.536132655530298E-5 0.0021441727180063594 -0.001568579460388533 9.002214029143092E-5 
0.3608852996018635 -3.170192956092652E-4 -2.0408014100411814E-4 5.037694236045927E-4 -1.308439666812755E-4 -0.00114041023708703 3.1360321480744703E-4 0.0025785808377389746 -0.0015289399387290303 -8.325827996521455E-5 
0.8062193149079939 -3.8767728855943433E-4 -2.4027952935022303E-4 3.946467584109334E-4 -1.0729375194338216E-4 -7.054252254750214E-5 2.888832268974263E-4 0.002159258815460429 -0.0014536300760892077 9.448448287935263E-5 
0.013489976884827401 -6.0598361475199306E-5 -2.352676567570708E-4 4.956067354527769E-4 -1.8776544981832598E-4 -8.936759205935373E-4 3.929486423735698E-4 0.0021417560378135924 -0.0015871308882782944 -9.138447406519387E-5 
0.017299697147455304 -4.2598774335346826E-4 -2.996075031879638E-4 5.298643100633114E-4 -3.152435043263116E-5 -4.010111478709462E-4 3.164983883044696E-4 0.0021456595721011736 -0.0015871351582637241 -1.2696236465561782E-4 
0.5516460444925163 -3.5067405960704503E-4 -2.487518997169804E-4 4.0903381452163227E-4 -8.731879070834734E-5 9.974671621075083E-6 4.5884204794861784E-4 0.002158769514606635 -0.0014621763399321813 8.855034594628205E-5 
0.5941685337468512 -2.8072463286409576E-4 -2.0976660929453416E-4 4.500051676518545E-4 -1.27585316077788E-4 -5.501135506495063E-5 4.336710616816296E-4 0.0021592551894518827 -0.0014536300760892077 -8.203696481236611E-5 
0.9395313120726659 -6.299558358905135E-4 -3.3395702297094374E-4 2.9309679694435064E-4 -3.134767054848583E-5 -6.397777138218968E-5 2.9012478366745374E-4 0.0021882338361566187 -0.001582613745536029 -9.102149167050313E-5 
0.709406850830406 -3.49259623280981E-4 -2.490429830581247E-4 5.280985820337099E-4 -8.722263217843335E-5 9.153997520890947E-6 5.154901548539597E-5 0.002144500346403337 -0.001568579460388533 9.015248811699452E-5 
0.7919290346421883 -7.273019280827717E-5 -2.7992831927035005E-4 3.8343239350660643E-4 -1.7943447701644557E-4 -3.9420234959554746E-4 3.859178414016171E-4 0.0021624282625207453 -0.0014474319753112752 -1.0163275254601338E-4 
0.23601240502049958 4.747499984065763E-5 -2.259263001254769E-4 2.9309679694435064E-4 -9.571974738344354E-5 -6.397777138218968E-5 2.9141895529796556E-4 0.0021935494472257763 -0.0015773764653110372 -9.101832963981784E-5 
0.05847606672420508 -3.48570292248542E-4 -2.4182515152327422E-4 4.496222395347745E-4 -8.724861435566388E-5 3.2225520396602275E-6 1.4372319444824682E-4 0.0021591597614849093 -0.0010931612193343034 9.118233670260751E-5 
0.011167921493668853 -6.213455738317367E-5 -2.8041223396476E-4 4.422689859621774E-4 -3.9074037779942395E-5 -9.549037428083537E-4 2.8288579625918833E-4 0.0021490654908477326 -0.0015895118981894888 -7.102178382060166E-5 
0.9771396711411111 -3.235754626814277E-4 -2.4951208842043836E-4 2.97111226156136E-4 -1.3625066519478056E-4 -6.664483246520522E-5 4.2210430396015617E-4 0.0021457284482779477 -0.0010647302732889107 -7.939496763960017E-5 
0.9071541457526731 -3.428159280790149E-4 -2.4761422188634345E-4 4.442863229805223E-4 -2.1006625263759264E-4 -7.733261482101036E-6 9.091287275422201E-5 0.002197878840644408 -0.0017831642726771214 9.593381909042505E-5 
0.22376050693012942 -2.836707110957881E-4 -3.540331906829758E-4 4.92287447080118E-4 2.122364870818692E-5 2.249441648529385E-6 8.895303321952575E-5 0.002146901869033174 -0.0015793613304021785 -1.2696659866799216E-4 
0.6100541368337763 -4.914001974029353E-5 -5.15104861551615E-4 2.99092908581429E-4 -9.718420690220896E-5 -1.8033548419711814E-4 4.2054091052249714E-4 0.002147830694251846 -0.0010833026271051811 -1.2822618883284048E-4 
0.046840744982842575 -2.7422941773874E-4 -3.3201501407234557E-4 4.413409938524024E-4 -2.1613586792503678E-5 -9.339619055652077E-5 8.62703417356022E-5 0.0021467466296434044 -0.0014791588143879396 -9.094487670913078E-5 
0.1431760967881696 -3.4764832207793533E-4 -4.345827588647282E-4 4.110964596801765E-4 -8.731879070834734E-5 9.406873053024912E-6 4.6359052828756804E-4 0.002196050213032717 -0.0014519566684806744 -1.316734911158457E-4 
0.526123923416613 -4.5260099297973354E-4 -3.4402385439792247E-4 2.97111226156136E-4 -1.3553384567926332E-4 -6.432187674986292E-5 4.2210430396015617E-4 0.0021457284482779477 -0.0010688448080986266 -8.675616019875283E-5 
0.48800268317643025 -7.546994236055057E-4 -2.4543670246591543E-4 4.407371669229869E-4 -9.358374374090377E-5 3.988078195097712E-6 2.8944201892321195E-4 0.002187709811018474 -0.0014920821132503267 8.956983323454552E-5 
0.005262832556210573 -3.2126851219233107E-4 -3.045307097354401E-4 5.002722473676431E-4 -3.2260876804216688E-6 -3.973820241761283E-4 3.1789373722597317E-4 0.0021949420901088822 -0.0015873768950374564 -1.285686213072554E-4 
0.13349550604418775 -6.73316833994304E-5 -3.164408932903311E-4 3.8361737032886555E-4 2.86709281098729E-5 -7.805115981606392E-5 3.861307080883046E-4 0.0021426517733540967 -0.0015791518149960325 -9.026478531304514E-5 
0.5981895848663468 -3.4780566845411234E-4 -1.9948469084363617E-4 4.435482701752322E-4 -1.251266576398724E-4 -5.501135506495063E-5 4.336386693211566E-4 0.0021589127424038548 -0.0014520825506285212 -1.2587385032387165E-4 
0.37415987478682 -3.169257007560372E-4 -4.3161328247896526E-4 5.037678239454038E-4 -1.3099639736308133E-4 -0.0011794577535735723 4.780117374302012E-5 0.0021664747710574478 -0.0015299003107678445 -1.3359636500757903E-4 
0.37415987478682 -3.169257007560372E-4 -4.3161328247896526E-4 5.037678239454038E-4 -1.3099639736308133E-4 -0.0011794577535735723 4.780117374302012E-5 0.0021664747710574478 -0.0015299003107678445 -1.3359636500757903E-4 
0.4316781874745421 -3.8312560926607894E-4 -4.112472844550971E-4 3.7241979264876956E-4 -1.1130635802272762E-4 -6.8759599453571E-4 5.331018438215501E-4 0.002209040954577873 -0.001575292797849547 -9.121866334245655E-5 
0.1773852967552025 -6.750988040099323E-5 -3.1407648644882387E-4 3.828746321644463E-4 -1.9043265281198636E-4 -6.41516745371987E-5 2.8799883712997415E-4 0.002162459251885498 -0.0014530640002224065 -8.843515473762898E-5 
0.13077495929274138 -5.4203693347736195E-5 -1.9290809911473426E-4 4.431216460239263E-4 -1.419015763319902E-4 -8.1712595145464E-5 3.192225619233642E-4 0.0021620017070216866 -0.0015764420112884439 -1.2719459992900588E-4 
0.23785398677116903 -4.384189775383429E-4 -2.2591342404044176E-4 5.402204079089345E-4 -1.0090238645314741E-4 -3.1085060439218244E-5 4.306847632015448E-4 0.002169107846065165 -0.001512212873363551 -9.653492582602418E-5 
0.6314175451809145 -3.612032670998888E-4 -2.4840821027087676E-4 3.758403982143947E-4 -3.078399081863039E-5 8.453897086567549E-6 1.5178164125435154E-4 0.0025220306749867125 -0.0014945784267303788 -9.270372776474205E-5 
0.04620420268236536 -3.4831882547935926E-4 0.0014726350177267289 4.14340340624737E-4 -8.744797428668803E-5 -6.178269596951674E-5 1.4758594205008198E-4 0.0021622117307901283 -0.0015767482787130362 -8.910940304343882E-5 
0.17407227849350076 -3.5058483079830524E-4 -4.4508034564611334E-4 4.160703775700428E-4 2.1889920650939524E-5 1.043321044953648E-5 5.156178384297418E-5 0.002144606800327306 -0.0014650984981077842 9.009454319235845E-5 
0.22248465469912354 -2.8348715663920044E-4 -3.540331906829758E-4 4.927196292488208E-4 2.122364870818692E-5 -8.199788697600532E-5 8.426656777725537E-5 0.002147177699136891 -0.0015793613304021785 -1.2696659866799216E-4 
0.3184024734611892 3.325846390468169E-6 -4.441421304170891E-4 4.436940637034442E-4 -5.682582229734806E-6 -5.9534257035455084E-5 4.331824261664893E-4 0.0021952643872863936 -0.0017799360596597756 -8.920239765369124E-5 
0.9999931449857709 -3.474221646411769E-4 -2.2201591292601375E-4 4.4392446146203547E-4 -1.370668185402895E-4 -8.807703374733443E-5 5.305977698998853E-4 0.0021456943210514273 -0.0010949626152634993 -1.2511709818613853E-4 
0.09950660911345224 -3.433383795063951E-4 -2.477914364282089E-4 8.978372503265592E-5 -1.7859119072286954E-4 -8.165423787883215E-6 2.9393032445239494E-4 0.0021351925647308035 -0.0017529960943081435 -8.636388826213407E-5 
0.3184024734611892 3.325846390468169E-6 -4.441421304170891E-4 4.436940637034442E-4 -5.682582229734806E-6 -5.9534257035455084E-5 4.331824261664893E-4 0.0021952643872863936 -0.0017799360596597756 -8.920239765369124E-5 
0.14163096097320804 -3.4780566845411234E-4 -4.3913211949974545E-4 4.4333064897309935E-4 -9.472199821832282E-5 -5.501135506495063E-5 4.331535385260633E-4 0.0021589127424038548 -0.0014520825506285212 -1.248196596573865E-4 
0.3557675857250217 -3.470768654049395E-4 -2.2186508708008898E-4 3.946467584109334E-4 -1.3710438408964657E-4 -7.057009194914301E-5 5.708232499867189E-4 0.002159018233645087 -0.0013511583816848013 -9.035694741033153E-5 
