0.0 -0.0024247272901226375 5.941233807316042E-4 -4.401336584688136E-4 -0.0011009871592223038 -1.4863967195020142E-4 -6.337889714222311E-4 1.0100039922188549E-4 -2.9281884601010266E-4 -5.55590957503784E-5 
0.9999940602085919 -0.0024185998266154215 6.069461031939273E-4 7.181245628823676E-4 -0.001139401826584863 -3.227615532059741E-4 -6.345309377614078E-4 1.3364657516673484E-4 -1.0097369931931552E-4 -4.8443028153620816E-5 
0.5724864123011917 -0.0025854828871566815 5.965630833113495E-4 -4.4599140374454915E-4 -0.0011009853498070122 -3.623479201365017E-4 -5.880026322300298E-4 4.524507470361682E-4 -1.1857079717808122E-4 1.1924140678980195E-4 
0.26667931793348226 -0.0024257524079350492 6.792200577857223E-4 7.190354739720451E-4 -0.0011774505752352212 -3.760061413945946E-4 -6.305637611534583E-4 6.784726393068308E-5 -5.697900948822983E-5 -5.551800298756029E-5 
0.11970610821690723 -0.00251280831304813 5.941081649419459E-4 7.205726708179663E-4 -0.0013534318535512438 -1.481012096125878E-4 -6.341968405494989E-4 1.182995769113027E-4 -1.1517702747983128E-4 1.3606297626080587E-4 
0.5389573963713434 -0.0025119260045683763 6.281635548962592E-4 -5.439630473812819E-4 -0.0011254251281424868 -2.986844269133561E-4 -5.88113546650085E-4 1.047966492443486E-4 -1.157740612261306E-4 1.3755904452521616E-4 
0.2877246221368477 -0.002425128700875965 5.880343731418164E-4 7.869463497727948E-4 -0.0011419258174898768 -3.504341717295314E-4 -6.30483575207929E-4 6.779856959719244E-5 -1.1480372429161253E-4 2.2322397680734843E-4 
0.1999522152559207 -0.002422788883959482 5.842058041789481E-4 8.448595648768872E-4 -0.0011245828812776815 -3.4705482021795894E-4 -5.667641285115084E-4 1.1825450515428153E-4 -1.0195834097534936E-4 1.3693533485458807E-4 
0.09279535097330593 -0.0025074866177964158 5.706834437103419E-4 7.196260014152708E-4 -0.0011398650232197574 -1.7378891579900816E-4 -5.710980131753718E-4 5.4698609636558314E-5 -1.1511939124521866E-4 1.54931599563744E-4 
0.7213955732162832 -0.0024058734751052206 5.967589342875104E-4 -4.362037542217902E-4 -0.0011387060771795052 -1.4732917936536276E-4 -5.687410223069828E-4 1.9963414538826544E-4 -5.920390298275557E-5 1.997133338869103E-4 
0.34539518126827956 -0.002423644384348502 4.407740784376666E-4 7.003135779144683E-4 -0.001346562489364042 -3.431818131392442E-4 -5.855695101221387E-4 5.470123860510342E-5 -9.20290678060476E-5 -6.670158958023135E-5 
0.006341252465387248 -0.0025085664258034856 5.936095686575799E-4 8.156640519147148E-4 -0.0011388652331765173 -1.4938756937541448E-4 -5.867201083459701E-4 9.582414012625153E-5 -8.488318028869465E-5 1.5438636234524873E-4 
0.493616592912725 -0.002528485154041245 6.502636817435122E-4 7.875545919812121E-4 -0.0013582135017776071 -1.5019506123129076E-4 -6.255607849645303E-4 4.4312555002739976E-4 -2.5678882157761164E-4 -6.180309564653115E-5 
0.7709070919335023 -0.0025153852942351564 5.958141489276748E-4 -7.294831315142668E-4 -0.0011452236855710586 -4.401512737899209E-4 -5.676624287826332E-4 1.2128339761337896E-4 -1.0413023569984169E-4 1.3711707932921615E-4 
0.8616024668562833 -0.0025839989970752254 6.068831062122029E-4 -8.571821138430824E-4 -0.0010927170487619092 -3.524899033929842E-4 -5.868562161857539E-4 4.3878430611856025E-4 -1.0229236928595575E-4 -5.94069350496598E-5 
0.623389040215366 -0.0025102283335204202 7.113433899592273E-4 -5.099880330415699E-4 -0.0010897768633163888 -1.505631143456412E-4 -5.851234541242278E-4 4.246612650631905E-4 -1.1480372429161253E-4 2.2322397680734843E-4 
0.9359518708938923 -0.002505488958134507 5.950490932670817E-4 7.093563234033902E-4 -0.0011003288198388923 -1.4869839783846929E-4 -5.931114798108296E-4 4.38784377369618E-4 -5.5444462200119025E-5 1.955393261980794E-4 
0.5978820375481586 -0.0025873914276834517 6.38519824778439E-4 7.30653533615254E-4 -0.0011229338991955446 -3.623479201365017E-4 -5.877419688358395E-4 4.260190701733703E-4 9.118485753788532E-4 1.180541138892387E-4 
0.8779187913360532 -0.0024250658201974565 6.529752699327219E-4 6.915971858899395E-4 -0.001104881944291511 -3.489516581898389E-4 -6.325811534392617E-4 1.374522003297429E-4 -1.3193513953816357E-4 -5.699925038771947E-5 
0.7098799468361495 -0.0024240765713381194 5.951246121469919E-4 0.0012023264150663037 -0.0013816369573103615 -1.9911048249755098E-4 -5.650487160582027E-4 5.847820044406586E-5 -1.1113123461461156E-4 1.9561443184674192E-4 
0.4238149702117499 -0.002521621814545706 6.17578845381618E-4 8.143242967808526E-4 -0.001167321284066687 -4.187367777014447E-4 -5.845001936286364E-4 4.47957646474838E-4 -2.1616575854026466E-4 1.248336367465022E-4 
0.8452637653654675 -0.00241857117085169 4.098988014458136E-4 6.792613309691093E-4 -0.0011013236777715632 -3.2323434572513433E-4 -5.974002254004465E-4 9.672794823294935E-5 -1.2351204977888595E-4 1.5054906336215633E-4 
0.5091261308542955 -0.0024236316242717162 4.042338230214401E-4 -4.722623335969723E-4 -0.0011133763952944364 -1.5316353112510036E-4 -6.105266047607114E-4 1.1786960585981808E-4 -1.1493426937611486E-4 -5.699925038771947E-5 
0.8016746215157664 -0.0025090376002027273 8.303048083265964E-4 7.183323830125344E-4 -0.001138850516212708 -1.526805070870459E-4 -5.87080906947978E-4 9.065183306063276E-5 -1.2243435786699625E-4 1.5456826958217345E-4 
0.893569983039761 -0.0025854828871566815 4.1563008664291924E-4 -4.927512450369045E-4 -0.0011231882472594972 -3.1727529837214795E-4 -5.877419688358395E-4 9.576011606310294E-5 -1.1857079717808122E-4 4.508714518815024E-5 
0.37302483656361674 -0.002423779566223888 4.407740784376666E-4 6.892317896719356E-4 -0.0011145819676464113 -3.431818131392442E-4 -5.860729977133877E-4 5.471153388520849E-5 -9.205911534058883E-5 -7.599076548609924E-5 
0.18872467011396238 -0.002436628564775619 6.373816742046888E-4 -4.94953197826744E-4 -0.0011468542996253064 -1.1506427484078404E-4 -6.355925942338802E-4 5.957363446279257E-4 -8.708550563238439E-5 -2.983351262956915E-5 
0.8301565622998798 -0.0024234692704536214 5.885309069771893E-4 7.196115082202179E-4 -0.0011078732570594097 -5.229042097873663E-4 -6.350075457069791E-4 6.335707121301568E-4 -4.4455903260323735E-5 2.2486613957566821E-4 
0.2163522051225174 -0.0025085664258034856 5.936095686575799E-4 8.155769990500434E-4 -0.0011443310680918984 -5.079226056106811E-5 -6.345585434915425E-4 9.632350914672353E-5 -8.490926672292015E-5 1.9308805222781369E-4 
0.43802338865958035 -0.0025108547102214106 5.972979576793619E-4 8.393600276676954E-4 -0.0011267446521652724 -1.4957699079736256E-4 -5.685107666055837E-4 4.336572845782437E-4 -2.790298282639268E-4 -5.585339140649074E-5 
0.23355002422131366 -0.0025148188419114813 5.870639491883231E-4 8.453376459422737E-4 -0.0011451916865403442 -4.3768740445031723E-4 -6.16361452058163E-4 2.8720756988300574E-4 8.547285803295737E-4 -7.643769778901669E-5 
0.4010646725579541 -0.002413454253718257 6.180586399238897E-4 8.467852706269027E-4 -0.0011305814529966078 -4.0113519226032176E-4 -5.843745922810043E-4 1.259783292780884E-4 -6.376559730297501E-5 1.3633115202518346E-4 
0.7462681620411238 -0.0025287633173016284 5.941233807316042E-4 -4.152264752583522E-4 -0.0010998051636754045 -1.4863967195020142E-4 -6.337889714222311E-4 1.0098103918196917E-4 -2.9431375452640006E-4 2.1526157954713227E-4 
0.15231117868614202 -0.002424449137463073 6.524685794970475E-4 -4.1088212567997207E-4 -0.0011667207402047746 -1.3124246552125444E-4 -6.097127878203815E-4 4.5917018758784175E-4 -2.9847365134387613E-4 -6.37581060033079E-5 
0.5934033983791075 -0.0024260599772526065 5.948221867535184E-4 7.090361991300452E-4 -0.0011419748400959403 -5.236165311683378E-4 -6.325559330477562E-4 6.21229522156875E-5 8.406306821574384E-4 2.1849649460302321E-4 
0.1786329268156365 -0.0024154847300791207 5.958656391011018E-4 -4.7520377165546034E-4 -0.0011245648108760596 -1.4835628068334323E-4 -6.342202114757437E-4 1.1825450515428153E-4 -8.614915513559281E-5 1.372881408442725E-4 
0.9151368419201473 -0.00240515373193159 6.540602392455016E-4 7.244332471254992E-4 -0.0011717622845614974 -4.0248867811981735E-4 -6.400177829159811E-4 6.076404499700199E-5 -1.1472407195575182E-4 1.4148630221178454E-4 
0.04673831849795601 -0.00242438100951695 6.539376932333862E-4 7.038665446725257E-4 -0.0011295428266721258 -4.1244966008118243E-4 -6.078464539054816E-4 6.22393413778321E-5 -1.0285919097006394E-4 4.7661673379471124E-5 
0.690829457025317 -0.0024063346890587298 7.113433899592273E-4 -4.712695271585711E-4 -0.0010868991906034895 -1.5053519734190641E-4 -6.353493909603358E-4 4.3384790332215407E-4 -1.1480372429161253E-4 1.3371322915459557E-4 
0.4105916867241463 -0.0024233714483852687 5.891040274372629E-4 7.152248633499479E-4 -0.0011227106546685423 -6.311284300878328E-4 -5.662644690744066E-4 5.9505814384977E-4 -1.1501567517855211E-4 7.301665922814274E-5 
0.014187977494273193 -0.002436628564775619 6.371769837779065E-4 8.433767786785165E-4 -0.0011468542996253064 -1.1506427484078404E-4 -6.342915693242513E-4 4.436795231046352E-4 -8.708550563238439E-5 -2.983351262956915E-5 
0.45798113941364627 -0.0025119260045683763 6.268390473447542E-4 -5.439630473812819E-4 -0.0011225141932913816 -5.173711196654378E-4 -5.861819169406106E-4 1.047966492443486E-4 -9.026036832807147E-5 1.3755904452521616E-4 
0.16377912233000486 -0.002425920392214634 5.859737521252442E-4 8.461891718001447E-4 -0.0011419709272653571 -1.520147751757436E-4 -6.324298829022567E-4 2.987635186530085E-4 -4.839415232674106E-5 1.356048202211149E-4 
0.744045031345161 -0.002522440744299635 6.052817714512318E-4 7.473454807863651E-4 -0.0013558603592839936 -3.149857712581954E-4 -6.362733454531852E-4 9.683978989320953E-5 -9.997758053307434E-5 2.1878814764790663E-4 
0.1454625351260848 -0.002507128700274989 6.508015774577865E-4 -4.009536161398789E-4 -0.0011667207402047746 -3.559096833065845E-4 -5.629850529143442E-4 4.5917018758784175E-4 -2.9847365134387613E-4 -6.37581060033079E-5 
0.10724367401225406 -0.0024200453426595305 5.946205477671123E-4 8.742014546052882E-4 -0.0013564947299704087 -3.5535377279927795E-4 -5.844359210691298E-4 4.3095651872366247E-4 -8.975413111583227E-5 1.3281845929177734E-4 
0.32905008181342404 -0.0025839989970752254 6.068831062122029E-4 -8.571821138430824E-4 -0.0013559207548106483 -3.52313876639597E-4 -5.868562161857539E-4 4.3878430611856025E-4 -1.0229236928595575E-4 -5.94069350496598E-5 
0.47968183942785086 -0.002425251950455541 6.521998602811445E-4 7.418015537830385E-4 -0.001136341684687855 -5.053191479691452E-4 -6.523356526003072E-4 9.995551593276407E-5 7.90807606380556E-4 1.413758709884144E-4 
0.471462180367212 -0.0024171311209876083 6.51028475518615E-4 8.225513278703198E-4 -0.001110451433710875 -1.7378891579900816E-4 -6.339354168276721E-4 1.3748280016438237E-4 -1.3205862434039154E-4 1.9321588681541418E-4 
0.021072530177983648 -0.0024124769190872353 5.944747800040613E-4 7.271899920275333E-4 -0.0011078869402780687 -3.5226374381081384E-4 -6.083997983850989E-4 5.963975163563488E-4 -1.0066055431212364E-4 1.5830951566205885E-4 
4.3493454469918646E-4 -0.0025133074381931994 5.941235797503076E-4 7.188776291364297E-4 -0.0011426477661689047 -1.4867934429227178E-4 -6.345509348625989E-4 9.525644379300535E-5 -1.0153105522207268E-4 -5.551051404425166E-5 
0.07689739580345234 -0.0025089101618294527 6.507297593449362E-4 7.165026754822005E-4 -0.0013492465043157 -1.7446954638900838E-4 -5.844359210691298E-4 1.3828964106763235E-4 -1.3101859961679E-4 1.4594014113765826E-4 
0.4487386731750408 -0.0025046554840813767 5.967511842876409E-4 7.106801745044979E-4 -0.001126696737327538 -1.5341437207612972E-4 -6.339354168276721E-4 1.377199985956678E-4 -1.3193100225801927E-4 1.4246083792332793E-4 
0.06071694332618885 -0.0025881602764415536 6.520616956931578E-4 8.148344394020108E-4 -0.0013571929921600981 -4.4171983894907463E-4 -6.200240095515179E-4 4.5115571669838067E-4 -1.2214462577137247E-4 1.9744278813934828E-4 
0.6396813299777018 -0.0024240765713381194 5.951765852506724E-4 0.0012023264150663037 -0.0011049861306692663 -1.9911048249755098E-4 -6.341635180473811E-4 1.5651988681180168E-4 -1.1113123461461156E-4 1.9561443184674192E-4 
0.06919816427065427 -0.002510731524780833 4.0869510755818533E-4 7.138597679355834E-4 -0.0011468469677006347 -1.5006888094691592E-4 -6.359458509571285E-4 7.135378789760795E-5 -1.8131267940698742E-4 2.2370601963759933E-4 
0.1699762556763998 -0.002515265105547927 6.536448783810081E-4 -8.695694726978859E-4 -0.0010952450386822262 -3.535881287816717E-4 -5.682216627140644E-4 1.1825450515428153E-4 -9.70057331210867E-5 1.3680200918929158E-4 
0.1355659091172669 -0.0024165691441485494 6.795151460549107E-4 7.026252291076509E-4 -0.0011111695523728907 -3.608353770364189E-4 -6.229379132451868E-4 3.093049510806816E-4 -5.93513236317908E-5 1.1566312492439789E-4 
0.0012470961242504325 -0.00242438100951695 6.539376932333862E-4 7.038665446725257E-4 -0.001132175604373335 -4.18662601955938E-4 -6.078464539054816E-4 1.0056419052389645E-4 -1.0555908207079696E-4 4.7661673379471124E-5 
0.10775871634204331 -0.0024200453426595305 6.180724292161737E-4 8.742014546052882E-4 -0.0013564947299704087 -3.48979031747095E-4 -5.844359210691298E-4 4.3095651872366247E-4 -8.975413111583227E-5 1.3281845929177734E-4 
0.6690770871028417 -0.0025046344558988273 6.180586399238897E-4 7.146448119435082E-4 -0.0011419085757132335 -3.0724190544254205E-4 -5.843745922810043E-4 1.2171160907099371E-4 -1.0025268713004447E-4 1.4554278859913914E-4 
0.9833048739573255 -0.00242741830663625 6.509012142722888E-4 0.0012652793691035266 -0.001100732290116728 -3.5588657077079985E-4 -5.83902990869043E-4 1.2128221286562325E-4 -1.0312508634738261E-4 1.3140788595080442E-4 
0.5211729905747053 -0.0024154995655933467 6.156276355663315E-4 7.165429275332463E-4 -0.0013488112646763693 -3.482124278592213E-4 -5.83419318521415E-4 9.598945251172546E-5 -9.345340773843423E-5 2.40174818530482E-4 
0.36118454090495733 -0.002512538662877292 6.591918382836371E-4 7.312314575561151E-4 -0.001104754048096913 -3.527682536660273E-4 -5.875918661697023E-4 7.497538841091695E-5 -1.3456152373721001E-4 1.5827084721262554E-4 
0.003209012314846771 -0.0025074510167589037 5.941712979553114E-4 7.187047203018077E-4 -0.001105090442197316 -3.551390994611623E-4 -5.629558192461074E-4 6.266763622285643E-4 -9.816730933194023E-5 1.3606026803504812E-4 
0.3573919187029136 -0.0025129603592404506 8.347780442229882E-4 7.307153736504247E-4 -0.001104754048096913 -3.527682536660273E-4 -6.339320643310147E-4 7.497538841091695E-5 -7.33812078549299E-5 1.5827084721262554E-4 
0.010167891432351583 -0.002418404717120644 6.052817714512318E-4 7.224382975759036E-4 -0.0013570423548308931 -3.149857712581954E-4 -6.362733454531852E-4 9.685914993312585E-5 -9.848267201677698E-5 -5.203252764960403E-5 
0.1355659091172669 -0.0024165691441485494 6.795151460549107E-4 7.026252291076509E-4 -0.0011111695523728907 -3.608353770364189E-4 -6.229379132451868E-4 3.093049510806816E-4 -5.93513236317908E-5 1.1566312492439789E-4 
0.02187364714551493 -0.0024260583239395324 6.566343615183228E-4 7.869463497727948E-4 -0.0011458064252954394 -3.417876872000954E-4 -6.362459792271444E-4 7.139026720079009E-5 -9.991746494806671E-5 1.5818455927883314E-4 
0.31098358169060897 -0.0025857336102527565 6.420145820968671E-4 6.980940810939992E-4 -0.0011080287444340813 -3.601061950304717E-4 -6.347792577486308E-4 4.3108275757182803E-4 8.683978438521985E-4 1.1922767955869056E-4 
0.314954474265612 -0.0025014671251872645 6.420145820968671E-4 6.980940810939992E-4 -0.0011080287444340813 -3.573636906336212E-4 -6.351342916671569E-4 4.310671061500071E-4 8.683978438521985E-4 1.2042205036655459E-4 
0.6527875656994205 -0.0024072751753715757 5.927639713037801E-4 7.027479343622719E-4 -0.0011111695523728907 -1.5622205707570952E-4 -6.232688700493985E-4 1.533929588770294E-4 -1.1521228325203349E-4 1.15487094391421E-4 
0.2440108395990857 -0.0024230693956701927 6.785953053339421E-4 6.890443052619423E-4 -0.0013520531190434819 -2.4398015123147423E-4 -5.859768064878186E-4 6.922868530553706E-5 -7.209743238731219E-5 4.675914401103147E-5 
0.6841561830070334 -0.002427192958166551 7.113433899592273E-4 -4.712695271585711E-4 -0.0010899012526982624 -1.5185265863383482E-4 -6.03999058178304E-4 4.453346714725637E-4 -1.0689971133948724E-4 2.2322397680734843E-4 
0.085113564391246 -0.0025230725278817677 5.689016701921091E-4 9.846183187166074E-4 -0.0011449890068273398 -3.181657397436161E-4 -6.341968405494989E-4 9.691550478202052E-5 -8.974245292397472E-5 2.180527199156788E-4 
0.9478195763851647 -0.0024263631320346544 7.069088537207521E-4 7.244332471254992E-4 -0.0011238954877904306 -3.4973548310617995E-4 -6.078204201165568E-4 4.443734947474601E-4 -1.0700664259665926E-4 1.0387873841095603E-4 
0.3254485324224871 -0.0025839989970752254 8.450613441289545E-4 -8.125307583389081E-4 -0.0013559207548106483 -3.52313876639597E-4 -5.872405057248841E-4 4.3878430611856025E-4 -1.0229236928595575E-4 -5.94069350496598E-5 
0.06523771564778391 -0.002426012830410394 5.896526917354779E-4 6.879296531832181E-4 -0.0011232473831880073 -5.259103879458876E-4 -5.876858797692177E-4 3.04805757711245E-4 8.379969210581487E-4 4.5027747007238796E-5 
0.6559842630362805 -0.0024265362230405214 6.942603710661192E-4 -4.807336477409708E-4 -0.0013387146338228809 -1.843160273456769E-4 -5.668275363213529E-4 1.37171458756571E-4 -2.993703603741322E-5 1.3778702859774722E-4 
0.02791414335082143 -0.0025090376002027273 5.697609725132593E-4 7.183440126941493E-4 -0.001138850516212708 -1.526805070870459E-4 -5.87080906947978E-4 9.065183306063276E-5 -1.2243435786699625E-4 1.5456826958217345E-4 
0.04078831167295411 -0.002515258801268072 5.95729194132979E-4 7.206376599826975E-4 -0.001101245772586133 -1.5397146037617857E-4 -6.098151819082688E-4 9.142600833150037E-5 -8.110013343657592E-5 1.3464841827043428E-4 
0.9917166922121968 -0.002521504011552028 6.509012142722888E-4 0.0012652793691035266 -0.0013654952942267632 -3.1332844397391544E-4 -5.83902990869043E-4 1.2128221286562325E-4 -1.0312508634738261E-4 2.2891531704129206E-4 
0.38666404257155507 -0.0025046468930734985 5.950490932670817E-4 7.093563234033902E-4 -0.0011003288198388923 -1.4869839783846929E-4 -5.931114798108296E-4 4.38784377369618E-4 -6.431121045174071E-5 1.956940164465225E-4 
0.7872984307169967 -0.0025176932999005624 5.910241445993818E-4 7.869463497727948E-4 -0.0011442339760906362 -3.4168448287157045E-4 -6.360917594811876E-4 7.188867162721994E-5 -1.0088763808332126E-4 2.2322397680734843E-4 
0.38666404257155507 -0.0025046468930734985 5.950490932670817E-4 7.093563234033902E-4 -0.0011003288198388923 -1.4869839783846929E-4 -5.931114798108296E-4 4.38784377369618E-4 -6.431121045174071E-5 1.956940164465225E-4 
0.9672552249309215 -0.0024260512743493837 7.021630699407144E-4 7.090361991300452E-4 -0.0011239671780885353 -5.236165311683378E-4 -6.325559330477562E-4 4.5033221727713835E-4 8.406306821574384E-4 1.016746995192154E-4 
0.6742818751958705 -0.002415738783196589 6.180586399238897E-4 7.146448119435082E-4 -0.0011101300538730297 -3.621811917134036E-4 -6.241079157777741E-4 3.176519824803984E-4 -1.0025268713004447E-4 1.4554278859913914E-4 
0.9715592768852942 -0.002421139568098327 5.972710355926381E-4 7.210184580472352E-4 -0.0011112274244787234 -4.339773260869166E-4 -6.226195250200651E-4 5.540917237334394E-4 -1.0218183231496555E-4 8.00005071741262E-5 
0.22323058551944486 -0.002585514662925313 5.899951656153272E-4 8.153729313210454E-4 -0.0011424101848527125 -4.4171983894907463E-4 -6.357974590575718E-4 5.454254694452119E-4 -1.2214462577137247E-4 -6.0582786901428726E-5 
0.03293227015712097 -0.0025089101618294527 6.507297593449362E-4 7.164811671278605E-4 -0.001343078726630428 -1.7446954638900838E-4 -5.844359210691298E-4 1.3828964106763235E-4 -1.3101859961679E-4 1.49411522393856E-4 
0.8306910488669208 -0.002423617657552546 5.885309069771893E-4 7.183668165016889E-4 -0.0011078732570594097 -5.229042097873663E-4 -5.867053570232648E-4 6.47820306891656E-4 -4.380210166828553E-5 2.2486613957566821E-4 
0.9084636124567604 -0.0024260120010394116 6.540602392455016E-4 7.244332471254992E-4 -0.0011747643466562701 -4.0380613941174575E-4 -6.078204201165568E-4 7.225081314741165E-5 -1.0682005900362654E-4 1.4148630221178454E-4 
0.2987922277124307 -0.0024198405029243774 5.946205477671123E-4 8.742014546052882E-4 -0.0013603561924303295 -1.6422943267743148E-4 -6.360090137270937E-4 4.3095651872366247E-4 -1.0136982396997928E-4 1.3281845929177734E-4 
0.03433916914717222 -0.002515265105547927 6.536448783810081E-4 -7.31420962091909E-4 -0.0011013243351469509 -3.535881287816717E-4 -5.682216627140644E-4 1.1825450515428153E-4 -1.0243165871234936E-4 1.3680200918929158E-4 
0.0391857381307803 -0.0025151689000130584 6.545737251578671E-4 -5.142800882382182E-4 -0.0010897768633163888 -1.546047878241705E-4 -5.69272059031507E-4 4.2675047650166185E-4 -1.1475241673539711E-4 1.3719304522760535E-4 
0.05381546464579711 -0.0025135859207953857 5.896311617271852E-4 7.157737259127049E-4 -0.0011468861908736742 -1.1043095217628759E-4 -6.342177884286838E-4 1.2099312288400577E-4 8.433397352927531E-4 7.47685409202379E-5 
0.2998679168253874 -0.0025073706260539956 6.449081485049615E-4 7.189177191686865E-4 -0.0010944106043814814 -1.5577910793865353E-4 -6.360917594811876E-4 7.174335967162314E-5 -1.016324296368592E-4 2.2362001337945464E-4 
0.24649741627879837 -0.0024233714483852687 6.833356433202054E-4 7.152248633499479E-4 -0.0011227106546685423 -6.214866316262683E-4 -5.678173383211712E-4 5.872109372520638E-4 -1.1501567517855211E-4 7.301665922814274E-5 
0.24649741627879837 -0.0024233714483852687 6.833356433202054E-4 7.152248633499479E-4 -0.0011227106546685423 -6.214866316262683E-4 -5.678173383211712E-4 5.872109372520638E-4 -1.1501567517855211E-4 7.301665922814274E-5 
0.7998461235802456 -0.00251729927594616 5.699513964238669E-4 7.869463497727948E-4 -0.0011442339760906362 -3.4168448287157045E-4 -6.360917594811876E-4 5.3935435126958835E-5 -1.1550561972877572E-4 2.2560942277188053E-4 
