0.7661095945575143 0.1312715058182118 
0.06871379850277837 0.7977872817587011 
0.4020118173470358 0.42906335891362835 
0.11807571674962372 0.699681846589324 
0.735690042012933 0.15898948650472222 
0.4320217716154576 0.3499969522912577 
0.4320217716154576 0.3499969522912577 
0.40201314120833126 0.3845727729709298 
0.068713813982987 0.7639463558394908 
0.06871770170317237 0.7576920424016127 
0.07633387313958279 0.729703130201767 
0.06872554900834359 0.7472069787038463 
0.07250115679629612 0.7345273890099453 
0.08085594255840992 0.7220786398232985 
0.4047819352853201 0.36560454976354956 
0.40755953126787475 0.36400085823894346 
0.10726350855103264 0.6999104459712336 
0.08007942032008247 0.7293224044522689 
0.11542457238085904 0.6998282726173295 
0.07159684601266102 0.7353530053749909 
0.07023287098136453 0.7402738035790986 
0.4127500393427829 0.3638836767080663 
0.08848330640895778 0.7113750200787188 
0.42928094071824413 0.35236460952001103 
0.7561223374914239 0.13366391944119568 
0.10494997710092413 0.7008446784465358 
0.10110099609412829 0.7019178352218697 
0.068713813982987 0.7639463558394908 
0.736242157026853 0.14798394742320758 
0.7616731881022132 0.13225363428384945 
0.7357009978806416 0.1571658662632423 
0.7478881610441303 0.1409727853962075 
0.7424698505222653 0.14364860658901135 
0.7373919715662456 0.14724548060094872 
0.08719756448474185 0.7134377226608192 
0.42596307859250976 0.3545055817173305 
0.7357180831507687 0.1518733201211735 
0.735705514911139 0.15292982106569916 
0.7633460801671116 0.13143146563993083 
0.4024369655029073 0.3739959798944219 
0.09376671667003607 0.7078626870863236 
0.4158476979574862 0.3591511448948905 
0.7382297001388918 0.1441068155050789 
0.40391816332959535 0.3700112283549403 
0.41635403532855636 0.35841881957884725 
0.4022958270219367 0.38127367307075866 
0.7387424222644637 0.14381754511090336 
0.09700253318890062 0.7054433650875348 
0.0854083485579697 0.71595757773129 
0.7530031927087162 0.1359241168425593 
0.08953784452614814 0.7086844024483101 
0.09769744438128382 0.7028624117928965 
0.4304487835076704 0.3519231249968757 
0.4023725467195256 0.3782099660043634 
0.08613295365392566 0.7147420055321906 
0.08359633511472432 0.7198239553826827 
0.41423830050197946 0.36326423818528947 
0.7436872207682111 0.14142821174634065 
0.08002493825521606 0.7294525298911789 
0.41716322614727214 0.3558459029314028 
0.7515403571838152 0.13731099119557671 
0.7536707895769399 0.13488505175163285 
0.4035652161807464 0.3721498181720754 
0.08116458184811681 0.7206393285989505 
0.7546908087216426 0.1337795206226744 
0.4318474952379626 0.3504618109104055 
0.7425002473047889 0.14143292131592894 
0.4147985369102327 0.36179456096742174 
0.10654613910508391 0.7003968440395465 
0.4023150617158185 0.3803195010055452 
0.425817885872262 0.3545348716764248 
0.7508372640726018 0.1377380661578552 
0.09003959414345511 0.7084612186765443 
0.7616731881022132 0.13225363428384945 
0.42297212141343593 0.3547831421871651 
0.7484051213365198 0.13992314699125238 
0.09488213878286797 0.705702552843528 
0.4024615693793304 0.37320689056549783 
0.06956153866216072 0.7443881904951456 
0.08361195000313021 0.7168217170332494 
0.0835997615476116 0.717066986944666 
0.4208389027235988 0.3550508100454536 
0.06872844236216698 0.7460798278027412 
0.06996212270038382 0.7412856518139769 
0.11542457238085904 0.6998282726173295 
0.420664091877273 0.35524156406334606 
0.7485304274815935 0.13861498564351937 
0.06943987277938606 0.745267151365548 
0.40368872512480003 0.3706685095122604 
0.4147985369102327 0.36179456096742174 
0.09184372310061485 0.7078627765233252 
0.4185963619778839 0.35544880665365647 
0.42297212141343593 0.3547831421871651 
0.09569148956276138 0.7054437670849697 
0.09957099255626337 0.7023083938907447 
0.4023725467195256 0.3782099660043634 
0.06976264380933862 0.7426878093825595 
0.09957099255626337 0.7023083938907447 
0.09184372310061485 0.7078627765233252 
0.08256987683274315 0.7201319428403499 
