0.03434861979062234 0.8241183063782498 
1.4069423268670969 0.09696488884643721 
1.4069423268670969 0.09696488884643721 
0.03434861979062234 0.8241183063782498 
0.11870420212322949 0.710263360172882 
0.3681558476612754 0.40837161030230706 
0.700955057798416 0.1713515002692132 
0.3718561793092774 0.3947640661541051 
1.1032920429159778 0.10063433680530762 
0.7712945110169176 0.13561962009056744 
0.3718561793092774 0.3947640661541051 
1.2064908593943953 0.09708414762398192 
0.0701941506309525 0.7673872799669522 
0.042338395332950515 0.8115984588830726 
1.1527240484232841 0.09781814985205604 
1.2064843861461536 0.0976891456056885 
1.1115822661906187 0.10048468292878299 
0.739905320677238 0.15841966789259873 
0.7048279645205521 0.1652884209710256 
0.07599025021158791 0.7475024812296237 
0.0996422610942002 0.7163915141933452 
0.0782774621825728 0.7360274526341481 
0.10926897380225153 0.7107019331705787 
0.08543587906354108 0.7306531901066197 
0.08553644260920473 0.7221676361234747 
0.7536665423794987 0.13879118600896492 
0.7405939703939993 0.15374690631228596 
0.7048279645205521 0.1652884209710256 
0.7664360987600753 0.13792911397822413 
0.739905320677238 0.15841966789259873 
0.7417134104598542 0.14838436044860898 
0.09345480112726218 0.7168927088514419 
0.07097726640238163 0.762911989409643 
0.07577036702052065 0.7510378060054502 
0.7483171417226382 0.1450267959867511 
0.07225335882675009 0.7540587699209302 
0.7453765110806592 0.14648356489851708 
0.034962044409362195 0.8211669843316923 
0.7513695744597564 0.14024062137998822 
0.08035706726498892 0.7306625896995063 
0.09012121387359652 0.7212707021120771 
0.36817910743878407 0.4038555576340448 
0.07103566368518278 0.7585465075227497 
0.07143527387547084 0.7583811923919045 
0.36817847380465385 0.40822888551864095 
0.7009796395108213 0.1674537517042274 
0.36867772232324736 0.3967548585081607 
0.3684436377565024 0.40006328884001646 
0.07583881586417857 0.7493219620894394 
0.037968814096711684 0.8138175817896185 
0.07871489612531853 0.7358138421215336 
0.7503973151224169 0.14279482795641385 
0.09112183634390991 0.7198190297413603 
0.07225335882675009 0.7540587699209302 
0.7686907810625235 0.13766271429411053 
0.0795073004405773 0.7328895474020449 
0.7405937259612463 0.15665174200342732 
0.034410407008952204 0.8237754622795778 
0.03502701624154711 0.8184908850873662 
0.36844321284083975 0.40031132582725065 
0.09844539960241913 0.7168345983492578 
0.36842302229273727 0.40322886247615997 
0.7438227333634263 0.14833537279411532 
0.3700440521585547 0.3954398594193585 
0.11326400138732927 0.710303420934757 
0.09112183634390991 0.7198190297413603 
0.03593706171374101 0.8161287336766667 
0.0795073004405773 0.7328895474020449 
0.7696372145407571 0.13594567370905414 
0.03593706171374101 0.8161287336766667 
0.10997366809224926 0.7103067312936667 
0.7504815281245593 0.14268886255713778 
0.07067114487592271 0.7650840617514796 
0.07067114487592271 0.7650840617514796 
0.7018209998994647 0.1655264695907632 
0.04210517579851412 0.8120992203938656 
0.03982190661475153 0.8123370329770627 
0.039584076077415264 0.812804062655266 
0.11326400138732927 0.710303420934757 
0.3713146159161296 0.3952321662914666 
0.03824912700664936 0.8135200983523392 
0.035254676234870684 0.8175951291763544 
0.36867772232324736 0.3967548585081607 
0.7405137265515478 0.1570298060163834 
0.7664930653476406 0.13771539663907076 
0.0782774621825728 0.7360274526341481 
0.7010363113439395 0.16695781175145752 
0.7015201110376829 0.16660377284337635 
0.035046677506282764 0.8179813327417557 
0.08553644260920473 0.7221676361234747 
0.7016183766167549 0.1662060871856435 
0.7438227333634263 0.14833537279411532 
0.7696372145407571 0.13594567370905414 
0.7016573685269375 0.16577125376114926 
0.035254676234870684 0.8175951291763544 
0.7405137265515478 0.1570298060163834 
0.09844539960241913 0.7168345983492578 
0.36842302229273727 0.40322886247615997 
0.07143527387547084 0.7583811923919045 
0.7504815281245593 0.14268886255713778 
