1.014570521594687 0.0022403264385305916 
1.014570521594687 0.0022403264385305916 
0.9720453581286178 0.06056580559048752 
0.3527559367358443 0.4259653880994667 
0.11212011847373518 0.7288435405351852 
0.3069476440623697 0.4869018896967414 
0.3527559367358443 0.4259653880994667 
0.09711407430630939 0.758790081130253 
0.09958472735603696 0.7429879600187167 
0.30703363888649193 0.48533322039671245 
0.30704519247688317 0.4588440625255189 
0.9725047830962535 0.03403620200964987 
0.9722972219286011 0.05879400878338139 
0.33838960393334805 0.42602641238665484 
0.09841978566894985 0.7573386361916461 
0.0988837961877111 0.7465272076502721 
0.31287377389996784 0.4490520679548673 
0.337195359686485 0.4332642719247014 
0.30997340341104646 0.45233747878370784 
1.0093273360575572 0.0022846801347983603 
0.30978350277884015 0.45684493421855404 
0.9743276154292152 0.031141922258287238 
0.3263136970152134 0.43887305848036184 
0.3186290572295403 0.44683477618766654 
0.9759934742651803 0.02201304836736278 
0.32473350266517503 0.4412078754898672 
0.9866341990731121 0.014475940885196546 
0.9756071719758849 0.02521270178177811 
0.9746658117584603 0.026480174564905985 
0.3225837191756712 0.4414456393849044 
0.9951948249402212 0.010218893569788536 
0.9904191342661425 0.012636218445774212 
0.30750844534846794 0.4577813925649561 
0.3202849005512996 0.4448898376770999 
0.9899690454005362 0.01396721273718872 
0.9788632878771646 0.018228182213915655 
0.0988837961877111 0.7465272076502721 
0.9932333871170637 0.011795118938291105 
0.3187374591824192 0.4460950218842712 
0.9942329463968305 0.010571231461429154 
0.9743276154292152 0.031141922258287238 
0.32231117611558896 0.4439900099372839 
0.9814181037438076 0.018097256054364307 
0.9725047830962535 0.03403620200964987 
0.976662179785368 0.02006169395425455 
0.3216707555816824 0.4444629105022687 
0.9846498274107359 0.014966482190414836 
0.9780339655344872 0.019005962654279184 
0.3186290572295403 0.44683477618766654 
0.09711407430630939 0.758790081130253 
0.9824292835347802 0.017450014494623 
0.972271501662636 0.058862968571887414 
0.984021331994519 0.017341555288158967 
0.3263136970152134 0.43887305848036184 
0.09841978566894985 0.7573386361916461 
0.977294364960852 0.019361004998387252 
0.9845773574868171 0.015176382569581825 
0.9932333871170637 0.011795118938291105 
1.0078498243183969 0.002582748412708618 
0.9902805664827036 0.013705599239332192 
0.33584522380703646 0.433686531207548 
0.9844917359270005 0.016670541566440315 
0.9746658117584603 0.026480174564905985 
0.9770338548670022 0.0199416217967603 
0.33838960393334805 0.42602641238665484 
1.0077703870458987 0.0025831346260001106 
0.9843755276333669 0.017316466237889915 
0.30978350277884015 0.45684493421855404 
0.9814181037438076 0.018097256054364307 
0.9824292835347802 0.017450014494623 
0.33649302979487405 0.43344093292699437 
0.33668580375611334 0.4333110826660539 
0.32231117611558896 0.4439900099372839 
0.9844917359270005 0.016670541566440315 
0.33595436471621215 0.43367791937555267 
0.33595436471621215 0.43367791937555267 
0.09841978566894985 0.7573386361916461 
0.9980321233236633 0.007580249684486731 
0.30978350277884015 0.45684493421855404 
0.09624737023297546 0.881658348518686 
0.09711407430630939 0.758790081130253 
1.002919492644987 0.002969916029702164 
0.30978350277884015 0.45684493421855404 
0.3527559367358443 0.4259653880994667 
0.972271501662636 0.058862968571887414 
0.9942329463968305 0.010571231461429154 
0.9746337969127715 0.02980552104138372 
0.32905845528957195 0.43454358630105994 
0.31287377389996784 0.4490520679548673 
0.31241960102550315 0.450838299359686 
0.9824730216848975 0.017449380758698035 
0.977294364960852 0.019361004998387252 
1.0072469504755788 0.002750936218487839 
