0.11471949691710358 0.6691571062077404 
0.11471949691710358 0.6691571062077404 
0.8314584624551262 0.09981363534005613 
0.8314584624551262 0.09981363534005613 
0.16047115528223654 0.6196950502928644 
0.4479189705055767 0.3375664043174021 
0.612527265855349 0.310052395962345 
0.7808951040639774 0.1223497758809015 
0.7808951040639774 0.1223497758809015 
0.4854873968447254 0.31007803994987565 
0.6115603278597919 0.31007725466948916 
0.8037717471747887 0.11221537591344319 
0.7913710644290222 0.11515016163489658 
0.1385309173703273 0.6446201744949758 
0.13678487861961805 0.6488517528854163 
0.46846199445974285 0.3262943118695364 
0.8291301935566254 0.09989250767178666 
0.8156210141654614 0.10174701931736929 
0.11549271890435314 0.6653935795286532 
0.8225806063479986 0.10005917341314889 
0.4786291935430667 0.3118143884475581 
0.8117310164169852 0.10301793381445797 
0.12975455369033817 0.6538953760124613 
0.1536779280090327 0.6199221165757419 
0.46623692418152496 0.327552168735197 
0.14215195477527495 0.631344305801483 
0.4698809083977234 0.32310482869378926 
0.13776268678918951 0.6482310560104421 
0.15063216196093332 0.6205302749062171 
0.47706162965798343 0.3137029897481437 
0.45907815975854216 0.328145637682458 
0.45532301837198413 0.330619947648594 
0.14226224771391746 0.6267703500369061 
0.11697990517943328 0.663380380622468 
0.8072428270740591 0.10712590264283454 
0.475732771988202 0.3149187279448387 
0.13986408212214133 0.6338010644695862 
0.4491708628240709 0.33577266783276405 
0.45186116827943784 0.3330072791210105 
0.4498534510650696 0.33416762632972236 
0.1442456011555868 0.6237727810041241 
0.14943634048371893 0.6221094967397671 
0.13942597293294712 0.6377045299287422 
0.7913710644290222 0.11515016163489658 
0.13148674964650317 0.6515936311953447 
0.1148177095869201 0.6686671136648205 
0.810813742513498 0.10449067175647175 
0.1474955651409062 0.6228427365798187 
0.12082685112521278 0.6574630745982388 
0.8178787958674588 0.10077713707837535 
0.12588154202211171 0.6540157985632582 
0.4813059107027067 0.31017143291572813 
0.8037721780286434 0.11123961596021253 
0.473003140834494 0.32170050314880133 
0.7892516064118439 0.11539362657253754 
0.8106185844825106 0.10636729735015386 
0.7882655934592495 0.11674429586520324 
0.11776961657296851 0.6619573725840593 
0.47491230988735417 0.3170588759118905 
0.13937906671284925 0.6407606474372575 
0.14311481016164607 0.6261157626521534 
0.11883819731471867 0.6597181137020516 
0.12038149433493621 0.6582897958218463 
0.46333125881878057 0.3279749698235721 
0.8037721780286434 0.11123961596021253 
0.13069161413444863 0.6517789860176103 
0.7830086723653883 0.12124414111261608 
0.14085570399936762 0.6313812436542167 
0.12473215676312514 0.6558200389877544 
0.14558977785382715 0.6232665264628003 
0.8086184945806629 0.10670619640948521 
0.4527942544485599 0.3315927156365102 
0.48164701246591596 0.31008598722554137 
0.13148674964650317 0.6515936311953447 
0.12377641448711682 0.6568254726513817 
0.7849334466475137 0.12098416715191067 
0.4741610634235217 0.31760742314792006 
0.14044998407308584 0.633576331316152 
0.13937906671284925 0.6407606474372575 
0.8072428270740591 0.10712590264283454 
0.1394168513872527 0.6382348445602776 
0.11866631857091825 0.6607808648737277 
0.820946354524715 0.10038520316209448 
0.45334920312480537 0.3307558411124049 
0.7862673703440849 0.11942719900185123 
0.8037717471747887 0.11221537591344319 
0.4731651632719592 0.3216260663598079 
0.4578286941398331 0.3289871939793704 
0.8195856339867035 0.10074043888482112 
0.7814449820129924 0.121818000532269 
0.1252989754800736 0.6544968296858413 
0.1536779280090327 0.6199221165757419 
0.4578286941398331 0.3289871939793704 
0.785391035187197 0.11979860649756251 
0.4698809083977234 0.32310482869378926 
0.46333125881878057 0.3279749698235721 
0.7866067255570498 0.11778559658844115 
0.4738308185214757 0.31950617811886395 
0.4738308185214757 0.31950617811886395 
0.7870493630892426 0.11759685852984787 
