0.841315679953367 0.08590507781461842 
0.07126401655792838 0.7485667980967081 
0.07126401655792838 0.7485667980967081 
0.10217987662550677 0.7147088039426511 
0.4951206442749273 0.325630188648527 
0.829536180949196 0.19588437542736892 
0.5145246122034377 0.2911010499815904 
0.8295692668830801 0.09695422688284966 
0.5145246122034377 0.2911010499815904 
0.829536180949196 0.19588437542736892 
0.4963746566533378 0.3255019592046153 
0.49687788433274493 0.2991457345482729 
0.07824241294243253 0.7287046521075664 
0.07131269841887533 0.7392486201485785 
0.07407180454180698 0.7358441721409896 
0.07131260115548559 0.7475909715655232 
0.08449150686451153 0.7227717478279705 
0.09292593823632792 0.7152653421317051 
0.5098854439814254 0.29136442671908874 
0.09862952010367224 0.7148637635733226 
0.08621760775095424 0.7193146293175707 
0.5126375839625935 0.29117266188327057 
0.5059859638691425 0.2913779026661602 
0.07837755771241699 0.7262317084270109 
0.08734529005536866 0.7169367086128825 
0.08621760775095424 0.7193146293175707 
0.07407180454180698 0.7358441721409896 
0.09252720245426958 0.7160486003979131 
0.5045861456675308 0.2931559756757837 
0.09965105128507477 0.7147574109498671 
0.8303827931764658 0.09449030369635181 
0.07203560433625579 0.7360327465497916 
0.8305111297699505 0.09183129482045364 
0.5052786231346023 0.29150350475212516 
0.08918707157798812 0.7168438506679926 
0.502515054557782 0.2942462786291177 
0.08015723784939015 0.7234942731402428 
0.08256645268686952 0.7227730927855749 
0.4991163678712736 0.2965307067637595 
0.0718901024387328 0.7378070780361355 
0.8337106163676192 0.08939206229852936 
0.08918707157798812 0.7168438506679926 
0.835542956187919 0.08915466783807018 
0.49700863652841715 0.2971913226498599 
0.8355696013815037 0.08863863395140123 
0.4970050772077716 0.29881645259279965 
0.8363197747778714 0.08769264134854068 
0.5009248423380027 0.2949799529495992 
0.49747876428756005 0.2967738685431007 
0.08165595963664109 0.7233187445387149 
0.5031757993555553 0.2933903810462702 
0.500014621553127 0.29637639875725974 
0.07951990686705344 0.7242702834196756 
0.829908949934333 0.09514519089883294 
0.5011514034596286 0.29456303256848704 
0.8332190559137657 0.09026261019581679 
0.8296956271683397 0.09650552536160754 
0.5035095226687868 0.29333321551131947 
0.07886451735247682 0.7252629487556009 
0.08169205143240058 0.7230189671447376 
0.8335357728958112 0.08986412888093402 
0.09862952010367224 0.7148637635733226 
0.07202441063364988 0.7372350109540821 
0.8323967022015548 0.0904389693948372 
0.8392409529942338 0.08675268489739874 
0.078935277739061 0.7245850124416762 
0.8316748461133107 0.090792435150135 
0.8386831958228902 0.08723948564023959 
0.09252720245426958 0.7160486003979131 
0.8412685068882024 0.08605560436569147 
0.8368368060451974 0.08766742237152608 
0.08734529005536866 0.7169367086128825 
0.8301837981431798 0.0947521410312461 
0.07131260115548559 0.7475909715655232 
0.8391970657284281 0.08711282395904014 
0.5002042742889278 0.2958269817597961 
0.831602594923208 0.09157523028257089 
0.5003811992495001 0.2957470604773978 
0.8382342245597567 0.08744878631585246 
0.8401252541042402 0.08667803212996605 
0.8311327259666144 0.09161102428951738 
0.07942317169387071 0.7244861631780121 
0.8406572576691488 0.08644035866720325 
0.8374491636743626 0.08758173981452189 
0.8305516277356819 0.0916316955856738 
0.8406572576691488 0.08644035866720325 
0.07892670784577724 0.7252602863883674 
0.8401606083428791 0.08665987431868828 
0.07202098109532849 0.7372917139763492 
0.8374491636743626 0.08758173981452189 
0.8296956271683397 0.09650552536160754 
0.832114031444004 0.09055426528169637 
0.8318067163919064 0.09056153863689133 
0.829908949934333 0.09514519089883294 
0.5003811992495001 0.2957470604773978 
0.8382342245597567 0.08744878631585246 
0.49745770965258945 0.2969062733167469 
0.5011514034596286 0.29456303256848704 
0.8295692668830801 0.09695422688284966 
0.8315152753375576 0.09158795346215146 
