0.056363136008942896 0.9924443882443277 0.9811605707828169 0.9816938721730559 0.9954011607048101 0.9472387463966239 0.9715689947183879 0.8879877183526761 0.8839060656341954 0.838372918751667 0.7859535564147689 0.653668981011894 0.6422228308887906 0.5406288326044489 0.47855182765873316 0.2960323528620106 0.2580953296932635 0.16690624263239498 0.07203505581878179 -0.1204140990482292 -0.10742494429483124 -0.3249126531178971 -0.3598150192894409 -0.2955421440251429 -0.5207337267043012 -0.6418815159058318 -0.6863513358432289 -0.7806380636983778 -0.8264991073528442 -0.8079268821146 
0.7515047183526679 0.9800383341576264 0.9101060394923306 0.9073849639281801 0.7921907323236446 0.8116929213187961 0.8546458024290049 0.6493480004745208 0.6866403396355316 0.5066494758199254 0.40500995021528624 0.2915673890885286 0.32391875171533097 0.09894515216024155 0.09800773066270843 -0.13012936185061177 -0.22959775578312663 -0.3526401006137949 -0.27711489363032954 -0.5195506945700307 -0.504193853731454 -0.7077200096956577 -0.6709043860564826 -0.819440706616404 -0.7896169150566074 -0.9376523715838558 -0.8056230708953724 -0.962804436947638 -0.9962440275754079 -0.992668781051773 
0.7515047183526679 0.9800383341576264 0.9101060394923306 0.9073849639281801 0.7921907323236446 0.8116929213187961 0.8546458024290049 0.6493480004745208 0.6866403396355316 0.5066494758199254 0.40500995021528624 0.2915673890885286 0.32391875171533097 0.09894515216024155 0.09800773066270843 -0.13012936185061177 -0.22959775578312663 -0.3526401006137949 -0.27711489363032954 -0.5195506945700307 -0.504193853731454 -0.7077200096956577 -0.6709043860564826 -0.819440706616404 -0.7896169150566074 -0.9376523715838558 -0.8056230708953724 -0.962804436947638 -0.9962440275754079 -0.992668781051773 
0.08732682030019376 0.9802385706724448 0.847729110770143 0.9051670751222747 0.7954758014698631 0.770061708388 0.8543102083151212 0.6182463220357747 0.5875372210914158 0.43317174743808234 0.4045825717614035 0.26646375280417195 0.1291310352418623 0.05049845647706808 -0.04938882186955608 -0.1904086657389445 -0.26706725401860376 -0.3658687072630624 -0.28831907690377423 -0.5221790659277755 -0.599850653049614 -0.7012066065623483 -0.8283514138823637 -0.819776947343484 -0.8165336159632112 -0.9376568597031659 -0.8608081101778868 -0.9759852544649879 -0.9408279127865724 -0.9671996369484704 
0.41946511534402237 0.9800382386232033 0.8501014653790329 0.9073511507325897 0.8765936536014498 0.8103401291382485 0.8571429552131018 0.6525285183590515 0.8220945721095696 0.4683638710855511 0.40667092096892016 0.26619439132572925 0.3231877889274878 0.09897095207130502 0.10176275400107945 -0.12685340332989875 -0.23140050337011428 -0.371601999923105 -0.41291726745150187 -0.5149392066041883 -0.5994928339299805 -0.7006652661472862 -0.6745034329712248 -0.8328132977731515 -0.7609938557216643 -0.932709803654911 -0.8564262204875631 -0.9788121511354287 -0.999674861271887 -0.9867567161387073 
0.38990016118649945 0.939728368221005 0.9812506566451197 0.9815068250119156 0.9893361160343058 0.947945941014266 0.9511107897001945 0.8882131490782358 0.9110682699487116 0.6684770437885038 0.7813656897655344 0.6761352588397934 0.6464705775717121 0.5406185243145682 0.47556139489309623 0.28323390409548016 0.26291559744639026 0.09635511579783637 0.07196356394801309 -0.010183483693886143 -0.1323905364624925 -0.17711523808744867 -0.35981177335911235 -0.510211280982054 -0.5346504424640525 -0.6424632249641286 -0.6869715040042732 -0.7869249640816479 -0.8281750716342395 -0.9927607805108486 
0.38990016118649945 0.939728368221005 0.9812506566451197 0.9815068250119156 0.9893361160343058 0.947945941014266 0.9511107897001945 0.8882131490782358 0.9110682699487116 0.6684770437885038 0.7813656897655344 0.6761352588397934 0.6464705775717121 0.5406185243145682 0.47556139489309623 0.28323390409548016 0.26291559744639026 0.09635511579783637 0.07196356394801309 -0.010183483693886143 -0.1323905364624925 -0.17711523808744867 -0.35981177335911235 -0.510211280982054 -0.5346504424640525 -0.6424632249641286 -0.6869715040042732 -0.7869249640816479 -0.8281750716342395 -0.9927607805108486 
0.7240263186118882 0.9009915274427369 0.9812946740794447 0.9847453308893417 0.9915206205000496 0.9905804100281865 0.9655216943060408 0.8815897630357069 0.9095823031265663 0.8721798299115736 0.8014278872850928 0.6386890691273412 0.6421891204875433 0.5374939594740996 0.46664343635711875 0.3911953390377473 0.25935994434313775 0.16719114102499993 0.0613449278926739 -0.009888474158363969 -0.13450592217115664 -0.33747126128654426 -0.35738100709875215 -0.5256841153797641 -0.534946554961796 -0.6423168717112276 -0.6852390690945538 -0.7841542555403188 -0.8285385654992746 -0.9434895053641973 
0.7240263186118882 0.9009915274427369 0.9812946740794447 0.9847453308893417 0.9915206205000496 0.9905804100281865 0.9655216943060408 0.8815897630357069 0.9095823031265663 0.8721798299115736 0.8014278872850928 0.6386890691273412 0.6421891204875433 0.5374939594740996 0.46664343635711875 0.3911953390377473 0.25935994434313775 0.16719114102499993 0.0613449278926739 -0.009888474158363969 -0.13450592217115664 -0.33747126128654426 -0.35738100709875215 -0.5256841153797641 -0.534946554961796 -0.6423168717112276 -0.6852390690945538 -0.7841542555403188 -0.8285385654992746 -0.9434895053641973 
0.07541398421349454 0.9982048604269853 0.9028270245237388 0.9266560902255306 0.9335168809919454 0.8313251675566234 0.8533692545257198 0.6667129778862735 0.6637672853745918 0.542683302691761 0.6365373480714007 0.3465451156762281 0.3275013525241095 0.179218883414607 0.09964699662076695 -0.026194928354582453 -0.05178478072284325 -0.1670702882094808 -0.28076165965744215 -0.3894836179980554 -0.49509777184850445 -0.6569586606792643 -0.6215927730078598 -0.636338877148706 -0.7276915158740137 -0.9720448079806875 -0.8044939519562045 -0.9647862259778849 -0.9774470152090898 -0.9873077551042583 
0.39080045542122954 0.9406437697716532 0.9607397205122826 0.9848920364199355 0.9610639896256176 0.9992091278130759 0.9717859126651128 0.8836425530529806 0.8906811297233301 0.8690479583822471 0.7703368356250943 0.6776938640239075 0.6423648956827408 0.5413791746638794 0.46697312158426807 0.39138018605037084 0.3007123348779468 0.07389264501480261 0.058580880372913306 -0.058285881395907145 -0.13430570189260996 -0.32056504989432616 -0.3526388150953704 -0.5427402255618858 -0.5229342705353414 -0.6424209051628335 -0.7062317646270776 -0.7474772038868694 -0.8269220297593448 -0.9443358733445004 
0.7321218933335805 0.9844994333933482 0.9348009945094176 0.9854305328547244 0.9852507502318291 0.9600964009534951 0.9513835949791191 0.8444926191778335 0.855585808037685 0.7402617334048381 0.7679688682555458 0.6346239717509381 0.4617685106866826 0.3917325692998404 0.3917774566906753 0.2177788280199563 0.12612464177969882 0.0028941497492389126 -0.14330759158780043 -0.16938496447010679 -0.2265926306570253 -0.3820834023923155 -0.3699446133809333 -0.5771600028215501 -0.4820402519758752 -0.731881391463081 -0.7917907279149888 -0.8483036340456188 -0.8250310691795756 -0.946429062537981 
0.4163734302785529 0.9941505193096355 0.9138065899664415 0.9052803057921485 0.878872401316019 0.8104434100909594 0.7061072920764146 0.6832400776620591 0.6681650211399838 0.507142674296737 0.40513184981392414 0.2665605890251596 0.20715470276384723 0.10014010536273478 0.0022205893561769337 -0.08403951346618116 -0.20574110756351704 -0.3528766985876363 -0.3412164942205848 -0.5199125496873747 -0.6236061216071662 -0.6318971710150573 -0.5628583909754157 -0.8210403582565996 -0.8272891635648353 -0.8810353566004512 -0.9327999302736166 -0.9990327681116895 -0.979959579435312 -0.9857479679063926 
0.06631754839568507 0.9847730376647298 0.9345155572606166 0.9865704937908345 0.9892371289654619 0.9600971240599615 0.951720986186594 0.8473651855321943 0.8555954323985181 0.8072018306286255 0.7340991034601207 0.6346246953017379 0.6415111057181857 0.38789501368152574 0.39510815767017854 0.2182512729501546 0.12686495901019115 -0.020133376196177853 -0.08158300610849172 -0.16936730815063356 -0.23687533938350094 -0.38172818587870533 -0.5222316534669924 -0.5930864265665827 -0.5618328548067963 -0.7227281805272386 -0.9025676710682045 -0.8480960597024501 -0.8690351370375002 -0.9356602702526028 
0.3928487651026725 0.8999219685283738 0.9813895664978244 0.9816702595450487 0.9911608288051404 0.9415391018473982 0.9714465983778872 0.917761313488344 0.8340158808157767 0.7921417993965989 0.7536215913270331 0.6372341441863628 0.6470722128277926 0.537479769827349 0.4469300646618021 0.29730572049299386 0.25484757834007654 0.09930467499253925 0.06894236199048956 -0.1239488194295329 -0.14003338028736148 -0.32312614737382056 -0.3890202336666155 -0.505833369052703 -0.534746066873596 -0.6373220400100791 -0.7055297588889746 -0.7829238668737971 -0.8227277405432459 -0.8034879950862528 
0.41454878308501936 0.990113875391636 0.975942310618406 0.9053055024813883 0.8857090344470788 0.8108836023771593 0.7954683597478461 0.6552408613327316 0.6906870659745498 0.5408775353384826 0.404903508209398 0.3391954444298636 0.22289403573224947 0.14477314933985763 -0.02198210180147607 -0.12169601682200092 -0.16908784969107876 -0.24594683307022452 -0.33493593672278327 -0.5142849798810111 -0.4759360267382083 -0.6319126764543885 -0.6353409164875748 -0.8209793080728283 -0.7831000387817514 -0.8808635758143577 -0.9359699778845108 -0.9526470192856852 -0.9811155511787604 -0.9717635801755578 
0.41946511534402237 0.9800382386232033 0.8501014653790329 0.9073511507325897 0.8765936536014498 0.8103401291382485 0.8571429552131018 0.6525285183590515 0.6906162825203481 0.4683638710855511 0.40667092096892016 0.26619439132572925 0.3231877889274878 0.09897095207130502 0.10176275400107945 -0.12685340332989875 -0.23140050337011428 -0.371601999923105 -0.41291726745150187 -0.5149392066041883 -0.5994928339299805 -0.7006652661472862 -0.6745034329712248 -0.8328132977731515 -0.7609938557216643 -0.9572825662834398 -0.8831352194712542 -0.9788121511354287 -0.999674861271887 -0.9867567161387073 
0.4182796924076226 0.977478994901516 0.8456063265887619 0.9052553389908703 0.8846575690707676 0.8120102769838384 0.7743472151837962 0.6838898063763053 0.6681327698280507 0.5071754564490574 0.399194638473908 0.2654890578272646 0.3008526843236481 0.0989231477331809 0.0022205893561769337 -0.08610065109959822 -0.20574110756351704 -0.3528354017077198 -0.3502618471413408 -0.5199125496873747 -0.5071983819369452 -0.7188336380096088 -0.5680602177335836 -0.8195020562033707 -0.7855782711754893 -0.8810373411729636 -0.8152825873799395 -0.9884262014921033 -0.979959579435312 -0.985884441339051 
0.3905962741791716 0.9976693599175266 0.9812818111606258 0.9814158419706737 0.9893407637998475 0.9503239666654816 0.9711196505264978 0.9281826498166259 0.9517149561387888 0.6779369004692422 0.7856283137175485 0.6763950895269418 0.6463645694338231 0.5406733944663331 0.4481877058701439 0.2818013851528174 0.2763822610138783 0.0966012002026412 0.06886104480382538 -0.12082562675348664 -0.1334810856858967 -0.1769975474313 -0.35963853761085196 -0.510209892961646 -0.5346533915482448 -0.5987893916941293 -0.6848864754756138 -0.7805681751442664 -0.8231659484449555 -0.9925957792286613 
0.4122842074482416 0.9891053429235791 0.9048677189225336 0.923204743868722 0.8844331778635635 0.8446975483155517 0.8507752995529045 0.6558735097726274 0.639114422677425 0.5089636744396108 0.5457776140598576 0.3105141915051363 0.3275966941329855 0.13974827900404896 0.07933785897782017 -0.08685737422481607 -0.16866419835417867 -0.35659363721254317 -0.33520358798384137 -0.5146125693916692 -0.5350906134457144 -0.6320551416695185 -0.6804802822982505 -0.7800086309582643 -0.8601563682922969 -0.8850654994214225 -0.9327741620980127 -0.9612185242306674 -0.981166820805536 -0.9684036412324412 
0.4173513110196079 0.976179966059107 0.902807959127202 0.9063696468475867 0.9029854841641329 0.8087126986109882 0.8505300154674957 0.6837529774692724 0.6864040141157162 0.5053098114870079 0.40421271743924564 0.2712225458878542 0.20915272754232064 0.10226107708679247 0.0989480597105376 -0.08491161183141481 -0.15194364633600949 -0.3749888109752523 -0.34422296753960624 -0.5136771835904763 -0.5406337393493323 -0.7063476906632481 -0.6699871426307331 -0.7892720420899587 -0.7650762341481498 -0.8855273321775007 -0.8387447700827391 -0.9761207364781022 -0.9804262263141154 -0.9870682157663156 
0.7513252887467996 0.9793632055139441 0.9141196681593953 0.9072918695718405 0.8716851679864358 0.811687234546427 0.8308850953807704 0.649490396566725 0.6393447070723229 0.507261185036849 0.404894888177848 0.2663756441913375 0.20919844810280203 0.09939646961725546 0.10167443005738247 -0.08658330736006506 -0.2046456946611318 -0.3528326786009792 -0.34963213865770093 -0.5196957984367315 -0.5042148765220336 -0.7006504852817618 -0.6789172330908982 -0.8194142219413981 -0.7887189967959836 -0.9263877746483153 -0.8059697993529251 -0.9639311474149023 -0.8219238950861181 -0.9940558291483387 
0.39496124434040036 0.9844181282404002 0.9366310642783918 0.9847376668413892 0.9602435105031697 0.9626574666626858 0.9505992450110549 0.8445322289465411 0.8452641051970853 0.7423603994848194 0.7707725932221026 0.6523881528599514 0.5379697010723528 0.5390021172122417 0.3530587950721911 0.21755623483987818 0.21465136665118278 0.0015636949438102708 -0.026427231003514462 -0.09870128166515042 -0.22661860089143251 -0.32563091943270056 -0.4759056143935417 -0.5368573499245749 -0.5604603364856982 -0.64215406006153 -0.7875296902745498 -0.7836184772407777 -0.8686391108935894 -0.9409874795831934 
0.08384875697989748 0.9989008873343485 0.9713517408120272 0.9065217357647586 0.8740488090918701 0.8718264884771126 0.7026513296623096 0.664417516462333 0.5936192681421814 0.5088047825466836 0.47022324305366914 0.2723912653883699 0.14440697426150917 0.08566142758982616 0.0019338191083853404 -0.08565080201485498 -0.2730914311848557 -0.30413235922766757 -0.41054063558762754 -0.5141582657171156 -0.6338666243564974 -0.7023098787468279 -0.7638028892692067 -0.7838328669826523 -0.7904804418583599 -0.8804635745576583 -0.933343458817369 -0.9767153574777784 -0.9996230136515112 -0.9895013794101369 
0.05956696219548932 0.9438113749678896 0.9711300420784332 0.9999491113935292 0.9912948947934543 0.9472521047037031 0.9642052712018657 0.8878507396612801 0.8838777979473349 0.8421646669053775 0.7824845728369144 0.6528167622571575 0.6307513705283845 0.5412875367537392 0.44868551559234554 0.32787599214478913 0.25943042735450106 0.078824101116617 0.05192908094777681 -0.00816708685236675 -0.15618197739301798 -0.27993908990030814 -0.359830597730461 -0.3896696680278657 -0.5345763257191063 -0.6425460345063227 -0.6880879696105847 -0.7851414089430668 -0.8232625603037734 -0.9751378596788136 
0.058081163828716004 0.9424579830466971 0.9402496940902647 0.9850187667195587 0.958804255821754 0.9974718883164303 0.9716524920183062 0.8874607653599014 0.8312613525286868 0.7887664669400178 0.7703535698561116 0.6374894514555771 0.6265205368612863 0.53843371421198 0.47597933027014105 0.29623120537035424 0.25933335699757715 0.16642871048344898 0.06048920135201674 -0.027815958609020017 -0.13456298705287195 -0.32492866908963597 -0.36190859531236036 -0.5397612598800529 -0.5403300310215465 -0.6415586363551571 -0.7665769087939144 -0.7526243390923131 -0.8265656237560433 -0.8064918925120973 
0.07919908297141845 0.9908056280627241 0.9376240622151873 0.9077694603045952 0.9148789792113408 0.8746644149130997 0.797176870166934 0.6181019288376497 0.6727317285899518 0.5038458605366152 0.4071194098900888 0.30972871992167883 0.3136176682811702 0.12127649632958368 0.07895198309988004 -0.055111786435854196 -0.16844664110800173 -0.24040117414058518 -0.34509407228315186 -0.5141861492517541 -0.503220945306173 -0.5988513050301619 -0.6750735037637433 -0.8186405328889297 -0.8529263884700787 -0.9398688113418532 -0.930041313042889 -0.976497563490608 -0.9993146629634551 -0.9720017485018492 
0.06322864250154409 0.9885139652670679 0.9632667164532331 0.9976465143083735 0.964354922660042 0.8929581207628629 0.9693352025079461 0.925556390215117 0.8427142801034244 0.7780217510510695 0.7738829140514837 0.6378718777095069 0.5316907239945557 0.47480443762439056 0.33977384836119107 0.2832205178950707 0.2103119339266941 -0.003023558463349174 0.04700557011702504 -0.12996914513968458 -0.26090967174270635 -0.41421495844863143 -0.47801668139079184 -0.5045790389503441 -0.6148165344054767 -0.6444617932805805 -0.8025860925943312 -0.7831711907055606 -0.8295539112354776 -0.9723915163977916 
0.4173513110196079 0.976179966059107 0.904328775092282 0.9064349546401147 0.9029854841641329 0.8087126986109882 0.8506983637695547 0.6838290250474212 0.6862904135076419 0.5053098114870079 0.40425031824617397 0.3490578415242869 0.21240247368258908 0.10125202983302145 0.09875328486304522 -0.08488905217670897 -0.15210953250551107 -0.37149773003649095 -0.33520066190944997 -0.5137271175802636 -0.5406337393493323 -0.7063476906632481 -0.6775255041589511 -0.7892720420899587 -0.8555678775417351 -0.8850889221888276 -0.8390461900888663 -0.9761207364781022 -0.9831709079396044 -0.9870903286253084 
0.05766286572154197 0.9002508721873094 0.9811871056084438 0.9999491113935292 0.9912948947934543 0.9472907664275115 0.9709567791267196 0.8877735598600702 0.8838777979473349 0.851233391975831 0.781180276926191 0.6528167622571575 0.6313782565441562 0.5412875367537392 0.4525765276997858 0.2835119572139716 0.25943042735450106 0.07857073557504 0.052276517963309815 -0.008162153398677796 -0.15618197739301798 -0.17758065244748486 -0.359830597730461 -0.5268202884238478 -0.5345763257191063 -0.6425460345063227 -0.6879936034977334 -0.7851414089430668 -0.8232625603037734 -0.9751378596788136 
0.06631754839568507 0.9847340674064714 0.9963829507233012 0.9613295504674065 0.989418530961232 0.9600970113521845 0.9519176853365725 0.8474894701795541 0.8557870973008804 0.8072417784009496 0.7351158241877039 0.6381461338550871 0.6415108213064704 0.3933236359235286 0.3903228690421834 0.23842383659460153 0.12686495901019115 -0.020133376196177853 -0.11574879090084957 -0.17159526154786298 -0.2367589488468672 -0.428080509969206 -0.522585646360153 -0.5930864265665827 -0.674930008851118 -0.7227281805272386 -0.7851812488616585 -0.8480960597024501 -0.9319396553677625 -0.9148507247262322 
0.39942615319102215 0.984385092758459 0.9372034698240315 0.9844499034702695 0.9903354387225598 0.9601262261093991 0.9513665809050149 0.8474806098187253 0.9727130391361664 0.7398415574827495 0.7679533278032339 0.6347579078467571 0.4618253093708016 0.42723645852681025 0.39177177855584067 0.21751868265659063 0.12621638389762294 0.0018034359708761563 -0.12162065234850976 -0.16947799275681505 -0.22669257300773515 -0.395392776771952 -0.29258255217762635 -0.575826505539004 -0.6622006367059692 -0.7241299869458618 -0.7870741038692549 -0.8481201032975638 -0.8694164281796499 -0.9465104281613205 
0.7488965383426389 0.9447895897104502 0.9678626230868018 0.9071268922879787 0.8097434153531831 0.8099927043114158 0.8575079726020027 0.6845780908880504 0.5235771703172477 0.5428823302534216 0.4068984803385884 0.3517317926860877 0.3279848479903267 0.14546881434850725 0.13001140475910564 -0.0589032382244823 -0.16427590538243125 -0.30889035179636615 -0.33518404860569995 -0.5130823067702341 -0.4776726498705226 -0.5991585398043175 -0.6339040698694237 -0.7925133836777539 -0.8556986522979989 -0.882414640499013 -0.9777636109123166 -0.9754949873122097 -0.9790626275153973 -0.9864009620834918 
0.07942038274787763 0.9889984942397422 0.9713155672776409 0.9172466051916367 0.906125145987619 0.8441661048399445 0.8524723969016793 0.655806388032629 0.6387891318312459 0.5095123702296961 0.40720653633187315 0.33898657039285923 0.2714559087366089 0.1397926454025691 0.002258081379180349 -0.07997763804363318 -0.16880534269871958 -0.265814462016355 -0.3345610123863241 -0.5145547512686874 -0.5246080715005151 -0.6031735488440161 -0.6792027897412268 -0.7827947874695522 -0.7867199676996806 -0.8827306862826403 -0.9332951511646785 -0.9613299091615991 -0.9799836138178137 -0.9997357068905585 
0.745671386796617 0.9760729593089639 0.9039803756970862 0.9054045536551307 0.9334930138087718 0.8085753681658843 0.7959490927434921 0.6599166847533319 0.6845341406791177 0.5086784027272542 0.4655640624612004 0.3490810079720758 0.32184211710710897 0.17576607598468513 0.10101802827139852 -0.027433043092903512 -0.15364612142152184 -0.3561852705691563 -0.3257615104111373 -0.44542047342409785 -0.5142529017603322 -0.6324407948055513 -0.622041726136153 -0.7800023012009886 -0.8532734119033765 -0.9718280377150593 -0.8871548784359572 -0.9612673677581532 -0.9827309335108035 -0.9859904979346437 
0.08133828563817676 0.9877176648581482 0.9720241877997136 0.9072459612169373 0.8764702496128038 0.7923220707222194 0.8542216217678651 0.6793078690878703 0.6863990044912173 0.5391005370338317 0.40484928644992463 0.3388699379794891 0.3273403428290127 0.12129077474228046 -0.027035943199199955 -0.08513324876211308 -0.2697908043066361 -0.24156889998789066 -0.3460086961630665 -0.5148287819369753 -0.5486275566008659 -0.6309191172237651 -0.7181283494601287 -0.8592391306220059 -0.8543745363520656 -0.8773496780673794 -0.9333847043272062 -0.987844803473118 -0.9804303896909441 -0.983973977149285 
0.05641061641391426 0.9979072474076869 0.9360769647331593 0.9816938721730559 0.9984196466865172 0.9472688675588128 0.9641893979684731 0.8879877183526761 0.8839060656341954 0.836974178489117 0.7859535564147689 0.6531001914868219 0.6467243816864895 0.5406288326044489 0.4486880600656123 0.2550474553095617 0.2776178127583392 0.09972227784164067 0.07199680950900715 -0.10691671634481614 -0.10731340053393373 -0.2442354957917216 -0.3598150192894409 -0.5120083461837376 -0.5207337267043012 -0.6373296671151234 -0.6863513358432289 -0.7806380636983778 -0.8231588525331902 -0.8079002720848947 
0.07541398421349454 0.9982048604269853 0.9028270245237388 0.9266560902255306 0.9335168809919454 0.8313251675566234 0.8533692545257198 0.811254324572871 0.6940933461318418 0.542683302691761 0.6365373480714007 0.4127040589669109 0.3274556425214433 0.2498597761311353 0.2031437395262039 -0.02846018733468545 -0.05178478072284325 -0.23530469876636195 -0.28076165965744215 -0.3894836179980554 -0.5078030583820872 -0.5996043708406218 -0.6285435494790853 -0.636338877148706 -0.7276915158740137 -0.8811258706626899 -0.8011969847144323 -0.9645902209425383 -0.9774470152090898 -0.9870192410750703 
0.06631754839568507 0.9848001491524113 0.9963829507233012 0.9583026653286023 0.989426158624799 0.9601730867301869 0.9600422613885943 0.8445564105014955 0.8557388252720423 0.742390544747144 0.7351158241877039 0.6382125452106764 0.52651970466078 0.5426071143374711 0.3890741015301654 0.2366002718347895 0.12738819859342798 0.007693147728969518 -0.11692419041139188 -0.17104585144661216 -0.23720769122521657 -0.37736189284143284 -0.522585646360153 -0.5933246257445921 -0.6802609355050151 -0.6438468697806115 -0.7875992652571565 -0.849424341150291 -0.9319396553677625 -0.9148507247262322 
0.7488965383426389 0.9447895897104502 0.9373667122562525 0.907108031967728 0.9088856026094938 0.8099927043114158 0.8002015864776134 0.6845780908880504 0.5235771703172477 0.5650859304356575 0.4068984803385884 0.3521306731832452 0.32791661955373536 0.14546881434850725 0.07919753535703114 -0.0589032382244823 -0.16838313420183962 -0.30889035179636615 -0.3351295814375223 -0.5130823067702341 -0.477465250368672 -0.599166751647726 -0.6346422484891907 -0.7925133836777539 -0.8529186464293603 -0.9387119396037943 -0.9295631942913803 -0.9765368862171633 -0.9790626275153973 -0.9864009620834918 
0.7270975592142841 0.8977283167949162 0.9347795439656659 0.9950885865028173 0.991001668314356 0.9708178001506719 0.9512398654750008 0.8459827287880106 0.8349834932782683 0.7122317613808674 0.7699698680663372 0.6369488600976659 0.6422203392467754 0.540621828283237 0.4286594833763536 0.29570960692463466 0.2606299281569233 0.07422011463818069 0.05221313715931957 -0.010622330556096824 -0.1355036044278979 -0.3201209407099405 -0.35982132226862795 -0.5428583092890386 -0.552841550993197 -0.6424213677352716 -0.7266841147576305 -0.7851414212881536 -0.8281282977240595 -0.9344422833609329 
0.08595458218655716 0.9930012993510458 0.9139927133182819 0.9064646124171585 0.8176433329455579 0.8011131111901456 0.704979821245441 0.649725706964582 0.5014131015367072 0.4838556495508193 0.4051423664226978 0.26653575290282905 0.20931635570591778 0.14471740676273118 -0.1115917953217517 -0.12152394904861172 -0.16917246327229873 -0.35288079731111677 -0.3412163189320167 -0.5144145136260604 -0.6211928293347606 -0.6297096786461611 -0.6823945288391282 -0.821018313918868 -0.82742314267488 -0.8810774921096725 -0.9695633481680589 -0.998989660651647 -0.9869001325634688 -0.9867990671842453 
0.39696000002810417 0.9844196614990681 0.9348009945094176 0.9849542790458484 0.9602435105031697 0.9627273656791081 0.951546188817295 0.8445322289465411 0.8452641051970853 0.7423603994848194 0.7697134484166926 0.6356229878583192 0.515813355638252 0.3855119001073769 0.35305971365083116 0.30225975575377867 0.18336659097022612 0.0016281639210538358 -0.07574342279849028 -0.09866862064819792 -0.23415117170481511 -0.36309478082439667 -0.4760222541134951 -0.5368594238049513 -0.6208793476993577 -0.6437664825771873 -0.79190183146194 -0.7808159765695546 -0.8848914889690112 -0.9515170056095159 
0.07541398421349454 0.9982048604269853 0.9028270245237388 0.9218589350480982 0.9335168809919454 0.8313251675566234 0.8533692545257198 0.8111856781014174 0.6940933461318418 0.542683302691761 0.6365373480714007 0.41176881225963036 0.3274556425214433 0.3715965937913438 0.20316875201055867 -0.02846018733468545 -0.05178478072284325 -0.23541106593655975 -0.28076165965744215 -0.39277335045017336 -0.5079372200603643 -0.6221256257554213 -0.6285435494790853 -0.636338877148706 -0.7303761108386858 -0.8811373664756209 -0.8011969847144323 -0.9645902209425383 -0.9774470152090898 -0.9870192410750703 
0.7297049936146376 0.9876423223700596 0.9665006196412322 0.998839936946799 0.9905997600125883 0.974659673192323 0.9662477921048925 0.8934023570606564 0.8369317698731874 0.6976356579871148 0.7352928656092552 0.6370952795299872 0.5300388483963179 0.47808212618890444 0.3496627645034469 0.23990451425142892 0.2144095205384733 0.18270674803676706 -0.07443386457813447 -0.0982399741545632 -0.23318821538932577 -0.325520467526198 -0.47292545275226505 -0.576110993627045 -0.5605185466366521 -0.7219752116916097 -0.724785063011493 -0.852126430509044 -0.8244519586000364 -0.9208440232146734 
0.7297049936146376 0.9876423223700596 0.9169821382299943 0.9985321178178483 0.9905307227565439 0.974659673192323 0.9295009986946059 0.8934023570606564 0.8551199340096242 0.7432828122587745 0.7352928656092552 0.6370952795299872 0.5265383413451986 0.47808212618890444 0.3490409014103568 0.23977449658468555 0.2144095205384733 0.05373899707556978 -0.07443386457813447 -0.0982399741545632 -0.23318821538932577 -0.325520467526198 -0.47292545275226505 -0.5963013453928208 -0.5595981967241538 -0.7220699902477484 -0.7256430628850145 -0.8520986172077293 -0.8244519586000364 -0.9954386497556673 
0.06521838621532554 0.9846746407056881 0.9973740626776435 0.9842891893183671 0.9881467753659302 0.9673555731415021 0.9508607863184653 0.8479297542982984 0.8652510687443227 0.8044267389690701 0.7636390547837195 0.6381145068456551 0.5277351733104095 0.5433998009496789 0.34922298029129717 0.25016658897772814 0.12680397716633612 -0.020525954545865636 -0.10837932638352632 -0.17446899108206354 -0.24066054919789792 -0.35973959764041524 -0.4852926240990554 -0.5457622213074568 -0.6710778647482549 -0.7247155014702296 -0.794373049146796 -0.7833637193128833 -0.8630300313449129 -0.9443425894705813 
0.7270975592142841 0.9977351006592029 0.9321418020974441 0.9949312906022667 0.9904813423224009 0.9706203517464007 0.9512398654750008 0.8519464925335373 0.8343160868611935 0.7122317613808674 0.7855444349284358 0.6279510824305123 0.6421097440954986 0.540852805365476 0.44784810423367494 0.29570960692463466 0.27743214663129767 0.07451024549827193 0.052322072045944204 -0.02428443706110476 -0.13512533225385986 -0.3201209407099405 -0.3611977205527827 -0.5265003825344972 -0.5344633777086477 -0.6371819520585639 -0.7266841147576305 -0.7853301530288096 -0.8246959989187059 -0.9344422833609329 
0.08595458218655716 0.953521158727635 0.907051510203024 0.9064624811871079 0.8176433329455579 0.8009814233800625 0.7745848962265411 0.650375435678828 0.5014131015367072 0.4838556495508193 0.39920515508268173 0.26546422170493406 0.30273516214411506 0.14471740676273118 -0.1115917953217517 -0.12358508668202878 -0.16917246327229873 -0.3528395004312002 -0.35026167185277274 -0.5144145136260604 -0.504736342291644 -0.7166461456407126 -0.6875963555972961 -0.819480011865639 -0.7857122502855339 -0.881079476682185 -0.9695633481680589 -0.9883785889613184 -0.9869001325634688 -0.9867922639117476 
0.4122486971693103 0.9478010109580723 0.90264126885383 0.9073798553491106 0.8735764772264686 0.8742696474741978 0.8503988020588128 0.6847882351386149 0.7552745855985223 0.5489859365280148 0.5365366674084998 0.3489431674236891 0.21111043299399024 0.21832818120620612 0.09265847320109862 -0.08518354350494739 -0.1699854803586645 -0.24290423437334357 -0.33446848329688994 -0.5137288580893092 -0.4734929715248073 -0.6342521042389176 -0.6177187643255669 -0.7786763556675477 -0.8551928240976152 -0.8772297098354959 -0.8868539501925287 -0.9761095004078942 -0.9761175534458035 -0.9617736339335727 
0.39754006616185744 0.9844196614990681 0.9348009945094176 0.9866673470950302 0.9602435105031697 0.9627273656791081 0.9518661196304208 0.8445322289465411 0.8554500076783264 0.742381005690828 0.7689702801087387 0.6356229878583192 0.515813355638252 0.3855119001073769 0.3530929846217652 0.21930751003731946 0.12525594912833637 0.002110519471735642 -0.11617938787348672 -0.09866862064819792 -0.23414396245772026 -0.36309478082439667 -0.48088813599085845 -0.5927163946161473 -0.6739954790943433 -0.6437664825771873 -0.79190183146194 -0.8503040473178247 -0.8686391108935894 -0.9515170056095159 
0.7460742552066383 0.9981505021097449 0.9039803756970862 0.9054053625139452 0.885688795162158 0.8722667382635698 0.8525761975716032 0.6738441507777875 0.6637314702330783 0.5426772256093733 0.46188547211140574 0.3490810079720758 0.32144214470952237 0.17898330897954498 0.10268345793664796 -0.11563915226893962 -0.15767329922965562 -0.16902683480155564 -0.3257615104111373 -0.44319653242433366 -0.5039723185759961 -0.6540347929242604 -0.6220445498726823 -0.790631898448035 -0.8535396413092162 -0.9689345533889405 -0.933623462889453 -0.9647923680256605 -0.9823468486019008 -0.9757753276440686 
0.06155275690647946 0.942643459872293 0.9630073057098042 0.9842761214346399 0.9601982653845558 0.942200194588823 0.9494275056261603 0.8479626830001823 0.8655998924115011 0.8044254545460038 0.7706745809958778 0.642440860583331 0.5186536351624277 0.5404870648334934 0.3949685407471729 0.28282236785158926 0.21478700880088947 0.0014085294337571608 0.052129355024700647 -0.10070038277713289 -0.14192534490036168 -0.35975383533304184 -0.469277237160536 -0.5435965408261956 -0.540865305401294 -0.6385040725091407 -0.6921973549368037 -0.7832502479553098 -0.8657997909044469 -0.9409841986656751 
0.4122486971693103 0.9478605482343276 0.8639148836593009 0.9054342890107993 0.9056564354616599 0.8742696474741978 0.850394981836839 0.6281760786953238 0.6685452980133119 0.5488417306368992 0.5411339396920902 0.35161967487780554 0.3286717014075512 0.14666334405490764 0.09265847320109862 -0.08041607591864826 -0.1699854803586645 -0.24290423437334357 -0.34602551111646485 -0.5137288580893092 -0.4734929715248073 -0.711131792524905 -0.6420674831557793 -0.780003542465201 -0.8039628919164955 -0.8826875853765482 -0.8868539501925287 -0.9529411277013456 -0.9761175534458035 -0.9902615866398284 
0.7470401587980257 0.9969006328920054 0.9027056334186208 0.9177644815964822 0.8787561968148425 0.8108562131675312 0.7755698526456302 0.696531976705138 0.7712758549951749 0.5425442007156218 0.4072075979221866 0.3335236185018892 0.2712913602606077 0.1440813749795179 0.03078322382288677 -0.036217870059759835 -0.16875652932765314 -0.2640413161427212 -0.3458274081337775 -0.4850415680286365 -0.49824033318084443 -0.6327262428191875 -0.6353410302835985 -0.7784896573160945 -0.85718984602692 -0.8827332740869275 -0.8883355537982114 -0.9610421456542436 -0.9862330647863804 -0.9989403658442765 
0.0604854019866991 0.9424579830466971 0.9571531238001258 0.9996977677167583 0.9588473742544155 0.9953598670679225 0.9513368242236364 0.8911365654499926 0.8915697653682201 0.7887664669400178 0.7711489606539281 0.6539067133339928 0.6265205368612863 0.5380984782608255 0.44796410513409834 0.29545628716713007 0.25933335699757715 0.1006553193702527 -0.015083443915561032 -0.027799370094266206 -0.13455420030424864 -0.32270181235736894 -0.39178775440273117 -0.539760147244891 -0.5345638594918412 -0.6415658500260932 -0.7104906354528976 -0.785836898984314 -0.8228940576524268 -0.9310409660969239 
0.7321218933335805 0.987469793007892 0.9348009945094176 0.9586937433621081 0.9892391936529166 0.9600964009534951 0.9513835949791191 0.8445322289465411 0.855585808037685 0.7402617334048381 0.7679688682555458 0.6346239717509381 0.515813355638252 0.38796848924076494 0.35295060818429735 0.2177788280199563 0.12612464177969882 0.007978294011777139 -0.07529954092138061 -0.19677655424126753 -0.22661860089143251 -0.3767135870469445 -0.4723365326299618 -0.5692180368225384 -0.5604603364856982 -0.731881391463081 -0.7917907279149888 -0.8483036340456188 -0.868984264234412 -0.916429880997341 
0.7513252887467996 0.9893632698657582 0.9027499269763508 0.9072883087282252 0.8788855785779629 0.8118190622250304 0.8505145025329462 0.6844899289672016 0.6393447070723229 0.5071646280517846 0.4186550129184054 0.26710411349921825 0.20919844810280203 0.10178620928360312 0.10167443005738247 -0.08659926336370928 -0.20455021706770174 -0.3528326786009792 -0.34963213865770093 -0.5196957984367315 -0.5368467608651646 -0.7065613726010413 -0.6783083611489419 -0.819069906739203 -0.8660029649065335 -0.8827793379528242 -0.9737382067058576 -0.9884205099231508 -0.9366434084159028 -0.9994538906907171 
0.06631754839568507 0.9847730376647298 0.9345155572606166 0.9865704937908345 0.9892371289654619 0.9600971240599615 0.951720986186594 0.8473651855321943 0.8555954323985181 0.8072018306286255 0.7340991034601207 0.6346246953017379 0.6415111057181857 0.38789501368152574 0.39510815767017854 0.2182512729501546 0.12686495901019115 -0.020133376196177853 -0.08158300610849172 -0.16936730815063356 -0.23687533938350094 -0.38172818587870533 -0.5222316534669924 -0.5930864265665827 -0.5618328548067963 -0.7227281805272386 -0.9025676710682045 -0.8480960597024501 -0.8690351370375002 -0.9356602702526028 
0.06322864250154409 0.9884434029118301 0.9643485842832181 0.9852322436279207 0.9898701545504742 0.8910108719901807 0.9693352025079461 0.9275461740329727 0.8566725783270327 0.7433281316804048 0.7181494040823372 0.6379599566221313 0.5316907239945557 0.3900572038695045 0.34064285815104656 0.28252993485514366 0.2094304405600181 -0.003023558463349174 -0.07576179207643662 -0.09846706719847419 -0.26090967174270635 -0.41421495844863143 -0.4780265220210741 -0.4562762651873066 -0.6718710377801067 -0.7308933738898187 -0.8025860925943312 -0.7783808949618001 -0.8282845377441086 -0.9351305175529452 
0.08133828563817676 0.9752430950352063 0.970974739413346 0.9053003948786259 0.9065021695539124 0.7923220707222194 0.8542216217678651 0.6226957126445791 0.6685915436680885 0.5389563311427161 0.40484928644992463 0.3388699379794891 0.3273403428290127 0.12129077474228046 -0.027035943199199955 -0.08039570006701044 -0.2697908043066361 -0.24156889998789066 -0.3460079181847633 -0.5148287819369753 -0.5486275566008659 -0.7077988055097525 -0.7215703111856973 -0.8288125064894935 -0.8543745363520656 -0.8828075536084318 -0.9333847043272062 -0.9530249731178252 -0.9804303896909441 -0.9895562419370888 
0.4182308457140032 0.9899828657855118 0.8469914078416292 0.9073251666184617 0.884574304950076 0.8120989783950494 0.8543576457391959 0.6509215046978845 0.6640009440695072 0.46787999201365255 0.4050109437667182 0.26619439459749944 0.3079057395536766 0.09897897230388789 -0.02552903268958033 -0.12685344516770383 -0.22930584580567664 -0.3725967871950829 -0.2756357310621358 -0.5149759196450844 -0.5053034515166793 -0.7012466076715247 -0.7471138847609855 -0.8320340773945613 -0.7902846065654568 -0.9376527926042633 -0.7457551910451589 -0.9967424253531973 -0.9981352921472304 -0.9674987891109329 
0.0859568080870377 0.9801549433231005 0.8485610153097565 0.906480373262236 0.8168340321429354 0.8122215146941868 0.865953757933579 0.6661017832056698 0.5372539567625975 0.5072221589073321 0.40611691580993187 0.2662179795487816 0.32168932818766266 0.09894913770333273 -0.029166360171445402 -0.1263758881400483 -0.23223416444835907 -0.3725247925723656 -0.34274793403248294 -0.5143612016693223 -0.5970911977441586 -0.7062693561688747 -0.6742751227506274 -0.819183345992651 -0.8544826341752259 -0.8810469638826697 -0.8448509736328507 -0.9972979507524091 -0.9352695329886129 -0.9867570931912008 
0.07994757689375306 0.9550386293514574 0.8934136541918614 0.9052315465829691 0.8120104560236896 0.81283921797017 0.7954683597478461 0.6564421277498782 0.6675895388879528 0.5071400693063817 0.40704739282084407 0.3396901397085795 0.31795714701101546 0.12150733331088567 -0.0030804752917888037 -0.08654302607683427 -0.16533262519876143 -0.2387718744565032 -0.3667343081627357 -0.5142308014809945 -0.506848939808887 -0.631064779448079 -0.634476792042883 -0.8230372575079021 -0.7628968009749795 -0.883815105657316 -0.9330087598057419 -0.9767929588645311 -0.979959579435312 -0.9872516694927032 
0.3990285707929615 0.9845816324295924 0.9975741882496642 0.9843226244579368 0.988086448269562 0.963279215853625 0.9697774438535806 0.8486100879162006 0.8652993334697473 0.7434130409336002 0.7358607765185049 0.6355580361228983 0.45830811349320955 0.3855119001073769 0.34279173638659155 0.21751199885737432 0.2127877821530864 -0.03915530296582019 -0.1071978424180107 -0.17463865893601468 -0.23413680783923818 -0.4120657077005453 -0.4760475918817767 -0.5458075357765718 -0.6701306918620862 -0.8244751603861942 -0.8024932505194553 -0.9297696739143437 -0.8704369143915435 -0.9419169379633628 
0.08601683546835301 0.9760227154361896 0.8976580058373078 0.9050967803964265 0.6828439644954009 0.8011131111901456 0.8561047079547374 0.6201135263739784 0.5855468180231802 0.4953299806774344 0.40518734975329707 0.2716446183388287 0.11761515340885194 0.10065398521900179 -0.11055154680373132 -0.19019467957516484 -0.16157976666334758 -0.37252763114431775 -0.3420179415041034 -0.5219201819152887 -0.5976178411927533 -0.700452144363334 -0.7489842793013546 -0.8194155033519237 -0.8280708375171042 -0.8850377220334503 -0.7980361835522892 -0.9991037390507811 -0.9833106098921263 -0.9866872802430711 
0.07994757689375306 0.9550386293514574 0.893341189276114 0.9052315465829691 0.8120104560236896 0.8104700657641147 0.7954683597478461 0.652527867246476 0.6675895388879528 0.5071400693063817 0.4070584597590254 0.3396901397085795 0.31795714701101546 0.12150733331088567 3.013504555458013E-4 -0.08654302607683427 -0.16344266708337452 -0.2474782358621883 -0.4149388767384077 -0.51416933981602 -0.5012815948965973 -0.6301770953843412 -0.634476792042883 -0.7423853340218209 -0.7628806656472757 -0.882993356508424 -0.9333529076781708 -0.9767929588645311 -0.9796178499793524 -0.9867556923642586 
0.07941631948975211 0.9889984942397422 0.9713155672776409 0.917039861441629 0.9148901949265023 0.8738230280843918 0.7975899831098265 0.577614409776761 0.6387891318312459 0.5095123702296961 0.4072140865924317 0.33916774415161716 0.2734877837828716 0.12168731514919595 0.002258081379180349 -0.07997763804363318 -0.16844815642994757 -0.265814462016355 -0.3345610123863241 -0.5145547512686874 -0.5246080715005151 -0.6031735488440161 -0.6750074701425492 -0.7827947874695522 -0.8504501476137714 -0.8827306862826403 -0.9331933808438568 -0.9613299091615991 -0.9496822284185162 -0.9997357068905585 
0.745671386796617 0.9760729593089639 0.9039803756970862 0.9054045536551307 0.9334930138087718 0.8085753681658843 0.7959490927434921 0.6599166847533319 0.6845341406791177 0.5086784027272542 0.4655640624612004 0.3490810079720758 0.32184211710710897 0.17576607598468513 0.10101802827139852 -0.027433043092903512 -0.15364612142152184 -0.3561852705691563 -0.3257615104111373 -0.44542047342409785 -0.5142529017603322 -0.6324407948055513 -0.622041726136153 -0.7800023012009886 -0.8532734119033765 -0.9718280377150593 -0.8871548784359572 -0.9612673677581532 -0.9827309335108035 -0.9859904979346437 
0.7513252887467996 0.9892768734530437 0.9065838656872962 0.9072918695718405 0.8810276447799371 0.811687234546427 0.8504270606629827 0.649490396566725 0.6393447070723229 0.507261185036849 0.404894888177848 0.2663756441913375 0.20919844810280203 0.09939646961725546 0.10167443005738247 -0.08658330736006506 -0.20457697221872298 -0.3528326786009792 -0.34963213865770093 -0.5196957984367315 -0.535948320753854 -0.7006504852817618 -0.6783083611489419 -0.8194142219413981 -0.7887189967959836 -0.8849920888274728 -0.8059697993529251 -0.9885414294737326 -0.9801866420179416 -0.9875318428957974 
0.39942615319102215 0.9843780320114087 0.9372780928043328 0.9844499034702695 0.9903354387225598 0.9601266197535397 0.9513665809050149 0.8474753211293284 0.8998323398896352 0.7398415574827495 0.7696263524694751 0.6055909367143548 0.4589394832357496 0.42723645852681025 0.39103782851475904 0.21751868265659063 0.11861481751384799 -0.020133376196177853 -0.12162065234850976 -0.16947799275681505 -0.22669257300773515 -0.39588947073045766 -0.29395491982704436 -0.5102787606159329 -0.6622006367059692 -0.7241299869458618 -0.7870741038692549 -0.8481201032975638 -0.86902310677541 -0.9450404204098658 
0.08595458218655716 0.9760227154361896 0.8981998389214911 0.9064844458348937 0.8175717720550715 0.8011131111901456 0.7030432656863911 0.6201135263739784 0.532266722325566 0.5091817056332293 0.4051453541386799 0.2716446183388287 0.3215221567065483 0.14216421607134638 -0.1115917953217517 -0.08631174609332237 -0.16293019099755612 -0.37252763114431775 -0.3411171022409303 -0.5142273239118998 -0.6200074249590223 -0.7063630316826136 -0.7165225897285398 -0.8190696928223552 -0.8288805587773208 -0.8810774921096725 -0.9655868432984772 -0.998989660651647 -0.9352695329886129 -0.9866872802430711 
0.7321218933335805 0.9844994333933482 0.9348009945094176 0.9854305328547244 0.9852507502318291 0.9600964009534951 0.9513835949791191 0.8444926191778335 0.855585808037685 0.7402617334048381 0.7679688682555458 0.6346239717509381 0.4617685106866826 0.38796848924076494 0.3917774566906753 0.2177788280199563 0.12612464177969882 0.0028941497492389126 -0.07448081647774647 -0.16938496447010679 -0.2265926306570253 -0.3820834023923155 -0.3699446133809333 -0.5771600028215501 -0.5633261210858828 -0.731881391463081 -0.7917907279149888 -0.8483036340456188 -0.8250310691795756 -0.946429062537981 
0.4122486971693103 0.9478605482343276 0.8649646023963151 0.9073798553491106 0.8756245155205513 0.8742696474741978 0.850394981836839 0.6847882351386149 0.6863527588364406 0.5489859365280148 0.5411339396920902 0.35161967487780554 0.3286717014075512 0.14666334405490764 0.09265847320109862 -0.0851536246137509 -0.1699854803586645 -0.24290423437334357 -0.346026289094768 -0.5137288580893092 -0.4734929715248073 -0.6342521042389176 -0.6177187643255669 -0.7786763556675477 -0.8039628919164955 -0.8772297098354959 -0.8868539501925287 -0.987760964940783 -0.9761175534458035 -0.9617736339335727 
0.746048430334073 0.9969006328920054 0.902705442302827 0.9177644815964822 0.8787561968148425 0.8711571732805897 0.7755698526456302 0.6950563463439725 0.7712758549951749 0.5425446921034469 0.4072075979221866 0.33279652853502334 0.2712913602606077 0.18054243877421683 0.03205698216558897 -0.036217870059759835 -0.16875652932765314 -0.2640413161427212 -0.32657175681677075 -0.4850415680286365 -0.49824033318084443 -0.6327262428191875 -0.6226663829370368 -0.7784896573160945 -0.85718984602692 -0.8827332740869275 -0.8872074258039877 -0.9648123289474206 -0.9823545841284963 -0.9989403658442765 
0.06631754839568507 0.9981193298060411 0.9345219151803623 0.9613295504674065 0.9892371523944894 0.9601279831069972 0.951720986186594 0.8474894701795541 0.8555954323985181 0.8064359637734015 0.7340991034601207 0.6345237130003876 0.641579158390824 0.38789501368152574 0.3532709192673975 0.21825173278736246 0.12686495901019115 -0.020133376196177853 -0.07540198871942665 -0.17159526154786298 -0.23678137711223138 -0.3676608567168257 -0.522585646360153 -0.5930864265665827 -0.674930008851118 -0.7227281805272386 -0.9025676710682045 -0.8480960597024501 -0.8690351370375002 -0.936028193523889 
0.3990285707929615 0.9857223176974308 0.9340628595513585 0.9843044493229274 0.9891868718351138 0.9632585648807461 0.9513649216975558 0.8479022886702273 0.8650805131971345 0.7606154689665703 0.7894425009959779 0.6062776707479101 0.45830809518511756 0.3821033791560353 0.45199305213769775 0.21742528422277166 0.12782973375213097 0.049625556710431486 -0.07574342279849028 -0.09729721805918791 -0.2406225636076929 -0.3597391013186023 -0.47629529281723587 -0.5461048247060007 -0.67347245385537 -0.7247054923829348 -0.802435184085032 -0.8613221060924637 -0.8631285534961972 -0.9443387700023527 
0.7513252887467996 0.9896241824359667 0.9135801778611997 0.9072918695718405 0.8718350287581275 0.811687234546427 0.8505325339555311 0.649490396566725 0.6393447070723229 0.507261185036849 0.404894888177848 0.2663756441913375 0.20919844810280203 0.09939646961725546 0.10167443005738247 -0.08658330736006506 -0.20464550802460915 -0.3528326786009792 -0.34963213865770093 -0.5196957984367315 -0.5048847666820296 -0.7006504852817618 -0.6783408580021743 -0.8194142219413981 -0.7887189967959836 -0.8849920888274728 -0.9642488736284387 -0.9885414294737326 -0.9773661796574568 -0.987659417411481 
0.06045534894275882 0.9423798251460008 0.9787998113399305 0.9854132914510082 0.9912560089723179 0.9836201603278993 0.9513376202177753 0.8873739269353124 0.8727641490678115 0.7872891943994884 0.7686461106218586 0.6718389052271487 0.630709025153595 0.5380948296065722 0.3958344750245908 0.21366607565614082 0.2617819737902325 0.09875604653676272 -0.008558715264625788 -0.11826826149106329 -0.13197461671789848 -0.38203535248285947 -0.39203603058484093 -0.540905443961698 -0.5622802942226248 -0.6415658500260932 -0.7104696642418115 -0.7858597239570143 -0.8249980074051565 -0.9630768003036975 
0.08384875697989748 0.9787991429547247 0.9133446464395537 0.9073035925311953 0.7882256614358458 0.8117256404613349 0.8472315194641117 0.664417516462333 0.6401438467696915 0.5400984881584481 0.4050108842498392 0.266432847635661 0.208316645272418 0.10132080050395462 0.09628712398985118 -0.13080677950937403 -0.20431238809227698 -0.30413235922766757 -0.40939579372262164 -0.5195514717054404 -0.6338666243564974 -0.7065919294942241 -0.6709039361915312 -0.8194474533271489 -0.7904804418583599 -0.9263850645680092 -0.9335370386325871 -0.9766848542058837 -0.9996230136515112 -0.992705604866474 
0.7243000708286889 0.9840038443861999 0.9862530231169572 0.9847389617911054 0.9915138306276647 0.9746607709773413 0.9655011173301913 0.8817307922794297 0.8927433162844539 0.7536203916568289 0.7700664410029661 0.6369928969647514 0.6411260562303149 0.5405795603863593 0.3537247965154938 0.3887578396065181 0.2283426009956932 0.09751945280326434 0.06152338682618214 -0.011820646306895237 -0.13549883526152182 -0.32425655405903964 -0.37431555359294694 -0.410550929723087 -0.5515447297801668 -0.6423168358452389 -0.6843437692910502 -0.7841456326713275 -0.8262747591975623 -0.9433875997575691 
0.39942615319102215 0.984266223784481 0.9372917433027292 0.9844499034702695 0.9903354387225598 0.9601472707264185 0.9513947155918995 0.8474797023498917 0.900723550455716 0.7435398454219329 0.7196889524750495 0.6347766852973098 0.4589394832357496 0.42723645852681025 0.39103782851475904 0.21751868265659063 0.11861481751384799 -0.020133376196177853 -0.12162065234850976 -0.17002119343404054 -0.22669257300773515 -0.39588947073045766 -0.29367338063608167 -0.5110568173831761 -0.6622006367059692 -0.7316887019825025 -0.7870741038692549 -0.8481201032975638 -0.86902310677541 -0.9410322451907466 
0.3990285707929615 0.9857223176974308 0.9340628595513585 0.9843044493229274 0.9891868718351138 0.9632585648807461 0.9513649216975558 0.8479022886702273 0.8650805131971345 0.7606154689665703 0.7894425009959779 0.6062776707479101 0.45830809518511756 0.3821033791560353 0.483781386980453 0.21742528422277166 0.12782973375213097 0.049625556710431486 -0.07574342279849028 -0.15214236817159266 -0.2406225636076929 -0.3597391013186023 -0.47629529281723587 -0.5461048247060007 -0.67347245385537 -0.7247054923829348 -0.802435184085032 -0.8613221060924637 -0.8631285534961972 -0.9443387700023527 
0.08384875697989748 0.978778808409452 0.9756347910837999 0.9072502173786513 0.8857744404171324 0.8112099818787342 0.8464382682315091 0.664417516462333 0.6398133597088759 0.5408893487901544 0.40622624314519507 0.26618781895035803 0.20783071047828716 0.1015357723828983 -0.013604350192261694 -0.08696870470646624 -0.20504809257637674 -0.30413235922766757 -0.41283342731335376 -0.5196471083297224 -0.601896248680946 -0.7062350457215054 -0.637326164492763 -0.8196928230540347 -0.7828801775959635 -0.8813384515599745 -0.9036100546059664 -0.9495179042636231 -0.9995360153368994 -0.9894728912830831 
0.7467555169158145 0.9981505021097449 0.9140933733266655 0.9054166712901028 0.875661919599719 0.8713618470943825 0.8558756446396489 0.6497811605765078 0.694118810635701 0.5470854818597681 0.40508522460948343 0.3355499984708684 0.3255702413769531 0.1676484388198782 0.10179396728813131 -0.0867697232084398 -0.15065551611453534 -0.31399146911096953 -0.3457218797096749 -0.4889879709059753 -0.5077312901347262 -0.6567613657463465 -0.677143366152162 -0.8198692868689347 -0.8529546100381242 -0.9255103301636094 -0.9337421232448444 -0.9639438843818929 -0.9828105755777048 -0.9881688613277052 
0.7321068995771393 0.9844899356748547 0.9342657539686923 0.9856744172710188 0.9892179973300759 0.9600963923817697 0.9513835949791191 0.8444926191778335 0.8557969288878976 0.7410275503391331 0.7679688682555458 0.6346239717509381 0.4617685106866826 0.38796848924076494 0.3917774566906753 0.2177788280199563 0.12612464177969882 0.0028941497492389126 -0.07448081647774647 -0.16936877978742348 -0.22661973300246752 -0.38182289800234764 -0.3685696408712791 -0.5689494650594955 -0.5627800899310472 -0.731881391463081 -0.7917907279149888 -0.8483036340456188 -0.8638393062452621 -0.946429062537981 
0.3988991577794362 0.9874243660407342 0.9906344521106756 0.958382983406034 0.9891836331201632 0.9601493884104068 0.9514101191754187 0.8475209473108795 0.855795050325993 0.8026095397558832 0.7638872278712515 0.6381360820325265 0.4588579736125521 0.38675220504560526 0.35436373668810145 0.2177788280199563 0.11873884335607852 -0.0207869850800977 -0.07739616816871568 -0.17437277404287158 -0.22668924864022047 -0.3767180844175685 -0.4721754802051371 -0.5692180368225384 -0.5627727247434001 -0.731881391463081 -0.7869787764150024 -0.848160380722097 -0.8688162567847354 -0.8702139519245026 
0.08595458218655716 0.9792797771252955 0.9143943872351399 0.9064646124171585 0.8176433329455579 0.8011131111901456 0.7030432656863911 0.649725706964582 0.49731209430048995 0.5091817056332293 0.4051423664226978 0.26653575290282905 0.2096163948957195 0.14185830413180844 -0.1115917953217517 -0.08658717777962513 -0.20354565407493302 -0.35288079731111677 -0.3411237379175959 -0.5197461725066216 -0.6200074249590223 -0.7064342005914315 -0.6792269234970663 -0.8190670596719006 -0.8288805587773208 -0.8810774921096725 -0.9695633481680589 -0.998989660651647 -0.8195617869135507 -0.9868424636179105 
0.058081163828716004 0.9424579830466971 0.9402496940902647 0.9849996047001658 0.9584983006311572 0.9994555865920715 0.9513376095908749 0.8874607653599014 0.8927485281986117 0.711957452453129 0.7701175508914928 0.6372571732235962 0.627397319404806 0.538460073672511 0.4760092551927925 0.2962303895265553 0.25933335699757715 0.09798016732841894 0.06048920135201674 -0.02787579300674379 -0.13549535366042034 -0.32492866908963597 -0.361931942869505 -0.5397612598800529 -0.5403300310215465 -0.6416125699482846 -0.7549370170224575 -0.785836898984314 -0.8265772280389193 -0.9435113912656169 
0.06045534894275882 0.9423798251460008 0.9802798834089506 0.9848110373954512 0.9912560089723179 0.9714903303964262 0.9513376202177753 0.8874398308496101 0.8727641490678115 0.7872891943994884 0.7686461106218586 0.6718389052271487 0.630709025153595 0.5380948296065722 0.3957020317231402 0.21366607565614082 0.2617819737902325 0.09875604653676272 -0.008558715264625788 -0.11826826149106329 -0.13455420030424864 -0.3220225409109132 -0.3920438052285184 -0.5397190501610195 -0.5346932227445406 -0.6415658500260932 -0.7104696642418115 -0.7858597239570143 -0.8281381537633509 -0.9630768003036975 
0.7243000708286889 0.9840038443861999 0.9862530231169572 0.9847389617911054 0.9915138306276647 0.9746607709773413 0.9655011173301913 0.8817307922794297 0.8927433162844539 0.7536203916568289 0.7700664410029661 0.6369928969647514 0.6411260562303149 0.5405795603863593 0.3537247965154938 0.3887578396065181 0.2283426009956932 0.09751945280326434 0.06152338682618214 -0.011820646306895237 -0.13549883526152182 -0.32425655405903964 -0.37431555359294694 -0.410550929723087 -0.5515447297801668 -0.6423168358452389 -0.6843437692910502 -0.7841456326713275 -0.8262747591975623 -0.9433875997575691 
0.06517876230287854 0.9844972943256003 0.9917287451266157 0.9842891893183671 0.9881467753659302 0.9673555731415021 0.9508607863184653 0.8474710353076629 0.865842417578188 0.806411650468292 0.7636390547837195 0.6381145068456551 0.5312027633426878 0.5433998009496789 0.34922298029129717 0.24880228647351765 0.12686205054372007 -0.020525954545865636 -0.07577066165470134 -0.17446899108206354 -0.24066054919789792 -0.35973959764041524 -0.4852926240990554 -0.5457622213074568 -0.6620800958311853 -0.7247155014702296 -0.9062263086762965 -0.8451829617905657 -0.8630300313449129 -0.9245901485371485 
0.7318757388107873 0.9874243660407342 0.9906344521106756 0.958382983406034 0.9892334663605167 0.960096767484686 0.9514107368283519 0.8445182715569084 0.855795050325993 0.8031405494795377 0.7638872278712515 0.6381360820325265 0.5295605936536288 0.38796848924076494 0.35295060818429735 0.2177788280199563 0.12688182175851526 0.007978294011777139 -0.0761323353766436 -0.1744602289323087 -0.22661860089143251 -0.3769782314087426 -0.4721754802051371 -0.5692180368225384 -0.5627727247434001 -0.731881391463081 -0.7917907279149888 -0.848160380722097 -0.8630294011461824 -0.8702139519245026 
0.7318757388107873 0.9874243660407342 0.9906344521106756 0.958382983406034 0.9892334663605167 0.960096767484686 0.9514107368283519 0.8445182715569084 0.855795050325993 0.8031405494795377 0.7638872278712515 0.6381360820325265 0.5295605936536288 0.38796848924076494 0.35295060818429735 0.2177788280199563 0.12688182175851526 0.007978294011777139 -0.0761323353766436 -0.1744602289323087 -0.22661860089143251 -0.3769782314087426 -0.4721754802051371 -0.5692180368225384 -0.5627727247434001 -0.731881391463081 -0.7917907279149888 -0.848160380722097 -0.8630294011461824 -0.8702139519245026 
0.07541398421349454 0.9982048604269853 0.9028270245237388 0.9266560902255306 0.9335168809919454 0.8313251675566234 0.8533692545257198 0.811254324572871 0.6940933461318418 0.542683302691761 0.6365373480714007 0.4127040589669109 0.3274556425214433 0.2498597761311353 0.2031437395262039 -0.02846018733468545 -0.05178478072284325 -0.23530469876636195 -0.28076165965744215 -0.3894836179980554 -0.5078030583820872 -0.5996043708406218 -0.6285435494790853 -0.636338877148706 -0.7276915158740137 -0.8811258706626899 -0.8011969847144323 -0.9645902209425383 -0.9774470152090898 -0.9870192410750703 
0.38990016118649945 0.9980404045285697 0.9812506566451197 0.9815068250119156 0.9893361160343058 0.9429201434614582 0.9511107897001945 0.9055615033796033 0.9104008635316507 0.6684770437885038 0.781181555288559 0.6761352588397934 0.646359951051472 0.5408495013968071 0.44794253440526316 0.28323390409548016 0.27731603326704773 0.0966452466579276 0.07196356394801309 -0.023785457546493666 -0.11135624453827192 -0.17711523808744867 -0.3597314161818472 -0.5104187030539654 -0.5346490403034644 -0.637223809287421 -0.6869715040042732 -0.785213790205847 -0.824742772828886 -0.9927607805108486 
0.7513252887467996 0.9892768734530437 0.9065838656872962 0.9072918695718405 0.8810276447799371 0.811687234546427 0.8504270606629827 0.649490396566725 0.6393447070723229 0.507261185036849 0.404894888177848 0.2663756441913375 0.20919844810280203 0.09939646961725546 0.10167443005738247 -0.08658330736006506 -0.20457697221872298 -0.3528326786009792 -0.34963213865770093 -0.5196957984367315 -0.535948320753854 -0.7006504852817618 -0.6783083611489419 -0.8194142219413981 -0.7887189967959836 -0.8849920888274728 -0.8059697993529251 -0.9885414294737326 -0.9801866420179416 -0.9875318428957974 
0.39942615319102215 0.984385092758459 0.9372034698240315 0.9844499034702695 0.9903354387225598 0.9601262261093991 0.9513665809050149 0.8474806098187253 0.9727130391361664 0.7398415574827495 0.7679533278032339 0.6347579078467571 0.4618253093708016 0.42723645852681025 0.39177177855584067 0.21751868265659063 0.12621638389762294 0.0018034359708761563 -0.12162065234850976 -0.16947799275681505 -0.22669257300773515 -0.395392776771952 -0.29258255217762635 -0.575826505539004 -0.6622006367059692 -0.7241299869458618 -0.7870741038692549 -0.8481201032975638 -0.8694164281796499 -0.9465104281613205 
0.7468673423023465 0.9981505021097449 0.9039803756970862 0.9054053625139452 0.9334930138087718 0.8718237906959921 0.8558750994830616 0.6760493512289187 0.6637314702330783 0.5426772256093733 0.46188547211140574 0.3490810079720758 0.3218378125799717 0.17568025637279278 0.0989895274047163 -0.027433043092903512 -0.1537367155917695 -0.16902683480155564 -0.3257615104111373 -0.4419496868899643 -0.507778653045919 -0.6578470415074432 -0.6220445498726823 -0.7902265917707558 -0.8535396413092162 -0.9697975523297951 -0.933623462889453 -0.9646962727186693 -0.9827309335108035 -0.985984704952912 
0.3990285707929615 0.9857223176974308 0.934702741233437 0.9852505640217806 0.9892350904400365 0.9632585648807461 0.9513649216975558 0.8474754826721265 0.8558757260721105 0.7606154689665703 0.7894425009959779 0.6054939190061941 0.45830809518511756 0.3855119001073769 0.45199305213769775 0.21753519214177175 0.21675263001507591 0.049625556710431486 -0.07574342279849028 -0.09729721805918791 -0.23413680783923818 -0.38211118282029316 -0.47629529281723587 -0.5912011749584486 -0.67347245385537 -0.7241268610529985 -0.802435184085032 -0.8613221060924637 -0.8704206270915561 -0.9449956548023125 
