0.039620653780467446 0.9470652627846342 0.8731804059879187 0.9313007684332435 0.93172900793761 0.9503743752051347 0.9998285469045127 0.8693464636509781 0.995880477210762 0.6926643916664911 0.952354894752943 0.9719608458939146 0.8408451978197168 0.711459702365121 0.7648685881108591 0.588106170577097 0.5474065978489161 0.3955209017618937 0.3775670053613787 -0.03973492108155706 0.23262351614489063 -0.019356721116297035 -4.587422077511772E-4 -0.23781431877008563 -0.24878181078927475 -0.35634336514867226 -0.4192271071065204 -0.7102476203374732 -0.6536748983164082 -0.7723654512390905 
0.7894460440665377 0.5718806148224896 0.5071253018612678 0.41296369430123203 0.37206344825342125 0.18750192643681035 0.2410738284919088 -0.024386732989791708 -0.08056292194523888 -0.21859630501780367 -0.25856264513647137 -0.4387376078400892 -0.47100247446122606 -0.6009260684171587 -0.680835923079538 -0.7527938872749191 -0.8052748595934182 -0.8746267287892803 -0.9819581070048221 -0.9695059424764791 -0.9666488523903362 -0.9966617296055731 -0.9768438075543113 -0.9657614336176782 -0.9890932141341578 -0.9625926139768607 -0.9710116001348685 -0.8551874240772454 -0.926434570020915 -0.7215827496585918 
0.039620653780467446 0.9470652627846342 0.8731804059879187 0.9313007684332435 0.93172900793761 0.9503743752051347 0.9998285469045127 0.8693464636509781 0.995880477210762 0.6926643916664911 0.952354894752943 0.9719608458939146 0.8408451978197168 0.711459702365121 0.7648685881108591 0.588106170577097 0.5474065978489161 0.3955209017618937 0.3775670053613787 -0.03973492108155706 0.23262351614489063 -0.019356721116297035 -4.587422077511772E-4 -0.23781431877008563 -0.24878181078927475 -0.35634336514867226 -0.4192271071065204 -0.7102476203374732 -0.6536748983164082 -0.7723654512390905 
0.1273873359652375 0.5419413674417402 0.5443545355148891 0.3730499146678121 0.3706365050855325 0.13484476252489094 0.19790596415182526 -0.023103954039419325 -0.08186975459189982 -0.2813625062316188 -0.2695999868919585 -0.5104808804437765 -0.4090034283891006 -0.6202054805117214 -0.6867205854101655 -0.8295252124028561 -0.8039064551419189 -0.8740985734046521 -0.9915082941515628 -0.9826580848445972 -0.9493342249927177 -0.9773393399791672 -0.9767049075402401 -0.9547799692944324 -0.992801036871908 -0.9350424502731438 -0.967287147806311 -0.8541561535867351 -0.9323894991152634 -0.6943815148743864 
0.4480562667121592 0.6195702873734991 0.6218203353356634 0.5246704673917296 0.4270186873037324 0.40961046466152584 0.24558719815043722 -0.027682277691511794 0.0010775999705408441 -0.21348809381959266 -0.2021945326531022 -0.34243444414878255 -0.3886843379489031 -0.6205756696407198 -0.5866349617693871 -0.730113477266776 -0.7604200191140554 -0.8213746685235732 -0.8716697070557115 -0.9656902897876193 -0.9530924967445213 -0.9945834481642689 -0.9931943735340035 -0.9579951366118337 -0.9895595672558806 -0.9345108416260682 -0.9688839368209337 -0.8922685307284873 -0.8740685136228866 -0.7441843106289556 
0.781362606601316 0.733343465458008 0.6223919151866094 0.3370436893609116 0.41158078069677917 0.23114135393015212 0.23258291250429103 -0.02335599437474533 -9.4970677659568E-5 -0.06963068251982774 -0.1832882599776478 -0.3127261282384165 -0.3744028568706166 -0.5693681010911836 -0.5861899138329533 -0.730050394551762 -0.7310329922452022 -0.8790417870997759 -0.8704544608963385 -0.965660279372056 -0.9152572205869668 -0.9874270271232315 -0.983578324967871 -0.9296819145767645 -0.9925878018472727 -0.932790322719595 -0.9694963706740015 -0.846468723774281 -0.8882060990139617 -0.7837184110315889 
0.4572630147227066 0.5721137572783348 0.44215482651121163 0.4129451646941566 0.39219214174592354 0.1709664887792989 0.1517730404296227 -0.023061126302740417 -0.08384373032412283 -0.2546969957688113 -0.2768499739720385 -0.45149201788606713 -0.5420318681035863 -0.620250113859439 -0.6435551697774667 -0.7301401518393127 -0.8044639011121401 -0.8746056893112409 -0.8925525870347738 -0.9695034969696857 -0.9111345860650982 -0.9965983130903766 -0.9768429235697152 -0.9938106557559873 -0.883220805266202 -0.9341408125181256 -0.9689325482800415 -0.851702660483531 -0.9305585813027917 -0.7207296742714149 
0.4572630147227066 0.5721137572783348 0.44215482651121163 0.4129451646941566 0.39219214174592354 0.1709664887792989 0.1517730404296227 -0.023061126302740417 -0.08384373032412283 -0.2546969957688113 -0.2768499739720385 -0.45149201788606713 -0.5420318681035863 -0.620250113859439 -0.6435551697774667 -0.7301401518393127 -0.8044639011121401 -0.8746056893112409 -0.8925525870347738 -0.9695034969696857 -0.9111345860650982 -0.9965983130903766 -0.9768429235697152 -0.9938106557559873 -0.883220805266202 -0.9341408125181256 -0.9689325482800415 -0.851702660483531 -0.9305585813027917 -0.7207296742714149 
0.11394123296661789 0.6164303751608379 0.6520188712746356 0.41242477759722834 0.427370309444132 0.32306483135474895 0.2360956635020564 -0.0238413056346009 5.385070325034476E-4 -0.1695512313548112 -0.19123294076768477 -0.3565759934266068 -0.3881355805779653 -0.516560009289543 -0.5519685098142865 -0.7302476783169713 -0.7555695064354443 -0.8210609552556477 -0.8711770208468081 -0.6844841821874085 -0.9328862795081893 -0.9466346847011459 -0.9649951981796442 -0.9612863796084271 -0.9997833986539336 -0.9711123076246242 -0.9707557900114393 -0.8944029832697066 -0.904176751370681 -0.7524735575445654 
0.05561885417828854 0.9907700737607289 0.9839324566893716 0.9809175431571208 0.9756243001184832 0.9617522657824825 0.9999081491254992 0.9762112144808213 0.9700030708711674 0.8601964156049373 0.8304813834268772 0.8234428111027844 0.6854797589549212 0.6164092524245701 0.5253451084867233 0.46673158539421394 0.29674630070887315 0.20717355992320405 0.10718574076089044 -0.014008614203331911 0.032057333828912925 -0.17121983466746252 -0.20881967004499802 -0.4248252475563826 -0.5219705139788842 -0.6696839529718267 -0.5839891857706276 -0.7558755417885437 -0.6706170397706985 -0.9040073453403381 
0.05561885417828854 0.9907700737607289 0.9839324566893716 0.9809175431571208 0.9756243001184832 0.9617522657824825 0.9999081491254992 0.9762112144808213 0.9700030708711674 0.8601964156049373 0.8304813834268772 0.8234428111027844 0.6854797589549212 0.6164092524245701 0.5253451084867233 0.46673158539421394 0.29674630070887315 0.20717355992320405 0.10718574076089044 -0.014008614203331911 0.032057333828912925 -0.17121983466746252 -0.20881967004499802 -0.4248252475563826 -0.5219705139788842 -0.6696839529718267 -0.5839891857706276 -0.7558755417885437 -0.6706170397706985 -0.9040073453403381 
0.041262455864845254 0.9504910074447392 0.8533349478845786 0.983525425415078 0.9691950987341392 0.9652737049618386 0.9806998938426926 0.8908806762147738 0.9426038824649375 0.8868371300416897 0.9769096144970599 0.8135444719616355 0.8402312955784861 0.6561206950355597 0.6688663456768154 0.5320019774463615 0.5519737583416098 0.4710497422912593 0.3776356671339772 0.055724015304415606 0.23221227582048296 -0.015781864489353686 -0.1170523157529717 -0.2391013358125621 -0.24774199168282432 -0.3566895127443774 -0.5617787192202024 -0.5675409801781514 -0.7064678032558351 -0.6778641526200138 
0.04747857955239542 0.9412094062965576 0.9397166203372577 0.9832887993254626 0.9734440510675256 0.9623978365587366 0.9998536064842716 0.9762111991762173 0.972802637171388 0.9627115775537903 0.8755219346787857 0.8239748885887195 0.7066124205587769 0.6160262424175305 0.6518217072041517 0.46674946429315706 0.5143543992344307 0.3448407921491362 0.3173038373897407 0.01747757832393448 0.032058965653965266 -0.06715926639633985 -0.21033489365026625 -0.3929463371902504 -0.3401313056665156 -0.5903888101696924 -0.5839842867732822 -0.7511353690562032 -0.7064467387872507 -0.990110375813372 
0.05561882916527269 0.9906869927375691 0.9784987378890332 0.9809311110036492 0.9916287117948885 0.9623729889980499 0.9999264798538992 0.8868578905092895 0.9705502039987525 0.9121079105065848 0.8271963431212018 0.8234444734300761 0.7066110558755428 0.6057018820638995 0.5263979923411665 0.376658061066218 0.2960183006936702 0.20707348618856158 0.10717593664100629 -0.004068730870290263 -0.06718975558618819 -0.0676727527134674 -0.1929498503158052 -0.23289241887008483 -0.5218248204922608 -0.5769049506386021 -0.6492801875699655 -0.7527276263609636 -0.7257210783853325 -0.9003205645049697 
0.039620653780467446 0.9470652627846342 0.8528515920816397 0.8997111732472161 0.93172900793761 0.9506111753556903 0.9998285150820144 0.8697769958210375 0.9978751743143843 0.8830607804887189 0.9665520275132063 0.7008033048994049 0.8401339360183773 0.7331603441900837 0.7654695225086597 0.6156647308389718 0.5474065978489161 0.39466219292350274 0.3785045484481829 -0.03973492108155706 0.2329275042428525 -0.015251166561576204 -4.5875865780206995E-4 -0.23781431877008563 -0.24878180672323064 -0.28930581116235893 -0.42023068071378494 -0.5570025947271735 -0.653685267744764 -0.7556424879935666 
0.04981366660101603 0.9471726212826014 0.9411650331892568 0.9798683105329633 0.9362919323674982 0.9504773687652458 0.9998297685721153 0.8868578905092895 0.9706723447928027 0.9583960935694927 0.830315087398893 0.8240717009239068 0.7146990142642197 0.6062132520131961 0.5864460217610559 0.5333489147345473 0.5389747759056981 0.31167272559685044 0.20126637405757475 0.06837163906530801 0.037832344059724944 -0.06755443911488138 -0.21060725514320225 -0.2878914532805428 -0.29812356445184485 -0.4694820747690758 -0.5840864365031262 -0.6539485975193033 -0.7257206718738847 -0.9824637244817844 
0.039620653780467446 0.9470652627846342 0.8731804059879187 0.8997000420925885 0.93172900793761 0.9505725318911706 0.9998285164942594 0.8698529622543515 0.9442168690508989 0.8767286023315299 0.9667563772406922 0.9644936019555311 0.8274639142029222 0.7331675165887368 0.7648685881108591 0.533960401137714 0.5474065978489161 0.21479576118752292 0.3775670053613787 0.23656876102458757 0.23293026560282404 -0.015116653811888314 -4.587422077511772E-4 -0.23781431877008563 -0.24878180689515328 -0.35634101289684383 -0.4598387375216972 -0.6740258623257014 -0.6536746334135359 -0.7712940774420441 
0.04109623060191313 0.9448341415713909 0.873135196585925 0.8997000420925885 0.9315455525343835 0.950572664642888 0.9998285164942594 0.9160558925895302 0.9442168690508989 0.9616677626976343 0.9667563772406922 0.6855377769974417 0.8274639142029222 0.7331675165887368 0.7566675307153474 0.5338835815976192 0.5472981372563877 0.21479576118752292 0.4029860626861917 0.23656876102458757 0.1402672647505205 -0.05988393831590866 -0.0010981018748148566 -0.08114351826207788 -0.24878180689515328 -0.35634101289684383 -0.4606641122810181 -0.566641934550485 -0.6536746334135359 -0.7712940774420441 
0.11394123296661789 0.6164303751608379 0.6520188712746356 0.49894494715198345 0.4268774136687375 0.23038097183371323 0.23524675280669738 -0.030227755402951237 5.385070325034476E-4 -0.1695512313548112 -0.19123294076768477 -0.3435662812794368 -0.3882052622238747 -0.516560009289543 -0.5859920254294035 -0.7279150763674678 -0.76244409302781 -0.8210609552556477 -0.8704657627501886 -0.9648639800699835 -0.9328862795081893 -0.9459011194594844 -0.9651451211336783 -0.929686716471691 -0.992542083523206 -0.9697122838665931 -0.9709284997977076 -0.8944029832697066 -0.8759404920376401 -0.7524735575445654 
0.4480562667121592 0.6404549059805994 0.659342147141569 0.41283998500140573 0.422440208329881 0.36298808842021846 0.23282510364837 -0.02290067472086729 -2.1045543469062054E-4 -0.1744766772141073 -0.20112721624520155 -0.3437544761928169 -0.3882619256570171 -0.5731408048350864 -0.5849454596527544 -0.7278196247994411 -0.679073429685779 -0.821219691131793 -0.8968076730853 -0.9671872431477112 -0.9646758294789768 -0.9927382577855133 -0.9812087789141323 -0.9494299844664986 -0.9913120507239181 -0.9960445788618614 -0.9708286784217659 -0.8915360608582793 -0.9248250608918637 -0.7113877883779374 
0.12738740050032168 0.5407614091095629 0.5448795541834001 0.3730499146678121 0.39066977755688 0.13484476252489094 0.1970310421018116 -0.023102198006644967 -0.07968786329959399 -0.2813768595427505 -0.4567601835331031 -0.5104808804437765 -0.40608971734331506 -0.6202054805117214 -0.6789542136367178 -0.8336694031438685 -0.8039064551419189 -0.8740985734046521 -0.991506356293178 -0.9831429874604449 -0.9121736439064957 -0.9774605536834243 -0.9767049075402401 -0.9547799692944324 -0.9970833088461457 -0.9350424502731438 -0.9671408758966209 -0.8552577136875181 -0.699494179888199 -0.694368678732944 
0.12737846955822915 0.5419413674417402 0.5446664090756367 0.3730499146678121 0.35018432564211716 0.13484476252489094 -0.05763671903339328 -0.023102198006644967 -0.0767793582338846 -0.2788580315543935 -0.4549731231056269 -0.5104808804437765 -0.5432860893872745 -0.6202054805117214 -0.5889694750617447 -0.8315104832638276 -0.8039064551419189 -0.8740985734046521 -0.9913606146314516 -0.98308026511378 -0.9121736439064957 -0.977339422916815 -0.9767049075402401 -0.9547799692944324 -0.992801036871908 -0.9350424502731438 -0.9672270132547273 -0.8552577136875181 -0.699494179888199 -0.6943815148743864 
0.4495036419765196 0.6146975611672049 0.6225447156247331 0.4158866784027463 0.36921574791737494 0.36261115245084186 0.20104487399623241 -0.023249271968700923 -0.0015025220762373628 -0.171541974960644 -0.20146118523517598 -0.34349975579890074 -0.388346229438086 -0.5750186966189502 -0.585038739040295 -0.7298439553996737 -0.6823952139910797 -0.8190565078400345 -0.8714060763203361 -0.9656030600067211 -0.9365164923199834 -0.9962958997387705 -0.9755143464326672 -0.9580056339542344 -0.9776148571738736 -0.9960516509201696 -0.9688557728811077 -0.8922629165096666 -0.874072744834076 -0.7078644697321402 
0.12737853409331334 0.5583131946526294 0.5446700745656872 0.37304354289067276 0.39059042648573894 0.13165199844688427 -0.05851164108340692 -0.02295430276568291 -0.0963239790023819 -0.27836982382230036 -0.44970279710876204 -0.5086066637538345 -0.537447304830557 -0.5821423173838414 -0.7724866572958184 -0.8319651920263202 -0.808555121600374 -0.8854691133487889 -0.9907509041274133 -0.9851784608296936 -0.913268946343598 -0.977460636621072 -0.9764621985662317 -0.9547799692944324 -0.9506568981977985 -0.9351903149755766 -0.9669737358012819 -0.8546897283275627 -0.699494179888199 -0.6950400952161652 
0.12499060094638365 0.561119094723218 0.5553908944381004 0.37345475412954154 0.31440108450332743 0.1692987830305979 0.15479352010658676 -0.02618157377263593 -0.14702500107674477 -0.27852806125176155 -0.2681949845418724 -0.43556828941621323 -0.5314610363396741 -0.5967533453131959 -0.6763022689568654 -0.827508440352237 -0.7677520798105377 -0.8856459351689058 -0.8982912657376453 -0.9656606678410679 -0.9121764492693788 -0.9921152559904384 -0.981400555684829 -0.9664084926426486 -0.9970176129920556 -0.9346204888419194 -0.877831665225195 -0.8542238525289705 -0.7706489449203394 -0.7377476287389482 
0.04127351311486224 0.9447953552566034 0.8736468400959115 0.8990507594997442 0.9316036021635108 0.950593596125101 0.9998285164942594 0.9160558925895302 0.9439841814313398 0.9618870508958547 0.9664913778425072 0.6867211984402328 0.8274289112595912 0.7331667028371771 0.7566675307153474 0.5339599971059419 0.5472981231654841 0.22638366685357167 0.4029860626861917 0.23656876102458757 0.25709082844682846 -0.05988393831590866 -0.0010981018748148566 -0.20369237636878557 -0.24878180689515328 -0.35634101289684383 -0.4609863834131829 -0.5681921571684558 -0.6536746358222569 -0.6733422307620619 
0.04981366660101603 0.9471726212826014 0.9411650331892568 0.9798683105329633 0.9362919323674982 0.9504773687652458 0.9998297685721153 0.8868578905092895 0.9706723447928027 0.9583960935694927 0.830315087398893 0.8240717009239068 0.7146990142642197 0.6062132520131961 0.5864460217610559 0.5333489147345473 0.5389747759056981 0.31167272559685044 0.20126637405757475 0.06837163906530801 0.037832344059724944 -0.06755443911488138 -0.21060725514320225 -0.2878914532805428 -0.29812356445184485 -0.4694820747690758 -0.5840864365031262 -0.6539485975193033 -0.7257206718738847 -0.9824637244817844 
0.7865252124845568 0.5548933681580455 0.5544297675940455 0.41577772232689525 0.37202676792551315 0.23068963312381727 0.1644608855239222 0.043981070098089436 -0.08032916073736827 -0.1875634055234304 -0.2982530537851729 -0.34730237145457626 -0.47305869098520353 -0.601205833029348 -0.631574994438681 -0.7296350719314396 -0.767799135193985 -0.8747425213971264 -0.8983185754299794 -0.9695737172327741 -0.9639984822700861 -0.9908053966396269 -0.977778434204611 -0.960433163020911 -0.9858133210995689 -0.9598453867755508 -0.9700332479136521 -0.8551875210389207 -0.8380211073544007 -0.783420478233707 
0.12327322500687941 0.5952961639342668 0.5553032309763051 0.4153765259291671 0.36952160298585285 0.2308719240416383 0.09778624417434159 -0.021902112156155267 -0.07635458020886682 -0.21908385648773845 -0.27694411425644744 -0.33965658209946037 -0.5306507864846651 -0.5962573125139695 -0.6661686838681325 -0.7380106505227273 -0.7659693603378307 -0.8370598141622629 -0.9266733535573208 -0.969720023905789 -0.9423155468876004 -0.9914537262388006 -0.981538614837164 -0.9658379798644177 -0.980715977878114 -0.9277446097104883 -0.940385345356821 -0.8563107178453245 -0.8171728220768165 -0.7375440556491748 
0.45127624707040115 0.6146975611672049 0.5500043104219188 0.4158866784027463 0.36921574791737494 0.36261115245084186 0.20104487399623241 -0.030076527822527968 -0.0015025220762373628 -0.171541974960644 -0.20146118523517598 -0.3436567465277652 -0.388346229438086 -0.5750186966189502 -0.5850403003467121 -0.7298439553996737 -0.7602902017764375 -0.8212114498833747 -0.8980625584211838 -0.9656032787503087 -0.9363893160434956 -0.9962958997387705 -0.9809436636166505 -0.9580056339542344 -0.9776148571738736 -0.9960516509201696 -0.9688557728811077 -0.8914354873695979 -0.874072744834076 -0.7097590934262051 
0.05561882916527269 0.9906819062029094 0.9784877297372863 0.9837311653058487 0.9916287117948885 0.9623729889980499 0.9999264798538992 0.8868578905092895 0.9911758600042776 0.9121205461465266 0.8271963431212018 0.8234444734300761 0.7066110558755428 0.6057018820638995 0.5332577539886265 0.4703693880252606 0.2960308582696755 0.20707348618856158 0.1071761609968098 -0.003996073025655159 -0.06718975558618819 -0.0676727527134674 -0.1929498503158052 -0.38545643718378775 -0.5218248204922608 -0.5840036891634129 -0.6492801875699655 -0.7148376206143842 -0.6718092143643314 -0.9006152060660403 
0.45616675298230536 0.6146074409809752 0.5512059057973655 0.4165127127353315 0.3824928931534414 0.18873709627298912 0.19225173980783528 0.011232750760255003 -0.08555664737186999 -0.21538417403212687 -0.29729217296315635 -0.4404934273447897 -0.5517548180162911 -0.5879165028252359 -0.6525114180191821 -0.727116942942856 -0.7522153032757403 -0.8230446594280095 -0.8727464886636108 -0.9967291352207635 -0.973142404433318 -0.9767542682245139 -0.9811952663706657 -0.9947464039795341 -0.9740578567661217 -0.9343727639416713 -0.9917956492388902 -0.8540869794132853 -0.7956028863317063 -0.7508251313128335 
0.781362606601316 0.733343465458008 0.6223919151866094 0.4120023590080765 0.41218376413357694 0.32382521345118787 0.23258291250429103 -0.023877195560855408 -9.4970677659568E-5 -0.06963068251982774 -0.1832882599776478 -0.3127261282384165 -0.3744028568706166 -0.5693681010911836 -0.5515723668261938 -0.7300511973140262 -0.7556350197917895 -0.8790417870997759 -0.8711657189929581 -0.965666712894752 -0.9152572205869668 -0.9882201048321273 -0.9834297286055822 -0.9612815777135026 -0.9998791103073621 -0.932790322719595 -0.969504343330297 -0.846468723774281 -0.8882060990139617 -0.7837184110315889 
0.04747407456389717 0.9924268304762563 0.9395703865777801 0.9246236102525722 0.9345895915751323 0.9512227557441967 0.9999328758024926 0.9801938029245773 0.9678260034036935 0.8751884740860797 0.9907126871157862 0.7637781150568231 0.8266373603598653 0.6683401287865174 0.653219262473196 0.5635570656013003 0.46164721615899684 0.21494696423185947 0.30046249355493493 -0.013239986894311696 0.03197392159026656 -0.06999438025722807 -0.20771367276482292 -0.23419689668778917 -0.33818225239191185 -0.46471269343885446 -0.5838921677107042 -0.697594623579185 -0.7255043534956385 -0.9294694379271226 
0.05561882916527269 0.9907667704130526 0.9784979444816315 0.9809311110036492 0.9334332652438776 0.9752758456276939 0.9998118254189808 0.9164643367341457 0.9911758600042776 0.9123851889335176 0.8271963431212018 0.8234479776778365 0.7064775890149233 0.6057018820638995 0.5330966496848916 0.4666845307922461 0.2960183006936702 0.20707348618856158 0.10718580093251683 -0.014993273000491638 -0.06718975558618819 -0.11588666039679663 -0.1929498503158052 -0.2917711342407776 -0.5218248204922608 -0.5778859773934041 -0.6492801875699655 -0.7516630094054594 -0.7257210783853325 -0.7815330946865868 
0.1212913479633779 0.6144216311475408 0.5441990133200687 0.41374797931865276 0.32200376452951124 0.2251027734051869 0.1722047320167537 -0.026172954411950288 -0.04133480606862528 -0.2184963247624966 -0.20113519937543078 -0.37062252152140657 -0.5275019810997476 -0.5753999715729718 -0.6316651712841712 -0.7220756792905071 -0.76031848320351 -0.8209883630423059 -0.8714417034461346 -0.9646530774638858 -0.9313500623950292 -0.9924797487098923 -0.9758306125655667 -0.9962571160429906 -0.9772993810424482 -0.9933434535534166 -0.9679678240200982 -0.8534307131563942 -0.7410342302573159 -0.7514851465693141 
0.04747401809990868 0.9924244114529275 0.9395704441708093 0.9789235362138679 0.9345942109874349 0.9512553625440404 0.9999268081304779 0.9801710454111686 0.9678263450582075 0.8751886933359511 0.9908268191145045 0.7642141234159124 0.7061099497587452 0.6687127554062205 0.6532350879446828 0.5633589367577515 0.4599465004519012 0.3370697470519275 0.10944448747876817 0.015988727434577882 0.03206273078355493 -0.07009629954497601 -0.20771181498809232 -0.23872987708393878 -0.34000718279682435 -0.46536588657045747 -0.5844698165789697 -0.6928360314173136 -0.7064467177771974 -0.9411362576639086 
0.4502731187847976 0.6155956296674862 0.6237846989826916 0.413619544605245 0.38819820350147327 0.18909252484049074 0.23549080694628013 -0.02749771110196451 9.488936486199873E-4 -0.16109489119336548 -0.20740123052224357 -0.3436567465277652 -0.3928022481255259 -0.5875691496201473 -0.6251154399923979 -0.7270802928466668 -0.7569791864650497 -0.8211756310685606 -0.8990850673801235 -0.96542980438253 -0.9304994246482923 -0.9680042652115898 -0.9409579571475871 -0.9554584334105896 -0.9938201705226908 -0.9910255189581657 -0.9688161392679931 -0.8975133649410206 -0.9269240070708473 -0.7076512913606432 
0.1155764674867075 0.6457458820083223 0.550815133279836 0.4141967348476039 0.42682726368697355 0.2248979750736933 0.23339063194288087 -0.022976195538622714 0.0010993973821167152 -0.17145508409330606 -0.18246212227672648 -0.2371825513288739 -0.3938895223528678 -0.4369394471659778 -0.6064777962938561 -0.7317722155792936 -0.7574126497538163 -0.8202436646811069 -0.8715963345288206 -0.9712156453630207 -0.9333241452491123 -0.9850698537179701 -0.9769748736496935 -0.9660224166478799 -0.9893928994354555 -0.9729740250612506 -0.966820414244114 -0.854937480710254 -0.9385078976845892 -0.7495630965408627 
0.12327322500687941 0.5949397754683713 0.5443696498721156 0.41531202700131953 0.36892776345726064 0.22093937120489698 0.17382406037524734 -0.022986154358309665 -0.08188750349461638 -0.21842571173648342 -0.27694411425644744 -0.42785198795135815 -0.5257362375572027 -0.5962619301956508 -0.6241780835294122 -0.7425122819778079 -0.7663801136812742 -0.879526613237312 -0.9260734291455166 -0.9697227909548342 -0.9155849656343863 -0.9916984442701929 -0.9777853688014108 -0.9877567508494134 -0.9861309145673524 -0.9287873658198039 -0.9703516352504484 -0.8558756979757808 -0.8208132456524789 -0.7191504429981442 
0.12503008430347962 0.5601723889724363 0.5440167388019721 0.37345475412954154 0.31440108450332743 0.1692987830305979 0.15463163866892704 -0.02619695096911038 -0.14769426254849577 -0.2788666557210552 -0.2681949845418724 -0.43556828941621323 -0.5314610363396741 -0.5967533453131959 -0.6763022689568654 -0.827508440352237 -0.6666680599893499 -0.8856459351689058 -0.8982912657376453 -0.9656168636590421 -0.9121764492693788 -0.9921152559904384 -0.981400555684829 -0.9945387592828396 -0.9965284880923375 -0.9350915707327346 -0.9686830551531701 -0.8542238525289705 -0.7706489449203394 -0.7094580538676062 
0.12503008430347962 0.5601723889724363 0.5440167388019721 0.37345475412954154 0.31440108450332743 0.1692987830305979 0.15463163866892704 -0.02619695096911038 -0.14769426254849577 -0.2788666557210552 -0.2681949845418724 -0.43556828941621323 -0.5314610363396741 -0.5967533453131959 -0.6763022689568654 -0.827508440352237 -0.6666680599893499 -0.8856459351689058 -0.8982912657376453 -0.9656168636590421 -0.9121764492693788 -0.9921152559904384 -0.981400555684829 -0.9945387592828396 -0.9965284880923375 -0.9350915707327346 -0.9686830551531701 -0.8542238525289705 -0.7706489449203394 -0.7094580538676062 
0.4572630147227066 0.5576154253199477 0.5076608515150451 0.4131814935927208 0.3905172752793766 0.1709664887792989 0.1526023227039615 -0.023061126302740417 -0.0963086179372764 -0.27873103358157014 -0.2609552600163786 -0.45149201788606713 -0.5375268867543168 -0.5969146568546452 -0.6975966520711196 -0.7315640374411477 -0.8040809577954183 -0.8746056893112409 -0.8923696395843442 -0.9696027870778224 -0.9663855019978687 -0.9887312239097309 -0.9769833036656345 -0.9542932412470857 -0.883220805266202 -0.9351903347557389 -0.9671060151280748 -0.851702660483531 -0.8870316199282602 -0.7209674016175066 
0.12324571614629917 0.5949397754683713 0.5443696498721156 0.41425720185386444 0.36892776345726064 0.1859696139105586 0.1747198113043652 -0.02289512243300655 -0.08188750349461638 -0.22016280744996786 -0.27694411425644744 -0.43524366741742804 -0.5257362375572027 -0.5813210646604402 -0.6864469940047248 -0.7425122819778079 -0.7575929791191042 -0.879526613237312 -0.9260734291455166 -0.9697227909548342 -0.949866975517172 -0.9916984442701929 -0.9777776144387927 -0.9877623763261734 -0.9861309145673524 -0.9250597520632498 -0.9703552581437095 -0.8541480433232981 -0.9340406382361854 -0.7192597622972607 
0.11570585608423004 0.7654465214999041 0.6239937066929482 0.41426774017401957 0.4261367041257748 0.18726322099526552 0.23371954393319283 -0.022901938032654195 -0.0014144575220986434 -0.17145826327483135 -0.18272098315663363 -0.23659627719987425 -0.3927369713155508 -0.587742575621024 -0.5827616915941215 -0.7269911182708484 -0.757442767610219 -0.8202436646811069 -0.8971355205023622 -0.9639406698011332 -0.9301998109431657 -0.9678946806489404 -0.9807412481122266 -0.9554646779199251 -0.9772376686151905 -0.9997169943719355 -0.966875676954737 -0.854937480710254 -0.87376723865695 -0.7072280599926498 
0.7865252124845568 0.6146665009102346 0.5545436560441517 0.4158756188969654 0.37202676792551315 0.22501621985158063 0.19450839372051582 0.04023395739277773 -0.048241760670182834 -0.17152428504116027 -0.3000880899826904 -0.3425388520724157 -0.38828105932936935 -0.5751166562188242 -0.6406228876990405 -0.7215528336664336 -0.7673944525752772 -0.8210271036940093 -0.898319072141855 -0.9654435560382448 -0.9639983456583063 -0.9961277244225525 -0.977778434204611 -0.960433163020911 -0.9858133210995689 -0.9770153067389863 -0.9699916348559672 -0.852982081640519 -0.9267803687126354 -0.7569476533778393 
0.04981366660101603 0.9471726212826014 0.9411650331892568 0.9798683105329633 0.9364874157487822 0.9504773687652458 0.9998297756105033 0.8868599638055616 0.9706723447928027 0.9583960935694927 0.830315087398893 0.8240717009239068 0.7146990142642197 0.6062132520131961 0.5844903526186458 0.5333489147345473 0.5389747759056981 0.21386605456848268 0.20126500655642665 0.06837163906530801 0.032014285588421204 -0.06774348448202523 -0.21060725514320225 -0.2869598348645267 -0.29812356445184485 -0.46950515152935324 -0.5840893336868717 -0.6539485975193033 -0.7257709011410829 -0.9952077540264544 
0.11958066602302511 0.62023722045634 0.5403726847495224 0.4157478754476402 0.35016227536562106 0.2242753120432281 0.17418259536284833 -0.02306577310229057 -0.08111072816577294 -0.28554946492472044 -0.2959401386117313 -0.3424163209300042 -0.4697592869976996 -0.5812504845628624 -0.6400543692520039 -0.8337956172838934 -0.8015857077591555 -0.8210136292945206 -0.8990763154588389 -0.9671342064981719 -0.9634699323445542 -0.976868924344689 -0.9813039957035535 -0.9306659743842735 -0.9924103691246962 -0.9324138293599362 -0.9700086294576379 -0.8923019517424899 -0.8570686680970799 -0.7139724665206789 
0.4541346653745609 0.6277063025735824 0.5075411770882894 0.43981645453456564 0.39232179783412896 0.23070491021649098 0.15048076770844854 0.046923688891109566 -0.07617417617232011 -0.21421058334256382 -0.29607504264625006 -0.4411469125868637 -0.542611929642096 -0.5969765984441211 -0.6669916544542708 -0.7224373655463087 -0.8030181706730715 -0.877493361736773 -0.9031910741309116 -0.9730826662750812 -0.9293323759573364 -0.9971859732976132 -0.9989269610669204 -0.9678791141870485 -0.9957681143565658 -0.9339797795878589 -0.970992358820138 -0.8516532662534799 -0.8607720520749197 -0.7373308359003121 
0.1273873359652375 0.5419413674417402 0.5448836955342985 0.3730499146678121 0.35018432564211716 0.13484476252489094 0.19790596415182526 -0.023102198006644967 -0.0796579879551049 -0.2813625062316188 -0.4549731231056269 -0.5104808804437765 -0.40642465165896013 -0.6202054805117214 -0.5889694750617447 -0.8314618381453257 -0.8039064551419189 -0.8740985734046521 -0.9915082941515628 -0.9830827019258114 -0.9121736439064957 -0.9773393399791672 -0.9767049075402401 -0.9547799692944324 -0.992801036871908 -0.9350424502731438 -0.9672270132547273 -0.8552577136875181 -0.699494179888199 -0.6943815148743864 
0.04932315606147074 0.9403215982790147 0.9407556856898834 0.979132784536259 0.9727526719658567 0.9619402230437897 0.9998297755003076 0.8852792885530579 0.9706723447928027 0.9626045008017386 0.830315087398893 0.823435734800148 0.7146990142642197 0.6068870078872464 0.5843644873934809 0.4677668529966985 0.3175911370282733 0.2101440178117575 0.20367574483210416 0.06419757296237155 0.032069947352294154 -0.06774720185180422 -0.21060725514320225 -0.2869804811089029 -0.5218383947167808 -0.47235555444413585 -0.5840890953487957 -0.7509981194813126 -0.7198001959089908 -0.9951853027625891 
0.11745608667421768 0.6160435232181297 0.6217119330052224 0.41547252213917035 0.42469760375937055 0.2251020209639858 0.23371954393319283 -0.02761864080924938 -7.799014239896762E-5 -0.17145508409330606 -0.2021940461205951 -0.34059366547608483 -0.3949848230918528 -0.5756569611346523 -0.6307374041017406 -0.7219330339425698 -0.753291990727264 -0.8213440590481564 -0.8711263433724327 -0.9655246995142287 -0.9092218144978433 -0.9766403695406158 -0.9771138870840089 -0.9891925801622039 -0.9772860465480498 -0.9980509426507909 -0.9738708351326573 -0.8541481692459497 -0.9315065930805012 -0.7512915681508301 
0.781362606601316 0.733343465458008 0.5558790912996069 0.4120023590080765 0.41218376413357694 0.32382521345118787 0.23041047151651034 0.04359754734463112 -9.4970677659568E-5 -0.06963068251982774 -0.1832882599776478 -0.3127261282384165 -0.3702070642249232 -0.5693681010911836 -0.6253567766234869 -0.7296234204625549 -0.7556350197917895 -0.879032231150171 -0.8711657189929581 -0.965666712894752 -0.9147024745013146 -0.990803827652564 -0.9834297286055822 -0.9612695518009658 -0.9998791103073621 -0.9598963637475336 -0.969504343330297 -0.846468723774281 -0.8882060990139617 -0.7837031923301888 
0.451980988713838 0.6144912274425803 0.548020378091554 0.41361652050799275 0.3853080752964153 0.2255971995128513 0.17347641953982323 -0.026122396111801734 -0.002386479169003676 -0.1694893413198213 -0.2986720288745101 -0.3432095173156388 -0.4107122302642587 -0.5792370116321789 -0.6441336378277949 -0.7425280968427727 -0.6936287293860818 -0.8216355476230685 -0.8751586064559085 -0.9701953315032371 -0.9705229242312718 -0.9853729643639418 -0.9771856105964535 -0.9553667917042422 -0.9978420210549714 -0.9359431830029741 -0.9921707613394297 -0.8552454926920466 -0.812758686766785 -0.7215881962613477 
0.11938914062293972 0.6339048107769905 0.5403726847495224 0.4157478754476402 0.35016239414513706 0.22502231001381115 0.11164287431399228 -0.023421659545144715 -0.08111072816577294 -0.28554946492472044 -0.2959401386117313 -0.3424163209300042 -0.40766836129142237 -0.5812504845628624 -0.6400543692520039 -0.7241464906294226 -0.7482816713536297 -0.821013488240882 -0.8714885984774011 -0.9671342064981719 -0.9343305004167193 -0.9960593604408741 -0.9813039957035535 -0.9306659743842735 -0.9924103691246962 -0.9324138293599362 -0.9700086294576379 -0.8923019517424899 -0.857180167784317 -0.7153027963011968 
0.1212940405580878 0.6143805736288668 0.5473721454324234 0.41652851950437764 0.38658019474010585 0.1740829908505252 0.1656534050350841 -0.02603160210841436 -0.07643102866421549 -0.21855527299828165 -0.2960632237010616 -0.4369474087517491 -0.5540071845172417 -0.5810329858274236 -0.666562042775247 -0.72961696850578 -0.8033577349373112 -0.88845137631611 -0.9364066536220875 -0.972967404106407 -0.9124249782742766 -0.9779859083506905 -0.9810278787598351 -0.9534952649280025 -0.9772434857913312 -0.9171244953484349 -0.9609648775410206 -0.8929917235684622 -0.8607829886362622 -0.7377267648148996 
0.11745608667421768 0.6449335449009655 0.551000451729482 0.3373754505376442 0.3502215879721545 0.2250522980881671 0.2006158104889386 -0.027458838032925467 9.729701177893652E-4 -0.21557403510901138 -0.21443605068710647 -0.3563945300911231 -0.409378931450613 -0.4366954122083294 -0.5871264011345535 -0.7305076715639814 -0.749321986001058 -0.821061265256051 -0.8711262914834287 -0.9728489721962686 -0.9335420082656379 -0.9781508422340451 -0.9771684603244808 -0.9303731330649927 -0.992828154956498 -0.9723431873363001 -0.9688598395052128 -0.8924251301806689 -0.8685023913370962 -0.7495471603169173 
0.11570585608423004 0.7654465214999041 0.6239937066929482 0.41426774017401957 0.4261367041257748 0.18726322099526552 0.23371954393319283 -0.022901938032654195 -0.0014144575220986434 -0.17145826327483135 -0.18272098315663363 -0.23659627719987425 -0.3927369713155508 -0.587742575621024 -0.5827616915941215 -0.7269911182708484 -0.757442767610219 -0.8202436646811069 -0.8971355205023622 -0.9639406698011332 -0.9301998109431657 -0.9678946806489404 -0.9807412481122266 -0.9554646779199251 -0.9772376686151905 -0.9997169943719355 -0.966875676954737 -0.854937480710254 -0.87376723865695 -0.7072280599926498 
0.7894460440665377 0.5543662027011788 0.554314705174482 0.4158921321539078 0.3918860678487293 0.224709693228914 0.16400302675757042 -0.020803000748069286 -0.08385162758636702 -0.21856221676433588 -0.2770183699656555 -0.43779579731564566 -0.5123923697422582 -0.5984174440102712 -0.6437334094355516 -0.7385131520108777 -0.8151205122324607 -0.8160728901494937 -0.8742696714010488 -0.9698321144215457 -0.9120688024215885 -0.9767679917856138 -0.977613084224879 -0.994837986432342 -0.994940740141174 -0.9177630881729153 -0.9699800398225652 -0.8551939932605158 -0.9057512164811841 -0.7384232330598863 
0.4513534399961718 0.614697521484382 0.6240232014362955 0.4158866784027463 0.3821003272905863 0.2248479663067827 0.20104487399623241 0.043360293813821796 -0.06773555765441572 -0.171541974960644 -0.2014506866790049 -0.34812952245107714 -0.38837492648369387 -0.5750186966189502 -0.585911543073092 -0.7386220958899885 -0.7563912500282338 -0.8190270276704502 -0.8980625584211838 -0.9654801585439476 -0.9365037670823427 -0.972197944861948 -0.9960087578279294 -0.9561486439098901 -0.9854372467432786 -0.9614164033053364 -0.9688706283552878 -0.8552280831334856 -0.8383062870632917 -0.7127751717434281 
0.04932315606147074 0.9933320653370405 0.9407556856898834 0.979132784536259 0.9725571885825967 0.9619402230437897 0.9998297684619196 0.8852772152567858 0.9706723447928027 0.9626045008017386 0.830315087398893 0.823435734800148 0.7146990142642197 0.6068870078872464 0.5863201565358909 0.4677668529966985 0.3175911370282733 0.3079506888401253 0.20367711233325225 0.06419757296237155 0.03788800582359789 -0.06755815648466036 -0.21060725514320225 -0.28791209952491903 -0.5218383947167808 -0.47233247768385833 -0.5840861981650501 -0.7509981194813126 -0.7197499666417926 -0.9824412719473915 
0.041252827802414176 0.9447953552566034 0.8736468400959115 0.9794601560367427 0.9308460900808853 0.9505935135263004 0.9998285164942594 0.9160558925895302 0.9442168690508989 0.961899547917965 0.9667563772406922 0.6867211984402328 0.8274289112595912 0.7305559491849772 0.7566675307153474 0.5339605437073021 0.5472981372563877 0.21479576118752292 0.4029860626861917 0.23656876102458757 0.2535845889341521 -0.05988393831590866 -0.0010981018748148566 -0.2036811786771753 -0.24878180689515328 -0.35634101289684383 -0.4609863834131829 -0.5870313604722097 -0.6536746334135359 -0.6733422307620619 
0.783458963226683 0.6172040312582654 0.6233572240475963 0.4156851608826766 0.3845560926553802 0.22574544067802527 0.16160486870588345 -0.026068265942335783 5.860558895944372E-4 -0.07299470301631256 -0.20430069264039927 -0.3406904306155343 -0.39765798882558273 -0.5751797279732813 -0.5829415389815756 -0.726886929854739 -0.8009242322492672 -0.8210610660000004 -0.8978259871682818 -0.9655146489062899 -0.9120671041388374 -0.9850085624777718 -0.9956302877262236 -0.9890819505322251 -0.9917284964525385 -0.9337023902920001 -0.9742479942611011 -0.8543549047547196 -0.9314716055115158 -0.7503227038646372 
0.7844810684274701 0.6146665009102346 0.545376865248464 0.41590878866576436 0.3819289686878984 0.23068963312381727 0.1937416098729789 0.04318588864286364 -0.07000686838771504 -0.1731693116879719 -0.27740882526698746 -0.34806309962620036 -0.4713688245796483 -0.6004556249463864 -0.6316163091671441 -0.7268696138903149 -0.762747218955323 -0.8190228934864886 -0.9532838143885685 -0.9658080009008244 -0.9308659592296843 -0.9909568232386582 -0.9771094851379253 -0.9613139819962415 -0.9855597543705548 -0.9353884481724087 -0.9709654025257209 -0.8551565933020856 -0.839258649395167 -0.7843463849483412 
0.12036506872852712 0.6169271446025913 0.5513524764457174 0.4135539403111203 0.371967377697395 0.22419069415441678 0.19309697652984262 0.040129109742675736 -0.08280297718801806 -0.1740011319088024 -0.2962232444990062 -0.347374941028232 -0.5402229518531397 -0.5698266916096211 -0.6313564184865427 -0.7268461703092938 -0.7635027483614688 -0.8199509724679245 -0.9026517803420532 -0.9657194324682793 -0.9293708128482828 -0.9769517299325297 -0.9800391652999686 -0.9609711631084943 -0.9852668940358508 -0.9364381042169964 -0.9911808396965116 -0.8555197737677624 -0.8605572294081936 -0.7207051094114534 
0.7820524443682135 0.6164398498629353 0.6217119330052224 0.41547252213917035 0.4115192074355764 0.23050591726060926 0.23371954393319283 -0.023651406873720183 -7.799014239896762E-5 -0.16961501532860546 -0.183587846883522 -0.3565381650692487 -0.4146582982238886 -0.5159311271473677 -0.5863675587111109 -0.7271682165001883 -0.7317350318105812 -0.8190260191240862 -0.8711806055464759 -0.9656664633937013 -0.9342933850662266 -0.9680861333723957 -0.9755212991496004 -0.9866371912652628 -0.9806588087029362 -0.9982380567972133 -0.9700891472829245 -0.8575567762417159 -0.9316287713460281 -0.7524804554258991 
0.11958066602302511 0.62023722045634 0.5423620419945717 0.4156919624127749 0.3366022255583692 0.3696488595160454 0.1716154133652761 -0.02305909225923767 -0.07153021449107738 -0.17569599611213266 -0.2959401386117313 -0.3305945092978388 -0.5387082380562654 -0.5812504845628624 -0.6400543692520039 -0.6980598633661687 -0.8024399357010756 -0.8216185738338767 -0.8966456939556265 -0.9671342064981719 -0.9316637424456682 -0.9842313738148037 -0.9813326299369861 -0.9291798254899138 -0.9924970629654615 -0.932409996451423 -0.9708014564549327 -0.8923019517424899 -0.8570686680970799 -0.7817853720636928 
0.12073989477519546 0.6147411237993987 0.5448802783537916 0.4206536996740905 0.3501539084852047 0.22455612647283346 0.15153527014252066 -0.023070932307362044 -0.07738706490426499 -0.16952241078168073 -0.2798856790996484 -0.31054959092502044 -0.5293292165882304 -0.5888006039593028 -0.6325927435062165 -0.8300069621565922 -0.7536493720981666 -0.8812907248040552 -0.935761687882357 -0.9667526275645031 -0.9673327690386374 -0.9771236205729815 -0.9771741160067429 -0.9907677910509934 -0.9854709857507962 -0.9608452092500539 -0.9914586606023919 -0.8552611326307663 -0.8125697429361834 -0.7202721896522619 
0.7881322833682292 0.6144203453487042 0.5444542068234127 0.4147685679967661 0.35761706049235475 0.2257440088975241 0.16362595150253403 0.009382295822451316 -0.15958080576230835 -0.21484719451492024 -0.29361237671517276 -0.40139304049043684 -0.5276070579976422 -0.5817627318566926 -0.6316491534981 -0.7202391290330206 -0.7609558838007687 -0.8226673948164717 -0.9255368232504092 -0.9702479337386073 -0.9133738081915151 -0.9918026110053667 -0.9770045226955223 -0.9688325144869679 -0.9771087152069022 -0.9940027358839416 -0.991000234453011 -0.8563620273279445 -0.8153867521112559 -0.7780541218614268 
0.11745608667421768 0.6449335449009655 0.5506045495489076 0.4165127155755048 0.3502215879721545 0.22413776303845165 0.20064519775075731 -0.027458838032925467 9.729701177893652E-4 -0.2108170086780463 -0.21465388075560904 -0.3563945300911231 -0.4093727259557048 -0.4366954122083294 -0.58245428307003 -0.7305076715639814 -0.749321986001058 -0.821061265256051 -0.8713083037115015 -0.972808642530926 -0.932690567254997 -0.9853614415780788 -0.9771684603244808 -0.9303731330649927 -0.9917026947197576 -0.9723431873363001 -0.9695223373055935 -0.8547412104453748 -0.8685023913370962 -0.7495471603169173 
0.04764938529432943 0.9924244114529275 0.9395720597779348 0.9791267376792896 0.9662949453729865 0.9512553625440404 0.9987276545110629 0.9801601339467045 0.9678263450582075 0.8751886933359511 0.9908268191145045 0.7660499174866405 0.7737556113003929 0.6683405687068192 0.6431526612746771 0.5633589367577515 0.4599465004519012 0.3367864158153829 0.10944448747876817 -0.03796686139182967 0.03194974922278104 -0.07009629954497601 -0.20771181498809232 -0.23419689668778917 -0.3399652908057287 -0.46536588657045747 -0.5916401938592277 -0.6914130692786867 -0.7064483162910025 -0.9411362576639086 
0.7830650606759917 0.6171884666834103 0.6190933863005182 0.41562239312369975 0.3845560926553802 0.2257454231887062 0.231995671944397 -0.02613439429049571 0.001733541709716832 -0.17296836870369628 -0.20430069264039927 -0.3406904306155343 -0.3976601431237048 -0.5767634560585647 -0.5874586231885759 -0.7249103867388221 -0.756779105623077 -0.8176188936134712 -0.8346360618617976 -0.9703700434793637 -0.9275619163021945 -0.9967927598793311 -0.9764407942481258 -0.9836710959113154 -0.9856964209272266 -0.9951129641331721 -0.9719929606169603 -0.8543959321327269 -0.9314716055115158 -0.7503012380648248 
0.11958066602302511 0.62023722045634 0.5423620419945717 0.4156919624127749 0.38568216380054304 0.2335430415347825 0.16581714637988812 -0.023050508119431753 -0.08127562625900774 -0.17569599611213266 -0.3088767969559698 -0.3305945092978388 -0.5387082380562654 -0.5812504845628624 -0.6396568123291441 -0.7276769207934044 -0.7630574510953255 -0.8216236793665915 -0.8963718381075567 -0.9671342064981719 -0.9316357952510108 -0.9771840051953532 -0.9813460842727711 -0.9291798254899138 -0.9924987313542157 -0.9311089834116911 -0.9602587523825813 -0.8923019517424899 -0.8570686680970799 -0.7817853720636928 
0.788627478497204 0.5549490522507552 0.5511646035120562 0.4136467681309885 0.385262828856132 0.2308769754269835 0.16400302675757042 0.03601531697189922 -0.07712242023245995 -0.21433220011546245 -0.2602970897230562 -0.4396698123951588 -0.516228626795521 -0.6010778956122201 -0.6438857410837472 -0.7506775474901667 -0.8040730512854083 -0.8774904570001448 -0.8950486120051914 -0.9698258294211116 -0.9299127133860872 -0.9916250919491519 -0.9815202904701297 -0.9657614336176782 -0.9859647754426321 -0.9308293923553991 -0.9710193863742043 -0.8552568773378615 -0.9277111439006077 -0.7215827496585918 
0.11745608667421768 0.6160435232181297 0.5448792822101859 0.41575009133429564 0.3502215879721545 0.22521194397152763 0.20055875413192037 -0.027631636759162505 -7.799014239896762E-5 -0.17154445360993203 -0.21378531970617157 -0.35649928992314955 -0.4074421279058195 -0.5812925062221476 -0.587134318308701 -0.7219330339425698 -0.7520278107034352 -0.821061265256051 -0.8711262914834287 -0.9728489721962686 -0.9098605740168838 -0.9768709060054351 -0.9771684603244808 -0.9301573883490191 -0.992828154956498 -0.9723431873363001 -0.9700123455560192 -0.894259986476177 -0.8604363764148644 -0.7495471603169173 
0.783458963226683 0.6145694188235736 0.6234979221233022 0.4156851608826766 0.38236265469315633 0.22415615222255278 0.16160486870588345 0.011730077143514334 0.0015253295420113513 -0.07299470301631256 -0.20430069264039927 -0.4376524449469492 -0.3934420341681216 -0.5751797279732813 -0.5824289571765908 -0.7268754466186906 -0.7529779244447902 -0.8230750065067216 -0.8978259871682818 -0.9638061520912242 -0.9632439704992497 -0.9851244696778557 -0.9956302877262236 -0.9890819505322251 -0.9917284964525385 -0.9337023902920001 -0.9798983098385079 -0.8543486538112797 -0.8965890037659495 -0.7503227038646372 
0.452723230650107 0.6146941262547013 0.5421760947048968 0.4206536996740905 0.3414990754350664 0.23105506544223392 0.15217075504978303 -0.02775032243992945 -0.036837461557898424 -0.16952241078168073 -0.2798856790996484 -0.31054959092502044 -0.5307534037476015 -0.5888006039593028 -0.6320201615468705 -0.7296994310720862 -0.7517842667604976 -0.8812907248040552 -0.9350854801072875 -0.9698227987104239 -0.9673327690386374 -0.9888265857983679 -0.9603117987147649 -0.9907677910509934 -0.9919617992227678 -0.9313259901387007 -0.9716273198271236 -0.8551577323522586 -0.8125697429361834 -0.7817911882689463 
0.11596757681232617 0.6701421445282553 0.659342147141569 0.4144251632221992 0.422440208329881 0.23264140763208058 0.23282510364837 -0.02290067472086729 -2.1045543469062054E-4 -0.17479176060754645 -0.20112721624520155 -0.3590683173341853 -0.3882619256570171 -0.5731408048350864 -0.5866326047696905 -0.7278196247994411 -0.679073429685779 -0.8212276317064937 -0.8968076730853 -0.9671872431477112 -0.9646758294789768 -0.9927382577855133 -0.9812087789141323 -0.9494299844664986 -0.9913120507239181 -0.995550165576288 -0.9708286784217659 -0.8915360608582793 -0.8726875353964405 -0.7115967581972785 
0.03958923342062054 0.9448476479904413 0.873135196585925 0.8997000420925885 0.9315455525343835 0.950572664642888 0.9998285164942594 0.8671797835973969 0.9968865115228916 0.9633967402943213 0.9664860445186724 0.6855377769974417 0.8274639142029222 0.7331675165887368 0.7566675307153474 0.5338835815976192 0.5472973195017624 0.22635174427875798 0.4029860626861917 0.23656876102458757 0.1401921221671267 -0.05988393831590866 -4.274640339267494E-4 -0.23265652111676516 -0.24878180689515328 -0.35634101289684383 -0.4606641122810181 -0.5684177090314168 -0.6536746358739453 -0.7712940774420441 
0.7865252124845568 0.6147171989436336 0.5544297675940455 0.41583037014349455 0.3726824070753971 0.23068963312381727 0.19450839372051582 0.04267455695089435 0.0023949407916147233 -0.16226291297655754 -0.2020580533834767 -0.34361332254224275 -0.39202856396772173 -0.5724062092209204 -0.5841837603763225 -0.7296350719314396 -0.7623917411006993 -0.822561531771092 -0.8990976908416062 -0.9695737172327741 -0.9607548505159511 -0.9908053966396269 -0.977778434204611 -0.960433163020911 -0.9858133210995689 -0.960014899468796 -0.9700673608525765 -0.8551820899391542 -0.9297510734136734 -0.7834962297374709 
0.04764938529432943 0.9924244114529275 0.9395720597779348 0.9791267376792896 0.9662949453729865 0.9512553625440404 0.9987276545110629 0.9801601339467045 0.9678263450582075 0.8751886933359511 0.9908268191145045 0.7660499174866405 0.7737556113003929 0.6683405687068192 0.6431526612746771 0.5633589367577515 0.4599465004519012 0.3367864158153829 0.10944448747876817 -0.03796686139182967 0.03194974922278104 -0.07009629954497601 -0.20771181498809232 -0.23419689668778917 -0.3399652908057287 -0.46536588657045747 -0.5916401938592277 -0.6914130692786867 -0.7064483162910025 -0.9411362576639086 
0.7844810684274701 0.6146665405930576 0.553129563223027 0.4158717972998402 0.3690443893146871 0.23092632318166353 0.1937416098729789 -0.02961334071400432 -0.0037738328095366855 -0.1731693116879719 -0.27740882526698746 -0.3435903237028884 -0.47622598685966155 -0.6004556249463864 -0.631615284919977 -0.7213133087822043 -0.762747218955323 -0.8212057026318308 -0.873557943948719 -0.9698380271242019 -0.9306645617269346 -0.9967465116503285 -0.9771094851379253 -0.9604727628905452 -0.9777373648011498 -0.9957628015007192 -0.9709504402255277 -0.855182423816931 -0.875931432289485 -0.7814483308018794 
0.4549281709791342 0.6146665009102346 0.545376865248464 0.41357138534516164 0.3819245515167607 0.23059946861648215 0.1937416098729789 -0.025788513152783948 -0.07000686838771504 -0.182071372195282 -0.2771586686969512 -0.34346490261426893 -0.4713688245796483 -0.6009375636693203 -0.6447766498718326 -0.7268696138903149 -0.762747218955323 -0.8190228934864886 -0.9532838143885685 -0.9700341334659408 -0.9308659592296843 -0.9909568232386582 -0.9771094851379253 -0.9613230662300941 -0.9855173906884233 -0.9359355982885059 -0.9925947067545549 -0.8552461210681923 -0.8127860942738756 -0.7843463849483412 
0.11578959511105286 0.6449399013296037 0.664136417423791 0.41283998500140573 0.422440208329881 0.36298808842021846 0.19631356744335116 -0.023048339752569005 -2.095781526370951E-4 -0.1744766772141073 -0.21469486410227193 -0.3567083271546265 -0.3882619256570171 -0.43769169642033123 -0.5871662451139652 -0.7277546918733797 -0.679073429685779 -0.8212204814275341 -0.8968076730853 -0.9671872431477112 -0.9653117717344611 -0.9774704684834905 -0.9812087789141323 -0.9494299844664986 -0.9971487122183789 -0.9960445788618614 -0.9708369550525121 -0.8915360608582793 -0.8652943948815794 -0.8426396562938238 
0.12737853409331334 0.5407614091095629 0.5446622677247382 0.3730499146678121 0.39066977755688 0.13484476252489094 -0.05851164108340692 -0.023102198006644967 -0.07680923357837367 -0.2788723848655251 -0.4567601835331031 -0.5104808804437765 -0.5429511550716294 -0.6202054805117214 -0.6789542136367178 -0.8337180482623704 -0.8039064551419189 -0.8740985734046521 -0.9913586767730667 -0.9831405506484137 -0.9121736439064957 -0.977460636621072 -0.9767049075402401 -0.9547799692944324 -0.9970833088461457 -0.9350424502731438 -0.9671408758966209 -0.8552577136875181 -0.699494179888199 -0.694368678732944 
0.039620653780467446 0.9470652627846342 0.8731804059879187 0.9007727974151911 0.93172900793761 0.952456999293875 0.9998285492868465 0.8674159411790044 0.9450989400157102 0.8767886533231541 0.9667563772406922 0.9638016772782593 0.8273270459064945 0.7331675165887368 0.7648685881108591 0.5341182173859598 0.5474065978489161 0.21479576118752292 0.3775670053613787 0.23656876102458757 0.23293026560282404 -0.019222208366609143 -4.587422077511772E-4 -0.23781431877008563 -0.24878180701814803 -0.35634099676362957 -0.45883516391443263 -0.6753376886493886 -0.6536746334135359 -0.7716298625836695 
0.7844810684274701 0.6146665405930576 0.553129563223027 0.4939089200773347 0.3688679070314918 0.3647607562347191 0.1932656087313004 -0.029996439436622477 -0.0038327495066497715 -0.1732541760369278 -0.28224423528956805 -0.3435970423961828 -0.38908378098332985 -0.6004556249463864 -0.631615284919977 -0.7278883987167524 -0.762747218955323 -0.8212057026318308 -0.8967999776029644 -0.9697868185968598 -0.963800840082346 -0.9967465116503285 -0.9770773853595255 -0.9604727628905452 -0.9777373648011498 -0.9960234920919111 -0.9709488561782708 -0.855182423816931 -0.875931432289485 -0.7127290193381236 
0.04747407456389717 0.9924268304762563 0.9395703865777801 0.9246236102525722 0.9345895915751323 0.9512227557441967 0.9999328758024926 0.9801938029245773 0.9678260034036935 0.8751884740860797 0.9907126871157862 0.7637781150568231 0.8266373603598653 0.6683401287865174 0.653219262473196 0.5635570656013003 0.46164721615899684 0.21494696423185947 0.30046249355493493 -0.013239986894311696 0.03197392159026656 -0.06999438025722807 -0.20771367276482292 -0.23419689668778917 -0.33818225239191185 -0.46471269343885446 -0.5838921677107042 -0.697594623579185 -0.7255043534956385 -0.9294694379271226 
0.03958923342062054 0.9448476479904413 0.873135196585925 0.8997000420925885 0.9315455525343835 0.950572664642888 0.9998285164942594 0.8671797835973969 0.9968865115228916 0.9633967402943213 0.9664860445186724 0.6855377769974417 0.8274639142029222 0.7331675165887368 0.7566675307153474 0.5338835815976192 0.5472973195017624 0.22635174427875798 0.4029860626861917 0.23656876102458757 0.1401921221671267 -0.05988393831590866 -4.274640339267494E-4 -0.23265652111676516 -0.24878180689515328 -0.35634101289684383 -0.4606641122810181 -0.5684177090314168 -0.6536746358739453 -0.7712940774420441 
0.45408157558313444 0.6144871853203079 0.554274576865525 0.4155670375643783 0.39598122574858824 0.23086846770547206 0.05762072177115146 0.046923688891109566 -0.07632530868564526 -0.21421058334256382 -0.2764672151744 -0.3411898422297733 -0.5129496603632209 -0.5968884017136755 -0.6669916544542708 -0.7222311644098449 -0.8024522447278519 -0.877493361736773 -0.9010617914485326 -0.9698242355990705 -0.9293323759573364 -0.9887886783518742 -0.9799679118272346 -0.9646197961967838 -0.9805798926192362 -0.9350300393433253 -0.9710596967489481 -0.8563101987680168 -0.9064469317051516 -0.7374128182988756 
0.4562210191847423 0.5715770835352479 0.5075411770882894 0.43981645453456564 0.39232179783412896 0.20829699624026288 0.1500837275527217 0.046923688891109566 -0.07611236259130304 -0.21544256224645422 -0.29607504264625006 -0.44112076923619603 -0.542611929642096 -0.5877652722708978 -0.6526674308706566 -0.7224373655463087 -0.8030181706730715 -0.8264983339795668 -0.9031910741309116 -0.9730826662750812 -0.9285498374690776 -0.9963667799802005 -0.9817264170847738 -0.9675549035408799 -0.9957681143565658 -0.9339718876701343 -0.970992358820138 -0.8516532662534799 -0.7961658564223486 -0.7373308359003121 
0.4572630147227066 0.5576154253199477 0.5125574092095966 0.413182234988165 0.39214725528149796 0.1709664887792989 0.1526023227039615 -0.023061126302740417 -0.09664832092659682 -0.2788722604446706 -0.2609552600163786 -0.45149201788606713 -0.5375268867543168 -0.6205966355713727 -0.6408232061815736 -0.7315678770693053 -0.8040809577954183 -0.8746056893112409 -0.89255132783828 -0.9695970883529335 -0.9663855019978687 -0.9887312239097309 -0.9769833036656345 -0.9542932412470857 -0.883220805266202 -0.9351668113376272 -0.9689003076077144 -0.851702660483531 -0.8870316199282602 -0.7209674016175066 
0.788627478497204 0.5549490522507552 0.5511646035120562 0.4136467681309885 0.385262828856132 0.2308769754269835 0.16400302675757042 0.03601531697189922 -0.07712242023245995 -0.21433220011546245 -0.2602970897230562 -0.4396698123951588 -0.516228626795521 -0.5987197597983703 -0.7129603134605281 -0.7506775474901667 -0.8040730512854083 -0.8774904570001448 -0.8950486120051914 -0.9698258294211116 -0.9299127133860872 -0.9916250919491519 -0.9923435378704066 -0.9657614336176782 -0.9859647754426321 -0.9308293923553991 -0.9593696685542046 -0.8552568773378615 -0.959938651191614 -0.7215827496585918 
0.7894460440665377 0.5718806148224896 0.5071253018612678 0.41296369430123203 0.37206344825342125 0.17732281681954448 0.2410738284919088 -0.024386732989791708 -0.08056292194523888 -0.21859630501780367 -0.25856264513647137 -0.4387376078400892 -0.47100247446122606 -0.6009260684171587 -0.680835923079538 -0.7527938872749191 -0.8052748595934182 -0.8746267287892803 -0.9819581070048221 -0.9695059424764791 -0.9666488523903362 -0.9966617296055731 -0.9768438075543113 -0.9657614336176782 -0.9640537613845431 -0.9625926139768607 -0.9710116001348685 -0.8551874240772454 -0.926434570020915 -0.7215827496585918 
0.45023713498857576 0.615074037705379 0.5503600325137846 0.41360866250070466 0.40958535596839224 0.18897389072378834 0.23329124836296863 -0.023434376340551653 9.422120510702992E-4 -0.2145397259707284 -0.1986852093557876 -0.34499415562400554 -0.3907461696423078 -0.44763321708092524 -0.6065838256858007 -0.7273265875319959 -0.756969476429081 -0.8230468637011779 -0.8990850673801235 -0.9724331736498791 -0.9309005718302746 -0.9843105988207909 -0.9814991639626739 -0.9692163400323837 -0.9998431411346053 -0.9727223515778866 -0.9881053369173642 -0.8549514305468936 -0.8484494048848139 -0.7508632463449516 
0.04109623060191313 0.9448341415713909 0.873135196585925 0.8997000420925885 0.9315455525343835 0.950572664642888 0.9998285164942594 0.9160558925895302 0.9442168690508989 0.9616677626976343 0.9667563772406922 0.6855377769974417 0.8274639142029222 0.7331675165887368 0.7566675307153474 0.5338835815976192 0.5472981372563877 0.21479576118752292 0.4029860626861917 0.23656876102458757 0.1402672647505205 -0.05988393831590866 -0.0010981018748148566 -0.08114351826207788 -0.24878180689515328 -0.35634101289684383 -0.4606641122810181 -0.566641934550485 -0.6536746334135359 -0.7712940774420441 
0.7844810684274701 0.6146665009102346 0.545376865248464 0.41590878866576436 0.3819289686878984 0.23068963312381727 0.1937416098729789 0.04318588864286364 -0.07000686838771504 -0.1731693116879719 -0.27740882526698746 -0.34806309962620036 -0.4713688245796483 -0.6004556249463864 -0.6316163091671441 -0.7268696138903149 -0.762747218955323 -0.8190228934864886 -0.937138445962197 -0.9658080009008244 -0.9308659592296843 -0.9726963414566469 -0.9771094851379253 -0.9613139819962415 -0.9855597543705548 -0.9353884481724087 -0.9709654025257209 -0.8551565933020856 -0.839258649395167 -0.7843463849483412 
0.45489990458847973 0.6144278807845654 0.5482677974434582 0.4165127127353315 0.4246004238102044 0.2304697888218218 0.16506270404763598 0.04626878889181442 -0.1385470663170485 -0.17558970375632432 -0.2955988472704904 -0.4358359357120975 -0.554002464083164 -0.5989729565527171 -0.646156967755664 -0.7224870672516313 -0.800610152453667 -0.8213513906834363 -0.9257759147760537 -0.946453383769495 -0.9294004313204137 -0.9771628196216465 -0.9770136830162347 -0.9994692999710667 -0.9774978573255145 -0.935105746915846 -0.9967770343221032 -0.8765428949671191 -0.8597112837320535 -0.7380728020987343 
0.45234836013286644 0.6168801470578941 0.5422083516047898 0.4135539403111203 0.371967377697395 0.23068963312381727 0.1936149538276677 0.040129109742675736 -0.08114805449437118 -0.1740011319088024 -0.2962232444990062 -0.347374941028232 -0.5403724112285256 -0.5698266916096211 -0.6313373172008598 -0.7296350719314396 -0.7630697382533616 -0.8199509724679245 -0.9026517803420532 -0.9695737172327741 -0.9293708128482828 -0.9886546951579619 -0.9800391652999686 -0.9609711631084943 -0.9917577075078234 -0.9315306030075812 -0.9710738027290317 -0.8555198395886557 -0.8605572294081936 -0.7822241080281377 
0.45234836013286644 0.6168801470578941 0.5422083516047898 0.4135539403111203 0.371967377697395 0.23068963312381727 0.1936149538276677 0.040129109742675736 -0.08114805449437118 -0.1740011319088024 -0.2962232444990062 -0.347374941028232 -0.5403724112285256 -0.5698266916096211 -0.6313373172008598 -0.7296350719314396 -0.7630697382533616 -0.8199509724679245 -0.9026517803420532 -0.9695737172327741 -0.9293708128482828 -0.9886546951579619 -0.9800391652999686 -0.9609711631084943 -0.9917577075078234 -0.9315306030075812 -0.9710738027290317 -0.8555198395886557 -0.8605572294081936 -0.7822241080281377 
