0.21855147313339113 -0.9390591595468248 -0.969002725588464 -0.9927744590212985 -0.9991678036335384 -0.9596722611197107 -0.9966811834351984 -0.947894649895573 -0.9324257524183737 -0.8370142328967155 -0.84555169489028 -0.7065443935091105 -0.7067587766669736 -0.7177723867993991 -0.5468654742209572 -0.41018747694813623 -0.3376018238741779 -0.15942779966031245 -0.15015572572444263 -0.025196979402558096 0.045857859653256894 0.26779476045886064 0.26941111638066984 0.4272193508841093 0.4889241954906022 0.469043846753326 0.6266813349375966 0.5283694202827421 0.780464854614897 0.8518169759621558 
0.9043346174518501 -0.991875957480127 -0.9566642606939323 -0.9944864489846699 -0.9996478011607774 -0.9264719171825447 -0.8676969731911756 -0.8238732647001487 -0.8803323028400399 -0.666776955683565 -0.5462336457631741 -0.5431231770367678 -0.4108531699023324 -0.3437878550650108 -0.32545104074102044 -0.15009816958494432 -0.004175089157068979 0.07559638515979705 0.16995582858780828 0.28137711531021165 0.34653674981927257 0.47647120940411575 0.5364039050708788 0.6178209223655671 0.6736101435050529 0.7876074367843721 0.8246078017496751 0.8792187043055882 0.8905426426183326 0.9850922694248525 
0.9043346174518501 -0.991875957480127 -0.9566642606939323 -0.9944864489846699 -0.9996478011607774 -0.9264719171825447 -0.8676969731911756 -0.8238732647001487 -0.8803323028400399 -0.666776955683565 -0.5462336457631741 -0.5431231770367678 -0.4108531699023324 -0.3437878550650108 -0.32545104074102044 -0.15009816958494432 -0.004175089157068979 0.07559638515979705 0.16995582858780828 0.28137711531021165 0.34653674981927257 0.47647120940411575 0.5364039050708788 0.6178209223655671 0.6736101435050529 0.7876074367843721 0.8246078017496751 0.8792187043055882 0.8905426426183326 0.9850922694248525 
0.2366427198438427 -0.9987180634422207 -0.9983289093606694 -0.9933480809658977 -0.9553828819389911 -0.9255408686485729 -0.8383635429588383 -0.8590096716790495 -0.8802829603143536 -0.7326226901479408 -0.6865621503178344 -0.5431217472234785 -0.4480072808277289 -0.34375242976281206 -0.32871921951215805 -0.14999876280122065 -0.006088671123221021 0.07579927501986602 0.06956922165337258 0.25670435041229417 0.3387798116187024 0.4411717186698018 0.6184171852604491 0.613863728080769 0.6734380357842843 0.7877638786627537 0.8224392448468885 0.8776966880527263 0.8385335587208841 0.9850934606292026 
0.5519341139013767 -0.9409408829732588 -0.9692536411033414 -0.9959608657534591 -0.9957564479138059 -0.9609596304228516 -0.9966811834351984 -0.9482382265808109 -0.9334729554067293 -0.8800832716952373 -0.8445465895606225 -0.7045330094390037 -0.706584768523264 -0.6759999700328766 -0.546938588193911 -0.41018747694813623 -0.3405778808429194 -0.16089207444137202 -0.1580138681581291 0.007562776958843907 0.04585793738332415 0.10667607707194474 0.2788995522687391 0.34962773251948603 0.48820732011707235 0.51606144916518 0.6500491357496817 0.5283694202827421 0.7782646940926679 0.8522816078204092 
0.5708484834082088 -0.9918759670737004 -0.9566642606939323 -0.9811863684923097 -0.9297386367685161 -0.9264719171825447 -0.8676969731911756 -0.8261517751601279 -0.8150208975283462 -0.668637986681591 -0.5442767510491111 -0.5434886619810755 -0.4115478475983629 -0.3451418077651706 -0.21914925826319195 -0.15757776499480222 -0.10825624678467154 0.03648097988678397 0.1415728287282505 0.28192147311691945 0.3391559606390817 0.48218208185795314 0.5919634260793358 0.6148665030779958 0.6834929971932765 0.7904105264858214 0.8917896411694829 0.879174555986794 0.8905426426183326 0.9851186702940371 
0.8860787398025386 -0.938021493916921 -0.9692909545755131 -0.9925859618540569 -0.9926913969248851 -0.9813507565713642 -0.9839248342350674 -0.9083323566473147 -0.9306432457168263 -0.894934062723455 -0.8457181732819815 -0.7012461319891609 -0.7071818946218907 -0.5375823857562323 -0.5518397678129682 -0.5508583820334318 -0.340350804804007 -0.09033955060363535 -0.15894703148969466 0.009077706978096567 0.04559936798478281 0.1050770581675873 0.2838586969006711 0.427471742366838 0.4889293443415586 0.46681057058216013 0.6285017803703491 0.7387804481643756 0.7840495669219488 0.9089832246211803 
0.5519341139013767 -0.9409408829732588 -0.9692536411033414 -0.9959608657534591 -0.9957564479138059 -0.9609596304228516 -0.9966811834351984 -0.9482382265808109 -0.9334729554067293 -0.8800832716952373 -0.8445465895606225 -0.7045330094390037 -0.706584768523264 -0.6759999700328766 -0.546938588193911 -0.41018747694813623 -0.3405778808429194 -0.16089207444137202 -0.1580138681581291 0.007562776958843907 0.04585793738332415 0.10667607707194474 0.2788995522687391 0.34962773251948603 0.48820732011707235 0.51606144916518 0.6500491357496817 0.5283694202827421 0.7782646940926679 0.8522816078204092 
0.5708484834082088 -0.9918759670737004 -0.9566642606939323 -0.9811863684923097 -0.9297386367685161 -0.9264719171825447 -0.8676969731911756 -0.8261517751601279 -0.8150208975283462 -0.668637986681591 -0.5442767510491111 -0.5434886619810755 -0.4115478475983629 -0.3451418077651706 -0.21914925826319195 -0.15757776499480222 -0.10825624678467154 0.03648097988678397 0.1415728287282505 0.28192147311691945 0.3391559606390817 0.48218208185795314 0.5919634260793358 0.6148665030779958 0.6834929971932765 0.7904105264858214 0.8917896411694829 0.879174555986794 0.8905426426183326 0.9851186702940371 
0.8860787398025386 -0.938021493916921 -0.9692909545755131 -0.9925859618540569 -0.9926913969248851 -0.9813507565713642 -0.9839248342350674 -0.9083323566473147 -0.9306432457168263 -0.894934062723455 -0.8457181732819815 -0.7012461319891609 -0.7071818946218907 -0.5375823857562323 -0.5518397678129682 -0.5508583820334318 -0.340350804804007 -0.09033955060363535 -0.15894703148969466 0.009077706978096567 0.04559936798478281 0.1050770581675873 0.2838586969006711 0.427471742366838 0.4889293443415586 0.46681057058216013 0.6285017803703491 0.7387804481643756 0.7840495669219488 0.9089832246211803 
0.9010124043306963 -0.9857584372451571 -0.9950608208946795 -0.9900535473950671 -0.988474220015565 -0.967140254202588 -0.9239697515255259 -0.8279552396988452 -0.860705508657238 -0.7337122167984512 -0.6811637743666814 -0.5435159853385412 -0.460402599613505 -0.36809886505276634 -0.32335361362968695 -0.20522563506196118 -0.10891560770379526 0.030214511543175768 0.09135092601769926 0.2562578504675551 0.346630589710237 0.4522481437264973 0.5271648221573491 0.6141232631931133 0.6815136751563027 0.7880988375872299 0.8170718765022134 0.8776653594274306 0.8923156822417916 0.9851113492940056 
0.23309303077995766 -0.999038166579365 -0.9982122263904253 -0.9821479637090696 -0.9918513680503694 -0.9685251177963774 -0.8739402896578322 -0.8623513143938416 -0.8121840447725504 -0.7585944008596578 -0.6432501684739164 -0.5487906936443533 -0.4602883489226698 -0.44100410458504796 -0.31787503135669126 -0.23097357752865785 -0.10812159942918556 0.03017321871137603 0.14109580808583752 0.17912151172852836 0.3465455841370211 0.4110470492904308 0.5374164153071017 0.6140881706724229 0.67337562272085 0.7955533860832676 0.8147706407584626 0.8791608855981619 0.8911177526573858 0.9850393502820661 
0.8935855692613015 -0.9872898543055563 -0.9766092922283565 -0.9878901939464424 -0.9562288084145485 -0.9610835179321899 -0.9962780599777288 -0.9251373548387201 -0.9232166478418672 -0.8316073639232786 -0.7630876685170339 -0.697963579441725 -0.6282414813645493 -0.5123477885280101 -0.5129411129331894 -0.3245522882844 -0.2724877017942362 -0.12653219270983726 -0.09340176573589203 0.058538630979387406 0.15831305677882962 0.25569603472131525 0.4065982554658543 0.5084232758099111 0.5644862731534686 0.644258332465902 0.7248401181379387 0.7956128962585739 0.8146815409180787 0.9131271112555978 
0.5535897674981682 -0.9410407106675789 -0.9692291958979197 -0.994813587902143 -0.9936825882455541 -0.9591676751410172 -0.9971251531213109 -0.9802086774617034 -0.933469588767292 -0.8889325696313641 -0.8326243134740356 -0.7041760517113601 -0.7067948442844152 -0.5714655895789811 -0.5470839465532252 -0.4212202863962492 -0.34062393191361556 -0.1953723514100614 -0.1272310201235892 -0.024133083356278607 0.0761867987929568 0.17182855730045749 0.2840283442685436 0.4262290680314833 0.48857364978555173 0.5155206414338517 0.6489550155944445 0.7401825837287406 0.7756899015428681 0.9212437486114864 
0.22725424079050896 -0.9748546661651104 -0.9765959109063088 -0.9997538580667532 -0.955869788890899 -0.9624326903521123 -0.9860744258474734 -0.8921650363350931 -0.920796898028249 -0.83614844790254 -0.7660306942060298 -0.7014988308175603 -0.6250821558636999 -0.5123624055539285 -0.5140105198705797 -0.31132794093837374 -0.23750251930474547 -0.12678160112527176 -0.09339304037440649 0.07649706321607042 0.14435321446677546 0.2554013883364526 0.31129527159094417 0.4689409448443023 0.6072460067741582 0.6454786265523532 0.6755032806477578 0.799773616075225 0.8393500018341504 0.9108604062403176 
0.21855147313339113 -0.9372172301895483 -0.9692453318167201 -0.9958820267592712 -0.9786043031260537 -0.9757074338263007 -0.9970808532193349 -0.9473369557807244 -0.9335032570458033 -0.8634564458970919 -0.8090302042504252 -0.7014818336136814 -0.7913912143158764 -0.6767433480314828 -0.5475602770480145 -0.44466609055907874 -0.3393136095476523 -0.1520322509796711 -0.158772674007961 0.008637302962778311 0.04615325202831082 0.1718926826907815 0.28387693331496466 0.42801188011032476 0.45837884984754 0.4636265270311581 0.6500582060266626 0.6732820628948385 0.7361538136655383 0.8585884694975177 
0.5528136606179381 -0.9375601091770016 -0.9690297221552069 -0.9955441626286935 -0.980392754333464 -0.9617402198581112 -0.9860867112946564 -0.9236425663685492 -0.9334708552295323 -0.8361005296560888 -0.8448740317150542 -0.7028676292733884 -0.706773947642327 -0.5699217433272388 -0.5170387704073448 -0.321645200494234 -0.3439423301010321 -0.17446446688302442 -0.149130139311666 0.022536416621961427 0.07595986411389571 0.17180154085843377 0.284139551069395 0.3346717910225606 0.4886227171612763 0.5633215478747491 0.6489911692494217 0.7627461973826444 0.7830229969808367 0.8712062703161921 
0.21855147313339113 -0.9371899546844764 -0.9691142996095806 -0.9958756681539823 -0.9786043031260537 -0.9619839251542383 -0.9713084385135352 -0.9090172968975038 -0.9305478770595147 -0.8640682127963065 -0.8085792797453571 -0.7012507657328351 -0.7071540196991978 -0.6767433480314828 -0.5517908043861367 -0.31896042328406776 -0.34031377175191174 -0.1588350070457233 -0.18733738447908643 0.008637302962778311 0.04615347543542763 0.10525371145122545 0.2788995522687391 0.4649507490193088 0.4888650124246607 0.5196129392177845 0.6500582060266626 0.673515024948752 0.7366358109787364 0.8585884694975177 
0.5593707137826711 -0.958301961556637 -0.9901400277553372 -0.9960119510838353 -0.9970494712669605 -0.9898034366635201 -0.9884828133150791 -0.9251268946644533 -0.9902642456858984 -0.8314644591418945 -0.761032286001024 -0.7014983330477449 -0.7173257705773941 -0.5391193144486279 -0.5140150674160778 -0.3230927613768774 -0.23357005877551326 -0.14849133152451635 -0.09517741762366543 0.07681451145305652 0.14636509481936416 0.283036410449567 0.3111713679786413 0.46817544319163795 0.6089787471375553 0.6441099992888301 0.6752104753139744 0.7997579103576907 0.8156817644093753 0.9109325916827461 
0.5664526345422718 -0.9899695462790388 -0.9979789472242314 -0.9822505703636404 -0.9572561154917096 -0.9689750602379867 -0.8738560023637332 -0.8627118157862813 -0.8145894485789151 -0.7330237935011298 -0.6450672791489787 -0.5484982444295853 -0.4603122215016287 -0.4490771455668132 -0.31787503135669126 -0.2291028010042152 -0.10931970917301811 0.03017321871137603 0.14109580808583752 0.28912934348950114 0.3466234342791366 0.44049858508948736 0.5372165677623236 0.6142065326437621 0.67337562272085 0.7955533860832676 0.8154692350203122 0.8792397845544601 0.8911177639880031 0.985065731309905 
0.22030902597666446 -0.9380128707388657 -0.9768153860537715 -0.9955766582375395 -0.9957795016123688 -0.9896082691314716 -0.9970294459524462 -0.9418029456097987 -0.9324145511979989 -0.9101423580557341 -0.8344202265635481 -0.7510310284996491 -0.7071802355317283 -0.6609424640875351 -0.5164443132592591 -0.3684551807230438 -0.33755004538228545 -0.15692948741367313 -0.14991693301915165 0.0038228997081097386 0.07619863616404522 0.2578040847957271 0.2787575767352227 0.4538155663764476 0.48870029569237544 0.5706778535693702 0.6508736872968972 0.7439052638407996 0.7806418184741633 0.8552606997503617 
0.8900654052158414 -0.9756003625044467 -0.9766506576922142 -0.9961282762229802 -0.9792359989731552 -0.9625532598598376 -0.98590215191547 -0.8919407583185871 -0.920407626523782 -0.8097262247060346 -0.8082930639713679 -0.701499365304954 -0.6250936505591542 -0.6028530527909617 -0.5174810592389765 -0.43140935653065837 -0.2726021986084311 -0.12587655124128644 -0.09339307017965685 0.05659094682338767 0.09812020538941917 0.26482497453595744 0.31132324789794474 0.46759216706398066 0.4954679498507901 0.6389873523744241 0.6752246436313827 0.8014568170867352 0.8393498346363577 0.9130303012305208 
0.23423745060235115 -0.9920162554816119 -0.9908108651825359 -0.9950680760965906 -0.9509652668008556 -0.968590317805069 -0.873987795193306 -0.8587895007070512 -0.8099231162121355 -0.7328350682257448 -0.6409249365580378 -0.5429275624706716 -0.4473595297695194 -0.40709652999441476 -0.24547761147369496 -0.2096449626211459 -0.18739391864974125 7.683189257279861E-4 0.18043772093072125 0.2571305045270669 0.26891698650386625 0.43943980053622267 0.5428684952441664 0.6106284703070763 0.6824684388219708 0.7959479187163719 0.831247814597174 0.8788736664821599 0.8911124634446586 0.9960386458982077 
0.5571091450164605 -0.9375089621561503 -0.9941648232855819 -0.9967007322123516 -0.9975210392465649 -0.9626828325968355 -0.9962364573173004 -0.9268259524948302 -0.9177683032483631 -0.8850889720173617 -0.8086542625050789 -0.7029700427308225 -0.6207118877943398 -0.5385375677953823 -0.5167693582475343 -0.38434337615613895 -0.2815629618003442 -0.15817080902526987 -0.06153383948222922 0.05609085872225311 0.20431138313514555 0.2635192953921825 0.351720332018223 0.47004157806277214 0.48853297648584665 0.6440949551027652 0.6479530162850543 0.7431771455207078 0.8412260351164669 0.8535498114923725 
0.5593641878943728 -0.9582807768229791 -0.9901400228623195 -0.9960286499976159 -0.9970871152811821 -0.9895096610249072 -0.9857730482348007 -0.9259370366920598 -0.8885587631206542 -0.8314644591418945 -0.761032286001024 -0.7001417339441771 -0.6242353380330206 -0.5391342058028467 -0.5139981333988329 -0.34934987109370574 -0.23430069713806115 -0.16198775566799534 -0.09516058340434752 0.05505632360945272 0.15561114414626678 0.283036410449567 0.3111713679786413 0.46753604492388096 0.6089787471375553 0.6441098966577447 0.6525829369395769 0.799802183696311 0.8588313187197614 0.9111112701818699 
0.2366427198438427 -0.9846713801691279 -0.9957290448094601 -0.9934189425708985 -0.9557265765686483 -0.968524488323476 -0.8694889647856632 -0.8590096716790495 -0.8088810185050788 -0.7572553693364414 -0.638732227513902 -0.5487956421193931 -0.4602880938126608 -0.4051330865873078 -0.3285002496789815 -0.150992263321315 -0.06692171392070556 0.030304875400477358 0.1807991079874368 0.25670435041229417 0.40906349706469813 0.44119229932733 0.5589816937624502 0.6106632930873145 0.6754890202495146 0.7952158787543737 0.8312755617658563 0.8776677519263021 0.8950157134872647 0.9850440355065315 
0.8865059616969629 -0.9391610458739402 -0.9690296904004498 -0.9947223113418144 -0.995729371485191 -0.9585398268782767 -0.9838285603861114 -0.9947152573023789 -0.9342692263280781 -0.8886623835697126 -0.8446176005818988 -0.803207911606302 -0.705145205735273 -0.5713579749710829 -0.517113667645862 -0.43165239132798056 -0.3439530447280851 -0.17356993784237731 -0.15684693903939953 0.008145143177844722 0.07427621137910778 0.17182505199085496 0.27889533802562444 0.3510850519655232 0.4884868356897491 0.5150618670014525 0.650027552202877 0.8021178236824713 0.7987495632899263 0.8527854110041949 
0.8860787398025386 -0.9380213219758217 -0.9692431297247373 -0.9923090020229792 -0.9957633259826828 -0.9758683830689234 -0.9969882778346991 -0.9225827471948933 -0.9324280081658523 -0.894934062723455 -0.8453074684901855 -0.7018098610210147 -0.7071818575808196 -0.5375823857562323 -0.5518397678129682 -0.36861438549880676 -0.33866207222474626 -0.15203744920284865 -0.15894703148969466 0.009077706978096567 0.04585648772233397 0.1047650183237897 0.2838595623083151 0.427471742366838 0.4889293443415586 0.46496899990137774 0.626756356469204 0.7381110360572394 0.7840495669219488 0.9189835908863685 
0.556920829001484 -0.9392889467968675 -0.9773118945722716 -0.9948984686564778 -0.9951459013837409 -0.9591493626717704 -0.9967444765622728 -0.8936064624051379 -0.930012557422279 -0.8176366187036046 -0.8047539606446475 -0.7019566516834056 -0.6228618299301385 -0.5931898365388261 -0.5137800026181414 -0.3225706164266624 -0.28202819465569 -0.15996754414691938 -0.11412247053491628 0.01291872477183828 0.07490196450846742 0.25049723382164624 0.3111765755747506 0.3952392995305182 0.48885087970527896 0.5668753047089057 0.6502476426801937 0.80007848460949 0.8406611373920476 0.8562521760874834 
0.22725424079050896 -0.9748546661651104 -0.9765959109063088 -0.9966482310007714 -0.955869788890899 -0.9624326903521123 -0.9967769567860971 -0.9099890838492078 -0.920796898028249 -0.8364759475132737 -0.7658830656138123 -0.7014651207378425 -0.6250817538456013 -0.5123624055539285 -0.44847624713866163 -0.31132794093837374 -0.23717909383483488 -0.15885160621289174 -0.09335124749497072 0.07649706321607042 0.1445395483696286 0.25554016750199304 0.31129527159094417 0.4689409448443023 0.6080148444892379 0.6454786265523532 0.660943408231496 0.7998962614088804 0.839349996200569 0.9108604062403176 
0.5589569775517781 -0.9580346014935957 -0.9901478421399169 -0.9950977891339835 -0.9968589627136996 -0.9895096610249072 -0.9990573681255384 -0.9261895278959262 -0.8885587631206542 -0.8314644591418945 -0.7610680177025678 -0.7002080115829463 -0.6242912344794677 -0.5391342058028467 -0.5138218086020617 -0.31275339750348985 -0.23430069713806115 -0.16198775566799534 -0.09581039516086985 0.05505632360945272 0.15561114414626678 0.283036410449567 0.3112676160590035 0.47082821759418636 0.6089787471375553 0.645434928621446 0.7422911003503274 0.799802183696311 0.8588313187197614 0.9111112701818699 
0.21855147313339113 -0.9389757318371232 -0.969061224504433 -0.9927744590212985 -0.9957564479138059 -0.9596888290225237 -0.9966811834351984 -0.947894649895573 -0.9324263142102811 -0.8946298503737552 -0.8453350561011573 -0.7065443935091105 -0.7067587766669736 -0.7177723867993991 -0.5468654742209572 -0.41018747694813623 -0.33866212635968407 -0.16060253105044395 -0.18920185662463526 0.004887246828249023 0.045857859653256894 0.10542157230757743 0.27893257782073466 0.4286018581286831 0.4889241954906022 0.469043846753326 0.6267564407758512 0.5283694202827421 0.7680342270956246 0.8518169759621558 
0.22031369839240372 -0.9377175227103743 -0.9771542038578671 -0.9928536494218035 -0.9945874013110325 -0.9599084537016169 -0.997055223660043 -0.9044619677558232 -0.9334768710383388 -0.8383340024635115 -0.8330922564400742 -0.7014579848538381 -0.7067697976932285 -0.5370811118704273 -0.5165152573440921 -0.31190568084866094 -0.33759270713359263 -0.1711671617398711 -0.1494416772082176 -0.025468401179484866 0.07618295698665975 0.1731534548264458 0.26951272772813867 0.45968577720874887 0.4624695046098484 0.5675593349824105 0.6501897131424926 0.7434447021897315 0.7806447104022284 0.871891722303501 
0.8883679514850149 -0.9391387982310982 -0.9771658042332043 -0.9958869405363893 -0.9777554105615596 -0.9559681777107145 -0.9686703622459308 -0.9247601289317254 -0.9343137647716172 -0.8824881639291022 -0.8077880039894637 -0.7018057965726466 -0.705762510577091 -0.6038858326341299 -0.5138583486236966 -0.35300467034513144 -0.33720445607132277 -0.15906876106508375 -0.12855341299767678 0.008182851364691435 0.09818005111620422 0.2092691313276395 0.3107444393354338 0.3582228795936422 0.49169453353064557 0.5117289717898593 0.6500139632500509 0.8056064367246384 0.7995570925348482 0.8552136310810277 
0.8865059616969629 -0.9380185921877628 -0.9690296904004498 -0.9947223113418144 -0.995729371485191 -0.9585398268782767 -0.9834983843988395 -0.9213237428859777 -0.9334697262698912 -0.8886623835697126 -0.8446135867781281 -0.701084296678507 -0.705119613788554 -0.5713579749710829 -0.5171136900707343 -0.43165239132798056 -0.3439530447280851 -0.1755552466290459 -0.156828813407216 0.008145143177844722 0.0710396974163626 0.10464243484376298 0.27894625501867304 0.430633487930591 0.4889193797710008 0.46518173870962054 0.650027552202877 0.739559278070234 0.78371288660305 0.912388520293116 
0.22640770105252658 -0.9756022675107077 -0.9901880864130693 -0.9961581158076216 -0.9967704613278969 -0.9611003154322704 -0.988446775865913 -0.9251536634701071 -0.84423661092784 -0.8315077687158257 -0.763222136474159 -0.6978649761470123 -0.6171030644600972 -0.53905054254851 -0.5140161812654042 -0.3230674573544524 -0.23824579735382553 -0.1484719599331091 -0.0898489101050179 0.0767999623971267 0.14629539179250067 0.2831280893661525 0.40659689873391736 0.46808071341135293 0.558366604156579 0.6442740307613328 0.6621096465444891 0.7998589438905578 0.8156683547131441 0.9105781420985509 
0.8907659802405486 -0.9590849155877942 -0.9769637802616664 -0.9958969320254019 -0.9784316358946684 -0.9620663218839542 -0.9856509099490066 -0.9300829329835912 -0.8623996737242633 -0.8371908362096837 -0.807905991350277 -0.7001520754341735 -0.6241769491684914 -0.5497953943341227 -0.5140591359093781 -0.31333414882039184 -0.2819713800336838 -0.1556104749894149 -0.09514152981457076 0.05633185600805239 0.157353603925073 0.26604424988663966 0.31809852938430366 0.5073615898872073 0.4965826215754616 0.6128714181370195 0.7372589642203493 0.8055571065441507 0.8396494589120125 0.9210219678444115 
0.2366427198438427 -0.9860564088925802 -0.994218147586389 -0.9933480989896234 -0.9970048052913351 -0.9656887234404621 -0.8709992447625324 -0.8590096716790495 -0.8107619977259817 -0.7069018994111704 -0.5934063387705114 -0.5484231705207077 -0.44798660163120846 -0.34523212973243367 -0.24108815372532372 -0.14947238932244356 -0.11434460392807741 0.030938050460675704 0.1285638955336694 0.25673895178908324 0.3470763605743589 0.4411716806470572 0.5606820315738071 0.6105416885951055 0.6824558736511511 0.7874330457926643 0.8223769309682073 0.8793723341440811 0.8382780868979316 0.9850793759555286 
0.5528136606179381 -0.9376432548800647 -0.9690266610064021 -0.9927738965645166 -0.9957363929988153 -0.959722166127595 -0.997112639744903 -0.9402559825874872 -0.9334999329793612 -0.8891214465019546 -0.8445467145172246 -0.7031196718227636 -0.7067650698675096 -0.7210562053503897 -0.546935281162791 -0.4102705089251768 -0.3439423301010321 -0.15837811930739612 -0.14781735610653787 0.008378577058329957 0.04605190799517065 0.17247331929734938 0.284139551069395 0.46995962092890126 0.4886106267381364 0.565489445754646 0.6272897711840958 0.7889341607981579 0.7761950719646847 0.8512847991250222 
0.8870888004320854 -0.939169767845934 -0.9690604874167412 -0.9947866272466009 -0.995729371485191 -0.9582715327334457 -0.9842629979802575 -0.9947152573023789 -0.9342692263280781 -0.8350609935303146 -0.8446176005818988 -0.7576798982303938 -0.706757890958562 -0.5925777916025835 -0.5168598083624439 -0.43165239132798056 -0.3439846772511915 -0.1740613931760379 -0.1348621316438768 0.008145143177844722 0.07427621137910778 0.174380320012704 0.2787277779545231 0.3510850519655232 0.48848749059496827 0.5150618670014525 0.6500271479932226 0.8030129690674934 0.7988986935449859 0.8533123983750694 
0.23414903883331717 -0.9917488533378517 -0.9957290448094601 -0.9934189425708985 -0.9557265765686483 -0.9686432651385284 -0.8694990686059252 -0.8628230127368535 -0.8088810185050788 -0.7330298984368532 -0.6369647037824953 -0.5487906939388547 -0.44688973893317185 -0.40552193083583393 -0.3285002496789815 -0.1509871329668419 -0.06748810578098459 0.030208048529988603 0.14159781482614325 0.18017619742096586 0.40595509118935624 0.44039751984163883 0.5358679898219298 0.6141476727626288 0.6737662793133873 0.7292467047306261 0.8366655493486694 0.8776819009785566 0.8910906687115887 0.9850443581332614 
0.8860787398025386 -0.938021493916921 -0.9692431297247373 -0.9925859618540569 -0.9926913969248851 -0.9919039506868472 -0.9983115631133945 -0.9225827471948933 -0.9334731104653466 -0.894934062723455 -0.8453074684901855 -0.7012461319891609 -0.7071818946218907 -0.5375823857562323 -0.5518397678129682 -0.5508583820334318 -0.340350804804007 -0.09033955060363535 -0.15894703148969466 0.009077706978096567 0.04559936798478281 0.1047650183237897 0.2838586969006711 0.427471742366838 0.4889293443415586 0.46496899990137774 0.6285017803703491 0.7381110360572394 0.7840495669219488 0.9089832246211803 
0.9021878678487008 -0.9918959693795485 -0.9455883618234655 -0.9936846535463505 -0.9877418893023568 -0.9271010328736071 -0.8737238249433442 -0.8273371993052496 -0.8607158820163241 -0.7333080070616771 -0.6835415997721827 -0.5435060022312542 -0.44791334433551977 -0.404938809011857 -0.24252417786486663 -0.14595699971699586 -0.10121000214361967 0.03660308881656526 0.15128708376326416 0.2859472398810465 0.34610908963951936 0.4404929127085962 0.5372441238908144 0.6144110383208482 0.6817287363672563 0.7876074367843721 0.8123759707667082 0.8793092255567863 0.8911476263900489 0.9851060623508237 
0.22296262438854722 -0.9748579090984971 -0.976525474782385 -0.9704231167426288 -0.9785955409709083 -0.9619489251372325 -0.9855358979827299 -0.8907599211009892 -0.9208312061335585 -0.8697362921509102 -0.8083522346147958 -0.6999929487708514 -0.6261653025132983 -0.560178867592384 -0.5152261338526258 -0.438629207469444 -0.3306952406501973 -0.1585247726364368 -0.07900338689136474 0.0033715102781410084 0.0975454763260385 0.2564338541418379 0.3094140997730895 0.465427653977033 0.5019916894528272 0.6414080369081481 0.6500578955863241 0.8021823588029801 0.8390639633350033 0.8586541524364142 
0.5561374102140867 -0.9868050993063008 -0.9780640995416531 -0.992727728502213 -0.9795704754502311 -0.9596741527114048 -0.9591987412939064 -0.8935069888132815 -0.9335267480869366 -0.8806438383538132 -0.8090630624631755 -0.7066464973841687 -0.7075381115118436 -0.5663104582875623 -0.5479851813757434 -0.3229710539517657 -0.3379317158939718 -0.15897012839960237 -0.11331272182062965 -0.023884051511287578 0.09482221756495425 0.2650557855210035 0.3001940878554964 0.4292624054482187 0.5117652447110734 0.6408533184479284 0.6267522924296779 0.7145981089688676 0.8325118249382136 0.8486341276301792 
0.9015443562532627 -0.9915735232604215 -0.9972041019896625 -0.9934180876004173 -0.9860971239620112 -0.9255830638584878 -0.8741291356571746 -0.8599066365105833 -0.8631092312599239 -0.7573999225672394 -0.68112347215522 -0.5435160027879108 -0.44840504925004654 -0.3681492397329287 -0.3185918948850264 -0.20810811237989135 -0.06700317656408679 0.03031394669592522 0.17997121093241653 0.27667305083960214 0.34429038379541543 0.4411841649945342 0.5373441239730729 0.6145411519380747 0.6736552673765891 0.7952713199346938 0.8173245926524472 0.8777465197485466 0.8640169306701229 0.9847696207059543 
0.558960870899493 -0.974766634468225 -0.9905372420331103 -0.99508969311691 -0.9794868254664978 -0.9768862187169816 -0.9988907078413065 -0.8941248978353356 -0.8625515971180852 -0.8361982089150676 -0.767165890325257 -0.7002103775860716 -0.624292420078541 -0.4617126681338612 -0.5138166189246608 -0.31337724775219533 -0.24505049097564896 -0.15561245418283778 -0.06059411920207447 0.056339650506125834 0.14853602372268285 0.25612213026936614 0.31126778096864804 0.5063396306332574 0.5599958872713592 0.6454149035460865 0.7374474833525022 0.8004522631680205 0.8401071170749549 0.9130465161212693 
0.8915237479860055 -0.9594690130244589 -0.9903058159936302 -0.9959896481675333 -0.9794425246555926 -0.9619612874136568 -0.984252105477815 -0.9089829522472007 -0.8417790880729701 -0.8361368116965336 -0.8085912851480911 -0.7003292436671708 -0.6207126385135059 -0.5231276276976538 -0.5140220255533525 -0.322518922409016 -0.28198332160588446 -0.15903143367237785 -0.09414757628500905 0.05658215957842258 0.1567372951121591 0.20865430297951032 0.3397022865450765 0.5083476164457956 0.5366303657281588 0.6441147714715859 0.7130926879016316 0.7785596965014286 0.8390759952054198 0.9197740526613446 
0.8900654052158414 -0.9756003625044467 -0.9767015423667892 -0.9966384929367255 -0.9792359989731552 -0.9625532598598376 -0.9966060194732723 -0.9097648058327018 -0.9329960737031269 -0.8618136653915837 -0.8081454353791504 -0.7014656552252363 -0.6250932485410557 -0.6028530527909617 -0.5131312477460642 -0.4317781253443388 -0.26673148176778694 -0.17485290525407135 -0.09335725404764217 0.004418202713118807 0.09830653929227232 0.26526342437490324 0.31132332298068693 0.4675924112537998 0.4962367875658699 0.6419724714475031 0.6606647712151209 0.8015535830094622 0.8393498290027764 0.9130303012305208 
0.5688615398185306 -0.991551916703366 -0.9911109615661987 -0.9969871265053913 -0.9088687504815007 -0.9659980165694912 -0.8662739812437984 -0.8589697574834159 -0.8802861910230431 -0.7329092752926101 -0.6869069107587188 -0.5429499459886494 -0.44792309953477505 -0.40849432953498765 -0.32157889951876006 -0.15678959353671978 -0.011450518475232221 0.030899255549178196 0.17740863310480673 0.2512022237006861 0.2673690149476198 0.4104878025830254 0.5493333562411636 0.6211003203958828 0.6731489124861365 0.7895171628466094 0.7755234001124037 0.8777279475592727 0.891256072060948 0.9850393889573085 
0.5551641535406927 -0.9630589622643969 -0.9771403738343907 -0.9958869217222426 -0.9777554105615596 -0.9563114945796248 -0.9863103398828691 -0.9443182840792841 -0.9342536053231287 -0.87493161699865 -0.8084607999807273 -0.7018058151828943 -0.7094380773279139 -0.605885332506632 -0.513855539407295 -0.32014199727308523 -0.2759460600313676 -0.15906235030089586 -0.09143076633254747 0.010745851307861803 0.07797932144873773 0.20923048474744124 0.31205568429286223 0.3640182971609521 0.4965478126180536 0.6288621739889193 0.7134979894654615 0.8013890384567264 0.8395423298013468 0.8551299684534925 
0.22564142170310048 -0.9764619159847613 -0.990142431469558 -0.995011918183107 -0.9890439936317366 -0.9621197112483972 -0.9962520820251082 -0.9261360661005381 -0.923211863466936 -0.83619106806106 -0.7630583604634043 -0.6977171431201001 -0.6161313120395734 -0.5386935302755949 -0.5138267135093328 -0.3126591408056122 -0.23992774688279 -0.14952667117992197 -0.038406624773981934 0.07607412284538133 0.09481252804202225 0.28376574080304096 0.31309987569274733 0.5083881020468501 0.5598548260870553 0.6441110006760364 0.6623401842333649 0.8049014942882681 0.8381325241748064 0.9202662902995785 
0.5561374102140867 -0.9861718349504749 -0.9780640995416531 -0.9949673951119588 -0.9795704754502311 -0.9608771758106974 -0.9588356183022846 -0.892391848577277 -0.9335267480869366 -0.8806438383538132 -0.8088084325355248 -0.7002256683213093 -0.7075380928690068 -0.5663104582875623 -0.5137891897956983 -0.3229710539517657 -0.30573022706199476 -0.15897127698515842 -0.11331272182062965 0.0549519895623739 0.09472783916309258 0.20952873254620358 0.3001940878554964 0.46757520727651974 0.5119052722717012 0.6408533184479284 0.6508445360829196 0.7145981089688676 0.8325118249382136 0.8486074157924575 
0.2236973754587323 -0.9472863316279397 -0.9691177026708295 -0.9958896668351617 -0.978611195053789 -0.9620334471758418 -0.9974173010228838 -0.9075362558324442 -0.9329137313837079 -0.8616957159690929 -0.8090941009951643 -0.7015688962402664 -0.6553226331461005 -0.5457877424184292 -0.5143337992606469 -0.4189173948217304 -0.3390800391660991 -0.1749542796325178 -0.09436915605742933 0.004118824869941008 0.09854532854434275 0.20593169225702146 0.31208190736664926 0.3515033261068518 0.4886222741940078 0.6444325818555166 0.6508282756302602 0.7442549786924753 0.833417512365393 0.918002110045949 
0.2255301766365373 -0.9858684062273819 -0.990598246433333 -0.9950118419736567 -0.979327621361864 -0.9624335775289209 -0.9963080339238198 -0.9259454652502146 -0.9208261360724083 -0.874127096656668 -0.7633419799678959 -0.7004053584598395 -0.6246537561564306 -0.5491645428657559 -0.5140767193664123 -0.312629418804723 -0.24772097336952598 -0.1584028272107599 -0.0937691317221773 0.056839119783545354 0.15897025251261382 0.25605834739215594 0.3869869717703714 0.4696347740180381 0.5598548260870553 0.6441368358377256 0.6635363372448546 0.798587184269468 0.8393502809088682 0.9202662902995785 
0.22144893306576596 -0.9589109454767685 -0.976608938015851 -0.9958886099178996 -0.9963885431057236 -0.9620141229161517 -0.9842490493197424 -0.9514682989822796 -0.9179492671978707 -0.8627471214539452 -0.8087963894927761 -0.701574270756416 -0.7082944704254964 -0.577365758936802 -0.5139117787450891 -0.32256631787688456 -0.3384445486651142 -0.1601225034652183 -0.12592227743168913 0.011379405605967837 0.09924658224423082 0.25730117757288484 0.2825607785183042 0.46474149462119857 0.487880796606879 0.6507273014449115 0.648760777646349 0.7430981902685991 0.7805203612804944 0.8550261850663833 
0.8865059616969629 -0.9380187015492824 -0.9690230129981192 -0.9947223113418144 -0.9957646101509108 -0.975443957227285 -0.9834983843988395 -0.9226579437938975 -0.9334697262698912 -0.888609297048795 -0.8446084018778063 -0.7018237357807611 -0.7071650414830565 -0.5713579749710829 -0.5161836066582045 -0.3716582742374306 -0.3439530447280851 -0.1755552466290459 -0.15882206140500305 0.008145143177844722 0.0710396974163626 0.10476471053138024 0.27895672207882755 0.430633487930591 0.4889291561883939 0.46518173870962054 0.6257086199465923 0.739559278070234 0.7840602334690773 0.912388520293116 
0.2217254016264208 -0.9435531148074945 -0.9695740599495136 -0.9958887664225499 -0.9780811358918207 -0.9620652158832544 -0.9966966018189153 -0.9431439956898479 -0.9401627751582637 -0.8579691190240605 -0.8344814845870513 -0.701575120162302 -0.7070068631431853 -0.5452906568780997 -0.5141406347446551 -0.3195888745673145 -0.33629898631745925 -0.1748881613369733 -0.09437180316680109 0.011392632779075434 0.09856005964236371 0.21038109385091822 0.3100469369283106 0.353301047712044 0.48856159134997557 0.5665614135738751 0.650880517031468 0.7990895102219095 0.8338055956105394 0.8917608376349102 
0.5682990020277371 -0.9846433919438914 -0.9932498267714506 -0.9966829582602013 -0.9871246859155994 -0.9735388836534653 -0.8701109620787889 -0.8585398315919422 -0.8621247434351638 -0.7337033307676191 -0.6758586902943461 -0.5487967793801863 -0.44796371272744506 -0.34523069400925277 -0.3373336902115262 -0.2364227069671797 -0.10254842666268468 0.03015947493157217 0.13834775281887265 0.2895111017094321 0.384176781177012 0.44156946878609243 0.5371909095680159 0.5838530407974324 0.6754269459473992 0.7734539658593916 0.7828320034955585 0.8709052860064119 0.9005821111467532 0.9850641515013019 
0.22640770105252658 -0.9755236024857488 -0.9894004507607601 -0.996149296493612 -0.9967897325587032 -0.9611003154322704 -0.99609993315701 -0.9265465130861592 -0.8419659217937003 -0.8352787432267618 -0.7630541489701835 -0.6978649761470123 -0.6171030644600972 -0.53905054254851 -0.51407778495891 -0.31446510416664414 -0.23824579735382553 -0.1484719599331091 -0.0898489101050179 0.07607412284538133 0.15444180484927694 0.25073875343798907 0.40659689873391736 0.5083881020468501 0.5594891082808108 0.6442697698184088 0.6621096465444891 0.8044736415012365 0.8399539201916546 0.8707196043843657 
0.2366427198438427 -0.9923253107966274 -0.994218147586389 -0.9933480989896234 -0.9557262403190063 -0.9658343816194197 -0.8388768107836136 -0.8590096716790495 -0.8107619977259817 -0.7069018994111704 -0.5934063387705114 -0.5484231705207077 -0.44799149279420986 -0.3438315566128707 -0.24108815372532372 -0.14969357075889772 -0.18948803731440558 0.030938050460675704 0.1285638955336694 0.25673895178908324 0.3470763605743589 0.4411716806470572 0.5606820315738071 0.6105416885951055 0.6824558736511511 0.7875006896469156 0.8223769309682073 0.8776790967533822 0.8385822957588936 0.9850962576879815 
0.22144893306576596 -0.9376971235567934 -0.9767949695603714 -0.9959659722996831 -0.9963885431057236 -0.9620141229161517 -0.9839982311119133 -0.8877404097815929 -0.9179492671978707 -0.8628614446349983 -0.8087963894927761 -0.7017949761027719 -0.7082836229397499 -0.5790536376418726 -0.5176187766552696 -0.32159641961919094 -0.3383155317182077 -0.1601225034652183 -0.12592227743168913 0.011433017186106302 0.07554194662855535 0.2578114809851202 0.27865484169182075 0.46474149462119857 0.48870377505178364 0.5646011403539044 0.6489569751934824 0.7430981902685991 0.7807860493116714 0.8529232888296988 
0.22492731915807787 -0.9582965479270291 -0.9912164605800337 -0.9966109652478926 -0.9795535112315175 -0.9621203165956953 -0.9967204443423086 -0.9089645054244608 -0.9356663472425201 -0.8738270681615868 -0.808043281708826 -0.7004579485100789 -0.6256368438562766 -0.5514438740399732 -0.5140767193664123 -0.31978466574310765 -0.23882530052061696 -0.15831642924083775 -0.09375779766484407 0.05662359764665522 0.10121016112309696 0.2816620884184502 0.3391459203949397 0.5073807036798375 0.497539712084455 0.6441074436709725 0.6634303415297303 0.7773703827871231 0.8391235820310944 0.8556213260380391 
0.22386581498427838 -0.947154788648137 -0.9691205201795995 -0.9958993129598566 -0.9900074880699223 -0.9620334471758418 -0.9974002226042019 -0.9075362558324442 -0.9329137313837079 -0.8620748045761718 -0.8090941009951643 -0.7002216854253691 -0.7080957828421246 -0.5641990166729943 -0.5152413927808346 -0.3579457483074539 -0.33755737052259854 -0.17495136793220137 -0.09404220942264402 0.004118824869941008 0.1019570743255554 0.2054816654155119 0.3111595676527041 0.4663838079807064 0.5008533563559332 0.6418917867585757 0.6471830012493005 0.8055348920472473 0.8416576040543413 0.8586164823016105 
0.22494412702670247 -0.9582484879054115 -0.9904947923207971 -0.9959819023356397 -0.9793416533897732 -0.9621203165956953 -0.9963104913396473 -0.9089645054244608 -0.9208272012339922 -0.8738270681615868 -0.7658693219185045 -0.700392209500539 -0.6246537561564306 -0.5498246510463309 -0.5140767193664123 -0.3126495081632336 -0.2478249205066201 -0.15831717374303825 -0.09375779766484407 0.05662359764665522 0.15673677093643792 0.2816620884184502 0.3391459203949397 0.5073807036798375 0.5599596755776292 0.6441110006760364 0.6634266652929819 0.7773703827871231 0.8391235820310944 0.9202662902995785 
0.22030864601899647 -0.9391414488660763 -0.9691472712761935 -0.9955806010633194 -0.9964010870213762 -0.958241151628457 -0.9841247735959519 -0.9410075186255571 -0.9342675143635205 -0.8383340024635115 -0.8330922564400742 -0.7007830422519512 -0.7083328490990494 -0.59286658929186 -0.5164574313344084 -0.3113615424269367 -0.33754344320768187 -0.15531873269463234 -0.1494416772082176 0.00809788046253881 0.07619861447132815 0.17483629207199883 0.26948463013561225 0.46377412985522254 0.46305099133245503 0.5138655241914953 0.6502398174156885 0.8036520588579072 0.7806565409976757 0.8548391102055873 
0.2217254016264208 -0.9435531148074945 -0.9695740599495136 -0.9958887664225499 -0.9780811358918207 -0.9620652158832544 -0.9966966018189153 -0.9508589523769085 -0.9401627751582637 -0.8579691190240605 -0.77997164484877 -0.701575120162302 -0.7070068631431853 -0.5452906568780997 -0.5141406347446551 -0.3195888745673145 -0.33629898631745925 -0.1748881613369733 -0.09437180316680109 0.011392632779075434 0.09856005964236371 0.21038109385091822 0.3100469369283106 0.353301047712044 0.48856159134997557 0.5665614135738751 0.650880517031468 0.7990895102219095 0.8338055956105394 0.8549039050984244 
0.5593707137826711 -0.958301961556637 -0.9901400277553372 -0.9960119510838353 -0.9970494712669605 -0.9898034366635201 -0.9884828133150791 -0.9251268946644533 -0.9902642456858984 -0.8314644591418945 -0.761032286001024 -0.7014983330477449 -0.7173257705773941 -0.5391193144486279 -0.5140150674160778 -0.3230927613768774 -0.23357005877551326 -0.14849133152451635 -0.09517741762366543 0.07681451145305652 0.14636509481936416 0.283036410449567 0.3111713679786413 0.46817544319163795 0.6089787471375553 0.6441099992888301 0.6752104753139744 0.7997579103576907 0.8156817644093753 0.9109325916827461 
0.2366427198438427 -0.9858868518880485 -0.994342426678884 -0.9826047442736701 -0.9557332793432181 -0.9658343816194197 -0.8388768107836136 -0.8627143324584966 -0.8107947729452343 -0.7330710062755822 -0.5934063387705114 -0.5484231705207077 -0.4601643149094687 -0.3438315566128707 -0.24108815372532372 -0.15146677112915277 -0.11013928257542707 0.030938050460675704 0.1285638955336694 0.2889875002775223 0.3470763605743589 0.4411716806470572 0.5606820315738071 0.6105416885951055 0.673372610751164 0.7875006896469156 0.8154546789635352 0.8776364041749508 0.892856542735044 0.9850962576879815 
0.5669729181946692 -0.9846941989097929 -0.9997077244310141 -0.9803163090130342 -0.9572561154917096 -0.9685238946736769 -0.8738458985434712 -0.8590595804235772 -0.8156138142423185 -0.757221221079995 -0.6851764109488703 -0.5486334883679619 -0.4478875216581999 -0.40488419123786706 -0.32165252609149975 -0.14556808566573426 -0.10875331731273909 0.032004977789239275 0.15141685962983217 0.2859142480517643 0.3466525656650447 0.412298052509626 0.560330271702844 0.6107221529684478 0.675543711176671 0.7906240659763105 0.8158904351837156 0.8793333665476204 0.8950699806777926 0.9850660818422308 
0.8860787398025386 -0.9380213219758217 -0.9692431297247373 -0.9923090020229792 -0.9794191129493565 -0.9758683830689234 -0.9969882778346991 -0.922782034231066 -0.9324280081658523 -0.894934062723455 -0.8453074684901855 -0.7030132128478643 -0.7071818575808196 -0.5359517026265109 -0.5518397678129682 -0.36861438549880676 -0.33915996607618104 -0.15213019938442543 -0.15894703148969466 0.009077706978096567 0.04615202577443746 0.1743489646776729 0.2838595623083151 0.42882525049822406 0.4889293443415586 0.5157723996250833 0.6500972534325304 0.6797121157616465 0.7840495669219488 0.9189835908863685 
0.2217254016264208 -0.9391440831056018 -0.9695740599495136 -0.9958513942328638 -0.9780811358918207 -0.9621635671068413 -0.9967943688562213 -0.9508589523769085 -0.9403957639607747 -0.8579691190240605 -0.77997164484877 -0.701575120162302 -0.7082645441325239 -0.5922606390106876 -0.5168302253438449 -0.42961859215688414 -0.33629898631745925 -0.1749054043969776 -0.09555708952746172 0.0114829390872189 0.07425432417221488 0.21026886587767868 0.31110621032695895 0.353301047712044 0.48856159134997557 0.5661089464621812 0.650076904356784 0.7990340942560437 0.8338055956105394 0.8532923315917839 
0.9033457107664451 -0.9915735232604215 -0.997206862172225 -0.993679567108539 -0.9862809981847428 -0.9255830638584878 -0.8739763711142164 -0.8607240453376975 -0.8607158820163241 -0.7329158781853334 -0.68112347215522 -0.5435246022989365 -0.447923250776845 -0.368921846916761 -0.3163114456993691 -0.14244325040436606 -0.09815764588246256 0.0295905999870897 0.17997121093241653 0.2926665670602231 0.34429038379541543 0.4396914253520255 0.5496642895549627 0.6146722151937559 0.6739777917404257 0.789562950610739 0.8170535989511785 0.8777425728261553 0.8632325709690164 0.9847696207059543 
0.22386581498427838 -0.9579584951677388 -0.9692167213495417 -0.9958525645185053 -0.9900074880699223 -0.9899953382772555 -0.9974587102183757 -0.9075362558324442 -0.9329137313837079 -0.8616957159690929 -0.8090941009951643 -0.7002465802648602 -0.6566336406085801 -0.6049862425900019 -0.5137035191220234 -0.4225176565495195 -0.3384957171486633 -0.17495136793220137 -0.09404220942264402 0.004118824869941008 0.14751508003731498 0.2054816654155119 0.31208190736664926 0.4681502956172259 0.48862331407134013 0.6444239043140773 0.6489776229361991 0.7459526239976711 0.8416663044697634 0.9180827716316429 
0.5677830431653742 -0.985752472325576 -0.9997077244310141 -0.9803163090130342 -0.9942595087580283 -0.9687402471420139 -0.8698262100845628 -0.8584491464797896 -0.8111965369288627 -0.7330237935011298 -0.6792169986464176 -0.5489840482000431 -0.44842148335506465 -0.3510721444885568 -0.32146020096342537 -0.20877800380894343 -0.10753702269531226 0.029922186625310737 0.14084327463501858 0.16832965103976225 0.34586188939063844 0.44133174298329225 0.5372165677623236 0.6146704587753782 0.6737935946715071 0.7394694837425922 0.8327545598490478 0.8793475155998749 0.8921106657741562 0.9847708544986669 
0.5677919390621673 -0.985752472325576 -0.9997077244310141 -0.9803163090130342 -0.9942406714097771 -0.9687402471420139 -0.8735178138395279 -0.8627118157862813 -0.8111965369288627 -0.7330237935011298 -0.673202717220228 -0.5543874131646584 -0.44840597668581 -0.34522737175896 -0.31787503135669126 -0.20877800380894343 -0.10931970917301811 0.0299216623393339 0.14091328947235038 0.16832965103976225 0.3466525656650447 0.44049858508948736 0.5372165677623236 0.6146704587753782 0.6737935946715071 0.7905540275544632 0.8158904351837156 0.8793475155998749 0.8923278548188094 0.9847685350611396 
0.5683078979245303 -0.9844756774067674 -0.9954281383738774 -0.9966829582602013 -0.9871058485671739 -0.9735391465939445 -0.873802565833754 -0.8628012911824208 -0.8637626197578546 -0.7337033307676191 -0.6730484193160493 -0.5542001494010357 -0.44741917269761616 -0.3452128612834066 -0.23207664693490657 -0.21746101354024838 0.004075690656435087 0.03015893388929633 0.13841776765620448 0.2802758396302307 0.3864338527317064 0.44053064361200456 0.5371918778735081 0.5838530407974324 0.6733368911797153 0.7888818265807102 0.8156037283048556 0.8776708795336016 0.9007993001914063 0.9850436399764428 
0.558960870899493 -0.974766634468225 -0.9905372420331103 -0.99508969311691 -0.9794868254664978 -0.9768862187169816 -0.9988907078413065 -0.8941248978353356 -0.8625515971180852 -0.8361982089150676 -0.767165890325257 -0.7002103775860716 -0.624292420078541 -0.4617126681338612 -0.5138166189246608 -0.31337724775219533 -0.24505049097564896 -0.15561245418283778 -0.06059411920207447 0.056339650506125834 0.14853602372268285 0.25612213026936614 0.31126778096864804 0.5063396306332574 0.5599958872713592 0.6454149035460865 0.7374474833525022 0.8004522631680205 0.8401071170749549 0.9130465161212693 
0.2366427198438427 -0.998220010500917 -0.9983289093606694 -0.9933480809658977 -0.9553828819389911 -0.9255408686485729 -0.8383635429588383 -0.8590096716790495 -0.8802829603143536 -0.7326226901479408 -0.6865621503178344 -0.5431217472234785 -0.4480072808277289 -0.34375242976281206 -0.32871921951215805 -0.14999876280122065 -0.006088671123221021 0.07579927501986602 0.06956922165337258 0.25670435041229417 0.3387798116187024 0.4411717186698018 0.5373143140955717 0.613863728080769 0.6734380357842843 0.7877638786627537 0.8224392448468885 0.8776966880527263 0.8385335587208841 0.9850934606292026 
0.23418648257429373 -0.9915689769599517 -0.9908200438366664 -0.9950632036704644 -0.9905407611683035 -0.96838448827274 -0.8739761061929173 -0.8267895881738763 -0.8105544155618369 -0.7558149620131716 -0.6432255398690843 -0.5487906936443533 -0.4468984920259719 -0.4547861157302367 -0.32330987882760653 -0.23059854280563039 -0.09405576304952684 0.002035996990949848 0.16194574974429532 0.17912151172852836 0.34977255292470144 0.41130328848557157 0.5417645613089408 0.6092767535598529 0.670809578998554 0.7955533860832676 0.836749005748097 0.8789041361600897 0.8911124634446586 0.9850393762891448 
0.9043346174518501 -0.991875957480127 -0.9566642606939323 -0.9944864489846699 -0.9996478011607774 -0.9264719171825447 -0.8676969731911756 -0.8245502808858676 -0.8772628291973461 -0.6665903268785979 -0.5462336457631741 -0.5434420788807766 -0.4115478475983629 -0.34279390803289844 -0.21914925826319195 -0.1547828834086445 0.04588416087660348 0.03664933899447233 0.16995582858780828 0.2819215035735319 0.34619968854355204 0.47647120940411575 0.5919634260793358 0.6178209223655671 0.6834929971932765 0.7876074367843721 0.8246078017496751 0.879174555986794 0.8905426426183326 0.9851186702940371 
0.22289854730804912 -0.975150036707955 -0.9691205201795995 -0.9958993129598566 -0.9786373600604185 -0.9620671843277414 -0.9859101503887464 -0.9075362558324442 -0.9329137313837079 -0.8643624753092608 -0.8091268514561287 -0.7002216854253691 -0.7080957828421246 -0.5640872386221231 -0.5152413927808346 -0.3579457483074539 -0.33755737052259854 -0.17495136793220137 -0.09404220942264402 0.002548588535430039 0.0985016733425774 0.2054816654155119 0.2844656553202536 0.46641621719120624 0.4886009102933456 0.5642178716192362 0.6507508173573667 0.7990278083943058 0.8416576040543413 0.8586164823016105 
0.5688615398185306 -0.9919991952250262 -0.9949178060558256 -0.9969871265053913 -0.9514411908261351 -0.9660226454694218 -0.8664070310638856 -0.8589697574834159 -0.8802861910230431 -0.7329092752926101 -0.6846615134808289 -0.5429499459886494 -0.44792309953477505 -0.40849432953498765 -0.24281795204657974 -0.1542995783692317 -0.00575906641129182 0.029600047746459836 0.17740863310480673 0.21591909116463026 0.3393259126165431 0.4104878025830254 0.5495068602062828 0.609247035570084 0.6822417285872573 0.7895366605894985 0.7755234001124037 0.9368934525890559 0.891256072060948 0.9850442593754091 
0.2217254016264208 -0.9391440831056018 -0.9690286513977858 -0.9958513942328638 -0.9780811358918207 -0.9621635671068413 -0.9967943688562213 -0.950867387174425 -0.9332992151176592 -0.8579691190240605 -0.77997164484877 -0.7029691442914998 -0.7068095573738946 -0.5922606390106876 -0.5168302253438449 -0.43246094121876716 -0.34394990120875535 -0.1749054043969776 -0.14641666819798144 0.007423990734256343 0.074281660668247 0.21026886587767868 0.31110621032695895 0.353301047712044 0.48856260497939724 0.5661089464621812 0.650076904356784 0.7990340942560437 0.7811576121406837 0.8537228801688179 
0.23418648257429373 -0.9915689769599517 -0.9908108651825359 -0.9950632036704644 -0.9905278694898882 -0.96838448827274 -0.8739761061929173 -0.8288528179012712 -0.8105544155618369 -0.7585944008596578 -0.6432255398690843 -0.5487906936443533 -0.4468984920259719 -0.4547861157302367 -0.32330987882760653 -0.23059854280563039 -0.09405576304952684 0.002035996990949848 0.14143517248227927 0.17912151172852836 0.346663803510274 0.41130328848557157 0.5417645613089408 0.6140880048893979 0.67337562272085 0.7955533860832676 0.836749005748097 0.8789041361600897 0.8911124634446586 0.9850393762891448 
0.8924686118859841 -0.9756003625044467 -0.9766506576922142 -0.9960120852826208 -0.9516361379241358 -0.9625532598598376 -0.9967001289988887 -0.9097648058327018 -0.920407626523782 -0.8319650768417073 -0.8051621146032037 -0.7014656552252363 -0.6250932485410557 -0.6114861983284968 -0.4519467865070584 -0.31164598403118104 -0.2722787731385205 -0.15794655632890642 -0.02912253111739528 0.05659094682338767 0.1453405565844339 0.26496375370149783 0.31132324789794474 0.46759216706398066 0.4962367875658699 0.6438640564850414 0.6751981355358447 0.8015794624203906 0.8393498290027764 0.9130303012305208 
0.9033457107664451 -0.9915735232604215 -0.997206862172225 -0.993679567108539 -0.9862809981847428 -0.9288928925841655 -0.8739763711142164 -0.8607240453376975 -0.8114029028531587 -0.7329158781853334 -0.68112347215522 -0.5434605660257009 -0.44841588337477245 -0.34530039320935696 -0.3163114456993691 -0.20473321251266224 -0.09815764588246256 0.029913769260671803 0.14207651735248772 0.2926665670602231 0.3467350522741782 0.4396914253520255 0.5497873782360532 0.6146722151937559 0.6737942767756785 0.789562950610739 0.8170535989511785 0.8776868360886794 0.8774420601146695 0.9847695979801779 
0.8924916928054354 -0.9758121362541616 -0.9769637925396075 -0.9958969320254019 -0.9784316358946684 -0.9625531990936314 -0.9995180137887117 -0.9094494023113978 -0.8623996737242633 -0.837031543792903 -0.8704899629359022 -0.7001520754341735 -0.6241769491684914 -0.5497953943341227 -0.45182862028656895 -0.31333414882039184 -0.2819713800336838 -0.15562478838185848 -0.09514152981457076 0.05658666907236759 0.157353603925073 0.2660266547894402 0.3110885774237724 0.4673322407312318 0.49657531611537703 0.6440780276689996 0.7372589642203493 0.8015475952579582 0.8393522253158987 0.913179976484358 
0.22725424079050896 -0.9748546661651104 -0.9765959109063088 -0.9997538580667532 -0.955869788890899 -0.9624326903521123 -0.9860744258474734 -0.8921650363350931 -0.920796898028249 -0.83614844790254 -0.7660306942060298 -0.7014988308175603 -0.6250821558636999 -0.5123624055539285 -0.5140105198705797 -0.31132794093837374 -0.23750251930474547 -0.12678160112527176 -0.09339304037440649 0.07649706321607042 0.14435321446677546 0.2554013883364526 0.31129527159094417 0.4689409448443023 0.6072460067741582 0.6454786265523532 0.6755032806477578 0.799773616075225 0.8393500018341504 0.9108604062403176 
0.8883442921172381 -0.9391387982310982 -0.9771658042332043 -0.995707056998724 -0.9777095784457892 -0.9838618573156299 -0.9968535363937552 -0.9247601289317254 -0.9343137647716172 -0.8939598288021379 -0.8077405874435343 -0.7018059013512202 -0.705762510577091 -0.6038858326341299 -0.5156960134925517 -0.3692062761850051 -0.33720445607132277 -0.15194824564827028 -0.1269653376824234 0.008168491744905089 0.0981788425242037 0.2092691313276395 0.3104450106814293 0.35816304194875415 0.49160037580524196 0.5674949570988796 0.6498817169811135 0.8056064367246384 0.8000129993836252 0.9410244095610307 
0.5688615398185306 -0.9919991952250262 -0.9911109615661987 -0.9969871265053913 -0.9514411908261351 -0.9660226454694218 -0.8664070310638856 -0.8589697574834159 -0.8802861910230431 -0.7329092752926101 -0.6846615134808289 -0.5429499459886494 -0.44792309953477505 -0.40849432953498765 -0.24281795204657974 -0.1542995783692317 -0.00575906641129182 0.029600047746459836 0.17740863310480673 0.2512022237006861 0.3393259126165431 0.4104878025830254 0.5495068602062828 0.609247035570084 0.6822417285872573 0.7895366605894985 0.7755234001124037 0.877697477881343 0.891256072060948 0.9850442593754091 
0.5545780201060189 -0.9386721502415506 -0.9772485472407448 -0.9958997127324053 -0.9897076467159497 -0.9980160659870284 -0.9973433501074417 -0.924030309349701 -0.9577993459209578 -0.8278841120300734 -0.8318051532450963 -0.7027107619480109 -0.7022508335305567 -0.6038456585442911 -0.5141207116902325 -0.419553255986409 -0.34367767558080853 -0.1580143533027942 -0.1345942521956945 0.012145744968462128 0.07295926355944271 0.1685895272426579 0.31189096024162416 0.36291739052895766 0.49638304303742276 0.6444764897268037 0.6490223544447052 0.7458298219115858 0.8385279676326561 0.919396000636961 
0.8924916928054354 -0.9758121362541616 -0.9769637925396075 -0.9958969320254019 -0.9784316358946684 -0.9625531990936314 -0.9995180137887117 -0.9094494023113978 -0.8623996737242633 -0.837031543792903 -0.8704899629359022 -0.7001520754341735 -0.6241769491684914 -0.5497953943341227 -0.45182862028656895 -0.31333414882039184 -0.2819713800336838 -0.15562478838185848 -0.09514152981457076 0.05658666907236759 0.157353603925073 0.2660266547894402 0.3110885774237724 0.4673322407312318 0.49657531611537703 0.6440780276689996 0.7372589642203493 0.8015475952579582 0.8393522253158987 0.913179976484358 
0.9043346174518501 -0.991875957480127 -0.9989013339939439 -0.9944864489846699 -0.9889157996949393 -0.925574514175319 -0.8743765410544977 -0.8272059153110987 -0.8772628291973461 -0.6665903268785979 -0.5707823323962805 -0.5434415172091618 -0.4105375293404631 -0.3428302564479972 -0.21914925826319195 -0.1547828834086445 0.04646326843088333 0.03664933899447233 0.16995582858780828 0.2821664426653171 0.3442969857275612 0.4765284830137447 0.5919634260793358 0.6177258515960579 0.6834929971932765 0.7876074367843721 0.8248388578983725 0.879174555986794 0.8905426426183326 0.9922793121913338 
0.9033457107664451 -0.9915735232604215 -0.9983718356391406 -0.9711842907093666 -0.9862809981847428 -0.9256052122579225 -0.873855636811872 -0.8607240453376975 -0.8607158820163241 -0.7356000575422829 -0.544201385732671 -0.5433877021606764 -0.447923250776845 -0.36811703872115636 -0.32077111341575415 -0.14244325040436606 -0.09815764588246256 0.0295905999870897 0.17997121093241653 0.28181649586210833 0.34429038379541543 0.4396914253520255 0.5921617058750775 0.6148692011858433 0.6739777917404257 0.7895790148775702 0.8170535989511785 0.8777425728261553 0.8632325709690164 0.9847696207059543 
0.8935855692613015 -0.9860161107974437 -0.9766092922283565 -0.9883800098551202 -0.9562288084145485 -0.9625283816004805 -0.9444511724678852 -0.9262261726717951 -0.9206224617429661 -0.8359646787486437 -0.7630876685170339 -0.70316974473593 -0.6282414813645493 -0.5123477885280101 -0.5129209388691996 -0.3245522882844 -0.27220754773295947 -0.12653219270983726 -0.09340176573589203 0.058780297878625314 0.15794978228254536 0.25638755158440774 0.40649221411382286 0.5084232758099111 0.5642769317185048 0.6441168354629779 0.7240023468341354 0.7955394563705156 0.894386668119518 0.9131271112555978 
0.8915237479860055 -0.957426739531513 -0.9893750465148642 -0.9961280824031774 -0.9919606661267301 -0.9619642508912756 -0.9861150128085376 -0.9096935791857407 -0.8407021571554112 -0.8385899751850335 -0.8085863072046684 -0.7028202905044523 -0.7088243579217316 -0.5495906261804284 -0.5140220255533525 -0.3197541394805539 -0.2840813186814598 -0.15809122141419385 -0.09305442151233302 0.056598725962559174 0.15479312198051992 0.2509305934208302 0.4055338332196475 0.5072224833131405 0.5356281747257442 0.6277911647157736 0.712727062578048 0.8034587753374044 0.8390770986967532 0.8715077248783172 
0.5688615398185306 -0.991551916703366 -0.9911109615661987 -0.9969871265053913 -0.9514411908261351 -0.9659980165694912 -0.8662739812437984 -0.8589697574834159 -0.8802861910230431 -0.7329092752926101 -0.6869069107587188 -0.5429499459886494 -0.44792309953477505 -0.40849432953498765 -0.32157889951876006 -0.15678959353671978 -0.011450518475232221 0.030899255549178196 0.17740863310480673 0.2512022237006861 0.2673690149476198 0.4104878025830254 0.5493333562411636 0.613761935589766 0.6731489124861365 0.7895171628466094 0.7755234001124037 0.8777279475592727 0.891256072060948 0.9850393889573085 
0.5545780201060189 -0.9386721502415506 -0.9772485472407448 -0.9958997127324053 -0.9897076467159497 -0.9980160659870284 -0.9973433501074417 -0.924030309349701 -0.9577993459209578 -0.8278841120300734 -0.8318051532450963 -0.7027107619480109 -0.7022508335305567 -0.6038456585442911 -0.5141207116902325 -0.419553255986409 -0.34367767558080853 -0.1580143533027942 -0.1345942521956945 0.012145744968462128 0.07295926355944271 0.1685895272426579 0.31189096024162416 0.36291739052895766 0.49638304303742276 0.6444764897268037 0.6490223544447052 0.7458298219115858 0.8385279676326561 0.919396000636961 
0.9033823510130908 -0.9915735232604215 -0.9971609813883271 -0.993679567108539 -0.9884620587115123 -0.9288928925841655 -0.8739763711142164 -0.8607240453376975 -0.8090095536095591 -0.7329158781853334 -0.68112347215522 -0.5434605660257009 -0.4479203307445191 -0.34530039320935696 -0.3163114456993691 -0.20473321251266224 -0.09790160993408868 0.030576769131596595 0.14207651735248772 0.29101237334896046 0.3467350522741782 0.4397121931112952 0.5497873782360532 0.6146722151937559 0.6737942767756785 0.789562950610739 0.8170535989511785 0.8776868532360349 0.878246629561885 0.9847695979801779 
