0.836870623432235 -0.27375109303082357 -0.25849017332934165 -0.44525868475986413 -0.552625007495935 -0.6269895907157138 -0.6756742058740962 -0.7807018648159777 -0.8415153832218304 -0.8801323506649744 -0.9363512482957702 -0.9772541292757397 -0.9582434631137494 -0.9876307695650969 -0.9615048235654428 -0.9963648841888144 -0.9209168083095832 -0.9313209477608638 -0.9206479044792292 -0.8075790652051917 -0.755427595471152 -0.716752183806442 -0.6067299779863305 -0.5676729601345959 -0.5426312807499237 -0.3819706116240212 -0.26992656111860264 -0.1612547877389029 -0.040738330375870775 0.05442889024847809 
0.07075194111803366 0.9795182287045536 0.9881451901398268 0.7480729685378125 0.9485597374476427 0.9036713727109956 0.867345792374685 0.7551265843759859 0.757292671404225 0.607561432756662 0.6074428432693499 0.48906074775750036 0.43054040661079723 0.26145792520804817 0.23353903984631136 0.08641772900989682 0.011804434786118884 -0.09101165129205457 -0.1767137134416213 -0.4208108837158506 -0.3883318572616361 -0.3889671531136507 -0.6085833824761288 -0.6520283304494016 -0.7415434273318117 -0.8527381349075004 -0.8784751309618386 -0.8563796984031953 -0.9437215031481847 -0.9694624113145536 
0.07075194111803366 0.9795182287045536 0.9881451901398268 0.7480729685378125 0.9485597374476427 0.9036713727109956 0.867345792374685 0.7551265843759859 0.757292671404225 0.607561432756662 0.6074428432693499 0.48906074775750036 0.43054040661079723 0.26145792520804817 0.23353903984631136 0.08641772900989682 0.011804434786118884 -0.09101165129205457 -0.1767137134416213 -0.4208108837158506 -0.3883318572616361 -0.3889671531136507 -0.6085833824761288 -0.6520283304494016 -0.7415434273318117 -0.8527381349075004 -0.8784751309618386 -0.8563796984031953 -0.9437215031481847 -0.9694624113145536 
0.08226282940765038 0.963094472814904 0.9977435699534842 0.9099517063959388 0.9488225832792705 0.7859319617001501 0.7204905629059467 0.6933546725229934 0.7680445936564624 0.5291929500995538 0.5166246730796719 0.33774326078415307 0.38701600730977065 0.16412987626666709 0.17320465002001872 -0.09008580724113023 -0.09255630403521134 -0.26349249006100856 -0.2748525075259536 -0.48544997290624803 -0.4883439169128431 -0.5865252739437228 -0.7180997598088826 -0.8083993813676021 -0.7415318305949876 -0.8581626698581499 -0.8912851843969197 -0.9795488187737689 -0.945984450196793 -0.9863500827579517 
0.49365471941739997 -0.1400329038664041 -0.23917335751387625 -0.42671443931269487 -0.4045738523320205 -0.6295749655727629 -0.6091338025680559 -0.7334223172313401 -0.761972862659515 -0.8914359420846996 -0.9112280043607569 -0.923132404765262 -0.9458975214642145 -0.9830156144174235 -0.984508387253981 -0.937013766384396 -0.9722448790383995 -0.9323920519764665 -0.964025073634333 -0.9086689232862516 -0.8888559619907629 -0.8032925026362311 -0.7522728272524305 -0.6375326319080009 -0.5842011690783028 -0.8935935305972671 -0.42352931927811727 -0.2925864228007827 -0.1766665514128094 -0.06619229430693897 
0.8281478016349499 -0.1427490497765531 -0.223332563566169 -0.3312748903520482 -0.40422826898459824 -0.5643185541798861 -0.6091096578041583 -0.7373892987237938 -0.7555326882468111 -0.890238655035012 -0.9180943327183668 -0.9147382675341446 -0.9769352207377366 -0.9836836734432882 -0.9969400546390543 -0.12824720747596624 -0.9755875043233934 -0.961905098945422 -0.9281269904930283 -0.9064503525068381 -0.8619200944835391 -0.716437369214599 -0.7222967737716836 -0.6366996434856564 -0.5625493899013517 -0.5439252519370216 -0.3345652604867325 -0.21530068194570973 -0.17666582409804915 -0.06653099288272664 
0.5035098651858817 -0.2750708817691985 -0.25850376863220953 -0.446346068999198 -0.5451071358848367 -0.6269790823996044 -0.6090536634948025 -0.7794090212589365 -0.936929521531216 -0.8801163299552216 -0.9105379255445055 -0.9913182349063282 -0.8878329717955515 -0.9877098158914279 -0.9614641380067374 -0.9964104543272246 -0.9239745537511193 -0.9495811932775279 -0.920646504875129 -0.8363002147475277 -0.7642461681160113 -0.7219688021591119 -0.6326668896825327 -0.567578718691645 -0.5426312807499237 -0.3591468633588013 -0.26992656111860264 -0.17332518027130828 -0.17330654073633542 0.055771870623861096 
0.8281478016349499 -0.22387401443598517 -0.223332563566169 -0.3312139243696819 -0.4042122005980421 -0.5643185541798861 -0.6091096578041583 -0.7373892987237938 -0.7555326882468111 -0.8804749891951847 -0.9180943327183668 -0.9725389922234261 -0.9813882284016766 -0.987489458353452 -0.9969400546390543 -0.9470959757902313 -0.9755875043233934 -0.9619067145918124 -0.9281269904930283 -0.9064503525068381 -0.8619200944835391 -0.716437369214599 -0.7222967737716836 -0.6213391783746143 -0.5625493899013517 -0.5490530119986748 -0.3345652604867325 -0.21530068194570973 -0.17666582409804915 -0.06522133834527244 
0.5035098651858817 -0.2750708817691985 -0.25850376863220953 -0.446346068999198 -0.5451071358848367 -0.6269790823996044 -0.6090536634948025 -0.7794090212589365 -0.936929521531216 -0.8801163299552216 -0.9105379255445055 -0.9913182349063282 -0.8878329717955515 -0.9877098158914279 -0.9614641380067374 -0.9964104543272246 -0.9239745537511193 -0.9495811932775279 -0.920646504875129 -0.8363002147475277 -0.7642461681160113 -0.7219688021591119 -0.6326668896825327 -0.567578718691645 -0.5426312807499237 -0.3591468633588013 -0.26992656111860264 -0.17332518027130828 -0.17330654073633542 0.055771870623861096 
0.8281478016349499 -0.1427490497765531 -0.223332563566169 -0.3312748903520482 -0.40422826898459824 -0.5643185541798861 -0.6091096578041583 -0.7373892987237938 -0.7555326882468111 -0.890238655035012 -0.9180943327183668 -0.9147382675341446 -0.9769352207377366 -0.9836836734432882 -0.9969400546390543 -0.12824720747596624 -0.9755875043233934 -0.961905098945422 -0.9281269904930283 -0.9064503525068381 -0.8619200944835391 -0.716437369214599 -0.7222967737716836 -0.6366996434856564 -0.5625493899013517 -0.5439252519370216 -0.3345652604867325 -0.21530068194570973 -0.17666582409804915 -0.06653099288272664 
0.49365471941739997 -0.17420866340355154 -0.24110424209498302 -0.42671443931269487 -0.4045738523320205 -0.6295749655727629 -0.6091357411521712 -0.7334223172313401 -0.761972862659515 -0.8801412293450424 -0.9112992169426518 -0.9228377307661125 -0.9640232561476352 -0.9830156144174235 -0.9366091152782879 -0.9861586110387628 -0.9722448790383995 -0.932683482616708 -0.9645386078356332 -0.9015209282761689 -0.8888559619907629 -0.8032583860219238 -0.7522728272524305 -0.6375326319080009 -0.5261545564667427 -0.8935935305972671 -0.42352931927811727 -0.2932455113423353 -0.17668175247976844 -0.06619229430693897 
0.4960934720690485 -0.13816620434019872 -0.2594759732494333 -0.3363526531945765 -0.4437945059692391 -0.628868691778545 -0.6090517148716854 -0.7372683686196031 -0.7979670924191166 -0.8896508945089798 -0.8940158705951899 -0.9190986878789663 -0.9608374026741012 -0.979243981004343 -0.9981142842172582 -0.9876762222601891 -0.9742772578795259 -0.9611911595773089 -0.9274028455889151 -0.9063670432288377 -0.8652002823010663 -0.7617496004700175 -0.7428085194793796 -0.6397562898622777 -0.5428365404087533 -0.42555495324546133 -0.33236058496193616 -0.2265302528495778 -0.1766218178096512 -0.014715787744138224 
0.07691086167263826 0.9630700435570472 0.9977695510211447 0.9397250991890107 0.9481679199523262 0.7839629841668404 0.7957444000547582 0.8081517086603924 0.6670238661906405 0.579695884490797 0.516350373325195 0.5054290138038994 0.37625299192885064 0.14222909568174794 0.12620067021693676 -0.0889696113264147 -0.09457010743925377 -0.26116192246286607 -0.2748237836391933 -0.428993531981058 -0.4898038218411025 -0.5857707038497719 -0.641079960836528 -0.738946702751362 -0.7415848686431521 -0.857890688218178 -0.8799313248402745 -0.9794078318124927 -0.9859656960805874 -0.9816595195079577 
0.07075194111803366 0.9795220094547507 0.9880923435488814 0.924660159992259 0.9485597374476427 0.9036713727109956 0.867345792374685 0.7478065031927436 0.7407771444188774 0.6260900447314245 0.6074428432693499 0.48906074775750036 0.43054040661079723 0.24993517288194428 0.23353893946522042 0.08641772900989682 0.011741930214023644 -0.09101165129205457 -0.1767137134416213 -0.31399225107629425 -0.3883318572616361 -0.3889671531136507 -0.6077624233962461 -0.6520283304494016 -0.7415434273318117 -0.8527381349075004 -0.8784753606977431 -0.8563786432607423 -0.9437215031481847 -0.9694624113145536 
0.07157706938397654 0.9865535213743652 0.997717764061123 0.9397210294067604 0.9483545035188631 0.9036713727109956 0.8667732005806422 0.7961301366894943 0.7401371175694548 0.6445081878007712 0.5706114654050151 0.4870701625902234 0.37178938108237497 0.24993517288194428 0.2343675633023214 0.08641772900989682 -0.09909872508547408 -0.09101165129205457 -0.17593310549577085 -0.267725050495443 -0.3915256605971805 -0.39413195085760405 -0.6085676462531796 -0.651222946402416 -0.741543831271699 -0.8528581935719521 -0.8802619962603947 -0.8571480965887507 -0.9437145095280608 -0.9693922264835901 
0.07075194111803366 0.9795219999612095 0.9842378677762413 0.924660159992259 0.9485792606595639 0.9036713727109956 0.867345792374685 0.6439182861924416 0.7411042434229136 0.607561432756662 0.6074428432693499 0.48906074775750036 0.43054040661079723 0.24993517288194428 0.23353252545317577 0.08641772900989682 0.014082710701937045 -0.2497786531381737 -0.1767137134416213 -0.3092032757412936 -0.3883318572616361 -0.3889671531136507 -0.6077483712634507 -0.6948224221499959 -0.7415253078706369 -0.859365462575819 -0.8784828128941653 -0.8563786656614134 -0.9437215031481847 -0.9976220798624356 
0.07722762198082743 0.993624549754566 0.9955744978206494 0.9489560136803065 0.9434909295694669 0.8664037829022517 0.8454741885029524 0.7503152191406443 0.6924887306145366 0.5794864958414121 0.6359283984850148 0.40778210768447515 0.3866038305700303 0.2035816414381666 0.12620914763852278 -0.006801139124049019 -0.21215214819665024 -0.16274826976210635 -0.27565829554121973 -0.4236677022896427 -0.4341961612892172 -0.5832651814198532 -0.7318190564772108 -0.7389529714271255 -0.7416059421486285 -0.8528450334133915 -0.8891022339233335 -0.9927090286457266 -0.9423650326672669 -0.9836672068496279 
0.08226282940765038 0.9770714360525644 0.9894189362886529 0.9104808391449761 0.9479670961007404 0.8667482539962353 0.7205287003332431 0.697091317744024 0.6674212225854751 0.5541481342807469 0.5219958043653866 0.34028888064507457 0.3874162246709351 0.14157015090420674 0.12532479724068282 -0.09008884699604355 -0.20105615552046965 -0.2592539489205863 -0.3852970340661923 -0.4850168771776967 -0.5726859273415252 -0.5865238399484515 -0.7428693063055601 -0.7435163125023863 -0.7409788192498833 -0.8580942968410192 -0.8912850316014274 -0.9892893893377975 -0.9652240667377078 -0.9766485833601967 
0.5024994471602297 -0.27482533074592297 -0.257925250113779 -0.44530743493573227 -0.5465919936695212 -0.6269888164545631 -0.6091943453156881 -0.7806745384112826 -0.844604407095808 -0.8801324853460191 -0.9105300740099133 -0.9740167080460903 -0.886622207534078 -0.9876361235162457 -0.9619821607142351 -0.9893161238771133 -0.9734223908890967 -0.9316024116216228 -0.9209316894089427 -0.8342092135070666 -0.7562012679943672 -0.7162320931764299 -0.748110742372012 -0.5675450595916406 -0.5415006211050009 -0.38198764390133305 -0.2699044264177564 -0.1727148351609887 -0.04075327763989611 0.05556407257143383 
0.08226282940765038 0.9636235031882593 0.9894404381676692 0.9103382321729211 0.9488225832792705 0.8667482539962353 0.7204905629059467 0.6900437496505307 0.6675506613009398 0.5291929500995538 0.48147024475993766 0.33774326078415307 0.3874162246709351 0.1633729870300286 0.17320465002001872 -0.09008580724113023 -0.20095661128736916 -0.26349249006100856 -0.27485238754964825 -0.48544997290624803 -0.4313533133825 -0.5865252739437228 -0.7198959065277514 -0.8083993813676021 -0.7415318305949876 -0.8581626698581499 -0.8912851843969197 -0.9531333591741064 -0.945984450196793 -0.9863500827579517 
0.08068226705932179 0.9642456501591631 0.99215795773165 0.9104586531283412 0.9523417187656779 0.8671494043379574 0.7943130508005923 0.6888731871414586 0.6677456219981616 0.5779739058594164 0.516598805596084 0.3360137832693747 0.21448693922225884 0.15752377142983115 0.12530417292033447 -0.004722610540286887 -0.20111569206582297 -0.16374398435659399 -0.3494009170577308 -0.4239648981080946 -0.49707307631527614 -0.5832044782723154 -0.7441499823507277 -0.7202293236059355 -0.741753533412455 -0.8583410973679731 -0.8784300355275587 -0.9914227503168447 -0.9420487138446195 -0.969357863447944 
0.5035098651858817 -0.273716171093784 -0.3397009993642686 -0.446346068999198 -0.5483818379257523 -0.614366901297473 -0.609113983881159 -0.7794090212589365 -0.936929521531216 -0.8801163299552216 -0.9105379255445055 -0.9911189894616026 -0.8878329717955515 -0.9877098158914279 -0.9614641380067374 -0.9964104543272246 -0.9677838267454851 -0.9495811932775279 -0.9206468299426601 -0.8363002147475277 -0.7629038194144918 -0.7219485680497378 -0.6326668896825327 -0.5675715668239042 -0.5426312807499237 -0.3295177395153166 -0.2699041731381307 -0.17332518027130828 -0.17330654073633542 0.055771870623861096 
0.5025063174246855 -0.27375103923023525 -0.3854048133070505 -0.44554348178848485 -0.5524999383606631 -0.617068121051681 -0.6091473312758361 -0.7886759113948751 -0.8445048639447864 -0.8803846388527623 -0.9376931340690435 -0.978911280350471 -0.9625382192742249 -0.9876308810807892 -0.965989330687607 -0.9891199545055873 -0.9233124285102352 -0.9313843474254211 -0.9208882274885547 -0.8328710500506361 -0.7927157462773501 -0.7148218364773232 -0.6351089339886906 -0.5692974942097532 -0.542394977376722 -0.35962517190291193 -0.31226910064279784 -0.17087164650568587 -0.0405811093873703 0.03298924622548195 
0.07700569694255774 0.9630700435570472 0.9920044774992594 0.948328931062792 0.94811996002054 0.8661592503099925 0.8474025117069565 0.8081517086603924 0.667562784048466 0.5794910362546543 0.5164187469524758 0.336803775797511 0.37625299192885064 0.2042947160349671 0.12620914372933048 -0.008185757297841496 -0.09457010743925377 -0.15604030914171652 -0.27364096621015127 -0.4287453266224088 -0.48744636574737515 -0.5857617892585432 -0.641079960836528 -0.7389523231088019 -0.7415848686431521 -0.8578897367731195 -0.8891837345458157 -0.833935613385986 -0.9858762937295972 -0.9816168012535547 
0.08126007957870732 0.9642175873552833 0.9919489871480854 0.9103382363058559 0.9524710607631691 0.8687160561895909 0.7189268223136059 0.6899552487960239 0.667551211152912 0.5801571718759844 0.5214330329807254 0.3377432553969539 0.20631045626780978 0.19423115451622922 0.13790957946014482 -0.09011289948144632 -0.20111569206582297 -0.26323640750991467 -0.3504154414199354 -0.4239648981080946 -0.5741350814963119 -0.586516682843835 -0.74209504439302 -0.8102200653784063 -0.7484908068706626 -0.8583136777940028 -0.8912866695919799 -0.9640693657163174 -0.9652990399914371 -0.9762874069785771 
0.08068226705932179 0.9642456501591631 0.99215795773165 0.9104586531283412 0.9523417187656779 0.8671494043379574 0.7943130508005923 0.6888731871414586 0.6677456219981616 0.5779739058594164 0.516598805596084 0.3360137832693747 0.21448693922225884 0.15752377142983115 0.12530417292033447 -0.004722610540286887 -0.20111569206582297 -0.16374398435659399 -0.3494009170577308 -0.4239648981080946 -0.49707307631527614 -0.5832044782723154 -0.7441499823507277 -0.7202293236059355 -0.741753533412455 -0.8583410973679731 -0.8784300355275587 -0.9914227503168447 -0.9420487138446195 -0.969357863447944 
0.07157706938397654 0.9865535213743652 0.997717764061123 0.9397210294067604 0.9483545035188631 0.9036713727109956 0.8667732005806422 0.7961301366894943 0.7401371175694548 0.6445081878007712 0.5706114654050151 0.4870701625902234 0.37178938108237497 0.24993517288194428 0.2343675633023214 0.08641772900989682 -0.09909872508547408 -0.09101165129205457 -0.17593310549577085 -0.267725050495443 -0.3915256605971805 -0.39413195085760405 -0.6085676462531796 -0.651222946402416 -0.741543831271699 -0.8528581935719521 -0.8802619962603947 -0.8571480965887507 -0.9437145095280608 -0.9693922264835901 
0.08226282940765038 0.9630573428845962 0.9894189362886529 0.9023312860977083 0.9479696569916788 0.7516772611553121 0.7205287003332431 0.697091317744024 0.6674212225854751 0.5526578435097621 0.5221818371430222 0.34028888064507457 0.2957382132323724 0.14157015090420674 0.1262057800455755 -0.09007160632558232 -0.09319149944670779 -0.2592539489205863 -0.3852970340661923 -0.4309655340704266 -0.5726859273415252 -0.5857452272079119 -0.6406689888958204 -0.7435163125023863 -0.7409788192498833 -0.8581004601933353 -0.8800397354008237 -0.989401597812877 -0.9652240667377078 -0.9766485833601967 
0.5009878371403614 -0.27482497758802354 -0.25849017332934165 -0.44530743021800884 -0.552625007495935 -0.6269895907157138 -0.6756742058740962 -0.7806745458180696 -0.8415153832218304 -0.8801325110921482 -0.9363512482957702 -0.9772541292757397 -0.9539189215317373 -0.9876307695650969 -0.9615048235654428 -0.9963648841888144 -0.9743803172792033 -0.9313209477608638 -0.9206479044792292 -0.834216185222983 -0.755427595471152 -0.7162267946316143 -0.7464572981969126 -0.5676729601345959 -0.5415000201294005 -0.38200396933507835 -0.26990541007856333 -0.17354890341746987 -0.040738330375870775 0.05553048304356949 
0.08224538518462798 0.9645907224312806 0.9894404381676692 0.9103382321729211 0.9488225832792705 0.8667482539962353 0.7256057942350321 0.6900437496505307 0.6675506613009398 0.5291929500995538 0.4817795561336608 0.33774326078415307 0.3930862583943718 0.1424683945401189 0.17320465002001872 -0.09008580724113023 -0.20095661128736916 -0.26349250727811147 -0.27429154206270784 -0.48544997290624803 -0.4313533133825 -0.5865252739437228 -0.6502854198329976 -0.8051277294600288 -0.7417588149653491 -0.8583465005741129 -0.8913492782202547 -0.9531333591741064 -0.945984450196793 -0.9762832345753544 
0.828987271542885 -0.1428463133516504 -0.22305235920098546 -0.336343547029598 -0.40451818117424104 -0.6289376530743955 -0.6091852153184562 -0.7484291802410606 -0.7563273815809692 -0.8902323372636087 -0.848742338354687 -0.919214588780049 -0.9274990880785422 -0.8781098111045746 -0.9876499362305724 -0.9875805083486096 -0.9406757225230336 -0.9619172820935769 -0.9635826392767676 -0.9063083640975408 -0.8627391789522897 -0.7978904729118302 -0.75245312823809 -0.6380901754781106 -0.5266676467809294 -0.44499389063656336 -0.34358331002679177 -0.22659023509550955 -0.17667805878798853 -0.06653543159992675 
0.07159724377497387 0.9866043443114296 0.9880923435488814 0.9247084132765179 0.9485597374476427 0.9036713727109956 0.8667686111858242 0.795953765854188 0.7407771444188774 0.6452900835068749 0.5697989956587356 0.48900452543705164 0.43054040661079723 0.24993517288194428 0.23353893946522042 0.08641772900989682 0.011741930214023644 -0.09101165129205457 -0.1767137134416213 -0.31399225107629425 -0.39143790848067245 -0.3889671531136507 -0.6085510009539196 -0.6520283304494016 -0.7415434363356739 -0.8527440528860593 -0.8784753606977431 -0.8564512633966539 -0.9437215362748199 -0.9694624113145536 
0.8294333961796938 -0.1505995760910918 -0.2699595171707577 -0.3308260920482124 -0.40376929498417535 -0.6203503141848535 -0.6091084250088284 -0.7163551751199093 -0.7997866321745966 -0.8802548341916792 -0.917328582402266 -0.8940626886899393 -0.9811326771583111 -0.9876514368858053 -0.9918172837860568 -0.9793003456821481 -0.9757047094316862 -0.9483444085658692 -0.9293813778696964 -0.9059790280874018 -0.856119233442714 -0.7976212267498538 -0.7219506481052496 -0.603211906529195 -0.5646151357999663 -0.4230737383657414 -0.33251934962665797 -0.29940560723400894 -0.1767555002143987 -0.06681934492341746 
0.5026776857002961 -0.22471541759119085 -0.3846859323808575 -0.44740418111366825 -0.5460907935538394 -0.5988954685575528 -0.7088725647326581 -0.749310620002748 -0.8444796198541977 -0.8888510371491273 -0.9373317970880917 -0.9763083815301165 -0.9584207866680547 -0.9876346569708713 -0.9659610887472225 -0.9891404786741286 -0.9280163815825372 -0.9316085182024058 -0.9205338169422763 -0.8332447098704254 -0.7932103667769801 -0.7145979586814176 -0.6873327599920445 -0.5664910751466985 -0.5415229856149121 -0.352134221990079 -0.3070380647791793 -0.1699959876738625 -0.04075208140481834 0.036101666757361914 
0.08127807991880241 0.9642343548826837 0.9894789404609042 0.9103382363058559 0.952263467065275 0.8667503859586743 0.7957325193304094 0.6900463921421264 0.6675506703907143 0.5796541867641269 0.5161560838882654 0.33774326081220846 0.21185097764580077 0.1946758846275198 0.13885055748112485 -0.09226191134947417 -0.20063284948002771 -0.26349217910684275 -0.346632794044374 -0.42985634434763015 -0.43577878075807813 -0.5865233032042864 -0.74209504439302 -0.8086112869739293 -0.7484908068706626 -0.8583136777940028 -0.8915095850355353 -0.9761224188913782 -0.9462244972638242 -0.9762874069785771 
0.4993895089500914 -0.22743876865847895 -0.2920399769465188 -0.42483252871717353 -0.4036296206174475 -0.5921271547143355 -0.6081782595027798 -0.7374580959060247 -0.8011267275006376 -0.8796321780099123 -0.9183715426287696 -0.9207172698261907 -0.9769949511118028 -0.9789798265326648 -0.9817184824079571 -0.9895635999562071 -0.9410547146027141 -0.9486400973443286 -0.9280807934981088 -0.8291702840705889 -0.7921160952532482 -0.760255779572696 -0.748930047248789 -0.6361399349879224 -0.5148371558032292 -0.406572145418434 -0.3334815061774233 -0.21744733869873797 -0.17692012113378464 -0.017705117893108687 
0.07722762198082743 0.993624549754566 0.9955744978206494 0.9026054080858923 0.9435027027618118 0.8725460076640675 0.8454741885029524 0.7482863819066156 0.6914994347609422 0.5794864958414121 0.5163266689469007 0.40778210768447515 0.3881574547797681 0.16316670088221427 0.12620896782832353 -0.006858698344222929 -0.09846801985308719 -0.16271989650035204 -0.2748304374769337 -0.4238024752993823 -0.4337423496447166 -0.5832651814198532 -0.7345081310587246 -0.7389529714271255 -0.7416066781842808 -0.8533566905487782 -0.8891022339233335 -0.9926992972228649 -0.9852730611516766 -0.9838468646442219 
0.07722762198082743 0.993624549754566 0.9955744978206494 0.9489560136803065 0.9434904092721139 0.8664037829022517 0.8454741885029524 0.7483060617031576 0.6914994347609422 0.5794864958414121 0.6359283984850148 0.40778210768447515 0.3879125826641267 0.2035816414381666 0.12620914763852278 -0.006801139124049019 -0.09736102925666595 -0.16274826976210635 -0.27565829554121973 -0.4238024752993823 -0.4341961612892172 -0.5832651814198532 -0.733555549655556 -0.7389529714271255 -0.7416059421486285 -0.8528450334133915 -0.8891022339233335 -0.9927090286457266 -0.9419422823207039 -0.9836672068496279 
0.49746012825383806 -0.14998346776891944 -0.25824378888796595 -0.336434636718299 -0.4068750095737986 -0.6178439871280277 -0.6088280126501224 -0.740036651577044 -0.7947191293414738 -0.8801465032375922 -0.9139174741778308 -0.9144699819403308 -0.9784007167002274 -0.9822670941273128 -0.9599835202461994 -0.9858335786789084 -0.9463627560821949 -0.9614606416114951 -0.9293806194153438 -0.9063617530649106 -0.863609014096289 -0.7957182389800508 -0.7541325310334632 -0.6379924136981722 -0.525753365029775 -0.40458889123067815 -0.33490163640094034 -0.2829861003538228 -0.17573270415312156 -0.011204456430068168 
0.07159261554133822 0.9817459463619467 0.9880912628810349 0.9249039144680525 0.9480547895187481 0.8809256947081984 0.867345792374685 0.7478500732061523 0.7446126100577208 0.7700727666956849 0.5706114654050151 0.48906074775750036 0.43049865377545005 0.2499355828803314 0.23353893946522042 0.08641772900989682 0.011741888639464747 -0.09101165129205457 -0.17643949504096731 -0.2611014884640328 -0.3883318572616361 -0.3889363712719568 -0.5715200923739803 -0.6520283304494016 -0.7415434273318117 -0.8443352970106208 -0.8429209627991717 -0.8569516620048593 -0.9439234412578437 -0.9694624113145536 
0.8319866045605873 -0.19654807190174772 -0.2586697082286112 -0.3454438704926973 -0.4046532829811217 -0.6162022434295137 -0.6090083911723041 -0.737325302612223 -0.8006823374212834 -0.8800999450048218 -0.9139174741778308 -0.914721726636709 -0.9770183078206295 -0.9878155790105404 -0.9866214425510244 -0.9970967520982282 -0.9737499056184076 -0.9486524450611442 -0.9274197972365041 -0.9062237282351135 -0.8641628889090994 -0.7349690884697688 -0.6839892974299239 -0.6078428942937756 -0.5250481656044084 -0.4200940926684954 -0.3429862323617443 -0.29575092644802714 -0.17578312183278672 -0.012608742979606694 
0.08127807991880241 0.9642343548826837 0.9894789404609042 0.9103382363058559 0.952263467065275 0.8667503859586743 0.7957325193304094 0.6900463921421264 0.6675506703907143 0.5796541867641269 0.5161560838882654 0.33774326081220846 0.21185097764580077 0.1946758846275198 0.13885055748112485 -0.09226191134947417 -0.20063284948002771 -0.26349217910684275 -0.346632794044374 -0.42985634434763015 -0.43577878075807813 -0.5865233032042864 -0.74209504439302 -0.8086112869739293 -0.7484908068706626 -0.8583136777940028 -0.8915095850355353 -0.9761224188913782 -0.9462244972638242 -0.9762874069785771 
0.8326216727439821 -0.22007339740002402 -0.2654755498132613 -0.42206075068091037 -0.4032824731111787 -0.6151536024182741 -0.6091808081036578 -0.7353346443976786 -0.8003473852269133 -0.8793464141483788 -0.9193102012054378 -0.9705711737367478 -0.9621843572210534 -0.9888099342090811 -0.937904346684935 -0.9965259635470568 -0.9712557358954694 -0.9319442951966421 -0.8998807802481138 -0.8914942972081462 -0.7912013725049565 -0.7158024680785752 -0.6994497457467787 -0.5675000351146938 -0.5158407520765445 -0.40273919246819845 -0.3113180500423169 -0.165878803703572 -0.18092659027444535 0.030600752344358585 
0.4960825468824734 -0.15050617454694998 -0.2593565953688078 -0.33637131351056554 -0.44358441961535683 -0.48893914084702583 -0.6087608425506325 -0.7401689247668565 -0.7979856758888751 -0.8903770233076989 -0.9113689743257897 -0.9193508760100355 -0.990949316617767 -0.9834565927583151 -0.9845142280116705 -0.9918872451562176 -0.9742755552585772 -0.9615303259512186 -0.9273954660450113 -0.9044491822917864 -0.8617035006965997 -0.7945201773152979 -0.7231688041073812 -0.6375500833985971 -0.5614596561112624 -0.41823391355358747 -0.332355847599378 -0.2831743062169667 -0.17664962482640756 -0.06527908803371182 
0.8334553301896099 -0.22903645101260728 -0.2846081022706006 -0.34529255701625905 -0.49216144389203326 -0.5922488137326027 -0.6013983632222312 -0.7756014541976335 -0.8415489598169695 -0.8902052991574234 -0.9187244503384826 -0.9111056290308686 -0.9781461181760683 -0.98765385672998 -0.9844688144852758 -0.9953679450886084 -0.9737514518592374 -0.9497117932826827 -0.9274162778896761 -0.9089195248664421 -0.7878761354133154 -0.73075086712572 -0.6844493007156398 -0.6074163903684875 -0.521651158703562 -0.40305534798033216 -0.34331435315703196 -0.17338964843626842 -0.17390755896291543 0.028114260219874836 
0.4960934720690485 -0.13816620434019872 -0.2594759732494333 -0.3363526531945765 -0.4437945059692391 -0.6181150501384134 -0.6090517148716854 -0.7372683686196031 -0.7997867907548878 -0.8977917907128495 -0.8507156072113229 -0.922119575522061 -0.9608374026741012 -0.979243981004343 -0.9986473220050995 -0.9963607764258343 -0.9742772578795259 -0.9321097768038691 -0.9274028455889151 -0.9063670432288377 -0.8652112739240468 -0.7617496004700175 -0.7428085194793796 -0.6397705979009509 -0.5428365404087533 -0.4260148060322596 -0.33236058496193616 -0.2886068335200543 -0.1766218178096512 -0.014715787744138224 
0.8334553301896099 -0.22903645101260728 -0.2580032349659296 -0.42411603688434246 -0.49216144389203326 -0.5943439917100715 -0.6013983632222312 -0.7756014541976335 -0.8415489598169695 -0.8804614968260281 -0.9388664268105343 -0.9665380370759415 -0.9770122956192703 -0.98765385672998 -0.9606960768308346 -0.9953679450886084 -0.940192305083366 -0.9497117932826827 -0.9274162778896761 -0.8512113683056836 -0.8236321127230413 -0.73075086712572 -0.6844493007156398 -0.6063023159847347 -0.521651158703562 -0.40374584232793925 -0.34331435315703196 -0.17121811262391753 -0.17386018608538165 0.030693100041786756 
0.4993031296823498 -0.22872271141588923 -0.2940585138661733 -0.42483252871717353 -0.4394954391774315 -0.5175515341023106 -0.6081782595027798 -0.7362942611619556 -0.8011267275006376 -0.8796257036576128 -0.9183715426287696 -0.9714845399065227 -0.9769949511118028 -0.9836463362068404 -0.9814705709206077 -0.9860703137738237 -0.9746539863589303 -0.9486400973443286 -0.9281213829569989 -0.8324489430770974 -0.7933141890072529 -0.7164673237078882 -0.6417231186660466 -0.5823658142833423 -0.5148371558032292 -0.406572145418434 -0.30434169011422885 -0.2181771653471644 -0.17692012113378464 0.02992592972877494 
0.49658878073718543 -0.15050617454694998 -0.2564556436489095 -0.3363711169670279 -0.40512332780341165 -0.48893914084702583 -0.6087608425506325 -0.7402763753698636 -0.7997867907548878 -0.8903770233076989 -0.9184295401561223 -0.8930125084750781 -0.9921378936272188 -0.9834565927583151 -0.9845326650422135 -0.9925647242719843 -0.9716100603523388 -0.990228467962983 -0.9274098630801731 -0.9044592283220633 -0.8616826873560054 -0.7945201773152979 -0.7231688041073812 -0.6375500833985971 -0.5614596561112624 -0.42506066606331794 -0.3433620273586365 -0.2789181872447877 -0.17389840776375312 -0.06527908803371182 
0.07722762198082743 0.993624549754566 0.9955744978206494 0.9489560136803065 0.9435027027618118 0.8664037829022517 0.79416918958964 0.7500131550627566 0.6914994347609422 0.5794864958414121 0.6359283984850148 0.40778210768447515 0.38900981898310405 0.19457662570933618 0.12620914762047808 -0.006015548475013101 -0.09891091603486966 -0.16274826976210635 -0.27565829554121973 -0.46429114281216916 -0.43440383338345806 -0.583435162177491 -0.6469224159255366 -0.7389536154390132 -0.7416059421486285 -0.8533566905487782 -0.8891022339233335 -0.9927090286457266 -0.9872034940131696 -0.9838468646442219 
0.5006101121961157 -0.22471541759119085 -0.3846859323808575 -0.4240046708874929 -0.5468466595825661 -0.5988954685575528 -0.7088725647326581 -0.7493015468597976 -0.8444796198541977 -0.8888510371491273 -0.9373317970880917 -0.9763083815301165 -0.9596986973761352 -0.9876538715448219 -0.9659610887472225 -0.989305896934935 -0.9280163815825372 -0.9320142056442445 -0.9205338169422763 -0.8332447098704254 -0.7932103667769801 -0.7145979586814176 -0.6866369210002696 -0.5377202971202736 -0.5415095408028917 -0.35262481736807133 -0.3070380647791793 -0.1699959876738625 -0.04071744526474165 0.030677661073702938 
0.49789067010499455 -0.17331413604369422 -0.2410553895134452 -0.3619704541302329 -0.4403416447703847 -0.6182137560789495 -0.6086637566363795 -0.735840209199273 -0.7837200792339764 -0.8801748579675326 -0.9145118927284104 -0.9228349840756421 -0.977725233087463 -0.9838593223510501 -0.9373932473013818 -0.9860394428512402 -0.9499871696148764 -0.9483466402532572 -0.93002692482328 -0.901415244489439 -0.86396073149996 -0.7972092734670145 -0.6435956279972914 -0.6426447424717222 -0.5266436135283623 -0.4449881131947234 -0.3040767441605246 -0.29325416191533205 -0.17668208714744188 0.03019694514383812 
0.0772276064485456 0.9639356334962418 0.9933344024688627 0.902627917455295 0.9435023322575948 0.8724598647861275 0.7937895222972587 0.7483604454412862 0.691496140401976 0.5871807240542845 0.5220056995369906 0.48854867902589943 0.34686277369969737 0.16365564677750244 0.1262091405417462 -0.0068485762225756405 -0.09380279192496274 -0.16274771339733773 -0.27565829554121973 -0.4238024752993823 -0.4329117784916732 -0.5352901895661366 -0.7313986757605806 -0.7389641680912165 -0.7416059421486285 -0.853356694001373 -0.880919789876324 -0.9465031753672385 -0.9844678024723962 -0.9837901934504666 
0.8281776512650506 -0.14184101947330202 -0.223332563566169 -0.3311609450678038 -0.40422826898459824 -0.5636722768731375 -0.6091371458156549 -0.7374921704119306 -0.7550140478346639 -0.9359199134929831 -0.9187490418009855 -0.915597746888016 -0.9769352207377366 -0.983676669682425 -0.9608563517613739 -0.9967479691386768 -0.9755875043233934 -0.9502093852945835 -0.9282791917992652 -0.9064503525068381 -0.8869806088668488 -0.716437369214599 -0.6960284151600142 -0.6366996434856564 -0.5625493899013517 -0.4398120399594083 -0.3362418993599829 -0.35234966903771997 -0.20365939083458282 -0.06653099288272664 
0.4993031296823498 -0.22872271141588923 -0.2940585138661733 -0.42483252871717353 -0.4394954391774315 -0.5921271547143355 -0.6081782595027798 -0.7374940459976 -0.8011267275006376 -0.8796257036576128 -0.9183715426287696 -0.9207172698261907 -0.9769949511118028 -0.9837392463245792 -0.9817184824079571 -0.9860703137738237 -0.9410547146027141 -0.9486400973443286 -0.9281213829569989 -0.8324501488866755 -0.7933141890072529 -0.7604111461686383 -0.6407303377201952 -0.6361399349879224 -0.5148371558032292 -0.406572145418434 -0.30497123315584057 -0.21772802683003298 -0.17692012113378464 0.031228468515450646 
0.831343089962653 -0.15020460352467185 -0.23987642629421582 -0.3363614814789759 -0.4044909756496248 -0.6041606832849783 -0.6087782176566615 -0.7401088456940208 -0.7997867907548878 -0.8914517047122147 -0.9105564420368808 -0.8932313281811861 -0.9777870678406638 -0.9845107565941342 -0.9847048938138883 -0.9864915311277381 -0.9441232571855043 -0.948286348366562 -0.9293815830239848 -0.9019298523261331 -0.8486050823491589 -0.7923299166568728 -0.7529208172204869 -0.5939813326210525 -0.536232677426087 -0.40786098132391163 -0.3408775064354334 -0.2999241131764606 -0.17664940783357105 -0.06586056133737492 
0.8281776512650506 -0.14184101947330202 -0.223332563566169 -0.3311609450678038 -0.40422826898459824 -0.5636722768731375 -0.6091371458156549 -0.7393441067638908 -0.7555326882468111 -0.9359199134929831 -0.9180943327183668 -0.9664987169794612 -0.9769352207377366 -0.9836836734432882 -0.9608539403615286 -0.9920382710782861 -0.9755875043233934 -0.9502093852945835 -0.9530743324811524 -0.9064503525068381 -0.8869806088668488 -0.716437369214599 -0.7222967737716836 -0.6366996434856564 -0.5625493899013517 -0.42156587097931963 -0.33262423909528416 -0.21418005504926435 -0.2046045155678084 -0.06653099288272664 
0.5006442244517567 -0.22471541759119085 -0.3846859323808575 -0.4240046708874929 -0.5693183371545375 -0.5988954685575528 -0.7088725647326581 -0.7503062588657669 -0.8444796198541977 -0.8888510371491273 -0.9373317970880917 -0.9763083815301165 -0.9598294771079097 -0.9881010621843748 -0.9659610887472225 -0.994755160973778 -0.9280163815825372 -0.9320198862435992 -0.9205338169422763 -0.8332447098704254 -0.7932103667769801 -0.7145979586814176 -0.6866369210002696 -0.5377202971202736 -0.5426815155126694 -0.35261951135833375 -0.3070380647791793 -0.1699959876738625 -0.04071744526474165 0.030677661073702938 
0.07722760645216172 0.9625703156435416 0.9933390024350941 0.9045979573267416 0.9435023322575948 0.8664037829022517 0.7937895222972587 0.7483604454412862 0.6914167138708696 0.5873381291167389 0.5220056995369906 0.48854867902589943 0.34686277369969737 0.16365564677750244 0.1262091388888061 0.0863580037379803 -0.09380279192496274 -0.16274826976210635 -0.27565829554121973 -0.4238024752993823 -0.4329117784916732 -0.5361751260768036 -0.6450017704333363 -0.739351190498319 -0.7416059421486285 -0.8533571760801473 -0.8800948492273823 -0.9465031753672385 -0.9844678024723962 -0.9461898841516017 
0.07722760712522887 0.993133173998894 0.9955744978206494 0.9484836291410078 0.943491275172213 0.8664037829022517 0.7929234377684603 0.7502437887644174 0.6924887306145366 0.5794864958414121 0.5273144075353587 0.4070467535925173 0.34648635855461546 0.20342138733005022 0.12620914754390256 -0.006801139124049019 -0.21215214819665024 -0.16274826976210635 -0.27565829554121973 -0.4236677022896427 -0.4341961612892172 -0.5363236073165756 -0.7318190564772108 -0.7389233565453668 -0.7416059421486285 -0.853367115779206 -0.8800162487830039 -0.9927090286457266 -0.9423650326672669 -0.9836672068496279 
0.8317853526710834 -0.19258352137500498 -0.2623979698108392 -0.4419128871446813 -0.4046109655009143 -0.6040261401261005 -0.6088988438083462 -0.712738286638812 -0.7830751696597334 -0.8728009206547681 -0.9102800598550387 -0.90669210096043 -0.9657941871146032 -0.984502685543009 -0.9632732695915537 -0.9909540557783479 -0.9449298390873554 -0.9482868117207448 -0.9293553850304394 -0.9019211821588137 -0.8479953762183512 -0.792236397757478 -0.6815286316104333 -0.5935307677777236 -0.5329501212718946 -0.4077227365234198 -0.3410263023929766 -0.1737160699631492 -0.1766472284447439 -0.045280107024678294 
0.08226282940765038 0.9636235031882593 0.9894404381676692 0.9103382321729211 0.9488225832792705 0.8667482539962353 0.7204905629059467 0.6900437496505307 0.6675506613009398 0.5291929500995538 0.48147024475993766 0.33774326078415307 0.3874162246709351 0.1633729870300286 0.17320465002001872 -0.09008580724113023 -0.20095661128736916 -0.26349249006100856 -0.27485238754964825 -0.48544997290624803 -0.4313533133825 -0.5865252739437228 -0.7198959065277514 -0.8083993813676021 -0.7415318305949876 -0.8581626698581499 -0.8912851843969197 -0.9531333591741064 -0.945984450196793 -0.9863500827579517 
0.07159261554133822 0.9783576748890059 0.9948126591374514 0.924660159992259 0.9480581357745801 0.9036713727109956 0.867345792374685 0.7478500732061523 0.7401348205690087 0.6084143720816049 0.5706114654050151 0.48906074775750036 0.43054040661079723 0.24993517288194428 0.23353893946522042 0.08641772900989682 0.011741930214023644 -0.09101165129205457 -0.1767137134416213 -0.311900817860663 -0.3883318572616361 -0.3889671531136507 -0.6085693303433334 -0.6520283304494016 -0.7415434273318117 -0.8597534553884423 -0.8784752131634261 -0.8569649748055367 -0.9439223015415441 -0.9694624113145536 
0.8302932700364087 -0.14228202375476418 -0.23811749873386437 -0.3312657789878331 -0.40452049079439484 -0.563343716477277 -0.6091093521907919 -0.6827060139240195 -0.7998635757693912 -0.8902852132677824 -0.8361211009763277 -0.9147382675341446 -0.9950057283382826 -0.9836836734432882 -0.9969349773500573 -0.9969604708666998 -0.9737867119145307 -0.9624327009473567 -0.9281888113400832 -0.906186665558072 -0.7636575350324231 -0.8389735393948828 -0.7232561537622125 -0.6430057902286721 -0.5625493899013517 -0.42144616423090486 -0.33261954931491755 -0.21530068194570973 -0.17667997424701126 -0.06653099288272664 
0.8347585562407642 -0.22335619019192063 -0.25849638509116785 -0.422050869737823 -0.48987376042779757 -0.6150391625103759 -0.6090551211430744 -0.7764775119988181 -0.842888375640138 -0.8806335848912733 -0.9113450225203736 -0.966540743112489 -0.9599431067786647 -0.9917732238939387 -0.9997155686636285 -0.996514650617801 -0.9237090568752052 -0.9317879385400418 -0.9004364225006272 -0.8343561861530258 -0.7900203996627699 -0.7614101637779002 -0.6318556806786142 -0.5682841372708056 -0.5213676430661879 -0.359129213289292 -0.3322403016985929 -0.17040690618792217 -0.17794350097775274 0.031199695743274487 
0.07722760646954338 0.9936993429629752 0.9932976929364578 0.9045979573267416 0.9435023322575948 0.8727234861524609 0.8458369691162063 0.7483600565549545 0.6915006016218632 0.5871189490565928 0.5220056995369906 0.48854867902589943 0.34686277369969737 0.16365564677750244 0.1262091388888061 0.0863580037379803 -0.09358380285608961 -0.16274826976210635 -0.27565829554121973 -0.4238024752993823 -0.43291293962149524 -0.5826814564275863 -0.6450017704333363 -0.739351190498319 -0.7416059421486285 -0.8533571624015112 -0.8800948492273823 -0.9465031753672385 -0.9844678024723962 -0.9834966083164665 
0.8305673622235619 -0.1505995760910918 -0.2699595171707577 -0.3365149479648719 -0.4036545485356067 -0.617823649403047 -0.6087820544445689 -0.7160924233572189 -0.7997867899958832 -0.8802524596708998 -0.8535444671961674 -0.9219767291012378 -0.9768869756934802 -0.9788927859464639 -0.9922228322084726 -0.9791115706982623 -0.9742652800516659 -0.9483444085658692 -0.9293813778696964 -0.9535589941984007 -0.865311094573683 -0.8021977161981891 -0.7212812258739483 -0.6396492973987663 -0.5249040019861774 -0.42209405486112833 -0.33253612192434956 -0.29935902022291766 -0.17662213273233102 -0.06681934492341746 
0.8342171304798991 -0.2247154610746833 -0.3738021097615435 -0.42347489627562973 -0.40625217415270415 -0.6172581229035364 -0.6096144250490423 -0.7565684632430737 -0.8064354409254246 -0.8889294976675892 -0.9180235737616218 -0.9102601004315141 -0.9896819645003508 -0.9880846523225628 -0.9465339361219525 -0.9969462893459866 -0.9239902299943287 -0.9317541675687038 -0.9009314498568664 -0.8344647936745194 -0.7917345360191095 -0.7162092752780465 -0.6994497457467787 -0.5676022599773074 -0.5412113252766122 -0.402972227482998 -0.3112932477715923 -0.17089569678016456 -0.055591078149976075 0.03120322527820245 
0.08226282940765038 0.9630573428845962 0.9894189362886529 0.9023312860977083 0.9479696569916788 0.7516772611553121 0.7205287003332431 0.697091317744024 0.6674212225854751 0.5526578435097621 0.5221818371430222 0.34028888064507457 0.2957382132323724 0.14157015090420674 0.1262057800455755 -0.09007160632558232 -0.09319149944670779 -0.2592539489205863 -0.3852970340661923 -0.4309655340704266 -0.5726859273415252 -0.5857452272079119 -0.6406689888958204 -0.7435163125023863 -0.7409788192498833 -0.8581004601933353 -0.8800397354008237 -0.989401597812877 -0.9652240667377078 -0.9766485833601967 
0.836870623432235 -0.27372474444854816 -0.3245254472659481 -0.44642410329134014 -0.5482277321981158 -0.6142469366599536 -0.6023806237756263 -0.7793852244425801 -0.8394890338092926 -0.8734891833225542 -0.9363512482957702 -0.977332581353292 -0.960053128193397 -0.987630803204989 -0.9615048235654428 -0.9963686227883335 -0.9675404292268915 -0.9313580983961698 -0.9206304495048183 -0.8076077628196242 -0.7916646192160058 -0.7167639690667986 -0.6025018687035995 -0.5676729601345959 -0.5426312807499237 -0.3591468633588013 -0.269904721531021 -0.1703878410083951 -0.040592268905725176 0.03098059627491841 
0.8340263694118915 -0.22007339740002402 -0.3748504028036227 -0.4475486862573243 -0.5054050452527417 -0.6151536024182741 -0.6088251044001457 -0.7752231036654336 -0.8411228977731132 -0.8793511416239258 -0.9363186630434677 -0.970747653315128 -0.9621843572210534 -0.9875761873143384 -0.9409963651016663 -0.9966860664841681 -0.970056136717493 -0.9501986948116854 -0.8989593957059551 -0.7975658502126757 -0.7920062551463015 -0.7290678041071679 -0.6022233727562858 -0.5682504706099742 -0.5131580705590103 -0.402770065011023 -0.2684390906976353 -0.17220976133405594 -0.043477745889411085 0.03061316052826115 
0.08126007957870732 0.9642175873552833 0.9919489871480854 0.9103382363058559 0.9524710607631691 0.8687160561895909 0.7189268223136059 0.6899552487960239 0.667551211152912 0.5801571718759844 0.5214330329807254 0.3377432553969539 0.20631045626780978 0.19423115451622922 0.13790957946014482 -0.09011289948144632 -0.20111569206582297 -0.26323640750991467 -0.3504154414199354 -0.4239648981080946 -0.5741350814963119 -0.586516682843835 -0.74209504439302 -0.8102200653784063 -0.7484908068706626 -0.8583136777940028 -0.8912866695919799 -0.9640693657163174 -0.9652990399914371 -0.9762874069785771 
0.8288900929933968 -0.14310364055626223 -0.22260330916824195 -0.3306102640209531 -0.42704683403338645 -0.6290178391759926 -0.6091116754637296 -0.6204938623357712 -0.801282682744583 -0.8801659943615238 -0.8514891308975744 -0.9147413808727678 -0.9633098044600285 -0.978725555367587 -0.9968010289848408 -0.9968995977818108 -0.9741859192415897 -0.9623174447542975 -0.9282837680482149 -0.9064026941595316 -0.8620750301661017 -0.8379284858736197 -0.6965598704802157 -0.6363017820395055 -0.5251059254577428 -0.4259800639762823 -0.33624275427574224 -0.17471271625226428 -0.18439943545273935 -0.06644247744234574 
0.07075194111803366 0.9795219999612095 0.9842378677762413 0.924660159992259 0.9485792606595639 0.9036713727109956 0.867345792374685 0.6439182861924416 0.7411042434229136 0.607561432756662 0.6074428432693499 0.48906074775750036 0.43054040661079723 0.24993517288194428 0.23353252545317577 0.08641772900989682 0.014082710701937045 -0.2497786531381737 -0.1767137134416213 -0.3092032757412936 -0.3883318572616361 -0.3889671531136507 -0.6077483712634507 -0.6948224221499959 -0.7415253078706369 -0.859365462575819 -0.8784828128941653 -0.8563786656614134 -0.9437215031481847 -0.9976220798624356 
0.8342171304798991 -0.2248591431278652 -0.3738021097615435 -0.4235105800094023 -0.4062513998778402 -0.5946891260434408 -0.6014111982004572 -0.7565684632430737 -0.8066552624944834 -0.8889294976675892 -0.9845605042689041 -0.910738295668411 -0.988833060238977 -0.9881200605508405 -0.9464145749250156 -0.9969462893459866 -0.9230554695152354 -0.9493714781105336 -0.9293932161811329 -0.8510256709647914 -0.8200963300256718 -0.7162092752780465 -0.6843482094671338 -0.5676233405286645 -0.5212902356219054 -0.4029746332281503 -0.309979652724 -0.17089569678016456 -0.05283502254416384 0.030692593374340122 
0.4979770493727361 -0.15025077044735924 -0.2390368525937907 -0.3619704541302329 -0.4044905178791131 -0.6179595714126801 -0.6086637566363795 -0.7358042591076978 -0.7837200792339764 -0.8801813323198321 -0.9145866567946977 -0.9174960991609932 -0.977725233087463 -0.9792886162817589 -0.9373932473013818 -0.9895327290336238 -0.9831903452879819 -0.9489660659429108 -0.9293835816233263 -0.898135379673354 -0.8629045438971725 -0.7971902956882367 -0.7517953078674064 -0.6426447424717222 -0.5266455477539415 -0.4449881131947234 -0.3325870171821073 -0.29297347378403704 -0.17668208714744188 -0.06556986275901944 
0.8303492213957184 -0.1505222798456504 -0.2389711466059491 -0.3368393117134051 -0.40452011313450714 -0.62887869615919 -0.6091093521907919 -0.7373892987237938 -0.7998635757693912 -0.890238655035012 -0.9187988923959216 -0.9147382675341446 -0.9781043961901404 -0.9838737701493555 -0.9969349773500573 -0.996896641784151 -0.9737867119145307 -0.9621651757937564 -0.9282707315669055 -0.9044330807298904 -0.7873438525855135 -0.7971902096901612 -0.6960549519436839 -0.6366996434856564 -0.5614553416533775 -0.4407536966260549 -0.33620522246605666 -0.17335037653458207 -0.17668236350523608 -0.06488319231967661 
0.4979770493727361 -0.17203019328628397 -0.2390368525937907 -0.3619704541302329 -0.40447582621040074 -0.6182137560789495 -0.6086637566363795 -0.7358042591076978 -0.7837200792339764 -0.8801813323198321 -0.9145118927284104 -0.9228349840756421 -0.977725233087463 -0.9790999025591357 -0.9373932473013818 -0.9895327290336238 -0.9499871696148764 -0.9483466402532572 -0.9299863353643899 -0.898135379673354 -0.8627626377459554 -0.7970539068710724 -0.7517953375258852 -0.6426447424717222 -0.5266436135283623 -0.4449881131947234 -0.3325870171821073 -0.29297347378403704 -0.17668208714744188 -0.011421355844834415 
0.8337499990739188 -0.1951109259627207 -0.2580032349659296 -0.42411603688434246 -0.4089841026023359 -0.617787188625332 -0.601326849128147 -0.7767816942916308 -0.8420032471653397 -0.8919650819796633 -0.9387735533176578 -0.9677210603305 -0.9770122956192703 -0.982211598482433 -0.9606960768308346 -0.9952792928638562 -0.9834945385302902 -0.9487833324922014 -0.9293513171798238 -0.8534144453616647 -0.8214204783586635 -0.7301018767715877 -0.6842469191500296 -0.6061942589087357 -0.5250835514055306 -0.4037106877238813 -0.34312490694480513 -0.18395634452665593 -0.17579448363216582 -0.01014350434415457 
0.8350437481805485 -0.22007339740002402 -0.26385051309022556 -0.42206075068091037 -0.5054050452527417 -0.6151536024182741 -0.6088273943416913 -0.7752231036654336 -0.8411228977731132 -0.8793511416239258 -0.9373079410702897 -0.9707965457469093 -0.9621843572210534 -0.9888099342090811 -0.9379103281103203 -0.9965259635470568 -0.9731831020322158 -0.9319442951966421 -0.8998616071439606 -0.8914942972081462 -0.7912013725049565 -0.7295430428399461 -0.6994497122107314 -0.5681941096366107 -0.5158817853563387 -0.40273919246819845 -0.31002323621071637 -0.16550936327812424 -0.18092659027444535 0.030602104570092072 
0.8297550944218001 -0.1491933095057119 -0.2600507125975879 -0.3368393117134051 -0.40504895782503303 -0.5926186531288442 -0.6011758298631042 -0.7373345187874838 -0.7999032948235948 -0.8937152372247154 -0.9187988923959216 -0.9929393517654235 -0.9781405174118653 -0.9822864818901917 -0.959978688761325 -0.9969048465866959 -0.9736702828523804 -0.9621651757937564 -0.9282707315669055 -0.9067259519774568 -0.857924751542195 -0.7971764085952958 -0.6951536437130678 -0.6368538250049186 -0.5250435139501743 -0.4407514690345639 -0.33611811589251783 -0.28870057715487085 -0.19509144473419743 -0.13043826697510608 
0.07722762198444355 0.992258986172889 0.9955790977868809 0.9045754479573388 0.9435027027618118 0.8664899257801919 0.8454741885029524 0.7482863819066156 0.6914200082298357 0.5796439009038666 0.5163266689469007 0.40778210768447515 0.3881574547797681 0.16316670088221427 0.1262089661753834 0.08634788161633303 -0.09846801985308719 -0.16272045286512066 -0.2748304374769337 -0.4238024752993823 -0.4337423496447166 -0.5841501179305202 -0.6481112257314803 -0.739339993834228 -0.7416066781842808 -0.8533571726275524 -0.8882772932743918 -0.9926992972228649 -0.9852730611516766 -0.9462465543436445 
0.8351840017650931 -0.22971779657270336 -0.2637955049427686 -0.4220762857603298 -0.506063704850962 -0.5945679062383511 -0.6088486442386544 -0.7759584437255436 -0.8413890787102342 -0.8806081362339582 -0.9382338370744678 -0.9662162792406803 -0.8892988484722177 -0.9878308208925944 -0.9747780908810099 -0.9953608127374068 -0.9732364402141719 -0.9318390824610185 -0.9173540765661611 -0.8331691671836952 -0.7570663827613687 -0.7291303874889412 -0.6866433200456086 -0.5681914207331887 -0.46465442189406503 -0.40374584232793925 -0.260345673330405 -0.17233039890248508 -0.1735823905027009 0.03078653009679002 
0.8334553301896099 -0.22903645101260728 -0.2580032349659296 -0.42411603688434246 -0.40504609325139873 -0.5943439917100715 -0.601161028725845 -0.7756014541976335 -0.8413339936054353 -0.8804614968260281 -0.9388664268105343 -0.9669158777501011 -0.9770122956192703 -0.98765385672998 -0.9606960768308346 -0.9953679450886084 -0.9834945385302902 -0.9497117932826827 -0.9274162778896761 -0.8512113683056836 -0.8214204783586635 -0.73075086712572 -0.6846449023063058 -0.5689681418511483 -0.521651158703562 -0.40374584232793925 -0.34350491321439935 -0.18395634452665593 -0.17386018608538165 0.030693100041786756 
0.8294333961796938 -0.1505995760910918 -0.23974286664610336 -0.3308260920482124 -0.40463980360748514 -0.6199543446939115 -0.6091084250088284 -0.7165535437100103 -0.800609818584182 -0.891165948296399 -0.917328582402266 -0.9231089323297185 -0.9635692058746737 -0.9829691259938866 -0.9842640084998024 -0.9786059406671006 -0.9722641231672133 -0.9483444085658692 -0.9293813778696964 -0.9059790280874018 -0.8893638227846999 -0.7976212267498538 -0.721262819244328 -0.637541950917574 -0.5632534790879864 -0.4230737383657414 -0.4228582563010741 -0.29940560723400894 -0.17666899433296515 -0.06681934492341746 
0.8351840017650931 -0.22971779657270336 -0.2637955049427686 -0.4220762857603298 -0.506063704850962 -0.5945679062383511 -0.6088486442386544 -0.7759584437255436 -0.8413890787102342 -0.8806081362339582 -0.9382338370744678 -0.9662162792406803 -0.8892988484722177 -0.9878308208925944 -0.9747780908810099 -0.9953608127374068 -0.9732364402141719 -0.9318390824610185 -0.9173540765661611 -0.8331691671836952 -0.7570663827613687 -0.7291303874889412 -0.6866433200456086 -0.5681914207331887 -0.46465442189406503 -0.40374584232793925 -0.260345673330405 -0.17233039890248508 -0.1735823905027009 0.03078653009679002 
0.07722760645216172 0.9625703156435416 0.993339595110909 0.9045979573267416 0.9435023322575948 0.8728046449854138 0.8448691526404184 0.7483604454412862 0.6914167138708696 0.5873381291167389 0.5220056995369906 0.48854867902589943 0.34686277369969737 0.16365564677750244 0.1262091388888061 0.0863580037379803 -0.09359092350602154 -0.16274826976210635 -0.27565829554121973 -0.4238024752993823 -0.4329129160759078 -0.5361751260768036 -0.6450017704333363 -0.739351190498319 -0.7416059421486285 -0.8533571760801473 -0.8800948492273823 -0.9465031753672385 -0.9844678024723962 -0.9461898841516017 
0.8350670412209814 -0.22007339740002402 -0.26385051309022556 -0.42206075068091037 -0.5054050452527417 -0.6151536024182741 -0.6088273943416913 -0.7752231036654336 -0.8411228977731132 -0.8793511416239258 -0.9373079410702897 -0.9707957144096344 -0.9621843572210534 -0.9888099342090811 -0.9393275813473548 -0.9965259635470568 -0.9731831020322158 -0.9319442951966421 -0.9000558478058541 -0.8914942972081462 -0.7912013725049565 -0.7290678041071679 -0.6994521613385313 -0.5681999069282937 -0.5151770413186846 -0.40273919246819845 -0.31002323621071637 -0.17225507231677506 -0.18092659027444535 0.030602104570092072 
0.07159284048385124 0.9783133588764481 0.999035909383328 0.9249039144680525 0.9480547895187481 0.8809256947081984 0.8667835081139003 0.7931012822553197 0.7446126100577208 0.6083050774929207 0.5706114654050151 0.48714767224712224 0.43049865377545005 0.2796301153111123 0.23353893946522042 0.08641772900989682 0.011741888639464747 -0.09101165129205457 -0.17643949504096731 -0.3890335636668989 -0.3883462959082224 -0.3889363712719568 -0.6084872582841648 -0.6520283304494016 -0.7415434273318117 -0.8443352970106208 -0.8792820825422166 -0.8571492057394757 -0.9437387147352001 -0.9694624113145536 
0.8334553301896099 -0.22903645101260728 -0.2580032349659296 -0.42411603688434246 -0.40504609325139873 -0.5943439917100715 -0.601161028725845 -0.7756014541976335 -0.8413339936054353 -0.8804614968260281 -0.9388664268105343 -0.9669158777501011 -0.9770122956192703 -0.98765385672998 -0.9606960768308346 -0.9953679450886084 -0.9834945385302902 -0.9497117932826827 -0.9274162778896761 -0.8512113683056836 -0.8214204783586635 -0.73075086712572 -0.6846449023063058 -0.5689681418511483 -0.521651158703562 -0.40374584232793925 -0.34350491321439935 -0.18395634452665593 -0.17386018608538165 0.030693100041786756 
0.8281776512650506 -0.14184101947330202 -0.223332563566169 -0.3311609450678038 -0.40422826898459824 -0.5636722768731375 -0.6091371458156549 -0.7393441067638908 -0.7555326882468111 -0.9359199134929831 -0.9180943327183668 -0.9664987169794612 -0.9769352207377366 -0.9836836734432882 -0.9608539403615286 -0.9920382710782861 -0.9755875043233934 -0.9502093852945835 -0.9530743324811524 -0.9064503525068381 -0.8869806088668488 -0.716437369214599 -0.7222967737716836 -0.6366996434856564 -0.5625493899013517 -0.42156587097931963 -0.33262423909528416 -0.21418005504926435 -0.2046045155678084 -0.06653099288272664 
0.8302932700364087 -0.1427490497765531 -0.23852721894264503 -0.3312553023819153 -0.40452049079439484 -0.563343716477277 -0.6091093521907919 -0.7366298022986466 -0.7998635757693912 -0.890238655035012 -0.8361211009763277 -0.9147382675341446 -0.9770119546576935 -0.9836836734432882 -0.9969349773500573 -0.9969604708666998 -0.9737867119145307 -0.9487668220627542 -0.959467284642718 -0.906186665558072 -0.7892832071291096 -0.8389735393948828 -0.7525238498211685 -0.6366996434856564 -0.5625493899013517 -0.42156587097931963 -0.33261954931491755 -0.21530068194570973 -0.17667997424701126 -0.06653099288272664 
0.8302932700364087 -0.1427490497765531 -0.23852721894264503 -0.33126592856703757 -0.40452049079439484 -0.563343716477277 -0.6091093521907919 -0.7373892987237938 -0.7998635757693912 -0.890238655035012 -0.8361211009763277 -0.9147382675341446 -0.9770119546576935 -0.9836836734432882 -0.9969349773500573 -0.9969604708666998 -0.9737867119145307 -0.9486509800500501 -0.9281269904930283 -0.906186665558072 -0.7892832071291096 -0.8389735393948828 -0.7222967737716836 -0.6366996434856564 -0.5625493899013517 -0.42156587097931963 -0.33261954931491755 -0.21530068194570973 -0.17667997424701126 -0.06653099288272664 
0.8281776512650506 -0.14184101947330202 -0.223332563566169 -0.3311609450678038 -0.40422826898459824 -0.5636722768731375 -0.6091371458156549 -0.7374921704119306 -0.7550140478346639 -0.9359199134929831 -0.9187490418009855 -0.915597746888016 -0.9769352207377366 -0.983676669682425 -0.9608563517613739 -0.9967479691386768 -0.9755875043233934 -0.9502093852945835 -0.9282791917992652 -0.9064503525068381 -0.8869806088668488 -0.716437369214599 -0.6960284151600142 -0.6366996434856564 -0.5625493899013517 -0.4398120399594083 -0.3362418993599829 -0.35234966903771997 -0.20365939083458282 -0.06653099288272664 
0.4979770493727361 -0.17203019328628397 -0.2390368525937907 -0.3619704541302329 -0.40447582621040074 -0.6182137560789495 -0.6086637566363795 -0.7358042591076978 -0.7837200792339764 -0.8801813323198321 -0.9145118927284104 -0.9228349840756421 -0.977725233087463 -0.9790999025591357 -0.9373932473013818 -0.9895327290336238 -0.9499871696148764 -0.9483466402532572 -0.9299863353643899 -0.898135379673354 -0.8627626377459554 -0.7970539068710724 -0.7517953375258852 -0.6426447424717222 -0.5266436135283623 -0.4449881131947234 -0.3325870171821073 -0.29297347378403704 -0.17668208714744188 -0.011421355844834415 
0.8337499990739188 -0.1951109259627207 -0.2580032349659296 -0.42411603688434246 -0.4089841026023359 -0.617787188625332 -0.601326849128147 -0.7767816942916308 -0.8420032471653397 -0.8919650819796633 -0.9387735533176578 -0.9677210603305 -0.9770122956192703 -0.982211598482433 -0.9606960768308346 -0.9952792928638562 -0.9834945385302902 -0.9487833324922014 -0.9293513171798238 -0.8534144453616647 -0.8214204783586635 -0.7301018767715877 -0.6842469191500296 -0.6061942589087357 -0.5250835514055306 -0.4037106877238813 -0.34312490694480513 -0.18395634452665593 -0.17579448363216582 -0.01014350434415457 
0.49652470555324896 -0.15050617454694998 -0.2564556436489095 -0.3363711169670279 -0.40512332780341165 -0.48893914084702583 -0.6087608425506325 -0.7401585464427303 -0.7997867907548878 -0.8903770233076989 -0.9113689743257897 -0.8930125084750781 -0.990949316617767 -0.9834565927583151 -0.9845142280116705 -0.9918872451562176 -0.9716100603523388 -0.990228467962983 -0.9273954660450113 -0.9044592283220633 -0.8616826873560054 -0.7945201773152979 -0.7231688041073812 -0.6375500833985971 -0.5614596561112624 -0.4182443145793063 -0.3319437309408773 -0.2789181872447877 -0.17389840776375312 -0.06527908803371182 
0.4993031296823498 -0.22872271141588923 -0.2940585138661733 -0.42483252871717353 -0.4394954391774315 -0.5921271547143355 -0.6081782595027798 -0.7374940459976 -0.8011267275006376 -0.8796257036576128 -0.9183715426287696 -0.9207172698261907 -0.9769949511118028 -0.9837392463245792 -0.9817184824079571 -0.9860703137738237 -0.9410547146027141 -0.9486400973443286 -0.9281213829569989 -0.8324501488866755 -0.7933141890072529 -0.7604111461686383 -0.6407303377201952 -0.6361399349879224 -0.5148371558032292 -0.406572145418434 -0.30497123315584057 -0.21772802683003298 -0.17692012113378464 0.031228468515450646 
0.8281478016349499 -0.22387401443598517 -0.223332563566169 -0.3312139243696819 -0.4042122005980421 -0.5643185541798861 -0.6091096578041583 -0.7373892987237938 -0.7555326882468111 -0.8804749891951847 -0.9180943327183668 -0.9725389922234261 -0.9813882284016766 -0.987489458353452 -0.9969400546390543 -0.9470959757902313 -0.9755875043233934 -0.9619067145918124 -0.9281269904930283 -0.9064503525068381 -0.8619200944835391 -0.716437369214599 -0.7222967737716836 -0.6213391783746143 -0.5625493899013517 -0.5490530119986748 -0.3345652604867325 -0.21530068194570973 -0.17666582409804915 -0.06522133834527244 
0.8303492213957184 -0.1491933095057119 -0.2389711466059491 -0.3368393117134051 -0.40504895782503303 -0.5927699556751369 -0.6091093521907919 -0.7375932065047375 -0.7999032948235948 -0.890238655035012 -0.9187988923959216 -0.9154098333340467 -0.9781405174118653 -0.9838737701493555 -0.9597696179744558 -0.9969048465866959 -0.9736702828523804 -0.9621651757937564 -0.9282707315669055 -0.8520637022342094 -0.821510258964995 -0.7971902096901612 -0.6960549519436839 -0.6368538250049186 -0.521745842467669 -0.4407536966260549 -0.33611811589251783 -0.18435085151278466 -0.17399355764303645 -0.13043826697510608 
