0.7298580300932621 0.9972032945025314 0.9710035609703365 0.988677521230124 0.9940496212035896 0.9632796269908559 0.8899105386964905 0.8832627001102954 0.8784078287315756 0.7898753988126254 0.7841848264111552 0.619065774787824 0.42238052587806374 0.47157879058698793 0.41664767238146766 0.3143014445732111 0.199499559998007 0.03492825617071378 -0.032288943999364085 -0.11074834010111559 -0.2254944142555372 -0.32866365710942413 -0.3963854606295519 -0.520284199513024 -0.5606284333397455 -0.6829004817917312 -0.6397751047709587 -0.8077495600067012 -0.8801219339614904 -0.9148876626964593 
0.7298580300932621 0.9972032945025314 0.9710035609703365 0.988677521230124 0.9940496212035896 0.9632796269908559 0.8899105386964905 0.8832627001102954 0.8784078287315756 0.7898753988126254 0.7841848264111552 0.619065774787824 0.42238052587806374 0.47157879058698793 0.41664767238146766 0.3143014445732111 0.199499559998007 0.03492825617071378 -0.032288943999364085 -0.11074834010111559 -0.2254944142555372 -0.32866365710942413 -0.3963854606295519 -0.520284199513024 -0.5606284333397455 -0.6829004817917312 -0.6397751047709587 -0.8077495600067012 -0.8801219339614904 -0.9148876626964593 
0.0447798036398738 0.9404985711555701 0.948184958372021 0.9490626965487452 0.9805978486933906 0.989807885241945 0.9890333396765921 0.9793166663879885 0.974058638807854 0.8839990889095773 0.8958312057992042 0.7858267920445721 0.7886830665870664 0.6856592990594708 0.6688670057684204 0.5368660272557961 0.4622105377592705 0.2950722688089674 0.29661771152869526 0.0978372715963046 0.06789929358119033 -0.11053898192433563 -0.15245141192390582 -0.2649059678069193 -0.3506933970853503 -0.5261583036375587 -0.4911531600448761 -0.6918089080905537 -0.6947924986320144 -0.7995111291302096 
0.7110865883172245 0.9391015233030812 0.9128124555198293 0.9460497908520555 0.9800903087289009 0.9966582072105677 0.9827500783306969 0.9805473557695108 0.9764549894459207 0.8795419446943628 0.8847954822111104 0.7928129344627338 0.8161841360934773 0.648812561190043 0.6668727184217225 0.41220959744234664 0.5082156767163233 0.3768266796992789 0.2969776976450731 0.09653854037540527 0.0664003128970109 -0.11101210996184198 -0.15245512543511897 -0.3060982389063829 -0.35218194089298144 -0.4570898441861685 -0.5298313741135785 -0.6541593533774402 -0.696901477725623 -0.796334740052771 
0.06636113145870458 0.9506123525236408 0.9697863147974396 0.9880498025727683 0.9881994951767579 0.992808112325338 0.8927976379390125 0.8806420966528905 0.8787066471183631 0.7698544664900944 0.7806354492474128 0.6155637328633078 0.40266311063069155 0.472421479706915 0.532226799931296 0.1964690791082408 0.11708307404842397 0.033100747431543044 -0.03083344290189117 -0.18769513086986847 -0.12696927535474437 -0.41694118628631804 -0.24520447016342364 -0.5201467227639953 -0.5971414475688914 -0.7307877940866077 -0.7118274054357582 -0.8432858938548499 -0.8562851230980876 -0.9146729172621755 
0.37915445967942674 0.9402578130053583 0.9128080974876384 0.9104776260131906 0.9798746279639767 0.9896431429198513 0.9982335871589454 0.9926901714348114 0.9811553498266969 0.882479755548364 0.8847962597768882 0.8203024166106733 0.7736175449194534 0.5199471069931769 0.6687092583336206 0.4245240647619167 0.4510252820196389 0.3735284140643265 0.2879759789106724 0.10213060329312586 0.06577922387764248 -0.06892030152121696 -0.15369772545086696 -0.32355794182000486 -0.3498308693427721 -0.493204624541087 -0.5300007271948103 -0.6431575374284301 -0.6958081321346352 -0.8163104482553573 
0.37915445967942674 0.9402578130053583 0.9128080974876384 0.9104776260131906 0.9798746279639767 0.9896431429198513 0.9982335871589454 0.9926901714348114 0.9811553498266969 0.882479755548364 0.8847962597768882 0.8203024166106733 0.7736175449194534 0.5199471069931769 0.6687092583336206 0.4245240647619167 0.4510252820196389 0.3735284140643265 0.2879759789106724 0.10213060329312586 0.06577922387764248 -0.06892030152121696 -0.15369772545086696 -0.32355794182000486 -0.3498308693427721 -0.493204624541087 -0.5300007271948103 -0.6431575374284301 -0.6958081321346352 -0.8163104482553573 
0.3981938875435012 0.9501994677748635 0.970836891212816 0.9883123543061896 0.9931576138508514 0.9641018140553556 0.9926152580101467 0.8835453988877374 0.7807936466082145 0.7682087701755898 0.9386658134414969 0.6212327091117313 0.4312819641149269 0.47260430551822785 0.5256611636862691 0.19518351766265887 0.19934049831289571 0.031183084097035792 -0.03028471380072728 -0.15898605422597972 -0.15444777800532147 -0.37510430277959717 -0.35130228751346376 -0.5203055620654902 -0.5539047276494491 -0.6829615141926022 -0.7149703573267979 -0.8504827241550786 -0.8821325041483238 -0.9129077554653906 
0.06636113145870458 0.9506123525236408 0.9697863147974396 0.9880498025727683 0.9881994951767579 0.992808112325338 0.8927976379390125 0.8806420966528905 0.8787066471183631 0.7698544664900944 0.7806354492474128 0.6155637328633078 0.40266311063069155 0.472421479706915 0.532226799931296 0.1964690791082408 0.11708307404842397 0.033100747431543044 -0.03083344290189117 -0.18769513086986847 -0.12696927535474437 -0.41694118628631804 -0.24520447016342364 -0.5201467227639953 -0.5971414475688914 -0.7307877940866077 -0.7118274054357582 -0.8432858938548499 -0.8562851230980876 -0.9146729172621755 
0.3981938875435012 0.9501994677748635 0.970836891212816 0.9883123543061896 0.9931576138508514 0.9641018140553556 0.9926152580101467 0.8835453988877374 0.7807936466082145 0.7682087701755898 0.9386658134414969 0.6212327091117313 0.4312819641149269 0.47260430551822785 0.5256611636862691 0.19518351766265887 0.19934049831289571 0.031183084097035792 -0.03028471380072728 -0.15898605422597972 -0.15444777800532147 -0.37510430277959717 -0.35130228751346376 -0.5203055620654902 -0.5539047276494491 -0.6829615141926022 -0.7149703573267979 -0.8504827241550786 -0.8821325041483238 -0.9129077554653906 
0.39814984402195164 0.9945070913354748 0.9713342716464504 0.9965531419574611 0.9929081969256057 0.9913817518110647 0.9974512817824958 0.8810672716727354 0.8782782008387567 0.7897417389177989 0.7804399137832374 0.6204772041530242 0.5737291642524164 0.4694190103090863 0.40233126216252924 0.20421915770407056 0.19991868164843435 0.07800375886041779 -0.035204156524930766 -0.19224094554036356 -0.1435346188882334 -0.38528993039637405 -0.33308393273382625 -0.5207802576269462 -0.5543747667321011 -0.6836666304297581 -0.7427980535898617 -0.8126680243489531 -0.8765973808661767 -0.9068729540704056 
0.06461755894735333 0.9974449716136227 0.9974243793950722 0.9884413988197283 0.9996460027929418 0.9645095087565897 0.7890382549509244 0.8791756725429617 0.8781910363009869 0.7702928930425091 0.7119258517193021 0.6158104086732364 0.5771856499023105 0.47254105782408556 0.5349184927504165 0.31114647733263623 0.11377313550648567 0.030737710883981573 -0.030680823399243592 -0.15658795458921942 -0.11403645528041748 -0.3376408748030904 -0.245064205105605 -0.5201475280543633 -0.5543029518159805 -0.7318860863577086 -0.9148079996106698 -0.8432662153483523 -0.856284971291758 -0.9150224306548853 
0.37915445967942674 0.8971894758280242 0.9128080974876384 0.9495955854489536 0.979870717964135 0.9896431429198513 0.9982335871589454 0.9926901714348114 0.9805300735566947 0.882479755548364 0.8847962597768882 0.7864311970424734 0.7736175449194534 0.6515863071779315 0.668701056061253 0.5472011641788669 0.4510252820196389 0.3735284140643265 0.28794344058951954 0.10213060329312586 0.06577922387764248 -0.06892030152121696 -0.15369772545086696 -0.3224260782526549 -0.35068603001464227 -0.493204624541087 -0.5300007271948103 -0.6431575374284301 -0.6970545984321094 -0.8170686334563503 
0.05813991688678029 0.9027939394027226 0.9789131701799786 0.9879164220531341 0.9867960763097862 0.9920930169258099 0.9893787803282141 0.9637540221566813 0.9165542782247817 0.9105668633452734 0.7780967389783413 0.7291217791550283 0.7184761542104388 0.4913274234491592 0.4454590836418815 0.4009832045911912 0.3379464614883696 0.08024713543421615 0.07238672737791886 -0.10964427664246958 -0.11799376103733007 -0.30178472604719164 -0.36146077300061097 -0.5152158664586098 -0.5544412657264621 -0.6632196287605102 -0.711064560034047 -0.7046942665308412 -0.8263716807251122 -0.9029219605032026 
0.0645689432588661 0.950387220978563 0.9967538673819841 0.996073543673172 0.9966868127827344 0.958032808337106 0.8914111565006071 0.8798468842116036 0.8805610942232637 0.7898701696599235 0.7806385400295608 0.6190588038596532 0.3759998215440794 0.4655280486451608 0.19535773858392377 0.19982024154451128 0.2532243475100179 0.03086084197239688 -0.032786624719919 -0.19049609454654653 -0.1281895423362655 -0.3289013928910695 -0.3464450484422753 -0.5202673153154928 -0.5983727571236686 -0.6826814229652436 -0.6239418352278426 -0.8410103681393435 -0.8563014111813738 -0.9148924001774277 
0.7146083234579591 0.9015208216371253 0.9325936330399263 0.9496279104143512 0.9986560560503334 0.996558619448896 0.9764763016590532 0.9803516721602489 0.953988978579879 0.9166692240064969 0.9049535602659187 0.7925333349242772 0.7735839214333624 0.7093260213480906 0.6180457444571167 0.5496196239907104 0.4507793571653394 0.3731615838327851 0.32528382507190845 0.14884723353918555 0.007620185301934125 -0.07406477178027744 -0.15605505216041812 -0.27671548565809323 -0.3506356556529657 -0.42632293876048644 -0.5627233461020973 -0.6394611293517111 -0.6958740732119293 -0.8551423662319534 
0.7185032044458207 0.9402921454503496 0.9820448969901991 0.9493448557586112 0.9813811015960774 0.9898363990140332 0.9868516781763055 0.9817282449821076 0.914589654808988 0.815021495677241 0.8812529263013332 0.7694116676065629 0.6601681536000105 0.6350937410272676 0.6185829139200705 0.5618039834237867 0.3270695683766541 0.23093556609192523 0.20170425305668135 0.09799839318187312 0.017326358838535016 -0.1391735176863705 -0.21705199671374134 -0.3297309501185873 -0.43101871261102653 -0.4716474310373433 -0.5316156207741554 -0.6860797033605598 -0.7882726174707557 -0.8164462637618395 
0.04545638341699898 0.9086864727781162 0.9478630531799961 0.94826597804908 0.9800058486404222 0.9898116064276659 0.9990138030594369 0.9999205821561885 0.976970816965319 0.9784086267111765 0.8847665464960042 0.79422053803421 0.7726635357708026 0.6477982755783572 0.66692842269843 0.533785906394485 0.5083788119541977 0.37145201746704803 0.2619145858956292 0.09792183852637786 0.06668055466440781 0.00678540292374806 -0.15237122651842067 -0.27295240536973636 -0.38184014094506014 -0.4534402701299658 -0.5276882239807307 -0.6541557083705768 -0.6973025248511764 -0.8202584852786495 
0.7273215578472187 0.9972027146598159 0.976256557302992 0.9898483581610775 0.9984471515672302 0.964417995155938 0.9969573622487482 0.8810758680333054 0.8722977342554112 0.7889659074973469 0.7842011425935 0.6813446143072853 0.575384645261929 0.4715741033629282 0.45637498834774554 0.3149703533649113 0.23288290458703714 0.081064566463763 -0.035390862881383114 -0.10968342454207834 -0.2683570778705827 -0.3052488416345063 -0.395898665486551 -0.5203442259943927 -0.5456495133062416 -0.6640181773602425 -0.7428919312121234 -0.8076474851391539 -0.8792890018857544 -0.908313324343248 
0.7266809117524281 0.9920363876234723 0.9760508460594611 0.989727926008314 0.9939963368061743 0.9644168468160513 0.9960179083506694 0.8810381658501135 0.8784555057182609 0.7889659074973469 0.78422538375638 0.6813466685637388 0.5739577167752407 0.4716079775618677 0.40948243941190887 0.31402660476660993 0.23302533016554677 0.03395246432514659 -0.03526810994832843 -0.11025951996678869 -0.13988797936951824 -0.3061288487883053 -0.3972495022926953 -0.5203442259943927 -0.5456495133062416 -0.6640181773602425 -0.7428040214419837 -0.8044512935943318 -0.8792890018857544 -0.908323492134842 
0.0645689432588661 0.9977316867590774 0.9974100559068428 0.9880497541508443 0.9966868127827344 0.958032808337106 0.7887884439835275 0.8798468842116036 0.88055448946023 0.7898701696599235 0.7806385400295608 0.6190588038596532 0.5713888632712223 0.4655280486451608 0.19535773858392377 0.3143011758272915 0.2532243475100179 0.0308606123302898 -0.032786624719919 -0.18866702389881482 -0.1281895423362655 -0.3289013928910695 -0.3464450484422753 -0.5202673153154928 -0.5983727571236686 -0.7321901537836911 -0.7157051358106178 -0.8410103681393435 -0.8562851054643972 -0.9148924001774277 
0.059647944782617944 0.9997273456596532 0.9673523862670028 0.9914848483903209 0.9925783022647738 0.9915095279187959 0.9579733257919442 0.9312357929377342 0.8797016880215128 0.8226472691441648 0.7654545267013685 0.6809186680250551 0.6149255139466601 0.46973364360817155 0.4642008475897936 0.31495480008552074 0.2722064179172332 0.18689222703288755 -0.01002334278795717 -0.18775012403555302 -0.2377543359146253 -0.2617352053778125 -0.3971835114491683 -0.5202595714100547 -0.5581281235637101 -0.6632129624535393 -0.7400118132092988 -0.8060327554137334 -0.8562811462490043 -0.9014069703297679 
0.05128997885497433 0.9020063348173571 0.9518163767904596 0.9696630247836381 0.981100810040245 0.9923820442744834 0.9707369293155066 0.9683842784391046 0.9375273835410067 0.9090635861248234 0.8735342578093672 0.769225210931772 0.7401197954352138 0.6638144177751301 0.5367815309545252 0.43085079448740443 0.3379098651686466 0.37639276212251643 0.17105762778135847 0.07112557759920063 0.0023429445456863915 -0.14807369142373517 -0.2521936376490042 -0.314542558327297 -0.41143917101250416 -0.5067142545832478 -0.6063386508294112 -0.6499684710297104 -0.7326131590155549 -0.8535314179068537 
0.04652434999288195 0.9220912770332504 0.9485063338688605 0.9487455909597539 0.9809623182688002 0.9902814863490628 0.9783655210732216 0.992830097680065 0.976994209400272 0.8819914603821188 0.879611629605958 0.7863520781099067 0.7736197960687288 0.7660840625051358 0.5878207002863015 0.5686235461016722 0.45562766869203913 0.3713105762943449 0.2616121064755076 0.09789687762958137 0.049609091605164156 -0.06470500039088684 -0.10551349495959682 -0.24780645318026812 -0.3950609560840889 -0.4324667642114307 -0.5298168037754296 -0.6054069433994647 -0.7450051439920189 -0.7220857206477543 
0.7241745657018134 0.9941513438958859 0.9757987730204235 0.9879328252414062 0.9586020692082213 0.9909320507970234 0.8896592939990777 0.9429593539466333 0.8711230652826015 0.826128808317932 0.7841012945588296 0.6834842785612362 0.6581453005625181 0.5394695686005164 0.5433216467096714 0.3651638045305301 0.24859447029763201 0.1820436185860589 0.09355951030467184 -0.12747904689740136 -0.10949150204956665 -0.17858329188044678 -0.3924487774917055 -0.5188122670224945 -0.5499536585091446 -0.6192555346950459 -0.6490391605178849 -0.8061253859804507 -0.8350889964851874 -0.9084976768793392 
0.7125060711303445 0.9374013759538159 0.9128058589017939 0.9506196227627659 0.9798751013231932 0.9896432067133721 0.9994867610659645 0.992514152578458 0.97385054258069 0.9822067792883304 0.9045962973354291 0.7908947430030947 0.7735642041323391 0.6549331747336424 0.6686170743401026 0.5308189662314472 0.45104127076771694 0.37493416125280893 0.2964550448648533 0.09838026458148724 0.06930564807603898 -0.021396450936334674 -0.1528423688757428 -0.3236106608210084 -0.350642821350103 -0.38038852598864736 -0.5299295660022018 -0.6467331513380413 -0.6957972276556261 -0.8138221320460665 
0.3944891451301379 0.9962790055886828 0.9712420443337096 0.9922494342500959 0.989947885615643 0.9910807514435325 0.9612876471032842 0.9258696243741811 0.8788669386298306 0.7895224271304359 0.7232292339487 0.625260404715409 0.5763203929059553 0.4735536909272073 0.39571066866078025 0.314030961535014 0.2511364508401675 0.11953593403564343 -0.010226962315751494 -0.10908574925735036 -0.17763798639182704 -0.30221268625619213 -0.35277301063884886 -0.5076504477512558 -0.5749663515645557 -0.6692664784903428 -0.7146897161159195 -0.8064192834445245 -0.764612912121844 -0.9089717215214111 
0.38951592972962673 0.9331871113392283 0.951946492873548 0.9704241433929324 0.9860532583960504 0.9924965289685643 0.9972327332975645 0.9641182270470293 0.8751907895318664 0.9132983347323241 0.7760696613017543 0.6844853343222305 0.6901621323544284 0.59284264668979 0.4457165875654273 0.36309322821773554 0.3667651538810467 0.23469955418119556 0.1779149336348529 -0.040877956179418556 -0.05841722465974449 -0.19352379205629236 -0.24485400936379617 -0.4523594816485872 -0.5180245278429626 -0.5815966828078568 -0.6332982188546192 -0.7020940352568144 -0.8252691856421833 -0.8429972829786351 
0.39418241777206775 0.9972088116877532 0.9712392047484159 0.9922494342500959 0.9937475329762551 0.9908406875048085 0.9612876471032842 0.9258696243741811 0.8788731531923916 0.9118426465711428 0.7232292339487 0.625260404715409 0.576704193014068 0.4735536909272073 0.4164513754790474 0.314030961535014 0.2511364508401675 0.11953593403564343 -0.010226962315751494 -0.10913078567669461 -0.22188812013046988 -0.3007751373047186 -0.35277301063884886 -0.507446360448363 -0.5607099420365886 -0.6830558947724863 -0.7147403553387595 -0.8064192834445245 -0.7704662998200967 -0.9089717215214111 
0.7287524847713066 0.9972032945025314 0.9710046687485471 0.988677521230124 0.9930734083511814 0.9632398804869299 0.9994036725928409 0.8832627001102954 0.8784078287315756 0.7898753988126254 0.7846960054458698 0.619065774787824 0.5745170169189731 0.47259631358907717 0.4049726878582973 0.3143014445732111 0.199499559998007 0.03323654429171556 -0.032288943999364085 -0.11074834010111559 -0.22550305507430474 -0.3287031629953705 -0.3963854606295519 -0.5202168910099043 -0.5606284333397455 -0.6829004817917312 -0.6397751047709587 -0.8077495600067012 -0.880145602687794 -0.9148167572391449 
0.7203491755735384 0.9189063027425821 0.9521803806242807 0.986056573926709 0.9817706267387031 0.9922594509099133 0.9828100477778383 0.9529181105892329 0.8823454801342054 0.9163175254660386 0.8426311000721248 0.7675271753976767 0.6601054393308315 0.6301484922943519 0.46063382497445504 0.43374133716680496 0.32864217901575365 0.2271563696666457 0.1674996930759517 0.016711185624383566 0.0225320864660506 -0.13906927732833824 -0.25670135120038484 -0.45620958796178673 -0.430964611519464 -0.4739608693258456 -0.6047618339946825 -0.7011835315710168 -0.7892541920558049 -0.8430923963976837 
0.05365190335258949 0.9186707977757683 0.9292584877741676 0.9882608167492308 0.9855253469785267 0.9960163615922947 0.970763758835711 0.9407635731141781 0.8937729533689697 0.8184448428866365 0.843671361783856 0.7692261387384215 0.6595190754580857 0.5559497688023939 0.48774493573883254 0.4337620706633418 0.3355800227696615 0.25004478512509365 0.16751516648554773 0.016401085382720913 -0.02450128998820325 -0.1394312808142716 -0.2519863072742734 -0.45620958796178673 -0.4309326081518595 -0.6474692503563982 -0.6326592664582177 -0.6844983000716719 -0.7921560701919539 -0.8436898470836153 
0.059647944782617944 0.9997251109030574 0.9672909449924548 0.9918790027477222 0.9927544585398071 0.9908510023734016 0.9579733257919442 0.9333345643570058 0.8375172207153637 0.8226472691441648 0.765131688708538 0.6809305781864808 0.6149255139466601 0.46942527251113086 0.4642008475897936 0.31617301855724245 0.2722064179172332 0.18689222703288755 -0.01002334278795717 -0.1095345873116403 -0.23668660770331545 -0.2617352053778125 -0.35489104588423254 -0.5191389140928078 -0.4714028410602946 -0.6632129624535393 -0.7404295635984227 -0.8060327554137334 -0.856379358027781 -0.9019293700004355 
0.0447798036398738 0.9404985711555701 0.948184958372021 0.9490626965487452 0.9806012809095965 0.9898078368124668 0.9991400235769788 0.9995258519530518 0.9737935609156352 0.8820349294461266 0.8958130957564326 0.7858267920445721 0.7887402595576445 0.6856592990594708 0.6688670057684204 0.5336865885819666 0.4622105377592705 0.2943460221095401 0.29661771152869526 0.0978372715963046 0.06789929358119033 0.007183153743634209 -0.1524547135374138 -0.2642425565693072 -0.3506933970853503 -0.522658937502851 -0.4897943360622917 -0.6544151272991938 -0.6973117881469292 -0.7995111291302096 
0.39608167739805017 0.9971775281839199 0.9811792734619906 0.9886695164255621 0.9940496212035896 0.9925643412771752 0.8899105386964905 0.8832627001102954 0.8806007122183115 0.7898919721932504 0.7841840360696735 0.619065774787824 0.42238052587806374 0.46985525429716957 0.43688065277016674 0.3143014445732111 0.199499559998007 0.07997264016013939 -0.032288943999364085 -0.10978426122571577 -0.22463679965119898 -0.32866365710942413 -0.3466947052327586 -0.5202815110245477 -0.5606284333397455 -0.6829004817917312 -0.6397751047709587 -0.8077495600067012 -0.8801186196108367 -0.9148876626964593 
0.061556983433901605 0.9587150350843048 0.9675117166023941 0.9863348687618438 0.9760296986158623 0.9919559092429743 0.89173868615284 0.8821745609020331 0.8898283554772075 0.775783398415108 0.7646173065649274 0.6806942009529281 0.5720756540002767 0.47256172661677054 0.428269754092347 0.31482323426517056 0.1949875625911036 0.1339478682136406 -0.030169255506601593 -0.10790998061139216 -0.11800985928580214 -0.3280347934713506 -0.35158905036317484 -0.5150876956303427 -0.5966253005582125 -0.6832002114865534 -0.6552841415370744 -0.7997998314775447 -0.8562280653302753 -0.9759470170164218 
0.7135812238189468 0.877530544240407 0.9481987294186132 0.9490740379949001 0.9907680800752077 0.9898264955546442 0.9788286582139987 0.960162198790307 0.97514458811281 0.8820138235246944 0.8846063609419914 0.7858192027387767 0.7733776462463416 0.7202417727431104 0.6685452988287021 0.537071942633983 0.45571489960493533 0.37545974780345165 0.2501919342821896 0.09783718163111632 0.06699430490971776 0.007112187102516418 -0.15030938869589933 -0.26717089062125116 -0.3511115794129439 -0.42519536982826345 -0.5314453266236039 -0.6538609912456266 -0.6967650334313727 -0.8562979720069965 
0.048417806313060835 0.902751449173012 0.9485042429052638 0.9380472086522741 0.9910826827504273 0.9898088914155001 0.9996752974435545 0.9801537139342027 0.9622494104973615 0.8898519654155551 0.8721397776297795 0.7852837412132345 0.773340756280937 0.6481260934987286 0.5888867719754454 0.5349685294729445 0.45589222402736684 0.4091645590111537 0.26689742257840077 0.10182873175823429 0.048709253722816925 -0.06870468714958011 -0.15248403190589588 -0.3110808335978916 -0.3823332839276849 -0.49317230017799213 -0.5296724996760013 -0.6514661499826594 -0.7202361846868389 -0.8125530307081573 
0.0645689432588661 0.9977795451118872 0.9709972839684067 0.9405059703120825 0.9930755407574469 0.995518632671362 0.8913406033236987 0.8798468842116036 0.8787167711690546 0.7897885261499838 0.7470036443808638 0.6205376357188005 0.5713888632712223 0.46578529888011067 0.19535773858392377 0.31533543709111034 0.2532243475100179 0.0338262199231746 -0.03283792998032978 -0.1879897597206166 -0.26648152707702466 -0.3289071762595673 -0.401752960267605 -0.52033874254419 -0.5978571645443154 -0.7311978521024484 -0.7150568509535319 -0.84017850060141 -0.8571459148026943 -0.9146696024961597 
0.38028564243861623 0.8952444300181116 0.9481938689643468 0.8802487972277434 0.9885596614972558 0.9255956431849446 0.9896228916837148 0.9809590448496806 0.9765335717245323 0.9526189692375913 0.884610754763843 0.7857339735515463 0.7735830970435524 0.6393080488037978 0.6185348909396949 0.5459255552244004 0.4504854920783202 0.32023432918423844 0.26942935928651346 0.09632387802051257 0.048235540366225946 -0.06426546740836966 -0.15259146205537022 -0.2708218194928865 -0.35021928446825507 -0.44313018959831313 -0.5297424396830785 -0.5843611830721244 -0.6967551393436514 -0.8162832688307555 
0.39608167739805017 0.9972488802775032 0.9673916457123348 0.9886695164255621 0.9940496212035896 0.9925643412771752 0.9582523537335453 0.8832627001102954 0.8797160483509003 0.7898919521759012 0.7841840360696735 0.6137118268445945 0.6126513483286538 0.469857185171374 0.4642605251711448 0.3143014445732111 0.199499559998007 0.08286829252108588 -0.032288943999364085 -0.1886488364168829 -0.22463679965119898 -0.32779251653831354 -0.3964994160874992 -0.5202815110245477 -0.560699543016936 -0.6829004817917312 -0.7423608727974302 -0.8077495600067012 -0.856208709052464 -0.9148876626964593 
0.05374897454328628 0.9169620269056477 0.9518163767904596 0.9871517378757716 0.990049452797578 0.9924540910293862 0.9707362619338232 0.9417789314267492 0.9351781896481806 0.9129407988504559 0.84393382854919 0.7676519215994541 0.7432465228888622 0.6621699918379178 0.5381579854101176 0.432049842500831 0.3277541835964905 0.22597940940915098 0.245709818489408 0.07403937179251932 0.0023429445456863915 -0.14807369142373517 -0.2521902440237474 -0.30185938123270023 -0.4081593798644997 -0.5051455643836702 -0.6062678707176516 -0.7007556186696836 -0.7326131590155549 -0.8535314179068537 
0.714237500098037 0.9426594325691466 0.9505205231995704 0.9113690012633899 0.9979064126931229 0.9965721143623274 0.9774366421057048 0.9931619695463925 0.9746327940350236 0.9120292293706114 0.8845415107768075 0.8203412956354759 0.77358392968054 0.7541711613242644 0.6687033034605238 0.5474719897690685 0.45086805302569977 0.3734874455011273 0.287716554315599 0.15218344410451026 0.04969196488440465 -0.07006103888610203 -0.15609727594100542 -0.276725047433554 -0.3532821229691631 -0.4345963218774304 -0.5557256772232774 -0.6431310076390895 -0.6769697755853711 -0.8165946393005787 
0.04647317086360614 0.8999593867527674 0.9478576573796351 0.9447224064358468 0.9908259139499722 0.999644205287101 0.9998573997496544 0.9602562882869522 0.9738599423370365 0.8820009299565494 0.8847903671677652 0.7857294732833352 0.7736057943176302 0.6551603857775105 0.6155809674416975 0.5468039223045468 0.45528042120738604 0.31984624322949634 0.2616165510533791 0.09621959792718708 0.0669587641184557 -0.047512412006902094 -0.15235852670349906 -0.2736143225413331 -0.364862055392445 -0.4589478089291747 -0.5557845513625227 -0.6965826337540219 -0.6967653531230987 -0.7218869838044449 
0.05128997885497433 0.9020127318940409 0.9518163767904596 0.9788474190986539 0.990049452797578 0.9923768299759042 0.9716192574091854 0.9673278809622797 0.8732415898920269 0.9129407988504559 0.8741518961176489 0.7704741468168902 0.7432549500530605 0.6631754533721133 0.5367797585931672 0.4320640769754236 0.3338269931089528 0.26974618563302727 0.245709818489408 0.07403937179251932 0.0023429445456863915 -0.14807369142373517 -0.25275395252659744 -0.30927557359824853 -0.4250423754779486 -0.5063394710586382 -0.6062492157532365 -0.6820659293591937 -0.7357856999961617 -0.8535314179068537 
0.053664531942313326 0.9170848221893763 0.9530214780993153 0.9882608167492308 0.9301704876741724 0.9944296381625037 0.9708311815234858 0.9420372655138176 0.8915490481078515 0.9135024065470633 0.8436832393114847 0.7674252938776177 0.6595599121196757 0.5583997868756821 0.49037040818584693 0.4338266306898831 0.3285837599358734 0.22721342064983435 0.16753181391968977 0.07328692915566751 -0.021805685333436298 -0.1394312808142716 -0.2519863072742734 -0.42115641331083026 -0.42939015920626533 -0.6185771998553858 -0.6042833986596841 -0.701001123983332 -0.7921560701919539 -0.8769117141335453 
0.05156640863741882 0.9038519261682303 0.9491067642867899 0.9695419966277766 0.9816832162280262 0.9923768299759042 0.9707369293155066 0.9395831096418206 0.876568974130629 0.9129407988504559 0.9435206749520725 0.7694060668019436 0.7431624275668178 0.6638144177751301 0.530774143031462 0.43375541289722397 0.39348784595888264 0.2765568783268202 0.22654314703789463 0.07403937179251932 -0.09999083027261702 -0.14807369142373517 -0.2521936376490042 -0.33256642153867705 -0.41053996775381435 -0.5080655845427016 -0.6062492157532365 -0.6512265492986471 -0.7683449415653574 -0.8534317008732295 
0.0447798036398738 0.8952378190945185 0.9484103756123431 0.9491476323894442 0.9800540471171741 0.9898078368124668 0.9786639398288567 0.9929165503566402 0.9806243807528535 0.8770463269307661 0.8729567432439093 0.7856612224425668 0.7735814757533619 0.6478716428833823 0.6688603715891546 0.5465494027743548 0.46787697192234406 0.3754525714979238 0.28863714818798075 0.10151090344056593 0.06699430490971776 -0.06263862534538145 -0.15259147554033897 -0.2821504688788098 -0.3506799235868871 -0.43369712928997395 -0.529696953889428 -0.5937023078241394 -0.6970373502508843 -0.7987529385588223 
0.05128997885497433 0.9020063348173571 0.9518163767904596 0.9696630247836381 0.981100810040245 0.9923820442744834 0.9707369293155066 0.9683842784391046 0.9375273835410067 0.9090635861248234 0.8735342578093672 0.769225210931772 0.7401197954352138 0.7700579037737559 0.5367815309545252 0.43085079448740443 0.34760601235735017 0.38200278715285857 0.17105762778135847 0.07112557759920063 0.0023429445456863915 -0.14807369142373517 -0.2521936376490042 -0.314542558327297 -0.41143917101250416 -0.5067142545832478 -0.6063386508294112 -0.7702374348360106 -0.7326131590155549 -0.8535314179068537 
0.3929045590472608 0.9971777956507583 0.9760508460594611 0.9897199212037522 0.9939963368061743 0.9937011090370418 0.9960179083506694 0.8810381658501135 0.8806483892049969 0.7889824608606227 0.7842245934148983 0.6813466685637388 0.5739577167752407 0.4698844412720493 0.48223195436234784 0.31402660476660993 0.23302533016554677 0.08019230760277779 -0.03526810994832843 -0.1576737254818226 -0.13903036476518002 -0.3061288487883053 -0.3472329073067401 -0.5203415375059165 -0.5456495133062416 -0.6640181773602425 -0.7428040214419837 -0.8044512935943318 -0.855381539425791 -0.908323492134842 
0.04919401198995969 0.8971521261690766 0.9513078500575027 0.9490628024274436 0.9806193557777816 0.9898124991148454 0.9788286582139987 0.9929277380903266 0.9692317350325181 0.8789941666006247 0.8845993780226176 0.7855361552364942 0.7733774612891214 0.64767083260743 0.6214801574548687 0.5368586075231557 0.4507001609954645 0.37368230888561743 0.26156439522840796 0.10175709809435199 0.019901944743150726 -0.006558033902092898 -0.14956219612252222 -0.2706889288888675 -0.38145720793314714 -0.4995113308601709 -0.5296958797276188 -0.5892283770013979 -0.7198228210020059 -0.8148644640585089 
0.7125060711303445 0.9374013759538159 0.9160907128348662 0.9505241141900274 0.9798751013231932 0.9896772478243808 0.9994867610659645 0.992514152578458 0.9812340598524614 0.9822067792883304 0.9045962973354291 0.7919402191158926 0.7735642041323391 0.6549331747336424 0.6687163897162304 0.5308189662314472 0.4593267336930249 0.37493416125280893 0.2878534796655388 0.0982108914829426 0.0692626248938929 -0.06864441853351406 -0.1528423688757428 -0.42017861422547675 -0.350642821350103 -0.38038852598864736 -0.5299295660022018 -0.6467331513380413 -0.6957972276556261 -0.8151073971545233 
0.38951592972962673 0.9324261416758358 0.9518135610431141 0.9704263384039301 0.9860858817910739 0.996319729288098 0.9971358558005555 0.8838254628529401 0.8751907895318664 0.9120419733964719 0.7724553747308495 0.6830542937022199 0.6903192143733357 0.592682922136464 0.4457165875654273 0.36294027989924116 0.3354901861482088 0.23470078207818915 0.1643997967322297 -0.040877956179418556 -0.05834664283257009 -0.19409282893844965 -0.3485361949711175 -0.4523651112996269 -0.5828000510970004 -0.6548208665830927 -0.6641586464174957 -0.7027816258391344 -0.8258094084514768 -0.9070088428034733 
0.7125060711303445 0.9026502847704312 0.9160907128348662 0.9496730717164666 0.998529573004673 0.9897797923718663 0.9996818607490041 0.9805960863609705 0.9553782445351258 0.9160433520296783 0.9049525216690265 0.7919402191158926 0.7735651875780832 0.6543460761701921 0.6687163897162304 0.5619168184766802 0.45934000983300927 0.37493416125280893 0.2878534796655388 0.0982108914829426 0.06908235104727645 -0.06878061553611582 -0.1528423688757428 -0.41892007464516134 -0.350642821350103 -0.38038852598864736 -0.5299295660022018 -0.6467331513380413 -0.695798004064432 -0.8151073971545233 
0.06185118191543872 0.9997273456596532 0.9673523862670028 0.9914848483903209 0.9925783022647738 0.9915095279187959 0.9579733257919442 0.9312357929377342 0.8797016880215128 0.8226472691441648 0.7654545267013685 0.6809186680250551 0.6149255139466601 0.46973364360817155 0.4642008475897936 0.31495480008552074 0.2722064179172332 0.18689222703288755 -0.01002334278795717 -0.18775012403555302 -0.2377543359146253 -0.2617352053778125 -0.3971835114491683 -0.5202595714100547 -0.5581281235637101 -0.6632129624535393 -0.7400118132092988 -0.8060327554137334 -0.8562811462490043 -0.9014069703297679 
0.38743141945731063 0.917317184430093 0.9518163767904596 0.9871163804093158 0.9893495734288059 0.9923745070146744 0.9672181412749643 0.9643252277734841 0.9355553901687804 0.9135022121582114 0.8432166826177561 0.7704741468168902 0.7455845837083858 0.663164576125921 0.48999993033292677 0.43382474083280337 0.3327191757656531 0.22712001272222967 0.16337112559123063 0.017635634568663478 -0.021796019011799093 -0.13943155104989494 -0.2526616126698859 -0.4568720713787462 -0.4309142854222119 -0.6190329251469813 -0.5956313536672497 -0.6821357250940543 -0.7919252681724311 -0.8438475465369183 
0.05796741239775434 0.9027939394027226 0.9789131701799786 0.9829885001559885 0.9868968602652616 0.9920930169258099 0.9893787803282141 0.9637540221566813 0.9165542782247817 0.7881205527796682 0.7869898131675633 0.6123050240341001 0.7184761542104388 0.47317461400763133 0.4454590836418815 0.4009832045911912 0.19852859900141825 0.08024713543421615 0.07238672737791886 -0.10964427664246958 -0.1385130785967956 -0.30178472604719164 -0.36143807609051914 -0.5150958146113329 -0.5544412657264621 -0.6632378819796815 -0.711064560034047 -0.7046942665308412 -0.8263716807251122 -0.9066690309604784 
0.048035759982975684 0.9220912770332504 0.9484961735664442 0.9487455909597539 0.9809623182688002 0.9902814863490628 0.978591931171231 0.9811870325972006 0.976994209400272 0.8896006460845536 0.8847561103957627 0.7863520781099067 0.7734296972353002 0.7660840625051358 0.5878207002863015 0.5686235461016722 0.45562766869203913 0.37177347372005093 0.2616065570513748 0.09789687762958137 0.04956338299963146 -0.06462860748993342 -0.1518013453019358 -0.2450636333312471 -0.3818546158323587 -0.4324667642114307 -0.5573708982787176 -0.6054069433994647 -0.7450051439920189 -0.7220857206477543 
0.0645689432588661 0.9977795451118872 0.9706020030519336 0.9417762536177179 0.9868745429464219 0.9559219211935402 0.8912258253434264 0.8798468842116036 0.8787167711690546 0.7925687869912826 0.7465762167491259 0.6207952751976925 0.5713888632712223 0.46578529888011067 0.19535773858392377 0.3143011758272915 0.2532243475100179 0.03381279807999844 -0.032785935350064535 -0.1879897597206166 -0.26648152707702466 -0.32890557851188673 -0.40230855708023294 -0.5203292965843647 -0.5972260185461862 -0.7321901537836911 -0.6406903996714342 -0.8410103681393435 -0.8571459148026943 -0.9146696024961597 
0.7110865883172245 0.8923178003193206 0.9160973094529015 0.9839494533743637 0.953185789667619 0.9966580124501336 0.9995777464209031 0.9811033168784378 0.9765381986536078 0.8795419446943628 0.8845993073260121 0.7927519262423793 0.8167220234171838 0.6697644199551754 0.6668698765264474 0.41220959744234664 0.5082156767163233 0.37685535839262546 0.2714193802885599 0.09649796009536948 0.06640582216453385 -0.06847323453703767 -0.15245512543511897 -0.2707317543760964 -0.3516801467514186 -0.4570898441861685 -0.5298313741135785 -0.6574025950775075 -0.696418243731758 -0.7963325782457373 
0.0645689432588661 0.9401555948563114 0.9705993352271028 0.975358971822832 0.9929362076893358 0.9919179013279307 0.9575137964994743 0.933491643145946 0.8372845410237618 0.8300125518040795 0.7465762167491259 0.6760596274159356 0.5719763416971686 0.46576148117374927 0.4548790029160924 0.31430111986940984 0.1883499874767976 0.03381279807999844 -0.03278779324671393 -0.18627861724576986 -0.26280009967799794 -0.32898857755447125 -0.4709310711415597 -0.5203410223682748 -0.5971382456435936 -0.6577191314486934 -0.6429311213847447 -0.8057773665049304 -0.8563674332855908 -0.9063242540528519 
0.055851904971609766 0.9185039435579294 0.9308352246160604 0.9733976124735992 0.9998598497592852 0.9908502259171699 0.9707773098270733 0.9412743099301327 0.8732647601942171 0.8182005717306661 0.8436714096793845 0.7694314139715763 0.7026020448017938 0.49734587141189035 0.4877592690826658 0.4316304670973524 0.3115707637874236 0.22738082313023492 0.1659163195763958 -0.019076121691182328 -0.022091685190300234 -0.1393563924628331 -0.2524673018909431 -0.45624584511767363 -0.5499063961148742 -0.5823639219776496 -0.6333508400821882 -0.702069934669759 -0.7892082024357938 -0.8407527010752117 
0.06084187040653186 0.950984357844409 0.9699843159924784 0.9967110286614984 0.9903289513696124 0.9635057835318835 0.9974313492521103 0.8807673230968224 0.8784621537684526 0.8263813913648795 0.7806362417381018 0.6148955332449664 0.5755636894644136 0.5109307184970016 0.40737602075000184 0.2991179877636906 0.12391417353263552 0.07912729915958075 -0.029877405419707136 -0.19250713733169456 -0.2650542654475293 -0.32622372096296576 -0.33243301811981846 -0.5247035366786662 -0.5538723939720708 -0.6630714980195105 -0.7187237009391093 -0.807442880814421 -0.8765462155034693 -0.9154952732375021 
0.39608167739805017 0.9971775281839199 0.9811444719484029 0.9922952260186794 0.9900620284012726 0.9907817668819846 0.8899105386964905 0.8832627001102954 0.8806136381057319 0.7898919721932504 0.7214846361687414 0.619065774787824 0.5620281709001786 0.46968979087092505 0.43688065277016674 0.3143014445732111 0.23158665029357822 0.07881242582451417 -0.03246608819350031 -0.10978426122571577 -0.22463679965119898 -0.32866365710942413 -0.3467034907160687 -0.5070618580696936 -0.5746145099757405 -0.6688589973794427 -0.6397751047709587 -0.8063901390047948 -0.8801186196108367 -0.9090911592597237 
0.06462018505221118 0.99965250307278 0.9706310946343313 0.988604599409951 0.9758387464625566 0.9920913496095428 0.8899028278881171 0.8833405626365047 0.7722906844956897 0.768062812661608 0.7811712372483467 0.6204377865580881 0.5620605930884465 0.47261171239980476 0.19253862288450377 0.31416961952569433 0.2536838648799875 0.030737940526088657 -0.03021433139216902 -0.1583101705304644 -0.12280278158797513 -0.3298977876482036 -0.35165202285319114 -0.5204863942914304 -0.5959304479874529 -0.6823833629926785 -0.7183117486889633 -0.8410288797448092 -0.8571128683631598 -0.9146866774790334 
0.7127015148869573 0.8971834194161933 0.9517520545274477 0.9495944824021062 0.979870717964135 0.9896431429198513 0.9982335871589454 0.9926901714348114 0.955349587039198 0.8821173279774991 0.8792881834524695 0.7863782122669609 0.7735834236679512 0.7078702078940643 0.668701056061253 0.549594543310412 0.4510252820196389 0.3695664199197627 0.28884953814183006 0.186095436509726 0.06577605332898406 -0.06892030152121696 -0.15367298031669926 -0.3221728597587777 -0.35068603001464227 -0.4949126019154471 -0.5300007271948103 -0.6432951987788671 -0.6970696275768196 -0.8170686334563503 
0.06289448793056444 0.9722450648004425 0.965628277145349 0.9832052964106537 0.9775239109268999 0.9919665957331173 0.9151712784311555 0.8839257310865127 0.8902069794668153 0.824203720335862 0.7739550978115859 0.6811482103050669 0.5723806793418733 0.4724799711700819 0.4268837381935062 0.31429831393595337 0.19657157115128093 0.13384673089958676 -0.03016785498293906 -0.10793804460073494 -0.138179108579876 -0.32991485230000106 -0.35132854592024915 -0.5150153617581287 -0.5990574125090782 -0.66260540567006 -0.7121667494663024 -0.8876137989405515 -0.8562992247538675 -0.9068681175275805 
0.0645689432588661 0.9401555948563114 0.9705993352271028 0.975358971822832 0.9868745429464219 0.9919522842645508 0.9978854375881936 0.8805620658068061 0.8805370935832453 0.8300042771565752 0.7465762167491259 0.6207931514099031 0.5719763416971686 0.46578529888011067 0.25452727082432325 0.31430111986940984 0.19083370597860108 0.03381279807999844 -0.03278779324671393 -0.1879897597206166 -0.26300747278070064 -0.32898857755447125 -0.4709310711415597 -0.5203456380777194 -0.5971382456435936 -0.6577191314486934 -0.6406903996714342 -0.8169176907293132 -0.8564968870364374 -0.9063242540528519 
0.7185032044458207 0.9402921454503496 0.9820448969901991 0.9666872258806539 0.9813811015960774 0.9922594101491811 0.9710274561615855 0.9500666792195247 0.914589654808988 0.8803688669627373 0.8836056155396406 0.7691900682969802 0.6601681536000105 0.6357372262004011 0.5433317581799404 0.39178902336110044 0.328350095918977 0.23093556609192523 0.20091713276534015 0.018482718901035977 0.01730446686990636 -0.22821272303675366 -0.16096870001015934 -0.3297309501185873 -0.4855402616642257 -0.519807825655949 -0.5316156675031579 -0.6861229976910488 -0.7765483203365589 -0.8409786422276447 
0.3929045590472608 0.9971777956507583 0.9760605236290472 0.9898467305329767 0.9939963368061743 0.9937011090370418 0.9960179083506694 0.8810381658501135 0.8806483892049969 0.7889830726837205 0.7842245934148983 0.6813466685637388 0.5739577167752407 0.4715691271496516 0.48223195436234784 0.3140409633215186 0.23289019304300976 0.08103943581091383 -0.03526810994832843 -0.15815295833206458 -0.268979194663654 -0.3061708806203905 -0.3472329073067401 -0.5203442687374705 -0.5456495133062416 -0.6640181773602425 -0.7428040214419837 -0.8077634647368289 -0.855381539425791 -0.908323492134842 
0.06289448793056444 0.9971890762910773 0.9702042618332245 0.9414603260444695 0.9929443025332426 0.9913227387337372 0.9939454707466219 0.8824128291171027 0.8784562367670563 0.788069648159207 0.7843729118857851 0.6503266045979156 0.5333655581781047 0.4725336474320248 0.41527534815860906 0.3143036487750724 0.19657157115128093 0.03424620537939588 -0.03016716305780083 -0.10792444798898752 -0.2570160471918052 -0.30603316049506646 -0.3553799251037662 -0.6213460444159287 -0.553930186430436 -0.6630606325638786 -0.699136225625967 -0.8043906532280524 -0.8793305033541029 -0.9061688422050241 
0.04485312013367788 0.8952378190945185 0.9484144194148767 0.9491476323894442 0.9805696028463714 0.9898078368124668 0.9786639398288567 0.9929169964276893 0.9806243807528535 0.8770463269307661 0.8729567432439093 0.7858167252926735 0.7735814757533619 0.6478716428833823 0.6688603715891546 0.5464286349296388 0.46671686896319714 0.3754525714979238 0.28825785124262493 0.10151090344056593 0.06699430490971776 -0.09535403308461904 -0.1525333764612241 -0.2821504688788098 -0.3506799235868871 -0.4336802530348302 -0.5296969507551299 -0.658196253881051 -0.6970373502508843 -0.8052363339132148 
0.7203730485718539 0.9170970217006098 0.9521490244141363 0.986056573926709 0.9901981263754799 0.9922600667226498 0.9856319014749072 0.9532480850786774 0.9117218011734982 0.9117680816125232 0.8803007450034539 0.7674825569108994 0.6589449784409446 0.632793445536464 0.48660807681827467 0.43374075232992276 0.32864217901575365 0.22715754257878204 0.24509159868626026 0.016623407375999735 0.017625382200819717 -0.13906927732833824 -0.2527365629623908 -0.4174186965419353 -0.42590709421208267 -0.5052680876776509 -0.6068044401098145 -0.7010502155320594 -0.7898614187129595 -0.8534651084726181 
0.04929688112034941 0.8971521261690766 0.948198729348428 0.998216737789272 0.980602652160103 0.9898048257989247 0.9788286582139987 0.9929277380903266 0.9636084781974568 0.8633974317102873 0.8846063609419914 0.8167015731554494 0.7733696015015638 0.6542506077720224 0.6191210168252571 0.5368586075231557 0.45072350517657256 0.37554505925446185 0.26156439522840796 0.09787567804817712 0.06699430490971776 -0.09381141340929008 -0.15364611674540693 -0.2701643576200451 -0.38047372060759965 -0.43265707863097147 -0.5296958977030591 -0.6733423676744967 -0.7190287112415474 -0.8051596612627261 
0.3824862849654737 0.9026482092819286 0.9485079156298694 0.9363584567124549 0.980289161166661 0.9898117143447742 0.9993483691434931 0.9803703813434422 0.9766471398770394 0.917499608891993 0.8847354396626218 0.7927271073381905 0.7720940567403666 0.6544593632621024 0.6193826788495794 0.5349705314406759 0.4554744429845045 0.30437169525044877 0.26770630065757783 0.08724957012300574 0.06634509206299967 -0.06854290132982362 -0.1525365899814427 -0.31136565663325744 -0.3384806202069195 -0.49269322229324947 -0.5290506450039022 -0.6507705385089306 -0.695354793054488 -0.8210189240340544 
0.3810545060796228 0.9026463100272047 0.9115765661597555 0.9496290134611985 0.9986560560503334 0.9965589552575522 0.9765215277627699 0.9803516721602489 0.9803193081489514 0.9170316515773619 0.8847270378475338 0.7925863196997898 0.7736180428359319 0.653042120631958 0.618502670840775 0.5472262448591653 0.4552721958735994 0.37386237543160983 0.29891097511602344 0.10200373678208034 0.06461466446942543 -0.07406477178027744 -0.1497244015351676 -0.276798498849021 -0.350550611330813 -0.42461496138612626 -0.5627233461020973 -0.639323468001274 -0.695859044067219 -0.8551423662319534 
0.059647944782617944 0.9997251109030574 0.9672909449924548 0.9914848483903209 0.9927544585398071 0.9908510023734016 0.9579733257919442 0.9333345643570058 0.8375172207153637 0.8226472691441648 0.765131688708538 0.6809305781864808 0.6149255139466601 0.46942527251113086 0.4642008475897936 0.31617301855724245 0.2722064179172332 0.18689222703288755 -0.01002334278795717 -0.1095345873116403 -0.23668660770331545 -0.2617352053778125 -0.35489104588423254 -0.5191389140928078 -0.5547887375487952 -0.6632129624535393 -0.7404295635984227 -0.8060327554137334 -0.856379358027781 -0.9019293700004355 
0.38028564243861623 0.8952246770157525 0.9481938689643468 0.9491272871472852 0.98060274252949 0.9898195052150214 0.9891711196659996 0.9852625216201836 0.9765335717245323 0.8651933220215221 0.8846064501774492 0.7858222839986767 0.7735793381799134 0.6393080488037978 0.6630111161839303 0.5368724225848936 0.4504847379006453 0.375240530983623 0.26942935928651346 0.09632240209796579 0.048106083776871436 -0.06426546740836966 -0.15401521838784313 -0.2709673251420331 -0.3810656102707879 -0.43299392472668474 -0.5297424396830785 -0.6262764259414039 -0.7125280681532511 -0.8162832688307555 
0.7203730485718539 0.9170970217006098 0.9521513734322776 0.986056573926709 0.9817704980094052 0.9922561322618766 0.9856319014749072 0.9532480850786774 0.9117218011734982 0.8813592158985117 0.8804678983602315 0.7674825569108994 0.6594272064577582 0.6301484802324423 0.48423040688112384 0.43374075232992276 0.32864217901575365 0.22715754257878204 0.16310456142413168 0.016623407375999735 0.017097323643892885 -0.13906927732833824 -0.2586423264821564 -0.4150920318088546 -0.5500713246430087 -0.6113250458782101 -0.5280914213267595 -0.7010502155320594 -0.7898614187129595 -0.8765266446926636 
0.3864592897017713 0.9022383930818878 0.9749528595756631 0.99278269777772 0.9903209652131595 0.992381267282721 0.9672250364689201 0.9642595906405126 0.8937648594406681 0.9134965605250825 0.8438014827417685 0.8009956191276524 0.6950598010455902 0.641761620986981 0.5376767231347387 0.4339607399714902 0.3335939419303294 0.2279227982780097 0.16751664787264514 0.014585466886773582 -0.026614727715719044 -0.22580055668056215 -0.23984065262877646 -0.4242624920724152 -0.4318543161451861 -0.5063314323134972 -0.5754314592898625 -0.7668933558134768 -0.7915514449336472 -0.8436834415806596 
0.06289448793056444 0.9971890762910773 0.965628277145349 0.9831770945439138 0.9929995516780117 0.9908631614857629 0.9939454707466219 0.9264333040352187 0.8788675094715215 0.7881171065073131 0.7869390932981898 0.6121341408740644 0.4346378446625546 0.47260912994220194 0.40496368515482556 0.3140236562047147 0.19657157115128093 0.07609134638451645 -0.03016716305780083 -0.10792444798898752 -0.2570160471918052 -0.3299121588930504 -0.3516037572789418 -0.5247034780990967 -0.553930186430436 -0.6630606325638786 -0.6955753871982309 -0.8078687403192824 -0.8583889993619152 -0.9065945150416472 
0.06289448793056444 0.9971890762910773 0.9701294265761007 0.9414603260444695 0.9929443025332426 0.9908631614857629 0.9939454707466219 0.8824128291171027 0.8788698579579045 0.788069648159207 0.7879199397088462 0.6503266045979156 0.43589075757521983 0.4725336474320248 0.4148961702686311 0.3143036487750724 0.19657157115128093 0.03424620537939588 -0.03016716305780083 -0.10792444798898752 -0.2570160471918052 -0.3299121588930504 -0.3553799251037662 -0.5248395509576926 -0.553930186430436 -0.6630606325638786 -0.6990966610928924 -0.8077709427596098 -0.8584425158630897 -0.9061688422050241 
0.38743141945731063 0.917317184430093 0.9518163767904596 0.9871163804093158 0.9893495734288059 0.9923745070146744 0.9672181412749643 0.9643252277734841 0.9355553901687804 0.9135022121582114 0.8432166826177561 0.7704741468168902 0.7455845837083858 0.663164576125921 0.48999993033292677 0.43382474083280337 0.3327191757656531 0.22712001272222967 0.16337112559123063 0.017635634568663478 -0.021796019011799093 -0.13943155104989494 -0.2526616126698859 -0.4568720713787462 -0.4309142854222119 -0.6190329251469813 -0.5956313536672497 -0.6821357250940543 -0.7919252681724311 -0.8438475465369183 
0.39608167739805017 0.9971775281839199 0.9710035609703365 0.9886695164255621 0.9940496212035896 0.9925643412771752 0.8899105386964905 0.8832627001102954 0.8806007122183115 0.7898919521759012 0.7841840360696735 0.619065774787824 0.42238052587806374 0.46985525429716957 0.4893971873319066 0.3143014445732111 0.199499559998007 0.08116809944834498 -0.032288943999364085 -0.15816254561614948 -0.22463679965119898 -0.32866365710942413 -0.34636886564359665 -0.5202815110245477 -0.5606284333397455 -0.6829004817917312 -0.6397751047709587 -0.8077495600067012 -0.8562144715015271 -0.9148876626964593 
0.05482945681347787 0.9186719761854045 0.9312040899621773 0.9936919412970155 0.9289956473899874 0.9959949362526372 0.9618338935631681 0.941210687945598 0.8930994956066093 0.818487400942313 0.843671362348418 0.7165972874578196 0.659477858828154 0.5582177810372347 0.4877602425050381 0.43375244382792866 0.33529629521816595 0.22738082313023492 0.16751458650467307 0.01671117803229501 -0.017511080638503526 -0.13913523994348148 -0.2519863072742734 -0.45620958796178673 -0.43093260839506864 -0.5822972838204235 -0.6326888372350048 -0.6845419284634008 -0.7892082024357938 -0.8407640811602675 
0.04647317086360614 0.8999593867527674 0.9478576573796351 0.9447224064358468 0.9986511592656147 0.999644205287101 0.9769900761448906 0.9791292311497298 0.9738599423370365 0.8819951025967737 0.9047276109519827 0.7857294732833352 0.7736059548487755 0.708688026658165 0.6180510740431534 0.5468039223045468 0.45538278417048367 0.31984624322949634 0.26067025708369473 0.1485205051139903 0.0669587641184557 -0.07479186957133065 -0.15235852670349906 -0.2736143225413331 -0.364862055392445 -0.4570629094924863 -0.5557845513625227 -0.6965826337540219 -0.6967412401264147 -0.7218869838044449 
0.05482945681347787 0.9188745154222792 0.931306448023312 0.9936919412970155 0.9286267411689112 0.9922651759864812 0.9618061208570141 0.941210687945598 0.8823454801342054 0.818487400942313 0.8436714096793845 0.7165972874578196 0.6579667754833587 0.5583659887233113 0.4877592690826658 0.43375244513030564 0.31250928484501056 0.22738082313023492 0.16751458650467307 0.016709934557008733 -0.017467859400847247 -0.13913523994348148 -0.2519863072742734 -0.45620958796178673 -0.430932549494348 -0.5823639219776496 -0.6326883049122398 -0.702069934669759 -0.7892082024357938 -0.8407640811602675 
0.7287706792099113 0.9971729907426068 0.9655090358892828 0.993770227750244 0.9906615485890581 0.9663592291592381 0.9973585817151788 0.8838232248058273 0.8763399339773108 0.7898272155100847 0.7810282240226136 0.6293424015268786 0.5701704335550682 0.4697320845478601 0.4049356928835798 0.31303822281521243 0.19930790359166806 0.08044486241401246 -0.03276386650815582 -0.11015172758809383 -0.05760913606380841 -0.3286521097135017 -0.35101978086541524 -0.5247001999878425 -0.5973987124227816 -0.6633647177306097 -0.7187237009391093 -0.8079348898387925 -0.8566957174015672 -0.9071242442722467 
0.38100156946273867 0.9025263814821127 0.9109949211701236 0.9496290134611985 0.9910010792401159 0.9965589552575522 0.9765215277627699 0.9803516721602489 0.9742099231521428 0.8833405225554948 0.8847270378475338 0.7925863196997898 0.7719642880105547 0.653042120631958 0.6185730332338313 0.5345953215034785 0.4552721958735994 0.28286197144478153 0.26250418502629747 0.10200386563351689 0.06461466446942543 -0.07409970611182215 -0.15245743911734055 -0.276798498849021 -0.350550611330813 -0.42461496138612626 -0.5627233461020973 -0.639323468001274 -0.695859044067219 -0.8551423662319534 
0.38245083387822937 0.9025240768639327 0.9484836827594584 0.9363584567124549 0.9910274077907543 0.9898115910840393 0.9996962410664914 0.9867602306755034 0.9738749426873218 0.8816592979933723 0.8847980437224889 0.785729114079034 0.7719930842258733 0.6476751815236179 0.6202138665707299 0.5349705314406759 0.4549732538472513 0.29079667509698165 0.261634842831359 0.1019739497863989 0.019019002707061455 -0.06858923610209026 -0.1525365899814427 -0.31155442639817615 -0.33844116937116264 -0.49484194143322296 -0.5290506450039022 -0.6507705385089306 -0.6953342380746802 -0.8200346380027517 
0.04929688112034941 0.8971521261690766 0.948198729348428 0.9490628024274436 0.980602652160103 0.9898048257989247 0.9788286582139987 0.9929277380903266 0.980729974193669 0.894718876037244 0.8846063609419914 0.7858192027387767 0.7733696015015638 0.6542506077720224 0.6191210168252571 0.5368586075231557 0.45072350517657256 0.37554505925446185 0.26156439522840796 0.09787567804817712 0.06699430490971776 -0.09381141340929008 -0.15364611674540693 -0.2701643576200451 -0.307961995968252 -0.43265707863097147 -0.5296958977030591 -0.6538055388604218 -0.7190287112415474 -0.8051596612627261 
0.7110865883172245 0.8923178003193206 0.9160973094529015 0.9460516641036975 0.980617877471893 0.9966580124501336 0.9995777464209031 0.9811033168784378 0.9765381986536078 0.8795419446943628 0.8845993073260121 0.7927519262423793 0.8167220234171838 0.6480925765654447 0.6668698765264474 0.41220959744234664 0.5082156767163233 0.37685535839262546 0.2714193802885599 0.09649796009536948 0.06640582216453385 -0.06847323453703767 -0.15245512543511897 -0.2707317543760964 -0.3516801467514186 -0.4570898441861685 -0.5298313741135785 -0.6574025950775075 -0.696418243731758 -0.7963325782457373 
0.38341771398586644 0.9027473391780301 0.9480437260312636 0.9423170782323772 0.9806069640880279 0.995142856684158 0.9690925012546875 0.9800492418095361 0.9806197647340767 0.889877843448287 0.8847881292791592 0.7852701038112796 0.7734428948009382 0.655185638096094 0.6155391421823524 0.5369155449851803 0.4506279064792329 0.31944291191331436 0.2616960135263919 0.0980707513330237 0.0481559953129166 -0.06840234063980175 -0.15080879115595497 -0.3110808335978916 -0.38252361171131843 -0.4932200967769294 -0.5557846960501709 -0.6514553432082364 -0.6970256911363769 -0.8200346380027517 
0.38245083387822937 0.9025240768639327 0.9484836827594584 0.9363584567124549 0.9910274077907543 0.9898115910840393 0.9996962410664914 0.9867602306755034 0.9738749426873218 0.8816592979933723 0.8847980437224889 0.785729114079034 0.7719930842258733 0.6476751815236179 0.6202138665707299 0.5349705314406759 0.4549732538472513 0.29079667509698165 0.261634842831359 0.1019739497863989 0.019019002707061455 -0.06858923610209026 -0.1525365899814427 -0.31155442639817615 -0.33844116937116264 -0.49484194143322296 -0.5290506450039022 -0.6507705385089306 -0.6953342380746802 -0.8200346380027517 
0.3810545060796228 0.9026463100272047 0.9115765661597555 0.9496290134611985 0.9986560560503334 0.9965589552575522 0.9765215277627699 0.9803516721602489 0.9803193081489514 0.9170316515773619 0.8847270378475338 0.7925863196997898 0.7736180428359319 0.653042120631958 0.618502670840775 0.5472262448591653 0.4552721958735994 0.37386237543160983 0.29891097511602344 0.10200373678208034 0.06461466446942543 -0.07406477178027744 -0.1497244015351676 -0.276798498849021 -0.350550611330813 -0.42461496138612626 -0.5627233461020973 -0.639323468001274 -0.695859044067219 -0.8551423662319534 
0.3864592897017713 0.9022383930818878 0.9749528595756631 0.99278269777772 0.9903209652131595 0.992381267282721 0.9672250364689201 0.9642595906405126 0.8937648594406681 0.9134965605250825 0.8438014827417685 0.8009956191276524 0.6950598010455902 0.641761620986981 0.5376767231347387 0.4339607399714902 0.3335939419303294 0.2279227982780097 0.16751664787264514 0.014585466886773582 -0.026614727715719044 -0.22580055668056215 -0.23984065262877646 -0.4242624920724152 -0.4318543161451861 -0.5063314323134972 -0.5754314592898625 -0.7668933558134768 -0.7915514449336472 -0.8436834415806596 
0.048035759982975684 0.9220912770332504 0.9484961735664442 0.9487455909597539 0.9809623182688002 0.9902814863490628 0.978591931171231 0.9811870325972006 0.976994209400272 0.8896006460845536 0.8847561103957627 0.7863520781099067 0.7734296972353002 0.7660840625051358 0.5878207002863015 0.5686235461016722 0.45562766869203913 0.37177347372005093 0.2616065570513748 0.09789687762958137 0.04956338299963146 -0.06462860748993342 -0.1518013453019358 -0.2450636333312471 -0.3818546158323587 -0.4324667642114307 -0.5573708982787176 -0.6054069433994647 -0.7450051439920189 -0.7220857206477543 
0.38341771398586644 0.9027473391780301 0.9480437260312636 0.9423170782323772 0.9806069640880279 0.995142856684158 0.9690925012546875 0.9800492418095361 0.9806197647340767 0.889877843448287 0.8847881292791592 0.7852701038112796 0.7734428948009382 0.655185638096094 0.6155391421823524 0.5369155449851803 0.4506279064792329 0.31944291191331436 0.2616960135263919 0.0980707513330237 0.0481559953129166 -0.06840234063980175 -0.15080879115595497 -0.3110808335978916 -0.38252361171131843 -0.4932200967769294 -0.5557846960501709 -0.6514553432082364 -0.6970256911363769 -0.8200346380027517 
0.39608167739805017 0.9971775281839199 0.9710035609703365 0.9886695164255621 0.9940496212035896 0.9925643412771752 0.8899105386964905 0.8832627001102954 0.8806007122183115 0.7898919521759012 0.7841840360696735 0.619065774787824 0.42238052587806374 0.46985525429716957 0.4893971873319066 0.3143014445732111 0.199499559998007 0.08116809944834498 -0.032288943999364085 -0.15816254561614948 -0.22463679965119898 -0.32866365710942413 -0.34636886564359665 -0.5202815110245477 -0.5606284333397455 -0.6829004817917312 -0.6397751047709587 -0.8077495600067012 -0.8562144715015271 -0.9148876626964593 
0.39608167739805017 0.9971775281839199 0.971584992865222 0.9885288900523898 0.9940496212035896 0.9670174264300794 0.8899105386964905 0.8832547733239988 0.8764595999227582 0.7898911494361971 0.7842791834813331 0.619065774787824 0.5753755249950345 0.46985307022715195 0.4893971873319066 0.3133742172723304 0.199499559998007 0.08116809944834498 -0.03228834715429787 -0.15816254561614948 -0.22894902220107713 -0.3286782869604865 -0.3465828870396229 -0.5202817222601198 -0.5533053824705024 -0.6829004817917312 -0.7488729106858358 -0.8077282486399324 -0.8562144715015271 -0.9783733215899921 
