0.2798436262622117 -0.7209588834664962 -0.618843214457439 -0.5457656169948453 -0.44829155862684217 -0.37868006987581465 -0.28186712666296904 -0.12774178253444107 -0.03907982567260188 0.12152882631814131 0.16923866161242998 0.2683915162298657 0.3677780684837128 0.4856111148169073 0.5584332730862737 0.6461690587536042 0.7221776071789563 0.7840180859506344 0.841188697560471 0.9002410708881684 0.9392516795550137 0.9677053468975411 0.9888975427844565 0.9894743708815642 0.987410574594437 0.9645148487347155 0.9696667352102817 0.9356966489539268 0.9023043129182463 0.870963244561819 
0.9507359048635406 -0.6711611649396376 -0.5910203999815307 -0.49658027894691237 -0.3964405829601644 -0.29986825366059217 -0.1797868482831627 -0.09895154732157742 0.008641168370776052 0.12571130318805537 0.22749447075382667 0.32544612620255964 0.38700388042391404 0.5176085003947293 0.560273273339934 0.675845732743898 0.7428801463702557 0.8165381027267773 0.8367793975539168 0.918649223844933 0.9475874696967748 0.9884020435517602 0.9968776350260088 0.9990012916046296 0.9873996289435917 0.981279460565585 0.9552944966570784 0.9081062865046406 0.8291681230827485 0.8089285777869398 
0.2798436262622117 -0.7209588834664962 -0.618843214457439 -0.5457656169948453 -0.44829155862684217 -0.37868006987581465 -0.28186712666296904 -0.12774178253444107 -0.03907982567260188 0.12152882631814131 0.16923866161242998 0.2683915162298657 0.3677780684837128 0.4856111148169073 0.5584332730862737 0.6461690587536042 0.7221776071789563 0.7840180859506344 0.841188697560471 0.9002410708881684 0.9392516795550137 0.9677053468975411 0.9888975427844565 0.9894743708815642 0.987410574594437 0.9645148487347155 0.9696667352102817 0.9356966489539268 0.9023043129182463 0.870963244561819 
0.2844638822244695 -0.6712447623133404 -0.6104768221921577 -0.5020400557863144 -0.4230292298122985 -0.29937128223956105 -0.22964361045706663 -0.09789421400071187 0.009904529097301147 0.09243609487248956 0.20420980070787084 0.31770663876766714 0.38462797600043347 0.49542475489286586 0.5803797855262948 0.6755143636320395 0.7398039797689323 0.8162014516070057 0.8544083890148257 0.9192996129848204 0.9598919917392 0.9774786322350764 0.9961494822837226 0.9966369820439495 0.9878366369518912 0.9763337855885624 0.956343931895238 0.9082847802866041 0.8321461543149402 0.8057239969549476 
0.9469284936935303 -0.5713240888666454 -0.6191101656519232 -0.5282354755222368 -0.4450052467854725 -0.3723246394103524 -0.2517754093207714 -0.15249514179061713 -0.035310914476466906 0.06425330187653996 0.17060710480184485 0.24805414267243503 0.36813458734052623 0.48618666400608357 0.5582337607287712 0.6453576642523526 0.7337877789172353 0.7844690023100565 0.8422012894703936 0.8935409865923849 0.9392799313228364 0.9593454041365396 0.9847310463527265 0.9998461303910575 0.9884317947775727 0.9664837147894834 0.9691754499006604 0.9238566376716465 0.8930790975376374 0.8220003365322875 
0.9469284936935303 -0.5713240888666454 -0.6191101656519232 -0.5282354755222368 -0.4450052467854725 -0.3723246394103524 -0.2517754093207714 -0.15249514179061713 -0.035310914476466906 0.06425330187653996 0.17060710480184485 0.24805414267243503 0.36813458734052623 0.48618666400608357 0.5582337607287712 0.6453576642523526 0.7337877789172353 0.7844690023100565 0.8422012894703936 0.8935409865923849 0.9392799313228364 0.9593454041365396 0.9847310463527265 0.9998461303910575 0.9884317947775727 0.9664837147894834 0.9691754499006604 0.9238566376716465 0.8930790975376374 0.8220003365322875 
0.9469284936935303 -0.6887698444619864 -0.6191101656519232 -0.5282354755222368 -0.44499959786152116 -0.3791526867309293 -0.2517754093207714 -0.15272667655074768 -0.03534511454142314 0.06341300934521028 0.17060710480184485 0.24843982820095012 0.3681369949391107 0.48618124668233575 0.5582337607287712 0.6453576642523526 0.7337877789172353 0.7846842814705308 0.8422137999964125 0.8931949906317531 0.9392799313228364 0.9593454041365396 0.9848058628040504 0.9889706710320001 0.9884318418220744 0.9664837147894834 0.9591494528998153 0.9238566376716465 0.8869771899223793 0.820548512846025 
0.9469024464137263 -0.6879512763289947 -0.6188395824179953 -0.5282359689823319 -0.4450052467854725 -0.30672074601159194 -0.252490119331115 -0.1528885647877505 -0.035086685530703474 -0.06726265352382754 0.17060710480184485 0.24805414267243503 0.36813458734052623 0.48618666400608357 0.5582337607287712 0.6586252384209357 0.7337877789172353 0.7841224406348175 0.8410969142048423 0.9046641932708268 0.9392799313228364 0.9593454041365396 0.9847310463527265 0.9998461303910575 0.9884317947775727 0.9664837147894834 0.9572802178644519 0.9238566376716465 0.8930790975376374 0.8220003365322875 
0.2808939823061131 -0.686040089235704 -0.6141747341632395 -0.545707576899925 -0.4485704097011363 -0.37843081355816627 -0.23810521583501254 -0.15139097898106257 -0.03473206835611322 0.08723160821194613 0.14972501932971488 0.26818002289216053 0.368274900001908 0.48566110813701746 0.5576266917664872 0.6453846556565492 0.7217735139674599 0.784793243051426 0.8423046168218598 0.892855608384469 0.9392609632371783 0.9787701899584283 0.9847921947754258 0.9894611889607303 0.9903976946685793 0.9807209658652993 0.9575680023095438 0.9312001981562652 0.8864983565134723 0.8546861913794737 
0.2798812129628586 -0.685193363365571 -0.6140917648350523 -0.5333722947552557 -0.44828758016084486 -0.37864369348796706 -0.2801045721235185 -0.12744381574983685 -0.03924610847081003 0.08549831732448637 0.16990834368913826 0.2681681935994002 0.3677589747015207 0.4861476230488246 0.5593359121547397 0.6459399296246111 0.7207228997051484 0.7892718587638328 0.8411895684895037 0.8934555648912286 0.939251602387111 0.9683984388502149 0.9845718251007843 0.9893335068362467 0.9876408041010304 0.9645148487347155 0.9592339182711178 0.9228450425408503 0.9022718427116594 0.8408731590658768 
0.2798436262622117 -0.7209588834664962 -0.618843214457439 -0.5457656169948453 -0.4483643864995033 -0.37868006987581465 -0.28186712666296904 -0.12772938461236807 -0.03907982567260188 0.07496717052605179 0.16923866161242998 0.2677348120198714 0.36782177477769795 0.4856111148169073 0.5658734786073873 0.6458627324803276 0.7221776071789563 0.7840180859506344 0.841188697560471 0.9002410708881684 0.9392516795550137 0.9677053468975411 0.9888669400718901 0.9894743708815642 0.987410574594437 0.9926894094061279 0.9694612692144486 0.9356966489539268 0.9023043129182463 0.8704282320835863 
0.2802317994660246 -0.686103241691046 -0.6174769455965267 -0.5277885140043249 -0.449716151797653 -0.37843216951371783 -0.2816518702580506 -0.15155167301575415 -0.03290505970221457 0.08725753118993154 0.14848695192720424 0.26818002289216053 0.3674254509983379 0.48660178853213293 0.5586127211300508 0.6453531466530735 0.721794954150227 0.7839429325147094 0.8414059040265764 0.9053613238401836 0.9392609632371783 0.9674506342376835 0.9795768799250899 0.9929697853722768 0.9883222209300759 0.9650571124721914 0.9700583414902909 0.9314082928051699 0.8854751108383198 0.8216600023648147 
0.28333511775952547 -0.6713615171844648 -0.5804261059022121 -0.5003059077023498 -0.3918358652640126 -0.305609628206776 -0.19753278711508457 -0.09813484479118265 -0.0017678052184193784 0.08807728247801212 0.1966759627403038 0.302736037535722 0.4289390511291126 0.48921798400693106 0.5810734399824528 0.6593288066083011 0.7413480783954233 0.816682459290348 0.8641831708480874 0.9188404944138334 0.9478056250248059 0.977242658453659 0.996619784177253 0.9897987602898419 0.9874676601812162 0.9872609504188284 0.9590166815641924 0.9072838075084279 0.8469110176608675 0.8049447841136226 
0.2798436262622117 -0.7209588834664962 -0.618843214457439 -0.5457656169948453 -0.44837021677354644 -0.37868006987581465 -0.28186712666296904 -0.12772936498561746 -0.03907982567260188 0.12142194148760571 0.16923866161242998 0.2683915162298657 0.3677754042066388 0.4856111148169073 0.5584332730862737 0.6461699476635986 0.7221776071789563 0.7840180859506344 0.841188697560471 0.9002410708881684 0.9392516795550137 0.9677053468975411 0.9888975427844565 0.9894743708815642 0.987410574594437 0.9645148487347155 0.98741790625689 0.9356966489539268 0.9023043129182463 0.8212276653107153 
0.2805283491583762 -0.6860706345865096 -0.6190968344777429 -0.5430024441655503 -0.44375138460797053 -0.376041346391482 -0.25123544796458247 -0.14314876946473534 -0.03531859442918559 0.06425330187653996 0.1705689157891068 0.2831715481293079 0.3677849859993034 0.4861886793602521 0.5584705683877522 0.6459310348137695 0.7335900114846854 0.7844691445544828 0.841239965058692 0.8936450889606148 0.9394691404311224 0.9790341808932994 0.9792910569418395 0.9972969369723644 0.9884589989896485 0.9663745757294818 0.9584107860059224 0.9238996626059514 0.9259962287925504 0.8219890753065637 
0.9507258273045517 -0.6849356337458251 -0.5910203999815307 -0.49658027894691237 -0.3964405829601644 -0.29986825366059217 -0.1797868482831627 -0.09895154732157742 0.008641168370776052 0.12571130318805537 0.22434118196755892 0.32544612620255964 0.38700388042391404 0.48605104535985866 0.5603327218811038 0.675845732743898 0.7428801463702557 0.8149869645010629 0.8829515054614959 0.918649223844933 0.9475874696967748 0.9783566242604713 0.9965355965804218 0.988858743918218 0.9873996289435917 0.9791842898715019 0.9584286022260164 0.9081062865046406 0.8291681230827485 0.8089285777869398 
0.2812199252276148 -0.6860420011224833 -0.6188174937271894 -0.5277076656824596 -0.44853484523928816 -0.3718900246613133 -0.23544766285788069 -0.1298674695343637 -0.033887638474796804 0.0870733817044493 0.1703053137154089 0.26839019577873746 0.36777430668016964 0.48606701083680054 0.5584705850417933 0.6461400742453552 0.7221360532053087 0.7840010922867754 0.8411865756269695 0.9054067896418482 0.9392787714436011 0.9666915264294712 0.9849685764994695 0.9974137368404504 0.9877915773984297 0.971706970074615 0.9696395312274584 0.9226017878673105 0.8866134210166069 0.8234477146174749 
0.28442184046438224 -0.6715899315005233 -0.5802421029996352 -0.4965941036942079 -0.39363926515508507 -0.28918023413939004 -0.18029310251107997 -0.11354201038178834 -0.0029375382820505036 0.09297303619083962 0.22567167959058204 0.32629633904748556 0.38623777015378663 0.49058231235110256 0.5806214316207373 0.6765004098325271 0.7426423634106503 0.8164187136422647 0.8627530548258918 0.9179760416477565 0.986977433859142 0.9770126842929786 0.9981364000911991 0.9985621125256219 0.9873991901828992 0.9816591427105749 0.9246357399336441 0.9074620360165477 0.831448123721166 0.8089257216983962 
0.9478330261409855 -0.7118403393604892 -0.6141509847390022 -0.5277011814257832 -0.4454132247782185 -0.3627706911841152 -0.23579215072296003 -0.15113395389975656 -0.033650262255043674 0.05625707408991657 0.16958566560035168 0.2831451582577566 0.37448933907275445 0.48605276725937135 0.5584402752193268 0.6458783060231701 0.7335863834900445 0.7842465285299032 0.8415796709062306 0.8936464683017572 0.9392619911774779 0.9788892943038887 0.9849938777505354 0.996783287765343 0.9967104397745081 0.9821599959323576 0.9584254919139701 0.9438382146489963 0.8872473262768166 0.8219654909641886 
0.9486388687266155 -0.6862400059476037 -0.6109617232703368 -0.5283927043378122 -0.43954597231824255 -0.3062217992066049 -0.22570273002570448 -0.1303055718117537 -0.0019312408215321369 0.08649342198845517 0.1685687598341817 0.28310238163804935 0.3688852342538941 0.4863711235094989 0.5577082083561806 0.6452906672684714 0.7396504073037017 0.7796317135549271 0.8827660226000396 0.9046424845707474 0.939314697685446 0.9668824070794689 0.9959524206756585 0.998490904281681 0.9841307086355549 0.9820262635573346 0.9236613532072744 0.9233510829219737 0.8869630527653926 0.8272175879232165 
0.949986609230079 -0.6848583708044936 -0.5804164261076105 -0.500247503042482 -0.4191492092011816 -0.29994624848177315 -0.21661417839651295 -0.10418075664208064 -0.0016245617135710517 0.09287600655516029 0.22577144435603685 0.3027937121740766 0.40472896770588684 0.4876742129151709 0.5814944371692339 0.6582368267153257 0.7414645900879155 0.7857711381588005 0.8623810312627579 0.9260078275981676 0.9492647469174107 0.9798023588775228 0.9968388029017239 0.9921975190149053 0.9886384936630538 0.9891784739398495 0.9228057013903844 0.9077839193019642 0.8529221000299965 0.8083274283577007 
0.2802317994660246 -0.687223535256563 -0.6194765528007123 -0.5460538962571774 -0.4454307122616442 -0.37843081355816627 -0.23430276622249263 -0.1514501969556598 -0.03461961028427782 0.08725006424915732 0.14782710230844395 0.26818002289216053 0.368274900001908 0.48618466007559963 0.5586094030422134 0.6453539462077016 0.7217759041498379 0.7848380251727457 0.8423171434449843 0.9053613238401836 0.9392609632371783 0.9797131971395175 0.984826574351256 0.9892245654348389 0.9884262387800106 0.9667689060717123 0.9584500869894399 0.9310574994604504 0.8854751108383198 0.8549683069459721 
0.2839510413576495 -0.6711958170079767 -0.5918719610835692 -0.5004566225510793 -0.4050452000267643 -0.2993729461475255 -0.22957006862959303 -0.11320097966671579 0.010154622963299277 0.08726937396870645 0.2038042778307252 0.31866986838165906 0.38180228658599363 0.49476283239941776 0.5538550071463573 0.6752473617117006 0.7432817160162896 0.8165434624270934 0.8622203453120183 0.9192495398846602 0.960207983792027 0.9772243691510624 0.9961832716679262 0.9997666232373003 0.9958340192366826 0.9809207891247064 0.9213149454353214 0.9082186912555633 0.8318847357701427 0.8087511725218516 
0.28291059965387083 -0.6851856669636469 -0.6145129205548872 -0.5108040411525123 -0.3925078714605979 -0.31850810971640975 -0.22578144158125615 -0.11283068587926794 -0.003250760659638363 0.08722154044722435 0.17517832798764071 0.3027319407689925 0.4254148781517447 0.48766315615884925 0.5585361066955095 0.659085698372688 0.739385390763634 0.7904057886514809 0.8632688237934084 0.9122813440023697 0.9393779966396019 0.9773675336506367 0.9966750105434252 0.990608571315228 0.9932708819835783 0.9832363275168674 0.9652775274980265 0.9083223408948289 0.8530304688930861 0.8238069478672281 
0.947198583612651 -0.6860292743318502 -0.6191477100307605 -0.5343605638300548 -0.4454096211121671 -0.3723246394103524 -0.2524187750383544 -0.15337359721739827 -0.03354129791362777 0.06366523045331761 0.17052012939854186 0.2821733775145371 0.36813367221162674 0.4859869036971022 0.5701704837589697 0.6458984844350564 0.7332719970187315 0.7844271512541996 0.8411393135507312 0.8936323706011412 0.9392792253247846 0.9792868856165613 0.9793808754847729 0.9966428207318156 0.9887310220184815 0.9672419912956135 0.9582965284624193 0.9238566376716465 0.8869691921150824 0.8239259341976081 
0.9492831126255514 -0.6859387086851757 -0.5914049505499699 -0.5346161716484118 -0.42330079441665996 -0.2988731629123573 -0.22413604358558406 -0.15326102329364044 -0.0022548261766556187 0.08854398859949314 0.17342602252508824 0.3044187727755838 0.3851183960252688 0.4877110208942003 0.570763959226382 0.6453124009406189 0.7394329569721073 0.7820528899306812 0.8450649897814693 0.9061177909937917 0.9494457126023735 0.985984098616556 0.996203739766751 0.9893307939714919 0.9874270558054147 0.9871758697039197 0.9582913621416088 0.9236542418270569 0.881761791243677 0.8239040541666868 
0.9502716921078578 -0.6718375098926456 -0.5798951147145821 -0.5004640674055576 -0.4049331247460075 -0.2992164236204556 -0.22705080214233056 -0.0979541297991575 -0.001561807219920573 0.08726940038464058 0.16947283833135407 0.3044666126503346 0.42748010455983826 0.4947580460246072 0.5932406567665344 0.6627581462383221 0.7394443310796728 0.8170406474139036 0.8654904131335363 0.9192174105851231 0.9598152540828977 0.9798782275994671 0.9961356451236081 0.9966400743642082 0.9986906761296149 0.980650156729568 0.9256436397697396 0.9229238691987173 0.8732049944167904 0.8049401271099679 
0.2812199252276148 -0.6860256605705446 -0.6146328159594465 -0.5256028188846725 -0.4449307633174064 -0.34793025433441405 -0.23544419000241065 -0.1524171089606893 -0.03432003632434059 0.08659219796776413 0.197527563960748 0.267743985106975 0.3671659748891336 0.48589273251369536 0.5597525499811749 0.6461446027196923 0.7390871632180801 0.7897032020315655 0.8415368016479876 0.9062156374803234 0.9392787714436011 0.967017885236718 0.9977291185157643 0.990882992359442 0.993268842268548 0.9808755174663643 0.9697832257421488 0.9226017878673105 0.8856407380311 0.8566547609883387 
0.9502716921078578 -0.6718375098926456 -0.5918097965041281 -0.5004640674055576 -0.4048094576336459 -0.29933137626278544 -0.22624454431878593 -0.09814149702829429 -0.0015066481645839426 0.08726940038464058 0.16757212819181225 0.3044666126503346 0.3836502262209538 0.4947580460246072 0.5588713348880585 0.6587764180743623 0.7232440621869943 0.8158634719872645 0.8670655042339297 0.9192174105851231 0.960687277487389 0.9799049472880876 0.9961934473523856 0.9985860122998933 0.9958547997871563 0.9806573318081078 0.9256436397697396 0.9074037006449703 0.8724164866842258 0.804769154481196 
0.2816296515978236 -0.6848073700634427 -0.61749883894941 -0.5330752757797078 -0.421711404135509 -0.3475641756142683 -0.2349383385548287 -0.11288068458834735 -0.03208745226180903 0.08662120160970496 0.17050952443477138 0.28546921917759577 0.36800262416760904 0.4876500940362701 0.5585970719100293 0.645316442967952 0.7394811193289788 0.7895721693208251 0.8414193187073721 0.896795579572417 0.9392515286185337 0.9875551906541303 0.9793826647341551 0.9973444771563768 0.9969279229755273 0.966069670499694 0.957654003815576 0.9231595289278339 0.8856477785026983 0.8217040647884035 
0.2820611012532702 -0.6860726801878944 -0.6147189031955198 -0.5250936539911479 -0.4441569003363766 -0.32010290521831564 -0.22627757147629243 -0.1273521028487155 -0.0012559286215478374 0.08803280562729535 0.17324509518686693 0.2980016128659434 0.36884336377333454 0.486682874849463 0.5597370088507785 0.6621895868983185 0.7391319602191422 0.7899687652698496 0.8422403625442857 0.9051414421796989 0.9391513193177211 0.9750295879862979 0.9793317935413564 0.9962453494678873 0.9998196982517467 0.9831007499312903 0.9338948843316397 0.9229891757995647 0.8862069736881436 0.8398544913334169 
0.9486388687266155 -0.6862400059476037 -0.6109617232703368 -0.5256990776115243 -0.43893206065713464 -0.3036681197334239 -0.22569975189495634 -0.1305461640021477 -0.03619823415212092 0.08649342198845517 0.16808075405063516 0.28543839745214267 0.3688701933280691 0.4863742436331474 0.5578120355391236 0.6602796258166178 0.7415180623899205 0.7896902535602411 0.8410907347746498 0.9061917207094502 0.947192184298826 0.9669794845607603 0.9957393888238818 0.998490904281681 0.9932586233555921 0.9809808543180456 0.9575096769864141 0.9235814688203996 0.8856702484785963 0.824038101654898 
0.2805283491583762 -0.6861872815881558 -0.6200902526859904 -0.5930782483407778 -0.4453134294320598 -0.37864830064545824 -0.23608813606675874 -0.14314876946473534 -0.03924457190074059 0.06509041864310339 0.16988548020540978 0.26870003848459856 0.3671667739410941 0.48591515244020916 0.5584631414743595 0.6459355632881064 0.7075377896954858 0.7893112940205701 0.8415395695257931 0.8932555109183552 0.9394691404311224 0.9791654605088981 0.9957783421839709 0.9893568802462095 0.9884589989896485 0.9663539694784198 0.9588069693695616 0.9228473577528886 0.8853566979019695 0.8221457904868092 
0.2839510413576495 -0.6857977199849317 -0.5804276085242654 -0.5003006378754048 -0.39593477242269665 -0.28898468789505105 -0.18040396108257248 -0.09780085709568884 0.008362921152444141 0.08717711969796439 0.24589038256427356 0.32606709947133505 0.42588198025568474 0.49062970608610085 0.5889281574684566 0.676149975461894 0.7436490806653943 0.8164143232346862 0.8627601222423136 0.9186266644325702 0.9476054593972947 0.9791764816215931 0.981347996022934 0.9968863349460341 0.9874689214275884 0.9812786622260794 0.9647789787286969 0.9232944274412633 0.8318856120563057 0.8049629326164477 
0.9481353402921859 -0.6872194004047466 -0.6194489595285431 -0.5282023034983326 -0.44539973480253126 -0.315956864815769 -0.2357886702044654 -0.15124404368265013 -0.03465723021657392 0.06399739296348368 0.17033812461403738 0.25930121178635784 0.37448803950682824 0.4859125605995723 0.5584410655817786 0.6458855289599987 0.7220682742097201 0.7847610880408031 0.8413027103406662 0.8937659288711223 0.9395233026617461 0.9797128011445069 0.9788998790036448 0.988628368733148 0.9885874136008579 0.98146439940312 0.9584754071140843 0.9406107976104909 0.887375532814657 0.8232253048420156 
0.2833580415733012 -0.6712738506096821 -0.5804248500826168 -0.5097847623524645 -0.4187940935163055 -0.3053315134350336 -0.1958117524876889 -0.10457104263990356 -0.0017678052184193784 0.09242280237144297 0.180570901110215 0.3054712232661708 0.43662492493693694 0.4879153674872378 0.588855295757153 0.6761569709765041 0.7434867898169812 0.8005498896805446 0.8629063439493506 0.9186930837312575 0.9477806784096487 0.9771604313761187 0.9971513482950611 0.9893250173207343 0.9874681060029934 0.98128353329367 0.9691390696549208 0.923663769667749 0.8470979519657255 0.8046708150298689 
0.2805283491583762 -0.6860706345865096 -0.6188428507884856 -0.5430024441655503 -0.44375138460797053 -0.3760738649391326 -0.25123544796458247 -0.14251065961757636 -0.038964530836988774 0.06425330187653996 0.1705689157891068 0.2831715481293079 0.3677849802721677 0.48559472049501284 0.5584313762899742 0.6461632293351548 0.7334282924682755 0.7844703590263166 0.8411892880672889 0.8937884684480859 0.9394691404311224 0.9790341808932994 0.9888112167071735 0.9972969369723644 0.9874373467419966 0.9663745757294818 0.9696703432309298 0.9538941871268393 0.9026453451732496 0.8219890753065637 
0.9474070656170737 -0.7106093731344431 -0.6191482486976845 -0.5282024137148216 -0.4449591899327313 -0.37234495016495195 -0.2357886702044654 -0.1512458890530114 -0.03465723021657392 0.0642668870737099 0.1695865018672075 0.2595637351930354 0.37448803950682824 0.48591039489658516 0.5584410655817786 0.6458783131740667 0.7335863817378254 0.7844624773619363 0.8413011472453362 0.8936450889606148 0.9395233026617461 0.978880982573317 0.9792910569418395 0.9972969369723644 0.9967546936856705 0.9814636919610658 0.9584107860059224 0.9238338638453703 0.887245866768695 0.8220003365322875 
0.9500760489083864 -0.6718375098926456 -0.5798951147145821 -0.5003479121544493 -0.404959225452335 -0.30008547537278324 -0.21598227791008778 -0.0979541297991575 -0.001561807219920573 0.08726940038464058 0.22550262842497593 0.3044666126503346 0.4060491105850546 0.49478919085005046 0.5808001176565183 0.6623767512135391 0.7394443310796728 0.815918121407108 0.8654370199028159 0.9194320301219612 0.9478365859021116 0.9798782275994671 0.9961356451236081 0.9966400743642082 0.9986906761296149 0.980650156729568 0.9256786414109335 0.9075297023574944 0.8535172973193611 0.8044078395766092 
0.2814651060827243 -0.6862475240796128 -0.614687475159621 -0.5254900309897567 -0.44340291916160046 -0.37180699005511825 -0.23485653888986607 -0.12714368239454155 -0.03245078954211925 0.08611993712758813 0.16860608142438016 0.28617421391677567 0.3688268885701123 0.4860693672298054 0.5577671117759406 0.6458542407305379 0.7401209855483858 0.7845115832545141 0.8412395339187952 0.8933025611092936 0.939278409259838 0.9787210444939365 0.9955087392387615 0.9983582526099941 0.9842314000850119 0.9877151100654191 0.9573510289119048 0.923349630518962 0.887248657557578 0.8219621754861304 
0.9474070656170737 -0.6862318761084005 -0.6194489595285431 -0.5284493648310334 -0.4451976875513797 -0.37234795706280144 -0.2357886702044654 -0.1516001528879169 -0.03465355322633652 0.06478446485879177 0.17033812461403738 0.25930121178635784 0.37448803950682824 0.4859125605995723 0.5581997607865765 0.6458855289599987 0.7220682742097201 0.7899480323217118 0.8449874178098886 0.9052828869571943 0.9395233026617461 0.978936397717019 0.9951731118632073 0.9891847934055613 0.9885164244792612 0.98146439940312 0.9639846399487002 0.9231894343761495 0.8854883950248004 0.8238328888899105 
0.9478330261409855 -0.7117842074033459 -0.6141509847390022 -0.5277011814257832 -0.4454132247782185 -0.36276845708299127 -0.23539451481010878 -0.15113506756364614 -0.03361390045046703 0.05678548312814338 0.16958564403261167 0.2831451582577566 0.37425931546074576 0.48605276725937135 0.5584850373453788 0.6458973835244068 0.7335857407963584 0.7842465285299032 0.8415796709062306 0.8933138395557676 0.9392621339205811 0.9782152371701185 0.9849391907134444 0.9886116702988248 0.9847823587578631 0.9821599959323576 0.9576183332124396 0.9241513750493913 0.8872473262768166 0.8219654909641886 
0.9500606060992101 -0.6709130241775052 -0.5921324776529125 -0.4966029873830767 -0.39337263009861984 -0.30017211647580583 -0.21611023574857788 -0.1041288982107068 -0.00204396931513347 0.09297303619083962 0.2239764643869339 0.3046217235268518 0.38477854528700733 0.4905053525250318 0.5581994202052301 0.6623779315819915 0.723179293701124 0.81590025962832 0.8635955305482353 0.9186960163734939 0.9465560599600369 0.9771479661151046 0.9981908274490852 0.998630164284248 0.9958068336454027 0.9816800210089424 0.9236968017398713 0.9074622811410651 0.8549999932996585 0.8089135000436355 
0.2825696158813711 -0.6848569387952611 -0.5747766071102338 -0.49587863789666903 -0.42170100568246865 -0.3062811697774619 -0.22629370423471865 -0.11297884949238092 -0.0017015583930493226 0.08731538023914472 0.20410251965046328 0.3027952774267038 0.3863586942199458 0.48890282159631226 0.570347265054527 0.6584858302364486 0.7429539910962267 0.8027105259916989 0.8480522020574457 0.9263359792648853 0.9476788477174845 0.9797546262949633 0.9963122015901612 0.9922000569472305 0.9874937201001054 0.9696548152094051 0.9522553699956771 0.9236789161559087 0.872111078768996 0.808316266234444 
0.2816157479212437 -0.6860646074612007 -0.6190968344777429 -0.5282022490625509 -0.44390072589752916 -0.37599801910183495 -0.23521324803832167 -0.14314876946473534 -0.03482121129230164 0.08666103462924142 0.16959592780244856 0.2831715481293079 0.3677751057321301 0.4860630606741053 0.5584575368831484 0.6459310348137695 0.7335964403282299 0.7844624773619363 0.841239965058692 0.8936450889606148 0.9394711926758581 0.978936397717019 0.9795762301954809 0.9972969369723644 0.9884589989896485 0.9663745757294818 0.9584107860059224 0.922847315847945 0.8865982720575911 0.8221457904868092 
0.9484505795140209 -0.6857889711657805 -0.591633430094354 -0.5280475173401673 -0.4437950072923066 -0.31735017673597044 -0.22618635856130884 -0.12856127166043566 -0.032979382895063664 0.07577757785274808 0.16949499169093568 0.282400345300305 0.36709936566560253 0.48918310333581166 0.5658005699608105 0.64588398339519 0.7392095194230781 0.7899482908721314 0.8413284257689452 0.8945561988921648 0.9395160954554476 0.9863795703173621 0.9794659484962358 0.9977251516492124 0.9886277376427521 0.9997479901621863 0.958191824504709 0.9311699882297523 0.8868971408841725 0.8238996180864337 
0.2823895014712737 -0.6633489604986148 -0.6130270016117202 -0.5115247146657463 -0.4210675466470292 -0.3123661108317196 -0.2263238120083425 -0.13034522369221238 -0.0017453481015445292 0.08663420658471493 0.1991653373187643 0.2969795478229076 0.3849289004608933 0.48759941190366063 0.557526868221689 0.6593807255278827 0.7392307548367462 0.7895876722448761 0.8643296324568562 0.9191350768260512 0.9476636445330836 0.9879806029712619 0.9793816142265163 0.9970118255135393 0.9874256486027317 0.9821278105892624 0.9734988123789498 0.9229289586842848 0.8805613837211008 0.8239966802112976 
0.2835774927077619 -0.6709130241775052 -0.5752152421276424 -0.4966026069263676 -0.39337263009861984 -0.30017211647580583 -0.21611023574857788 -0.1041288982107068 -0.004771106094140961 0.09297303619083962 0.2239764643869339 0.30270080881664907 0.3863917331645171 0.4905053525250318 0.5581994202052301 0.6623779315819915 0.7228561106151764 0.81590025962832 0.8474424194203456 0.9186960163734939 0.9476812596945338 0.9771479661151046 0.9981908274490852 0.998630164284248 0.9873990044293518 0.9817291347518694 0.9236968017398713 0.907451262992454 0.8718835482990404 0.8089135000436355 
0.9469024464137263 -0.6879512763289947 -0.6188395824179953 -0.5282359689823319 -0.4450052467854725 -0.30672074601159194 -0.252490119331115 -0.1528885647877505 -0.035086685530703474 -0.06726265352382754 0.17060710480184485 0.24805414267243503 0.36813458734052623 0.48618666400608357 0.5582337607287712 0.6586252384209357 0.7337877789172353 0.7841224406348175 0.8410969142048423 0.9046641932708268 0.9392799313228364 0.9593454041365396 0.9847310463527265 0.9998461303910575 0.9884317947775727 0.9664837147894834 0.9572802178644519 0.9238566376716465 0.8930790975376374 0.8220003365322875 
0.9495925038591078 -0.6848456599232454 -0.5806337808128382 -0.509964621050911 -0.42178906086847257 -0.3062334892034784 -0.2262689597574689 -0.11289099503891466 -0.0018268179394109497 0.08629053219931233 0.22525260500676994 0.3039765496326439 0.38476183293812166 0.48890282159631226 0.5703847126195467 0.6623821572932638 0.7390691864128851 0.8024686185014969 0.8402161392761052 0.923367728601304 0.9478926742051224 0.977656593999609 0.9794244797749015 0.9921651414328447 0.9876503135819418 0.9802327331448041 0.9529150051156353 0.9233528792013384 0.8540335448009131 0.8087708305310009 
0.9495095378450168 -0.6855230547706583 -0.5806011507658263 -0.4958790183533781 -0.42218299965289274 -0.3062334892034784 -0.22661381032038447 -0.11286252452382153 -0.001828059244686754 0.08731920472261183 0.20410251965046328 0.30465851440130426 0.38474520198308887 0.4889053764051963 0.570347265054527 0.6593257389305109 0.7413780888488003 0.8030950780290572 0.8641633402033262 0.9191891038972637 0.9465536479829876 0.9812626338586464 0.9824001143781805 0.9920887521897332 0.987859717419711 0.9697727223271275 0.9600775148074857 0.9236899343045197 0.8407421041937453 0.8048767467223772 
0.2805283491583762 -0.6861872815881558 -0.6200902526859904 -0.5930782483407778 -0.4484279291810528 -0.37864830064545824 -0.23609160892222877 -0.14314876946473534 -0.03924457190074059 0.06509041864310339 0.16988548020540978 0.26869812206474264 0.3677751057321301 0.4860630606741053 0.5584705683877522 0.6459310348137695 0.7211285093730724 0.7893112940205701 0.841189343504775 0.8934179860226983 0.9394691404311224 0.9789115364420296 0.9846145787645473 0.9972969369723644 0.9884589989896485 0.9663693602228948 0.9584061331219459 0.9228473577528886 0.8865982720575911 0.8221457904868092 
0.28220077166424595 -0.6848079643697954 -0.6177790090180417 -0.5277102453289947 -0.44540405527778815 -0.30654900267772844 -0.2353920344533489 -0.1260590370877676 -0.034653581699998146 0.08628895527456502 0.1707544443100837 0.2855188159730962 0.3736521988056316 0.4866577588888523 0.558730301235403 0.6460416560601134 0.7339824061262668 0.7899700614757303 0.8411744366009845 0.8968295437670324 0.9389811062669295 0.9796775160948211 0.9792911571379012 0.9975229079376003 0.9874038609999564 0.9826532487950087 0.9640319019504906 0.9234753274732103 0.8859242066703612 0.823237930937779 
0.9495095378450168 -0.6849572305971389 -0.5915233269840005 -0.4958790183533781 -0.42170100568246865 -0.3062334892034784 -0.22629370423471865 -0.11297884949238092 -0.001828059244686754 0.08731920472261183 0.20410251965046328 0.30465851440130426 0.38474550634243604 0.48890282159631226 0.570347265054527 0.6584858302364486 0.7432771741821743 0.8027105259916989 0.8635005960148355 0.9233709865706657 0.9465536479829876 0.9812626338586464 0.9822935388965226 0.9920887521897332 0.9959421509691169 0.9696057014664782 0.9528812722597819 0.9236899343045197 0.855227523769614 0.808316266234444 
0.28190196706131904 -0.6887540075753262 -0.6142444499724626 -0.5135829651773928 -0.4219268223119437 -0.3763519087589546 -0.23545634049278727 -0.15205976282994504 -0.03363206516680816 0.06344009956644546 0.1707771749248828 0.2681057307086284 0.36813909589960614 0.49457042156631603 0.5702710594351148 0.6462691383053507 0.7337057350041514 0.7901161384491124 0.8452945109648242 0.8935834421267786 0.9394581137240898 0.9780930727254552 0.9847589287901622 0.9873000138679522 0.9847616606144637 0.9809599894661395 0.9580904599316461 0.923835423684972 0.8835577688757443 0.8238101243622253 
0.2839510413576495 -0.6857977199849317 -0.5804278276778502 -0.5003006378754048 -0.39593477242269665 -0.28898468789505105 -0.18040396108257248 -0.09780085709568884 -0.001434791165437748 0.08721758929791561 0.24589038256427356 0.32606709947133505 0.42588198025568474 0.48775552194962885 0.5815093729022083 0.676149975461894 0.7436490806653943 0.7852481568806113 0.8627601222423136 0.9186266644325702 0.9476054593972947 0.9798077070687988 0.9814830067258994 0.9968863349460341 0.9874689214275884 0.9812786622260794 0.9645862446338576 0.9232944274412633 0.8523424658446747 0.8049623530089002 
0.2839510413576495 -0.6712027402417896 -0.5802411753965175 -0.5004569105717941 -0.4050452000267643 -0.2993729461475255 -0.22957006862959303 -0.11320097966671579 0.010154622963299277 0.08726937396870645 0.2038042778307252 0.31866986838165906 0.38178933233596035 0.4946308802870586 0.5538550071463573 0.6760519124394122 0.7432817160162896 0.8165434624270934 0.8622203453120183 0.9263493033494797 0.960207983792027 0.977108484039745 0.9973707120411424 0.9972290503491715 0.9964713603698337 0.9809207891247064 0.9549153133159145 0.9081506309324863 0.8318847357701427 0.8087675708032954 
0.9492831126255514 -0.6860206695137192 -0.5913818512393885 -0.5117415045355987 -0.42177586987571913 -0.3063817774603016 -0.23669786259047448 -0.1123345549938978 -0.0022548261766556187 0.08854398859949314 0.17329750471945196 0.3044683292107987 0.3851183960252688 0.48995048656906753 0.5593254652718622 0.6460735702610986 0.7412361886734484 0.7893185406647053 0.8450686817737716 0.905727203235079 0.9491828992796466 0.9723437688443791 0.9966154336776121 0.9897443772066314 0.988535232591696 0.9873743284070078 0.9734910453185931 0.9229708256206837 0.881761791243677 0.823875059630859 
0.9492831126255514 -0.6859387086851757 -0.5914049505499699 -0.5346239990925328 -0.42330079441665996 -0.29896780307002707 -0.22413604358558406 -0.11208420472110284 -0.0022548261766556187 0.08854398859949314 0.17342602252508824 0.3044187727755838 0.3851183960252688 0.4876422745190664 0.570772493201058 0.6590126583897751 0.7394329569721073 0.8236497189918005 0.8450686817737716 0.9061177909937917 0.9494457126023735 0.985984098616556 0.9966154336776121 0.9893307939714919 0.9874270558054147 0.9873743284070078 0.9582912920529739 0.9313711945045063 0.881761791243677 0.8239037982174996 
0.2823895014712737 -0.6866442764902478 -0.6130270016117202 -0.5115247146657463 -0.4210675466470292 -0.3123661108317196 -0.22615466788257269 -0.13049383555543229 -0.0017612217684093798 0.08663420658471493 0.19971176747397057 0.28420063597884687 0.38424258817445034 0.48759941190366063 0.557526868221689 0.6593807255278827 0.7394976891886624 0.7895876722448761 0.8641904482483109 0.9186593969656057 0.9385535483393795 0.9832219815577515 0.9793891992242255 0.9966263584442141 0.9874256486027317 0.9821278105892624 0.9737518372216359 0.9229289586842848 0.8805613837211008 0.8239936911119617 
0.9474070656170737 -0.7106093731344431 -0.6191482486976845 -0.5282024137148216 -0.4449591899327313 -0.37234495016495195 -0.2357886702044654 -0.1512458890530114 -0.03465723021657392 0.0642668870737099 0.1695865018672075 0.2595637351930354 0.37448803950682824 0.48591039489658516 0.5584410655817786 0.6458783131740667 0.7335863817378254 0.7844624773619363 0.8413011472453362 0.8936450889606148 0.9395233026617461 0.978880982573317 0.9792910569418395 0.9972969369723644 0.9967546936856705 0.9814636919610658 0.9584107860059224 0.9238338638453703 0.887245866768695 0.8220003365322875 
0.2836060713338435 -0.6857977199849317 -0.5803257292426603 -0.4965724762359099 -0.39587720742182614 -0.30595280413767595 -0.1824891295818583 -0.09860586025692579 0.008362921152444141 0.09276623269770796 0.22641599197209453 0.30310517522274993 0.3861555344630266 0.5161259295544918 0.5889487798818562 0.676149975461894 0.7450801054603287 0.8163733878129822 0.8631069333303615 0.9187236530605631 0.9487171487256332 0.9770715722862975 0.9817369460710977 0.9969022829145617 0.9874725063617303 0.9812786622260794 0.9645902129137335 0.9080466499163131 0.8701216453419396 0.8085709776536395 
0.2829107742240548 -0.6851849920759501 -0.614497272622159 -0.5108040411525123 -0.42324931590222614 -0.3059630773666001 -0.22578144158125615 -0.11298283909213351 -0.0032506762994309797 0.08721810920821663 0.17503848623543347 0.3027319407689925 0.4254148781517447 0.4876743921839173 0.5585361066955095 0.659085698372688 0.739385390763634 0.7904057886514809 0.8632688237934084 0.8963683007930152 0.939436290631915 0.9773675336506367 0.9966750105434252 0.990608571315228 0.9932708819835783 0.9832363275168674 0.9652775274980265 0.9083223408948289 0.8721955852653259 0.8238069478672281 
0.28190152084670334 -0.686015545964458 -0.6190527180503594 -0.5280386196431394 -0.4454335124402921 -0.31729633871599866 -0.2356769944841641 -0.12735463813698486 -0.034048052124391895 0.08732471854323424 0.1707851410357087 0.2841401963242037 0.36817867173668567 0.48539120920608014 0.5586702164359008 0.6459346450231047 0.7394975653827899 0.7894653859720544 0.8453197274919635 0.9059834622532463 0.9395411763998238 0.9672717536762939 0.9796835644223733 0.9894620104507138 0.9886228683455461 0.9666667170004584 0.9574744221784297 0.9293461698624522 0.8853063299303456 0.8231074053813627 
0.28143184396622684 -0.6861869022765813 -0.6146009316571696 -0.5254166402556186 -0.44340291916160046 -0.37957362575192294 -0.23539457890257537 -0.14386243683377073 -0.03249857410347108 0.08611993712758813 0.16978167178526343 0.26884927849183043 0.3688325726643512 0.48613223902398184 0.55852270503466 0.6459318997023725 0.7337225036056096 0.7844884762222296 0.8466498287378029 0.8934488372302438 0.9392748573561364 0.9787302031338655 0.9793376857673455 0.9972969347263716 0.9876467092587304 0.9878418325646255 0.9573404500174235 0.9232771943908014 0.8865866629919018 0.8230749061932623 
0.28269303649949146 -0.6633489604986148 -0.6130270016117202 -0.5115247146657463 -0.4210675466470292 -0.3182941328677316 -0.23483034011126924 -0.12581137196708814 -0.0017512106354541416 0.08663420658471493 0.19889891037373839 0.2969795478229076 0.3849289004608933 0.4876785061382445 0.5576511605820988 0.6593807255278827 0.739230749064628 0.7895876722448761 0.8642943439330679 0.8941471949972845 0.9476636445330836 0.9879183490220895 0.9793816142265163 0.9970118255135393 0.9874256486027317 0.9821278105892624 0.9738949715234808 0.9229235613953957 0.8805613837211008 0.8238179127151921 
0.284401343091028 -0.6708952189410489 -0.5803242862307244 -0.494654890682579 -0.39363926515508507 -0.3054905802907885 -0.18064336716169707 -0.11316605828882083 -0.0030262734422555945 0.09297303619083962 0.22567167959058204 0.30270080881664907 0.38623777015378663 0.516256123694224 0.5806214316207373 0.6765004098325271 0.7227454049861662 0.8158973585186399 0.8630112358550436 0.9179832458239113 0.9458933204711212 0.9770126842929786 0.9981171124055107 0.9985621125256219 0.9873991901828992 0.9816714793498176 0.9246357399336441 0.9074620360165477 0.8721466145814 0.808770964252332 
0.9502716921078578 -0.6718375098926456 -0.5918097965041281 -0.5004640674055576 -0.4049331247460075 -0.29933137626278544 -0.22705080214233056 -0.09792206702749447 -0.001561807219920573 0.08726940038464058 0.16887662423296373 0.3044666126503346 0.3836502262209538 0.4947580460246072 0.5588713348880585 0.6627561181756952 0.7398846285555507 0.8170407915021252 0.8654651343819998 0.9192174105851231 0.9605120646378047 0.9772252582926282 0.9961934473523856 0.9997418168338231 0.9958547997871563 0.9806573318081078 0.9256436397697396 0.9229238691987173 0.8724164866842258 0.8049401271099679 
0.2825696158813711 -0.6849572305971389 -0.5746060914587302 -0.5121838266288343 -0.42170100568246865 -0.3062334892034784 -0.226239099035953 -0.13066143275413084 -0.004555196023694245 0.08731920472261183 0.20410251965046328 0.2820705595544405 0.419920392420893 0.4942461969342264 0.570347265054527 0.6584858302364486 0.7429539910962267 0.8025216892469249 0.8473474848869457 0.8959506869176735 0.9476788477174845 0.9812626338586464 0.9822935388965226 0.9901379043224818 0.9885054810065841 0.9819015525047314 0.958172804977572 0.9236789161559087 0.872111078768996 0.808316266234444 
0.28290335064663424 -0.6851782961663818 -0.6169234282078859 -0.49587863789666903 -0.422823485632285 -0.3062334892034784 -0.22629370423471865 -0.11297884949238092 -0.0032199474484923773 0.08624417781259389 0.17503143933899193 0.3027375996911015 0.3863586942199458 0.48890282159631226 0.570347265054527 0.6584858302364486 0.7395070494037955 0.7907957417685764 0.8474562512548904 0.8959101730164102 0.9394341788361681 0.9962262610519969 0.9822838138101279 0.9920887521897332 0.9875343216731209 0.9696548152094051 0.9528812722597819 0.9236789161559087 0.872111078768996 0.8237036943130434 
0.9483604754993874 -0.6860159477052806 -0.6191491909905845 -0.546130383609704 -0.4454096211121671 -0.31217632265551404 -0.2517754093207714 -0.15116126457126178 -0.03354129791362777 0.08732030904079462 0.1711498376017422 0.28567335473923733 0.38474850858022147 0.48604482259571485 0.5582855580960874 0.6453448895067326 0.7335216876187669 0.7811335844431699 0.8413068380814694 0.904985825798241 0.9392792253247846 0.9787669502833305 0.9796215882146815 0.9966970661849793 0.9884289966949288 0.9671669559815579 0.9584350392773767 0.923849479747147 0.8854734622270737 0.8220003365322875 
0.9481353402921859 -0.6872194004047466 -0.6146906102012915 -0.5283248702869066 -0.44419176532267435 -0.31990354342671373 -0.2357886702044654 -0.15124404368265013 -0.03465723021657392 0.06459715283916227 0.17033812461403738 0.29793530679331964 0.3744181373659687 0.4859125605995723 0.559723839023751 0.6458855289599987 0.7216786691963419 0.789850974588684 0.8413027103406662 0.8936346766863111 0.9395225954088228 0.9748217668233539 0.9788998790036448 0.9958663528725704 0.9888998924710456 0.983161291012668 0.9332655705758068 0.940833327087274 0.8862089437048495 0.8232253048420156 
0.947198583612651 -0.6860790212007397 -0.6191388228835898 -0.5282067507424364 -0.44376012590087577 -0.3723246394103524 -0.2517754093207714 -0.1512652728457568 -0.06867426791314965 0.06365512576347855 0.17052012939854186 0.28606281494183244 0.36813367221162674 0.48605496921953967 0.5698133509931786 0.6453576054144872 0.7332719970187315 0.7844271512541996 0.8411445361718204 0.8936445671239158 0.9392792253247846 0.9884276242345239 0.9792921271975316 0.9964770159285782 0.9900801622205487 0.9672419912956135 0.9575605267959054 0.9238566376716465 0.885225286857964 0.8220003365322875 
0.28356553805547396 -0.6857977199849317 -0.5913717465828934 -0.4965724762359099 -0.39593477242269665 -0.30653025025340036 -0.2221921651422566 -0.09780085709568884 0.008362921152444141 0.09276623269770796 0.22506957562036023 0.30310765601350353 0.38614987801852074 0.5161259295544918 0.5888475802575788 0.6767168194315378 0.7452711419558801 0.8163733878129822 0.8631043597474062 0.9057342903179553 0.94944186942153 0.9770724412081663 0.9823992491200487 0.9969022829145617 0.9874725855836796 0.9812786622260794 0.9648085026936319 0.9312559937244929 0.8701216453419396 0.8085709776536395 
0.2812199252276148 -0.6860420011224833 -0.6188174937271894 -0.5277076656824596 -0.44853484523928816 -0.3718900246613133 -0.23544766285788069 -0.1298674695343637 -0.033887638474796804 0.0870733817044493 0.1703053137154089 0.26839019577873746 0.36777430668016964 0.48606701083680054 0.5584705850417933 0.6461400742453552 0.7221360532053087 0.7840010922867754 0.8411865756269695 0.9054067896418482 0.9392787714436011 0.9666915264294712 0.9849685764994695 0.9974137368404504 0.9877915773984297 0.971706970074615 0.9696395312274584 0.9226017878673105 0.8866134210166069 0.8234477146174749 
0.28269303649949146 -0.6707928465604582 -0.6130270016117202 -0.51215848847824 -0.4210675466470292 -0.3182941328677316 -0.23483034011126924 -0.12531286699117347 -0.0017512106354541416 0.08667852454847612 0.22556288164612184 0.2969795478229076 0.3849289004608933 0.4876785061382445 0.5576511605820988 0.6593807255278827 0.739230749064628 0.7895876722448761 0.8642943439330679 0.8941471949972845 0.9476636445330836 0.9879183490220895 0.9793816142265163 0.9970052845204364 0.9873988497566503 0.9816723695625527 0.9253531655503525 0.9068831556491285 0.8805613837211008 0.8238179127151921 
0.9485320906972214 -0.6865175334886061 -0.5908525590535422 -0.5280475173401673 -0.4437950072923066 -0.31735017673597044 -0.22618635856130884 -0.12856127166043566 -0.034119065966838696 0.07577757785274808 0.16949504070036797 0.2819022185386977 0.36792847160716446 0.48918310333581166 0.5658005699608105 0.64588398339519 0.7392113622099226 0.7899482908721314 0.8413284257689452 0.8945583724504789 0.9395160954554476 0.9863795703173621 0.9794659484962358 0.9989673034978327 0.9886277376427521 0.9997533233608099 0.958191824504709 0.9310609576066715 0.8875991158502438 0.8238996180864337 
0.28269303649949146 -0.6860770180202381 -0.6108399465300087 -0.5283809616772486 -0.4210675466470292 -0.3180829495019823 -0.22614980097566062 -0.13083731098280943 -0.0022993358221288507 0.08649191452418092 0.19889891037373839 0.29701374456112456 0.3849289004608933 0.4867614392951644 0.5576511605820988 0.6461154717321886 0.739230749064628 0.7895876722448761 0.8410375135149942 0.8933235772410597 0.9391387810265136 0.9667411956778317 0.9793776068789976 0.9970118255135393 0.9874233009379358 0.9819256227816562 0.9562810886909592 0.9227267095554597 0.8812398221476215 0.8270901924896693 
0.2839510413576495 -0.6851030074254573 -0.5803233586276066 -0.4965336982814798 -0.39353989009457735 -0.29987481184491865 -0.1806425805962185 -0.09902601444663352 0.008274185992239051 0.08723103888791349 0.24589038256427356 0.30247156924049856 0.3816072609524647 0.5163035174292223 0.5808737222852107 0.6760519124394122 0.7237521222409102 0.8158929681110614 0.8625431543239813 0.918625610295998 0.9476054593972947 0.9772866918572627 0.981347996022934 0.9968863349460341 0.9874462486821187 0.9812909988653221 0.9341260623918024 0.9081506309324863 0.8725841029165397 0.8087732712500829 
0.9500606060992101 -0.6709130241775052 -0.5802177958633664 -0.4966029873830767 -0.39337263009861984 -0.30005716383347597 -0.21611023574857788 -0.10416096098236984 -0.00204396931513347 0.09297303619083962 0.2245726784853242 0.3046217235268518 0.4286084236258918 0.4905053525250318 0.5805256781590518 0.6623799596446184 0.722738996225246 0.8159001155400984 0.8636208092997718 0.9186960163734939 0.9458592494051299 0.9798009354219435 0.998133025220295 0.998630164284248 0.9877398429143494 0.9816728459304025 0.9236968017398713 0.9074622811410651 0.8557885010322231 0.8089135000436355 
0.28190152084670334 -0.6860429111603447 -0.6143397745245844 -0.5287468907630167 -0.42177620598983123 -0.30689609189300376 -0.23567626935699926 -0.12738745727096612 -0.03225420533770323 0.0873182096160563 0.17077921131712434 0.2841618878576283 0.3842420210909158 0.48553409772102846 0.5587577689608177 0.6620100810862283 0.7394923354733205 0.7792120084075632 0.8453197274919635 0.8937657446540442 0.9388012986552983 0.9834347873281665 0.9796836328063159 0.9872563639225231 0.9875679598892888 0.9665899197971264 0.9575044465709992 0.9294243301388071 0.8972463319126548 0.8231096614967696 
0.28220077166424595 -0.6857582830802919 -0.5910619756315035 -0.512099471724206 -0.4449720670018792 -0.30705050193323874 -0.22621621078326176 -0.12764750471371694 -0.033096920619676465 0.0862599779584523 0.17075443647979827 0.3027378321709758 0.38411390296054687 0.4876876142127205 0.5587337521921697 0.6460331752104965 0.7412759803096892 0.7901551710459442 0.8636140470563347 0.8968295437670324 0.948452748226316 0.9774387446941982 0.9792934650413294 0.989728446024962 0.9874038609999564 0.9824882860436301 0.9598961829708106 0.9234988700749381 0.8855470385150312 0.8231160037417065 
0.2819894683417246 -0.6858078828108238 -0.6112655544092624 -0.5120535088836905 -0.4217770077264523 -0.3203088721517905 -0.22784021355496534 -0.13061216935632816 -0.0016506069977120805 0.0863332583388175 0.17077331060846762 0.2826165335315962 0.3850864325700231 0.49424717624383446 0.5597706459259616 0.6608791354674944 0.7415009792042764 0.7797287436945085 0.8450009856608949 0.9187401669977259 0.9491790861575081 0.9782452654295879 0.9822393556717789 0.9901392789744583 0.9884725275941101 0.9821288784231457 0.9580937842099374 0.9229117451813897 0.8853852902649225 0.8073554100450426 
0.28190196706131904 -0.6860710035003295 -0.6141878756720184 -0.513490193417748 -0.4209761459759587 -0.3087589591475207 -0.23577939248981392 -0.14302986109445076 -0.032727138304155204 0.06443553264296537 0.17076899153133873 0.26888105574265403 0.38492420714420206 0.4877825077112848 0.5597213816593505 0.6562913635555625 0.7414716825505003 0.779753037028138 0.8452945109648242 0.8900149660475435 0.9394832445626463 0.9879291378908087 0.9792786632240701 0.9869702012932116 0.9876857587321171 0.9820937064342738 0.9584122494740801 0.9294243301388071 0.8855464241657464 0.8221198921739893 
0.2839510413576495 -0.6857977199849317 -0.5802411753965175 -0.49659424607038904 -0.39353989009457735 -0.28898468789505105 -0.18029231594560138 -0.09902601444663352 0.008362921152444141 0.08723103888791349 0.24589038256427356 0.32606709947133505 0.3816072609524647 0.49062970608610085 0.5808737222852107 0.6760519124394122 0.7436490806653943 0.8164143232346862 0.8627601222423136 0.9186189946035873 0.9476054593972947 0.9772866918572627 0.981347996022934 0.9968863349460341 0.9874462486821187 0.9812786622260794 0.9341260623918024 0.9081506309324863 0.8318856120563057 0.8089280286961471 
0.9471571553836423 -0.7116823411961353 -0.6191403722622026 -0.5303569931044549 -0.44418515862152824 -0.3723248765213532 -0.2517754093207714 -0.14428083034219655 -0.034660909687927816 0.06425330187653996 0.1706042249667965 0.2965044887811858 0.36828032290879403 0.4866862975341002 0.5586084945729902 0.6452881358273015 0.733821168793866 0.7844271512541996 0.8412926392532234 0.8937015397618512 0.9392792253247846 0.9789971866623828 0.9790901655667521 0.9998461303910575 0.9886723760752743 0.9665012002212263 0.9575474336556808 0.9238566376716465 0.893192246014558 0.8220003365322875 
0.9495925038591078 -0.6848456599232454 -0.5806337808128382 -0.509964621050911 -0.42178906086847257 -0.3062334892034784 -0.2262689597574689 -0.11289099503891466 -0.0018268179394109497 0.08629053219931233 0.22525260500676994 0.3039765496326439 0.38476183293812166 0.48890282159631226 0.5703847126195467 0.6623821572932638 0.7390691864128851 0.8024686185014969 0.8402161392761052 0.923367728601304 0.9478926742051224 0.977656593999609 0.9794244797749015 0.9921651414328447 0.9876503135819418 0.9802327331448041 0.9529150051156353 0.9233528792013384 0.8540335448009131 0.8087708305310009 
0.284401343091028 -0.6708952189410489 -0.5803242862307244 -0.494654890682579 -0.39363926515508507 -0.3054905802907885 -0.18064336716169707 -0.11316605828882083 -0.0030262734422555945 0.09297303619083962 0.22567167959058204 0.30270080881664907 0.38623777015378663 0.516256123694224 0.5806214316207373 0.6765004098325271 0.7227454049861662 0.8158973585186399 0.8630112358550436 0.9179832458239113 0.9458933204711212 0.9770126842929786 0.9981171124055107 0.9985621125256219 0.9873991901828992 0.9816714793498176 0.9246357399336441 0.9074620360165477 0.8721466145814 0.808770964252332 
0.2819894683417246 -0.6860420998759519 -0.578570505030126 -0.5120535088836905 -0.4217832304475055 -0.3203088721517905 -0.23547343687448585 -0.13061857413917194 -0.03548994453262362 0.08633241714960535 0.17030728637267456 0.28162097318399104 0.3850977958148291 0.48598294939199926 0.5597706459259616 0.6613977426705868 0.7410221731905682 0.7797287436945085 0.8450009856608949 0.918888494912281 0.9492721361976155 0.9667024076789873 0.9824191242191227 0.98948351302486 0.9877987112725168 0.9821288784231457 0.9580937842099374 0.9229175577744527 0.8854054719269446 0.8237760690059521 
0.2805283491583762 -0.6860706345865096 -0.6190968344777429 -0.5282022490625509 -0.44375138460797053 -0.37599801910183495 -0.23578908483072336 -0.14314876946473534 -0.03471209894414409 0.06425330187653996 0.16959592780244856 0.2831715481293079 0.3677751057321301 0.4860630606741053 0.5584705683877522 0.6459310348137695 0.7335868360838592 0.7844624773619363 0.841239965058692 0.8936450889606148 0.9394691404311224 0.978936397717019 0.9792910569418395 0.9972969369723644 0.9884589989896485 0.9663745757294818 0.9584107860059224 0.9228473577528886 0.8865982720575911 0.8221457904868092 
0.9469284936935303 -0.6860779104807674 -0.6194567329785413 -0.5281928651174035 -0.4453946019635767 -0.3723246394103524 -0.2517754093207714 -0.15249514179061713 -0.034712442915772 0.06398639406194176 0.1706066124555218 0.259343037032224 0.3684179730357451 0.4860622325604973 0.5584413112968475 0.6458853142838917 0.7337971240807887 0.7844271512541996 0.8415352790013642 0.8936999057592694 0.9392913492653214 0.957649703520088 0.9847302283097322 0.9998469192970296 0.9890510817125275 0.9811472490346513 0.9579495096519156 0.9413438862474239 0.887375472533261 0.8220003365322875 
0.9492831126255514 -0.6860224033251556 -0.5913818512393885 -0.5006925212521031 -0.42177586987571913 -0.30638120962015 -0.2263678309664132 -0.11232503508174525 -0.0022714929942928347 0.08727517241412962 0.17158567161694807 0.3045511123659643 0.3851183960252688 0.4906164882334333 0.5598293510567499 0.67581125391688 0.7394831186750768 0.8234709006848194 0.8452241401282485 0.905727203235079 0.9494463177349078 0.9723406122452627 0.9966154336776121 0.9894935567906934 0.9874505166262088 0.9873444069731546 0.9548474184608292 0.9313711945045063 0.881761791243677 0.8239037982174996 
0.9483604754993874 -0.6860159477052806 -0.5845459296258197 -0.5134287097510566 -0.4454096211121671 -0.31217632265551404 -0.23566017131184167 -0.14301318565666668 -0.033527756550039374 0.07924578127227533 0.1707659287154662 0.28567335473923733 0.38474850858022147 0.48604857459146106 0.5582687751783849 0.6458938251782852 0.7335216876187669 0.7891397944896222 0.8414075766894368 0.8936323706011412 0.939505062836639 0.9781886871734761 0.9952771696958042 0.9964446611861046 0.9876955156613514 0.9678815912389741 0.9584350392773767 0.9237133772232154 0.885233495612671 0.8220003365322875 
0.28291059965387083 -0.6851856669636469 -0.6145129205548872 -0.5108040411525123 -0.3925078714605979 -0.31850810971640975 -0.22578144158125615 -0.11283068587926794 -0.003250760659638363 0.08722154044722435 0.17517832798764071 0.3027319407689925 0.4254148781517447 0.48766315615884925 0.5585361066955095 0.659085698372688 0.739385390763634 0.7904057886514809 0.8632688237934084 0.9122813440023697 0.9393779966396019 0.9773675336506367 0.9966750105434252 0.990608571315228 0.9932708819835783 0.9832363275168674 0.9652775274980265 0.9083223408948289 0.8530304688930861 0.8238069478672281 
0.9492922972072411 -0.6860224033251556 -0.5914049505499699 -0.5344770914116588 -0.4237762752189321 -0.312125716192184 -0.22572119273433172 -0.1123943033484163 -0.03264370575535931 0.08781480103403676 0.17336258887502257 0.282414429259434 0.3851183960252688 0.48900842796479116 0.5701753128999518 0.6458810516760606 0.7394831186750768 0.7898936469087213 0.8450686817737716 0.9060440277007007 0.939515384694696 0.9680270382430699 0.9966154336776121 0.9984549591841314 0.9988606728558133 0.9873227828453974 0.958306388311458 0.9227674227465759 0.8871578028506935 0.8239032814395478 
0.28287553252873093 -0.6860198443901482 -0.6131993133907151 -0.5111870228264997 -0.39273979165185974 -0.3188231905021218 -0.22616074997810914 -0.12679398623188923 -0.003062014443381165 0.08807870341342117 0.1967731367417247 0.3026509120795503 0.384727293117622 0.4847879222384478 0.5594038370958281 0.6591303903582916 0.7413775530792635 0.7778868637712819 0.8642082346966425 0.9245081406868096 0.9494528574245419 0.9862592091963968 0.9966189749153636 0.9902410856927321 0.9875490599049881 0.9872660012275337 0.9591494081868667 0.9078411106903447 0.8526826435741586 0.8239036472556615 
0.28190196706131904 -0.6860394346784776 -0.6142444499724626 -0.5135829651773928 -0.4219268223119437 -0.3763393531267569 -0.23545634049278727 -0.15205976282994504 -0.03362184785311689 0.08735377139532796 0.1707771749248828 0.2681057307086284 0.36813909589960614 0.49457042156631603 0.570106659068889 0.6462691383053507 0.7336982616317008 0.7901161384491124 0.8452945109648242 0.8935832889144327 0.9394623902511013 0.9780930727254552 0.9797302721895513 0.9873000138679522 0.9847616606144637 0.9809599894661395 0.9580855135285766 0.9293912770203142 0.8835577688757443 0.82374932037596 
0.9483604754993874 -0.6860159477052806 -0.5845459296258197 -0.5134287097510566 -0.4454096211121671 -0.31217632265551404 -0.23566017131184167 -0.14301318565666668 -0.033527756550039374 0.07924578127227533 0.1707659287154662 0.28567335473923733 0.38474850858022147 0.48604857459146106 0.5582687751783849 0.6458938251782852 0.7335216876187669 0.7891397944896222 0.8414075766894368 0.8936323706011412 0.939505062836639 0.9781886871734761 0.9952771696958042 0.9964446611861046 0.9876955156613514 0.9678815912389741 0.9584350392773767 0.9237133772232154 0.885233495612671 0.8220003365322875 
0.2819894683417246 -0.6860420998759519 -0.578570505030126 -0.5120535088836905 -0.4217832304475055 -0.3203088721517905 -0.23547343687448585 -0.13061857413917194 -0.03548994453262362 0.08633241714960535 0.17030728637267456 0.28162097318399104 0.3850977958148291 0.48598294939199926 0.5597706459259616 0.6613977426705868 0.7410221731905682 0.7797287436945085 0.8450009856608949 0.918888494912281 0.9492721361976155 0.9667024076789873 0.9824191242191227 0.98948351302486 0.9877987112725168 0.9821288784231457 0.9580937842099374 0.9229175577744527 0.8854054719269446 0.8237760690059521 
0.28356553805547396 -0.6857977199849317 -0.5804276085242654 -0.4965724762359099 -0.39593477242269665 -0.30595250741724844 -0.1824891295818583 -0.09780085709568884 0.008362921152444141 0.09276623269770796 0.22641599197209453 0.30310517522274993 0.38614987801852074 0.5161259295544918 0.5887687955471017 0.676149975461894 0.7452711419558801 0.8163733878129822 0.8631043597474062 0.9187210619260684 0.9487171487256332 0.9770724412081663 0.9815264939480957 0.9969022829145617 0.9874729329085905 0.9812786622260794 0.9645902129137335 0.9232944274412633 0.8701216453419396 0.8085709776536395 
