0.9996472006296063 0.0028787593260765874 
2.9125917343567266E-13 1.0011447886742602 
0.642731014812694 0.5890706836248571 
0.08334488632974923 0.9945226924234158 
0.046987570919350574 0.9992410750341174 
0.9808825017847946 0.0412862976208917 
0.9693391183827665 0.06436718402123874 
0.5195432735208457 0.7313844821541533 
0.8781228081736479 0.23039849626308104 
0.22250388746464855 0.9523030305411037 
0.5941997111643348 0.6494834001424418 
0.4063540588307656 0.8375484870897243 
0.1023817927416727 0.9924767572468424 
0.9434772243939368 0.11255034452694972 
0.028104448909104296 1.0004674819009045 
0.6057470843929437 0.6350191636787944 
0.27306549270598773 0.9269761613964282 
0.3682803977406176 0.8675733525431052 
0.3769613094279704 0.859997055297013 
0.18257138251052846 0.9679361478028642 
0.7599292205182825 0.4249046935707721 
0.7704893824762508 0.4095160504969236 
0.2996289833455438 0.9116018473568432 
0.32040092131372155 0.8990266809746823 
0.89072971193468 0.2099181278254148 
0.8375546002831193 0.3006760147807794 
0.6250783214337899 0.6112543436210973 
0.5037052238156201 0.7485056578552032 
0.34457962081841775 0.8835242315346893 
0.5676858937422388 0.6801680534122466 
0.9609632905947563 0.07979673531219933 
0.8090564598937123 0.34808861798332774 
0.7220775284578942 0.480753570118187 
0.7339638896746954 0.46889752233922155 
0.4402137977527196 0.8079670026470477 
0.893866973521958 0.20335627952625035 
0.16780575408374293 0.973103343217268 
0.9087763749587973 0.17770004992678473 
0.3388648553246896 0.8863631564215961 
0.7952211450936023 0.3702705689750737 
0.12490793047037904 0.9853494335647202 
0.39759679459163366 0.844831816421561 
0.4752512094819377 0.7758063420215431 
0.582246465053189 0.6631451453893303 
0.482723473319817 0.7686755357894988 
0.6548251382956644 0.5729905209677121 
0.8534766604493178 0.2739888711778383 
0.6579861200603353 0.5688350830804871 
0.31298061099434404 0.9036298994991745 
0.9609632905947563 0.07979673531219933 
0.7028364580008721 0.5091890994553895 
0.4935434025540043 0.7584027314868911 
0.541457614396787 0.7282453731097224 
0.4250225367200725 0.8209771483594365 
0.4250225367200725 0.8209771483594365 
0.5773705671101993 0.6683494069140749 
0.9900008365470854 0.024151596094129778 
0.7432090385110109 0.45045557382505036 
0.6693834516368642 0.5541707857409388 
0.7146810637724824 0.4917334996075446 
0.2043398490755377 0.9594577525283087 
0.9909899731292244 0.01989593686462652 
0.2029981693533453 0.9638099594501413 
0.7780288559393775 0.3990560825650211 
0.14770940253964726 0.9795966895006689 
0.5454385061487208 0.7047117678588004 
0.13044403988515949 0.9840444303016147 
0.8698509877986638 0.24629473180516073 
0.738324613815987 0.4575463541230625 
0.5446185961614579 0.724659841236797 
0.8278611841796587 0.3177896079473012 
0.5578906295594102 0.690140645336739 
0.554651056010017 0.6941889965544131 
0.847084796840654 0.28515187074369625 
0.15391484780778386 0.9777238303318393 
0.24129718108140907 0.9437975174607112 
0.25468027000341414 0.9362039377089829 
0.8609488440122018 0.26122119784232073 
0.818584542530733 0.33224017355455493 
0.8106691415224437 0.34524321078797404 
0.45746255288123877 0.7928904563494905 
0.6916529901550894 0.5239934865666992 
0.7508696812683444 0.43870007032450586 
0.9228043540273028 0.1580166773658951 
0.8717090878448198 0.2435623717451101 
0.6916529901550894 0.5239934865666992 
0.820561005046278 0.32973489089044594 
0.7856036073944463 0.386475608754713 
0.6806635052364765 0.538524763895085 
0.6806635052364765 0.538524763895085 
0.7013472247219275 0.5112071868932289 
0.9273136957412732 0.15353142849220822 
0.7532583425687455 0.4362959351369614 
0.25468027000341414 0.9362039377089829 
0.9288611192479291 0.13962179934483288 
0.24129718108140907 0.9437975174607112 
0.2862990142235615 0.9202460604302638 
0.4511160357856958 0.7984797522087116 
0.9362342103930026 0.1261202823366528 
0.9362911900905747 0.12591161988940588 
