0.999681573904389 0.002379160757283776 
0.0 1.0008211416858344 
0.6107775988549967 0.6282874181584539 
0.7931131025214685 0.37292232566680955 
0.3310089833014731 0.8915447432709692 
0.626678982553548 0.6091714936228442 
0.04424673308814142 0.9988781843695154 
0.5987023167865855 0.64408171809198 
0.570248266701499 0.6770889091223612 
0.11664128725359163 0.9874233531008385 
0.6867299651401727 0.5298240007757048 
0.6356623365157069 0.5975577249166014 
0.02010376288876614 1.000686953431582 
0.2423412638430199 0.9489718823917594 
0.8303490442326755 0.31324314829167643 
0.5266530611952551 0.724196329720801 
0.3638057168194251 0.8690528993260066 
0.9293916742170846 0.13850354212476204 
0.9036094962994738 0.18635863936757616 
0.2865688077508529 0.9197577080390472 
0.781198600504232 0.3932600716149957 
0.45429453002329034 0.7952511662289052 
0.6470756672517377 0.5833260433983972 
0.9615682297532846 0.07774134314020836 
0.7546507292269435 0.4326010574533629 
0.4710321072303847 0.7847825542497687 
0.20315729545672429 0.9596931476235792 
0.8391624390307623 0.29895990365747965 
0.34117719133820484 0.8854857847912557 
0.720050313531881 0.49635165780137036 
0.5455680027515264 0.7072169421449848 
0.1634086214714431 0.976432197748998 
0.7361009017588803 0.4596041501709673 
0.7061788960057458 0.5038572639457863 
0.8679899898573038 0.24825936714321448 
0.35590249950545716 0.8749429463758471 
0.8472219716902532 0.28394168163201616 
0.08808259661225432 0.9936954874129742 
0.27980101939235147 0.9228410500118129 
0.13347645319987 0.9835565058369367 
0.38058686106261386 0.8563880349528391 
0.3989048153322162 0.8424021245179363 
0.6544522611361588 0.5737450875827165 
0.945934207452215 0.10744826182489424 
0.9593683068105606 0.08159465844154756 
0.9887756672666617 0.02550575488611677 
0.30684059847589945 0.9069896504997532 
0.5861800435102198 0.6575473746732541 
0.5130598472546049 0.7382669064083691 
0.4461826267203376 0.8025802059227539 
0.30684059847589945 0.9069896504997532 
0.26195922794962256 0.9337997368885061 
0.7634213040268976 0.41869703275767933 
0.4756160597719874 0.7746438275988867 
0.8916394128250418 0.20643806622949196 
0.9794324071726239 0.04504404355071669 
0.21748688264535168 0.9536878882020268 
0.41195952207515213 0.8318817345258809 
0.1883029059066488 0.966252185587436 
0.8599759800269321 0.2623217774758382 
0.9975474598909073 0.006999522583692952 
0.9742477755649526 0.05408250180664395 
0.7250208731765122 0.4758380432914178 
0.2489553975850326 0.939193050190726 
0.43489166293939047 0.8120335485490885 
0.06923057294482873 0.996428234357127 
0.6773248163452332 0.542677113679775 
0.49606065946319366 0.755690460706783 
0.8023778392215075 0.3577738454658152 
0.5230730579405194 0.728808586397955 
0.8037247948464252 0.35584354958406866 
0.8219916625141488 0.32653861801056905 
0.7061788960057458 0.5038572639457863 
0.8844189602438396 0.2205137818902127 
0.8599759800269321 0.2623217774758382 
0.9504719701009086 0.10363903235140776 
0.8130185022087618 0.34120906673280466 
0.16452869011262788 0.974194298984108 
0.5867321358622478 0.6569216952719645 
0.6677222448186262 0.5556602441793376 
0.9212203061983543 0.15470857208415528 
0.935928275062966 0.1262118694521752 
0.5636913099155381 0.6844792027142751 
0.7767813669830785 0.39946095348624927 
0.5636913099155381 0.6844792027142751 
0.7483553720715337 0.44600375257178326 
0.8752587210760944 0.23814791310014372 
0.9117021681005486 0.1711467419842695 
0.9212203061983543 0.15470857208415528 
0.9117021681005486 0.1711467419842695 
0.5053318358895399 0.747687061126889 
0.7225993835440508 0.4792977020206021 
0.40650923549621015 0.8361917714768474 
0.8458943908324827 0.28723099199021496 
0.1883029059066488 0.966252185587436 
0.6739749638814243 0.5470616273659467 
0.935928275062966 0.1262118694521752 
0.6866892971763556 0.5317185448426114 
0.4321706837259606 0.8169265772942976 
0.546057945390352 0.7030617574007122 
