6.561764130845276E-16 1.0391866724485526 
0.9998734584931923 0.0017395603266375207 
6.561764130845276E-16 1.0391866724485526 
0.7193349323538646 0.4841354000967992 
0.8123961480252762 0.3414663985970936 
0.59605274765752 0.6462763540340689 
0.05050217969110671 0.9984070657055412 
8.649782190385655E-15 1.0008989159154913 
0.6143115201004518 0.6235465295335713 
0.8276341967970766 0.3161629931324017 
0.8663942582750671 0.25108511925211 
0.08964844369383879 0.9928735978293239 
0.7383946152615485 0.45724767283758455 
0.5612253882775166 0.6864604961557375 
0.8556782244517609 0.268996797357874 
0.3785215029501568 0.8580681080734763 
0.025398159655863006 1.000103469301672 
0.408349066326579 0.8346605627380703 
0.7995013593225113 0.3624274800546899 
0.3121400206878316 0.9037555177122346 
0.9319526285243466 0.13374608607603547 
0.23050017490093377 0.9478940868427297 
0.8787238005827733 0.22978572226584518 
0.6319949554716946 0.6016210536366144 
0.7043546357651934 0.5052140145098482 
0.3244282353546468 0.8961839713040628 
0.24610861748250223 0.9406242929275831 
0.17608237729416082 0.9699402781140426 
0.9859276128887701 0.030377018037204207 
0.6727874551085319 0.5494046327424448 
0.6588588947893556 0.5717004374708221 
0.5779812971895568 0.6672931962098169 
0.4473811355345878 0.801807758871262 
0.9092399155275447 0.17495401076183276 
0.8924216166321419 0.2054833722339223 
0.10183781179970319 0.9903294935536265 
0.6246791877264407 0.6110229717713579 
0.47790896341859135 0.7727083395316874 
0.5836120435556784 0.6670149352264217 
0.797812404377998 0.37731478850304206 
0.8460301031095036 0.2858565181955144 
0.7741363013652658 0.4021359592736321 
0.34092470149262305 0.8874940622417862 
0.7430384262810312 0.44943317264344895 
0.8836124841502933 0.22093107920739813 
6.98444765344792E-15 1.0391418712665117 
0.3597758217161465 0.8722798658989264 
0.9128753680885403 0.1682636128636456 
0.5099934586591695 0.7412028997439146 
0.6809290544636387 0.5381580732471803 
0.9466050307683666 0.10715194319952791 
0.1233703722751423 0.986474356310701 
0.8360652417786205 0.302471261245494 
0.9466050307683666 0.10715194319952791 
0.14094951839849185 0.9809867832978211 
0.5047311169431403 0.7467320656098317 
0.21400721119188565 0.9554242012852653 
0.9781850419653266 0.045048520378781536 
0.3913924095770321 0.8480656834838263 
0.2941492107202996 0.9149459239011193 
0.9665074088752137 0.06777636927745241 
0.46394877729233697 0.7961030201113963 
0.5480326768724387 0.701303599743493 
0.34720086419967056 0.8807427258389703 
0.1582883444088652 0.976232809074545 
0.9225968532083102 0.1510829270001184 
0.49346799198404395 0.7573762132934683 
0.42359935758526607 0.8244492387764264 
0.4342713741364379 0.8125335579865864 
0.5352731391435527 0.7145416291219086 
0.9625363774756213 0.07527993130340739 
0.760717499044085 0.42261519712771234 
0.6575866931401961 0.576459059937124 
0.8414258473209809 0.29368744049386336 
0.9569314219074491 0.0860575847699078 
0.7850265970907615 0.3883443732677298 
0.2606652032174128 0.9334264988159974 
0.6472997301851933 0.5868340940542467 
0.534547008740458 0.7155325520038398 
0.42071389242101404 0.826945763945852 
0.7687430673247009 0.41065188234686395 
0.5229989951181648 0.7280151539409483 
0.8982756133970071 0.19471428520726 
0.19630416287737407 0.9625561951686078 
0.20831516878557954 0.9577124431312971 
0.6472997301851933 0.5868340940542467 
0.5229989951181648 0.7280151539409483 
0.9290128796359067 0.13892036737404098 
0.9926561586256982 0.016180687163805392 
0.9733919815501442 0.054321393705285194 
0.16549629051441725 0.9761745302718878 
0.48626965081512485 0.7702548681044024 
0.4371745174628232 0.8101914510130954 
0.7852119795400667 0.38715634074010763 
0.5508702223355855 0.6978530501655279 
0.1311277715711619 0.983921506600944 
0.4640475422953383 0.7869903805740931 
0.6912149337076283 0.5238965633844131 
0.3904693939662818 0.8485861780309324 
0.75327964523932 0.4340927471012865 
