9.49493319512447E-12 1.0011474311565909 
0.9999540841715446 0.0027490143866333084 
0.9782577654473805 0.046782242982391024 
0.9658024415529409 0.0704490628080023 
0.7609338748825661 0.4247458466097785 
0.8720036545534078 0.24229828615268784 
0.8562551966284085 0.2690999298571521 
0.6221441845612738 0.6142897509145273 
0.6076457464241782 0.6343030910773454 
0.8199412413882878 0.33098094408418316 
0.2601745635559291 0.9336551697817078 
0.7242358102677108 0.4910596167452868 
0.1992253766652861 0.9621738212880003 
0.9490398522300632 0.10220398085928219 
0.991735195507668 0.01944078118984634 
0.9540379308112971 0.09313734621998593 
0.8843746451603687 0.2208871865024381 
0.8040186749518822 0.35643416680536927 
0.9366255807100287 0.1255445647836556 
0.7457296851431776 0.4464973077610126 
0.5562163750906196 0.6929093648881777 
0.6420396240421506 0.59073767011556 
0.907996840183463 0.17829262900606999 
0.5440667170513541 0.7113420486640397 
0.633649281835343 0.6011567909133285 
0.735735582655326 0.46108283173406506 
0.9162423362398736 0.1679679772537528 
0.29536235133035665 0.9143513628478183 
0.15453843362520325 0.9786472079325998 
0.11498314084785546 0.988081874803826 
0.8979474623971003 0.19666773536562132 
0.41665856696964265 0.8288145583730296 
0.4804106529181232 0.7713500961487197 
0.46519367573522297 0.7859836412990725 
0.06207762546309217 0.9974316687724482 
0.9323401630218959 0.13249285767038352 
0.4856867069672625 0.7660111239687706 
0.5289107844366172 0.7233049058676064 
0.6628861040644288 0.563312234732564 
0.21585306343609179 0.9555418529222224 
0.8336179800830351 0.3081073161922056 
0.44243494211881096 0.8065267905099428 
0.5976529165607303 0.6444980879344266 
0.8449091658683017 0.28831939376371124 
0.24441675881733832 0.9417766147511759 
0.8810206342415114 0.22687679666115645 
0.40005160993073746 0.8420702620213467 
0.6715022265812922 0.552132994374248 
0.3194880735517363 0.8993662862379282 
0.5129208085590289 0.7392037390078398 
0.7932998105857089 0.37419349055982315 
0.07649123583407025 0.9959401757097718 
0.6924357025593063 0.5236307638284919 
0.516371660200503 0.7353408358169558 
0.22539349025326944 0.95130136087529 
0.09026207573280232 0.9934339779668232 
0.4264064201259157 0.8210605627213885 
0.3843177027932294 0.8549395268324729 
0.1789374115482399 0.9697691484787959 
0.30584109203987214 0.9077548797563229 
0.43336452311649426 0.8140396766216376 
0.17503145743561827 0.9711571705099772 
0.10306392074895054 0.9909349664338464 
0.40375451174748944 0.8393154236296213 
0.6811440313683811 0.538155926972006 
0.3488875487821653 0.880695510828926 
0.2782202458488074 0.9240524560318882 
0.6924357025593063 0.5236307638284919 
0.3851147474933493 0.8540174347207053 
0.23742634818330038 0.94533472131347 
0.5002131979268656 0.7521711608803995 
0.8994855110255131 0.19507341536526074 
0.7727865057595599 0.4052861829781935 
0.5822416976276094 0.6638858188031742 
0.7150454240646625 0.4916221187264621 
0.5351816157599706 0.7154446630489577 
0.8482116226087206 0.2826646177064709 
0.2794851778388387 0.9232614297151028 
0.3522396410773903 0.877986636994401 
0.9228617327219952 0.15122715394037436 
0.020884380486530685 1.0006624804873925 
0.363888701654715 0.8692843256614885 
0.5002734260434253 0.7521332627162121 
0.7727865057595599 0.4052861829781935 
0.5909063585513679 0.6530987824681793 
0.9228617327219952 0.15122715394037436 
0.7815678598040832 0.3916886189973733 
0.13708368746086919 0.9832140376226449 
0.3343727791379634 0.889841529696145 
0.3343727791379634 0.889841529696145 
0.7423775930290442 0.452070519320987 
0.7967322887549632 0.3717090756643423 
0.6553282213269667 0.5739267021429499 
0.8017780734496416 0.35993574966084724 
0.04033154127590871 0.9999594503061011 
0.5631813837742358 0.6855678237487561 
0.9987330867298899 0.017863217505381897 
0.31458740807808816 0.902955221734377 
0.14309959020518753 0.9810518499976266 
0.04033154127590871 0.9999594503061011 
