0.9997823694611448 0.002609837719741186 
4.4493096171999287E-13 1.0009452822735665 
0.1472858890337247 0.9798225215211848 
0.7578953877026195 0.4272935948692427 
0.06946708450583045 0.9963654020164566 
0.10679011480758538 0.9900800225127723 
0.356604987916605 0.8741488032147877 
0.8543735038023377 0.2757080253986515 
0.18022802815408856 0.9687132849190706 
0.8441017689232442 0.28963144569718313 
0.7138303750435206 0.492779893915066 
0.4559807309115212 0.7938494795044527 
0.8956788450909505 0.20077551417814732 
0.22556863933182303 0.950270601406485 
0.41913696068054174 0.8259333121303738 
0.48688422553283783 0.7652892115358443 
0.12547509670760953 0.9860606783969799 
0.8835459088420424 0.22203111576181714 
0.43216318315658314 0.8147983079617195 
0.5775198174513855 0.6678526978732379 
0.30153946702376555 0.9105218988675916 
0.40177862557093746 0.8405461574124488 
0.6947426945354664 0.5198311085990183 
0.8675182581492826 0.24977312101244903 
0.9366934642626158 0.12541953302147013 
0.3266511070756584 0.8945659802856372 
0.2152899749433118 0.9556270035061135 
0.9512582756271153 0.09881766964080524 
0.7367827061608666 0.4635165132910542 
0.2504349195607225 0.9386081679785536 
0.8013843150200796 0.3603967796662665 
0.9435988314124341 0.11886554004465075 
0.7924836269899092 0.37465308946073944 
0.3266511070756584 0.8945659802856372 
0.7809770985885234 0.39182146408045104 
0.048842109801961686 0.9990262963703829 
0.8259426233878806 0.3201527136684864 
0.981038816126143 0.03980239717829593 
0.9660501142524379 0.07016983030130326 
0.9253795276274057 0.14582727242826332 
0.30607708195368594 0.9078458318672157 
0.5863481632738696 0.6576930512229533 
0.6150471989353721 0.6237514956540956 
0.8772741725936248 0.23280474430984904 
0.5964693098882236 0.6499706789794233 
0.5222614940968197 0.7292018430107591 
0.4978159642766959 0.7551002579313899 
0.8166080404192095 0.33595169502837724 
0.02726751297573264 1.0003879815804224 
0.9061309750040913 0.18220823244385848 
0.365554578068051 0.8674935688928375 
0.7763078737123593 0.399243258505917 
0.7448064591065899 0.4477035150287992 
0.5582592278159297 0.6899325661514852 
0.5292637017044073 0.7219697349924922 
0.9856856137999429 0.03178131889223907 
0.2733201819275735 0.9270156970439702 
0.3889725913974491 0.8499537675400379 
0.7187642981498507 0.48682002034702887 
0.6340784714492606 0.6007971708944714 
0.5098496312427999 0.7538487214303121 
0.6221055587564435 0.6144151455459733 
0.902852922699918 0.18824275843348112 
0.959594387082928 0.08294491458441514 
0.914267494441379 0.16654121890352047 
0.6412012898218108 0.5909737171109115 
0.831681820979858 0.3112510223274426 
0.6060546195962209 0.6350877501105497 
0.9236176007014365 0.15015792914309323 
0.8708511332780495 0.24520470180865253 
0.6461352129281409 0.585419134626002 
0.9727565696163438 0.05727094101386766 
0.6908359023375524 0.5255081809894018 
0.7763078737123593 0.399243258505917 
0.2682926188293712 0.9294512556821326 
0.9160437959719825 0.16338678922275582 
0.6280684050583946 0.6076128601258012 
0.7486979950981212 0.44213638487066903 
0.9931655189063204 0.01784710096773 
0.5485965474427593 0.7009263232579086 
0.9575268484715849 0.09056670059559604 
0.43086342611638395 0.8177538498343179 
0.6720854334454861 0.5502276193721061 
0.6813819096125601 0.5384921296699038 
0.725984572961818 0.47491443406839967 
0.7972204381343718 0.3669928061950073 
0.5172477145780372 0.7447844018747222 
0.03297622759046592 1.0003422023898434 
0.5385519779850745 0.714321091389349 
0.47114190550659824 0.7795946040090778 
0.3928974979280069 0.8474301250274187 
0.6588189311777373 0.5680923870508641 
0.813348916999566 0.3416472142059068 
0.5638760590416015 0.6840508565435762 
0.9918875465076471 0.01971801320756761 
0.47114190550659824 0.7795946040090778 
0.831681820979858 0.3112510223274426 
0.19273724504979245 0.9640556208850126 
0.37573407705248385 0.860522240437298 
0.5490241263559639 0.7004470012384638 
