1.538334801418361E-11 1.0011210329231828 
0.9998873082074723 0.0020268011719778573 
0.3966239412694448 0.845319163537442 
0.1481611086255052 0.979497878195526 
0.10887533008342165 0.9904814892781861 
0.9080115500440299 0.17817893834604773 
0.6888337564031574 0.5274276437708948 
0.28073609271770716 0.9225409169371486 
0.710795317456508 0.4970730853840824 
0.8879502699667523 0.21395030243683436 
0.4526319460386796 0.7964677467068412 
0.38521343494479404 0.8534253010179929 
0.3428711014166165 0.8848264350821956 
0.8579666318983703 0.2655112247311036 
0.5401848182148855 0.709973793334805 
0.4728376368929633 0.7775007189728009 
0.3096174861938783 0.9054038576807396 
0.8047284239794792 0.3541213410703148 
0.3226518176265767 0.8974895347554334 
0.9836785321282953 0.034404003787945656 
0.8724242444269215 0.24069586317727434 
0.19778645485800614 0.9621286223457384 
0.43274462781157463 0.8168579354972102 
0.9447488108584373 0.1091740513118313 
0.43274462781157463 0.8168579354972102 
0.6163798902257189 0.6212424693811583 
0.6303529042994223 0.6048488753604969 
0.8528321651783883 0.2772779254590359 
0.6433329641103485 0.5885574923858582 
0.27163314676406525 0.9271097019329906 
0.44682338648621084 0.8077024890093397 
0.8981567732972053 0.19884151870828679 
0.5949046721571811 0.6478699647068843 
0.7766613201560734 0.3992607516961001 
0.8710658569945613 0.2436598623839615 
0.8428965390198937 0.29138910186105565 
0.667629483006368 0.5560813543050455 
0.9709846760851388 0.05982591425742313 
0.553271735779929 0.6957399361906055 
0.17500196304400673 0.9703823240724655 
0.4971585116331557 0.7539112950452513 
0.5194919618994682 0.73182693489631 
0.6115238784102995 0.6280717098206977 
0.8306737431530558 0.3120093755765557 
0.9189610269608036 0.15766757713588472 
0.3649668911412426 0.8684858777827356 
0.07908044859373434 0.9946529521292976 
0.7723025082430325 0.41376952964442043 
0.17295962922452246 0.9756761275679503 
0.4897339499659483 0.7614760573915956 
0.9387684454794005 0.1216025948321536 
0.6574570599539613 0.5716193766079454 
0.8233365268585884 0.32373210472964425 
0.034407814772926704 0.9999521623344534 
0.0933688151574989 0.9921429824709357 
0.7411562225025007 0.45245425578330856 
0.47921357699930023 0.7714216504653648 
0.8369955873893791 0.3005627721285556 
0.7931452005654268 0.3731398082818347 
0.2083144598076226 0.9577062140627047 
0.5996973110408058 0.6416921764014231 
0.6538786365109115 0.5770365288059082 
0.9937155270092352 0.017352862000372424 
0.04704443149821702 0.9986646801895541 
0.3539289861569525 0.8765105746281886 
0.7242332230437072 0.4770353032853174 
0.6349301242082546 0.598808599589367 
0.5582684207458062 0.6894754581907077 
0.8175868253062714 0.33356492092917106 
0.9535574113891118 0.09275897248746394 
0.6783242089646453 0.5417209351364004 
0.25446737820302284 0.9369381580988063 
0.9324427120245888 0.13217965189337028 
0.963629247012084 0.07310035405199977 
0.7841425792105451 0.3862756878060967 
0.7219661407955477 0.4845542421324587 
0.9535574113891118 0.09275897248746394 
0.5285846271104747 0.722707655156953 
0.7322593388562585 0.46552793403842463 
0.6781498559730158 0.5531960941029272 
0.5767149285195383 0.668686479041839 
0.685402514036016 0.5320074498379266 
0.2515509543739356 0.941289910145109 
0.7630422140186846 0.4216834827281008 
0.23369208791656843 0.9469427245414733 
0.7133072130600372 0.49266380241313207 
0.23689763222582927 0.94525701429068 
0.963629247012084 0.07310035405199977 
0.9284628421032617 0.14791372119796944 
0.5090954343954408 0.742478983689736 
0.7347611745339054 0.4616050183939023 
0.5090954343954408 0.742478983689736 
0.567613834856041 0.6796279817624512 
0.3131926537032917 0.9037135575572279 
0.7897394602441664 0.38558915475629574 
0.014474313439458403 1.0007051402666185 
0.5788793688324069 0.6660300177143148 
0.7573947653147486 0.430510080068488 
0.7488823131102011 0.4427096605700456 
0.929125026168015 0.13936631102492011 
