3.4391500089042555E-17 1.0011229464365852 
0.9980578765543704 0.005240986088737906 
0.5312063594948924 0.7201962015878717 
0.5140889306836176 0.7368743788260903 
0.6754206158260461 0.5451400288239499 
0.7481441017772235 0.4421940844891055 
0.8472041192246654 0.28454566555210625 
0.8590346667235574 0.2639968037809343 
0.9843577777428484 0.0331538888618306 
0.17575419859218638 0.9760070272745335 
0.21762110062598128 0.9538660273071728 
0.5969426692532336 0.64551038373154 
0.3228713530393983 0.8966874991348106 
0.8669581325258553 0.2502516279714735 
0.8385661173907772 0.29891779111579864 
0.7145922107246789 0.4911104901992002 
0.8770863388903839 0.2327476065539116 
0.5488997739881598 0.7001234175013241 
0.23509284516962325 0.9456707574775655 
0.41083745151337137 0.8410627171022749 
0.15148608504588784 0.9783004961101882 
0.8951874462242142 0.20054727761266788 
0.8030533610243924 0.3619404103408269 
0.339522174276619 0.8862764552283073 
0.45409297370338253 0.7949114270426696 
0.3936619483197189 0.846574688401527 
0.4818904358195619 0.7692260912467064 
0.36883697036594976 0.8678738998407951 
0.055072139395398734 0.9983073093726023 
0.6643778727052041 0.5604031819356842 
0.9307112907310493 0.135902157205723 
0.7415335169170719 0.45863434456826413 
0.07714240248075965 0.995083636006775 
0.12477247979679701 0.9858082418870229 
0.7618510041938057 0.4217018304580118 
0.8089124714932656 0.3482574377352313 
0.10379428053796036 0.9907878865947585 
0.994006168832523 0.014440794378684741 
0.3111544306433432 0.9072490328660049 
0.4349531294199492 0.8121915660567155 
0.018830208428601447 1.0006740890143635 
0.7287760307014306 0.47062950979487034 
0.41920396325714737 0.8260929247894762 
0.6544306656918046 0.5734194957799187 
0.6296278749802393 0.6052954829737134 
0.19035529569353382 0.9652504478243434 
0.9423185165465972 0.1141851525369218 
0.20008052983249902 0.9613242059269249 
0.03825041675361254 0.9996954151048553 
0.4490191853774218 0.8000236531029459 
0.5531117937555486 0.6957615533310422 
0.6975736228535565 0.5174053649777687 
0.7770587915682248 0.39764689393825203 
0.24905218709426358 0.9391841225972646 
0.13629811320855179 0.9824755521562785 
0.5657308746292189 0.6810218297620212 
0.7914166290872354 0.37574522832701596 
0.8287630123136092 0.31500804511205854 
0.4943886964904334 0.7574047476072542 
0.909082529086771 0.17578021824583764 
0.9185762079113883 0.15904815336370817 
0.6062328624835454 0.6342176928469455 
0.9591589120111217 0.08348149294897306 
0.8165797297445694 0.3347901718232464 
0.4992247800300934 0.7521076558070304 
0.0912558198418183 0.9928437507913365 
0.8853172479163155 0.2183298027036847 
0.9762707257239995 0.04881405279302273 
0.35690458757365146 0.8743707949999981 
0.2897855974443764 0.9172278308365392 
0.7035766387462161 0.5063374166481512 
0.351647700622633 0.8808461563637624 
0.27406720946705143 0.9259944934777129 
0.6114098836570707 0.628064175263385 
0.7849323774319218 0.38558759221560857 
0.47195638029872644 0.7786830935696446 
0.6890701377796331 0.5271438434733796 
0.7086798721337344 0.4991162155955707 
0.9150391583353599 0.1653237941045099 
0.47195638029872644 0.7786830935696446 
0.9442147032602841 0.11043770445263304 
0.92622778116666 0.14452949366176043 
0.7307471217144837 0.46774966383470656 
0.9685793714732798 0.06443670287352965 
0.8204894843290462 0.3283406770952088 
0.6215480955109796 0.6151057254620518 
0.38172278546349364 0.855691267473048 
0.5700492424018222 0.6788464192326062 
0.27373296784815765 0.9299147107027065 
0.6390551468088622 0.5936088563189225 
0.6890701377796331 0.5271438434733796 
0.9740788732270822 0.05365839337139747 
0.6188136197989691 0.6187471461906161 
0.6569880916183851 0.5699245497729364 
0.29825783988655097 0.9121638358488738 
0.8842767930757802 0.22047840628740453 
0.5834386776104067 0.6617051815217174 
0.38172278546349364 0.855691267473048 
0.8260285365979422 0.31976346068242734 
0.9579914735275605 0.08572739855673622 
