0.9996847239658381 0.0023156053805178096 
1.2328559295682068E-13 1.0007188524575699 
0.9996847239658381 0.0023156053805178096 
0.3258896455206216 0.8948329338581409 
0.8461503206140583 0.2861771581746532 
0.6075395319237649 0.6320217005111805 
0.9574166351204867 0.08510162254301544 
0.18467220336455026 0.9669787158385966 
0.9779245751636003 0.04521898767932034 
0.9410706901517739 0.11578945732882338 
0.8387957329346148 0.29993073352241273 
0.2069506038562639 0.9578810083787078 
0.6222983849576508 0.6144049379423487 
0.8619822195601855 0.26145260482550275 
0.6391407307338067 0.5929821102533946 
0.7720951326818031 0.4058374990422431 
0.1650789574694388 0.9738702250907203 
0.3833127428432712 0.8548753502910043 
0.760740060498341 0.4224350201320418 
0.030524114930430557 1.0001074524719797 
0.6797787025417604 0.5394034624917742 
0.6529050296963265 0.5748063303708217 
0.7853089030397064 0.3849438297487052 
0.6660246889053886 0.5576879888920439 
0.49289409498669634 0.7579598282896897 
0.4229276900334763 0.8229454159833521 
0.744138913629611 0.44812678432199543 
0.5023284935314991 0.7490362088138697 
0.4353565982896606 0.8120343091717986 
0.47941856490629214 0.7711672168933624 
0.6981153280876418 0.5142359500634406 
0.5636542973729197 0.6836651943187838 
0.39660876856947663 0.8441110014943581 
0.23343538977158482 0.9466684978576293 
0.8260641305198194 0.3198585204314859 
0.9977895740066665 0.006041597515135227 
0.8793220393026205 0.23120149900873224 
0.6309362035604005 0.6032701699782651 
0.22198848033203267 0.9518696177400046 
0.14824189125915052 0.9791138745137233 
0.5151065973343436 0.7361949409730127 
0.87202845143368 0.24142634173064142 
0.5209608980426024 0.7302276321395449 
0.29512110976890565 0.9141074162094409 
0.809524992925277 0.3463554086121963 
0.47107052219680723 0.7792132358414744 
0.5329155143636802 0.7175830788787141 
0.10388282682029493 0.9901526317812578 
0.33701948102094403 0.8878243868160447 
0.08911144342885868 0.993116568340379 
0.5731033757869619 0.6724644532557034 
0.7802407203390866 0.39265626825288397 
0.13609101099953622 0.98244251600854 
0.9318831539816181 0.1331825075185149 
0.9120508325280154 0.16963692947303927 
0.6866147788555161 0.5302981060071844 
0.7321841646673121 0.4660412338352916 
0.5948667979522759 0.6479136463138973 
0.5797035411772835 0.6655658157223819 
0.046344320739641565 0.9989823090826391 
0.9867133616976592 0.02818887554132544 
0.2918997747346943 0.9195496163345295 
0.6598259345529459 0.5661222716474703 
0.41137325478631687 0.8327326419393052 
0.3633295750318805 0.8692074631342609 
0.9615386503230223 0.0767835401119113 
0.5919169532375136 0.659999248133454 
0.5415482622076996 0.707894167053427 
0.25019642355137045 0.938833920629075 
0.7202464514712484 0.4829503473442376 
0.7308014985659114 0.46744782925993233 
0.8859078675579247 0.21687679872923346 
0.8065541383601118 0.36177851812550854 
0.7527741876512224 0.43474405098603414 
0.9867133616976592 0.02818887554132544 
0.7990764433081261 0.36462167854040595 
0.6938255046669112 0.5201399105450121 
0.4618485621003451 0.7893961405323937 
0.45776705838161835 0.7928323152431558 
0.9675670557197154 0.0654744890725827 
0.40638852405575043 0.8362823735043353 
0.711380307078445 0.49558457607575335 
0.07420401947033728 0.9955284353643683 
0.3692308141005751 0.8651341880230634 
0.8962015501080896 0.19859080306366744 
0.5521033093023647 0.6963432246578244 
0.916725194344252 0.1613547449774342 
0.711380307078445 0.49558457607575335 
0.5537993481255941 0.6950749665317508 
0.34687443026827036 0.8807180319496989 
0.8989983817343503 0.1970840308980759 
0.9242654165615645 0.14787060037550892 
0.059353369465598105 0.997705598798323 
0.29512110976890565 0.9141074162094409 
0.44598337599697985 0.8024059453042733 
0.12138483619681778 0.986264162347032 
0.8916588439499045 0.21500258730914693 
0.7495528539298921 0.4393834217306355 
0.9675670557197154 0.0654744890725827 
0.8247450577270063 0.32604092366416226 
