0.9999922358166666 0.001589040670912805 
1.0237501569472008E-12 1.0011424336025962 
0.834046374407448 0.3062925180706841 
0.8527018657101387 0.27455655855265126 
0.5099898304244752 0.7415142347348509 
0.4928937856691108 0.7589384722986254 
0.3532407630301873 0.884257668195053 
0.6029685406729401 0.6379347405813105 
0.7255362181560834 0.47620973264342664 
0.1406221189710128 0.9818907737353239 
0.8579168389487293 0.2658673688644357 
0.16127722142855033 0.9750420513975423 
0.3265593647343731 0.8949066604044893 
0.9501274203963179 0.0998809325964279 
0.5236032583775466 0.727358685589339 
0.6195818091593728 0.617830626074597 
0.6566263459598051 0.5705422038103121 
0.44309069807182155 0.8052392306365065 
0.9917514306529628 0.019728590378924018 
0.06243370125397224 0.9972472992725886 
0.9588121773497083 0.08268040046723951 
0.641584106178135 0.5902952392305975 
0.41471348311621564 0.8300532576178814 
0.3225201606822419 0.903532013556577 
0.3989932805111829 0.8430087453425067 
0.6261414782732591 0.6148122823393143 
0.88731539788592 0.2142369359162679 
0.5405423964177362 0.7096190522412119 
0.8719777762374612 0.24125732105537903 
0.7316937364869596 0.46667625269120533 
0.2777548734948104 0.9239492699155288 
0.7562093943993713 0.43051548761630076 
0.7416611021784447 0.45281314063934885 
0.6846756035841387 0.533310872617612 
0.8202806662241965 0.32841845462410024 
0.38129727053168855 0.8563960293457114 
0.8149982244418168 0.34092137730405503 
0.9796188475616184 0.04997515842102046 
0.2974323513010023 0.9127685843608717 
0.27246201137699244 0.9272083701463562 
0.7830487202298522 0.389464854411646 
0.47924659484058013 0.7718448097958672 
0.5820208877973913 0.6641510435869123 
0.534572776178035 0.719616002598277 
0.30123749298118335 0.9109102512598375 
0.20157730780889355 0.9607863342308373 
0.7806658494133736 0.3921791299814532 
0.3700696729966106 0.8648721939883532 
0.11591535405133598 0.9909230275406641 
0.11898102225356522 0.9871838540684263 
0.6612716849900395 0.5644089743245556 
0.21648015649783842 0.9542924177861516 
0.5934874176565383 0.6493193413046368 
0.9295117513329487 0.13901141764000863 
0.936720654042276 0.1333390864719436 
0.4636624924396163 0.7866172192859713 
0.4271747734733031 0.8196727011746174 
0.7091574698457965 0.5000694872726261 
0.9195127324868557 0.1759367675206855 
0.6742379374503558 0.5472795124472469 
0.7691160080301683 0.4097255220256562 
0.7629918697756306 0.4193086243347208 
0.5518192991299059 0.6967219723734388 
0.3950468125772981 0.8514424391925404 
0.9044511486037334 0.18496698285139812 
0.02018908057569173 1.0005616407706774 
0.029878872635058118 1.000038865399492 
0.2544076691437545 0.936775599852633 
0.09054407251354052 0.9928755812791163 
0.6717978996778573 0.5520306295271415 
0.9226066488868951 0.15282615206486388 
0.18154036332122883 0.9687387869828503 
0.6943168356385265 0.5286691542897103 
0.23321267734100004 0.946738914964772 
0.7091574698457965 0.5000694872726261 
0.5569943221058226 0.6919625890784837 
0.08909870765557137 0.9942611008584553 
0.2544076691437545 0.936775599852633 
0.89471948842621 0.20222709454963575 
0.5720001568148264 0.675401541640102 
0.9826890047696903 0.03712988605970643 
0.7947752489573026 0.370268517025889 
0.8762100769070359 0.2377607196327205 
0.8053630180841465 0.35357055966861956 
0.8998055093034468 0.19300998136595743 
0.23321267734100004 0.946738914964772 
0.1800898454540619 0.9689356980691524 
0.9985440331125828 0.008579717935305958 
0.5922226928254599 0.6607906450811543 
0.9417798337991796 0.1177685495407538 
0.7511389317755054 0.44679661408484034 
0.7004240321788737 0.511997144123102 
0.45515639658234164 0.7957273829542727 
0.7947752489573026 0.370268517025889 
0.9148597486070507 0.17699383741792435 
0.6378097070528455 0.5952404041773696 
0.361232364174492 0.8704860239408885 
0.802922980311649 0.3574420369779962 
0.4715779732410199 0.779001600816265 
0.45097990499350543 0.7988651084841472 
