0.0 1.0018792342321903 
0.999724979990954 0.0028753848232589974 
0.7173575818510926 0.48970795387114074 
0.04031769383234507 0.9996260719341066 
0.28723957116684445 0.9197455089240443 
0.7375134487197785 0.45880060367363024 
0.614821148057657 0.6242724986701826 
0.46804098404730327 0.7830474266552474 
0.702108975272409 0.5098147848863775 
0.6740745432316297 0.5487545162182491 
0.7786974523410766 0.3975420101744435 
0.7490435828349502 0.4429717422125441 
0.6930314447193813 0.5287289340569522 
0.8420392074944727 0.2941533042989752 
0.14121947887724867 0.9824345463049322 
0.8062720911145173 0.3577602814965835 
0.8136248870950151 0.34129846692745075 
0.24876348498941991 0.9401210315725587 
0.9293642420063883 0.13993739136570107 
0.7619303700560021 0.42209407594474146 
0.630087095983077 0.6053637357290311 
0.7655911317257529 0.4163436730204927 
0.9620557227907007 0.07738867160106491 
0.8778335351926725 0.2315648795222104 
0.8942997712082015 0.20413166566433752 
0.31700922004905097 0.9013845853878748 
0.8491200194490007 0.2816576279143479 
0.5621248368921499 0.686943701153974 
0.8702147208178703 0.2471029033805713 
0.8217661111297806 0.3288462536656153 
0.9830258546126605 0.03831153982513557 
0.2741527942968397 0.9271197964744395 
0.9238961623854967 0.1505623374241043 
0.26123732382801507 0.9332928816017878 
0.07415119854723051 0.9980074172164806 
0.31700922004905097 0.9013845853878748 
0.18736572058137402 0.9666839662062093 
0.3961226703142634 0.8453337916864512 
0.504995053058319 0.7495105289978811 
0.5222686037167308 0.7296708393693859 
0.48768999599121365 0.7644076942759722 
0.6589595409651214 0.5682318633583594 
0.571209387754179 0.6764103548001611 
0.3712926912215689 0.8654647030281772 
0.983799730242373 0.035142523866612485 
0.6398977410163849 0.5936458044730549 
0.8325681164934826 0.31095528821908625 
0.4503713278397252 0.7989302741751932 
0.8635306436743053 0.2572454375704303 
0.9055696884317732 0.183320252258813 
0.22315313768182057 0.9522934495519351 
0.48768999599121365 0.7644076942759722 
0.3364905129028786 0.8907038104020284 
0.4585846793764957 0.7918548706802889 
0.5904760534982931 0.6535048334973265 
0.1781237109891859 0.9744652023597106 
0.9388097555187733 0.12149519128444206 
0.529114173442032 0.7215987030175903 
0.511491815211689 0.7401483884308279 
0.9027566853468374 0.187425802186343 
0.3543394479364884 0.8769925895216508 
0.6018909105085866 0.6399382295036349 
0.42464106444071176 0.8220556645816047 
0.5806206241734484 0.6663652703353639 
0.2320319782366534 0.9484671117666963 
0.10466879222449377 0.9910861784154743 
0.537819649578525 0.712375578844472 
0.2039041408729115 0.9598688596739783 
0.9573150864479887 0.0876632507611373 
0.8289037618350273 0.3166173525643522 
0.36568017181548107 0.869115244777342 
0.6930553242290485 0.5214008273762516 
0.11969622559844767 0.987995248912335 
0.9410667730346487 0.11841154698678208 
0.34911183250512295 0.8845977552091491 
0.1548663163467187 0.9778702610048494 
0.4101017731487068 0.8335733753611531 
0.9944930910701796 0.014079366979717694 
0.9620557227907007 0.07738867160106491 
0.4100782081216262 0.8339310227124834 
0.9158596967439254 0.16576131614244372 
0.9158596967439254 0.16576131614244372 
0.9484459963860756 0.10334013319731107 
0.6008067885217856 0.6422355726488548 
0.42755327861167697 0.820194086510895 
0.0752414090033936 0.9961640616948148 
0.9495466194793838 0.1015402981327263 
0.7982442221565041 0.3706074090591447 
0.9830258546126605 0.03831153982513557 
0.4375277673452175 0.8100512011357225 
0.43995336818586134 0.8085544008189195 
0.786891752235112 0.3859321514553292 
0.7982442221565041 0.3706074090591447 
0.20265138713235617 0.9612996128824219 
0.8844847422727263 0.22032701414631597 
0.786891752235112 0.3859321514553292 
0.585071421443291 0.6599014690731232 
0.6500952198627529 0.5805548661695378 
0.6500952198627529 0.5805548661695378 
0.9944930910701796 0.014079366979717694 
