1.0477624516304259E-4
1.018067903790027E-4
1.013316603496267E-4
1.0758221461923981E-4
1.146421714901233E-4
1.035366968005568E-4
1.0361281933732922E-4
1.1546786371261611E-4
1.1671582298682385E-4
1.0231361125867212E-4
1.1311664251526612E-4
1.065585571621E-4
1.067395376675634E-4
1.0767690954072617E-4
1.0343526289376984E-4
1.0290348368490196E-4
1.0215975911446857E-4
1.1644476444734955E-4
1.1326349601047185E-4
1.0959321130741908E-4
9.502063642842921E-5
9.655334040795579E-5
1.0776897685771285E-4
1.0796524261243337E-4
1.1189139036092752E-4
1.0357303464844203E-4
1.0340841756999239E-4
1.0344526056206109E-4
1.1948794173052439E-4
1.058349036077116E-4
