0.44735041452540397
0.3878955454446473
0.3979256737723523
0.4558665942791392
0.4625561005321374
0.45210116236743586
0.4275930184859541
0.44086702779081455
0.46547816648860074
0.4139415177546703
0.48492190699942805
0.44980369005569054
0.4115556159662326
0.47202386518887074
0.3993429453454275
0.4439300738075104
0.4622655638047856
0.4850365853590621
0.4914844973021457
0.42096504400713614
0.37819304610919174
0.3750240571935783
0.46510009171048156
0.4444916963816732
0.47190740255356295
0.42802353431845946
0.4351186758627076
0.3843833238025189
0.5469160818846148
0.43072899684009447
