0.8888230210284045 0.060148136468500216 
0.20741931238364625 0.5592302594410735 
0.5544364879947727 0.2579058927434719 
0.2220847530714549 0.5333559241493854 
0.5407092140380594 0.27738816769688085 
0.8741969056841508 0.07659265805220329 
0.5407092140380594 0.27738816769688085 
0.2220847530714549 0.5333559241493854 
0.8741969056841508 0.07659265805220329 
0.20742128237299895 0.5495267925536044 
0.5407717352613792 0.27121573220747774 
0.8742282249307147 0.07060865933845478 
0.5408188390633065 0.26776137874000944 
0.8742240707013584 0.07426215758401267 
0.54076518203164 0.2760525130580318 
0.5407711248399452 0.27293396585439933 
0.8822052322026536 0.06192167000302704 
0.21957683115886442 0.5334552904878765 
0.880994770728545 0.06292764804757878 
0.5415541278354701 0.2658682031919406 
0.8742021316779509 0.07596981621506008 
0.2135177268614804 0.5397989296839691 
0.5425851832918883 0.26465009604443257 
0.875114103772489 0.06603188987050748 
0.8872519254005483 0.06015502031745672 
0.8746347813113897 0.06856180695447354 
0.8750996585960545 0.06763735826199377 
0.5414107608920243 0.26616246255116743 
0.5506655682505843 0.2591273840164478 
0.20795403110109112 0.5484657603866085 
0.8836611322774658 0.06113181479968781 
0.8764320079953364 0.06527944918702282 
0.5486137899074381 0.260653567037456 
0.5409935872039567 0.2676726847836097 
0.2126477110236468 0.5410561298586147 
0.21842717481578117 0.5347065969620532 
0.8854439054978692 0.06112904077352844 
0.2134678871997578 0.5407500187357729 
0.8783400975007154 0.06391717892830964 
0.883092558954471 0.061546569296265105 
0.20799616263401174 0.5475523431792023 
0.2160005942838581 0.5368167647295047 
0.5496666882148369 0.25981526959264833 
0.5407711248399452 0.27293396585439933 
0.8760954284103065 0.06587593995318071 
0.8742240707013584 0.07426215758401267 
0.8857497349915596 0.06021120733857803 
0.8776348703790368 0.06488607002988162 
0.5519549421840213 0.2584991245311611 
0.8744356897677411 0.07002383213421627 
0.20812971547053863 0.5456338242303858 
0.543221439477621 0.2642669904752202 
0.551612007677041 0.2590283384130543 
0.20969024932329194 0.5438272491468218 
0.5438631502014564 0.26365651410285273 
0.8798203657391314 0.06351044826554866 
0.5462951778721713 0.26244396391831554 
0.877966513973873 0.06470317229287356 
0.5469561093548637 0.26212216741975375 
0.2094511248992558 0.5448699251172675 
0.5539704328569796 0.25795071185172336 
0.2075128390296384 0.5493848096569609 
0.2123738551763866 0.5418691238187807 
0.21026563008744115 0.5429656239974681 
0.5407649683161238 0.2760833355547059 
0.545592691962503 0.26262955967270274 
0.21797877389824527 0.535449324101347 
0.5493579778007917 0.2599114324130557 
0.210746097853811 0.542466548102924 
0.5476579219155131 0.2617418387264806 
0.2097198727256365 0.543302234013057 
0.21435375718861915 0.539067745496795 
0.8748532249177272 0.06807908342525008 
0.879985250817955 0.06295216281197935 
0.21937504816023057 0.5341592048495876 
0.21435375718861915 0.539067745496795 
0.218853566947146 0.534178171080894 
0.21591661646289337 0.5378902961754161 
0.21687189130749052 0.535759431412385 
0.20810165102497077 0.5467364838302403 
0.2115104453027603 0.5419229029084922 
0.545592691962503 0.26262955967270274 
0.5442654135702624 0.26349002934739063 
0.21529218865595054 0.5379750679453438 
0.8854575581784222 0.06054678229953612 
0.5442654135702624 0.26349002934739063 
0.553211916572859 0.2584637372554399 
0.21596248108149313 0.5372404412767835 
0.21757149863900116 0.5354543267188872 
0.21509217292610114 0.538432707532322 
0.553130793611915 0.25847104685947037 
0.20952482152615076 0.5447268268399268 
0.21668337705816396 0.5360076337525299 
0.5473735161989134 0.26175794826549204 
0.20809915064095674 0.546797383726291 
0.20852351690311471 0.5454617579758307 
0.20852351690311471 0.5454617579758307 
0.2106005181582296 0.5425602213678157 
0.5426610118161509 0.26435361028795806 
0.21509217292610114 0.538432707532322 
