0.9605970696636874 0.0348635910207751 
0.049891155124720976 0.7819701819174533 
0.7163865598138665 0.15793631811220707 
0.4039174108045999 0.3717731362614486 
0.07830774060334603 0.7503103540177579 
0.3833460825224508 0.38590573924135846 
0.3833460825224508 0.38590573924135846 
0.07830774060334603 0.7503103540177579 
0.9550769184799899 0.04195329266709498 
0.7291111069864958 0.14822732734556016 
0.9550769184799899 0.04195329266709498 
0.7291111069864958 0.14822732734556016 
0.07306478796677832 0.750323366483141 
0.9574353841211424 0.03512948085680191 
0.06407848436280017 0.7522848964374659 
0.38676797831668847 0.3795689909649516 
0.06809996789948398 0.7517132839054961 
0.7201166424489962 0.15332365150573693 
0.38612552604916883 0.3821726268863504 
0.05812129397818881 0.7649458448555031 
0.06937208085947605 0.7504106851015807 
0.06166728512425212 0.7569849640222046 
0.05663293801624775 0.7667657214409821 
0.05302833326205358 0.7747404756513617 
0.05184006595591093 0.7761778104031537 
0.3898252341248545 0.3784856636954903 
0.06091210165614677 0.7594876179410015 
0.7239859125125513 0.15241424560154312 
0.05485917803152955 0.7700416743583068 
0.7178173758730954 0.15535356473022766 
0.05954544727112726 0.762566165429123 
0.04996076185308015 0.780833043894713 
0.05589613531548587 0.7684883020883442 
0.05957851404910694 0.7607650541693926 
0.051531909863887775 0.7780885348787991 
0.05450569818723662 0.7717151426220971 
0.3915358116162117 0.37784883132851305 
0.7192941775546169 0.1545883412090114 
0.39278653240688755 0.3763867345514889 
0.7251633825970105 0.1509519840364187 
0.3916849901451952 0.37659406041233695 
0.05954544727112726 0.762566165429123 
0.38886709045668766 0.3791220104300986 
0.39485875351344446 0.37384037972133893 
0.06847402033988047 0.7509141995697638 
0.06268372604454857 0.754440858592159 
0.06168918849028023 0.755844637374177 
0.7282027481601806 0.14857356991753778 
0.3845699291364781 0.38244887898022684 
0.39724503811546996 0.3727963379136654 
0.40313340464271596 0.3718003662881456 
0.7276680635489171 0.1495179075377984 
0.05308846709523268 0.7730434933756007 
0.39404503032335336 0.37503139591066526 
0.40154821514203226 0.3721043141831833 
0.38444381644326386 0.3830849175811173 
0.051533541731974546 0.777425084008425 
0.399230914495029 0.372221842348184 
0.05800280137275031 0.7659483218325909 
0.05960245064157762 0.7598493809661501 
0.7242555526253859 0.15139205259403035 
0.7175916213230177 0.15618528960445377 
0.3844349024758914 0.3845195253920237 
0.9574353841211424 0.03512948085680191 
0.062133478744058675 0.7550600138973471 
0.05556489496203902 0.7694953980158671 
0.051531909863887775 0.7780885348787991 
0.7172964655404767 0.15703260662798388 
0.39465632707414766 0.3742377494364195 
0.7272758294301156 0.15008322757917755 
0.3981792264708349 0.3724507842896003 
0.06407848436280017 0.7522848964374659 
0.7267038100433822 0.15087828875089604 
0.7172337757495069 0.15782297874987228 
0.9574621703728352 0.03499986603589397 
0.38339158644138555 0.38583266790744153 
0.9592143062931939 0.034948315352838204 
0.04996076185308015 0.780833043894713 
0.060770884899290396 0.7596268461817648 
0.40154821514203226 0.3721043141831833 
0.7198624275570367 0.15395702129568029 
0.39346098366837684 0.37551899183644655 
0.3840327796302376 0.3848369398968236 
0.054010898546531086 0.7720596579602644 
0.05586467876165477 0.7689086264202516 
0.7269077695986511 0.15067327300691818 
0.7242523672244562 0.15231491060451469 
0.38886709045668766 0.3791220104300986 
0.05379050160922615 0.7724479249487921 
0.39485875351344446 0.37384037972133893 
0.9592143062931939 0.034948315352838204 
0.06268372604454857 0.754440858592159 
0.05319433302485411 0.7726086619481053 
0.39724503811546996 0.3727963379136654 
0.7239859125125513 0.15241424560154312 
0.719510427910007 0.15417961355151796 
0.7290579074004788 0.14835399661626628 
0.062467387348262945 0.7544691608461035 
0.39346098366837684 0.37551899183644655 
0.049899783036661455 0.7810022167229314 
