0.07339088844307659 0.7966310781814192 
0.9874914161991171 0.015614102801955543 
0.07339088844307659 0.7966310781814192 
0.4584651727471092 0.44941873092025575 
0.08217698028343515 0.7606274316116458 
0.9245174500289542 0.05683364878646055 
0.9245174500289542 0.05683364878646055 
0.26045642470245606 0.5056171870723221 
0.26045642470245606 0.5056171870723221 
0.3180328842126918 0.44978631776834815 
0.3994778623093135 0.4495637844078775 
0.3035084219999436 0.4549138082350467 
0.4022760357503741 0.44953983315200047 
0.9389049129580902 0.038286726672616046 
0.26695958047643936 0.49070436744498946 
0.26695958047643936 0.49070436744498946 
0.9680937040227423 0.0205732326972745 
0.9680937040227423 0.0205732326972745 
0.07922669452317842 0.7702202982267565 
0.07340213032182738 0.7885675434698568 
0.07351923137248917 0.781128820135915 
0.26072175702472283 0.49616694486618473 
0.9787127297094469 0.015795114868071863 
0.260515420146583 0.5052390129883472 
0.07387607649429939 0.773912223099967 
0.9246508184337857 0.04913680145278946 
0.0735987913198613 0.7740804371901794 
0.9256780684617837 0.043245144881785734 
0.30964132173083575 0.4514080582530958 
0.9277101969105459 0.042547913229524725 
0.9251282413488305 0.047471663212955234 
0.9853226531405955 0.015769314896569478 
0.9245215165674251 0.05511373425022355 
0.929756665584771 0.03969090046456209 
0.26123762937078016 0.49251538695230346 
0.0791540559825679 0.7703122166398739 
0.9754178202438015 0.016729712421988854 
0.9694245858829897 0.020230041392802378 
0.26224095567221384 0.4907283080403266 
0.073484301945342 0.784629244426058 
0.2611550446482711 0.4958340700421712 
0.0791540559825679 0.7703122166398739 
0.073484301945342 0.784629244426058 
0.973331032031923 0.01747225615513241 
0.9346960061016422 0.03866385834770815 
0.9730685670454636 0.02020549418959056 
0.9384749231218256 0.03830127972083087 
0.9726975941197725 0.0202281117987124 
0.3127278054468299 0.4508154464995085 
0.30667567493906106 0.45273214062601014 
0.3994778623093135 0.4495637844078775 
0.3166439253769849 0.45002274257651753 
0.4022760357503741 0.44953983315200047 
0.3150280231552012 0.4505214227235334 
0.9346960061016422 0.03866385834770815 
0.9308714321969885 0.03951162110128698 
0.97446838197967 0.016762960621392733 
0.30667567493906106 0.45273214062601014 
0.9325727322617045 0.038818173378071 
0.31567044041124565 0.45033454038278503 
0.9245215165674251 0.05511373425022355 
0.31314655277162445 0.45067726140934233 
0.3041005971657949 0.4547337201818519 
0.9738124938128265 0.01744428376094893 
0.26216936185850503 0.49174919780071036 
0.9860014735092222 0.015625642353424958 
0.3180328842126918 0.44978631776834815 
0.305151455267573 0.4535193156338017 
0.305151455267573 0.4535193156338017 
0.9312990329129133 0.03890391141896605 
0.9314985868448068 0.038879134352595796 
0.3041005971657949 0.4547337201818519 
0.3058553943518176 0.45282718989292864 
0.9325599140946021 0.03884191087081253 
0.3127278054468299 0.4508154464995085 
0.3051877329646854 0.4531919839558041 
0.2621926193830205 0.49100842921237275 
0.26216936185850503 0.49174919780071036 
0.9384749231218256 0.03830127972083087 
0.26075341686344616 0.4958981155975377 
0.3058553943518176 0.45282718989292864 
0.9860014735092222 0.015625642353424958 
0.31314655277162445 0.45067726140934233 
0.3051877329646854 0.4531919839558041 
0.26047484641181473 0.5053093453251866 
0.9727021591815619 0.020227364119831354 
0.26222292745342474 0.49090686007384515 
0.26047484641181473 0.5053093453251866 
0.26224095567221384 0.4907283080403266 
0.9726975941197725 0.0202281117987124 
0.26045642470245606 0.5056171870723221 
0.30667567493906106 0.45273214062601014 
0.9245215165674251 0.05511373425022355 
0.3180328842126918 0.44978631776834815 
0.3127278054468299 0.4508154464995085 
0.9384749231218256 0.03830127972083087 
0.9860014735092222 0.015625642353424958 
0.31314655277162445 0.45067726140934233 
0.26047484641181473 0.5053093453251866 
0.3180328842126918 0.44978631776834815 
