0.8844067154499424 0.083849451873138 
0.8844067154499424 0.083849451873138 
0.00880374555104077 0.990028465814888 
0.8729166455168191 0.089193041384255 
0.34133874722707136 0.45871145873669184 
0.4040487057022897 0.3900667353672996 
0.0928794503257195 0.797053775545489 
0.4040487057022897 0.3900667353672996 
0.0928794503257195 0.797053775545489 
0.008868973522529338 0.932872259466005 
0.07068643240465289 0.7987191257041896 
0.34208772450830577 0.44231682856767846 
0.38670111400900337 0.3903324283657768 
0.025194552344282486 0.8733710221838692 
0.013343477378692896 0.8976844788936661 
0.01281201527872074 0.9090440861011182 
0.026619869796349414 0.8620601526586692 
0.01059052384195508 0.9239332077505139 
0.029652941251579495 0.8481224321788337 
0.03463591186207558 0.8277680201478578 
0.8780613131807694 0.08542034498684578 
0.03415702886342753 0.8360784682536385 
0.3467559074369134 0.4207943169350633 
0.34529534200538314 0.4275024900927429 
0.011518925834593716 0.9140503951666599 
0.3610003703507551 0.410276807134317 
0.35826330552990726 0.4129946538304778 
0.009818285368785299 0.9251317072263477 
0.04512240766216734 0.8060023222542111 
0.05701558652196547 0.8014297109897307 
0.008906229519654797 0.931604442750968 
0.01434697299257541 0.8954199693384087 
0.03148393158301462 0.8367226137029997 
0.3699274923345175 0.3994859415841791 
0.04244045484497193 0.8061065882338768 
0.8761123971849216 0.08753581875347752 
0.029862318217233938 0.8414922628756977 
0.019484479635006442 0.8800590364162185 
0.06412160423766501 0.7991455735948819 
0.01461582653484955 0.8904980704100806 
0.354251569080259 0.4131105732205734 
0.04199609663119623 0.8127261149743036 
0.38023238002954013 0.3921217843762097 
0.06956399464185709 0.7991439593047162 
0.039160810564210655 0.8154037721518282 
0.36660958355099715 0.4050247431357397 
0.021951599165677814 0.8774639914531038 
0.371505828105726 0.39575910386777124 
0.031158690983405107 0.8414768043675459 
0.028168616654692304 0.8523876684127218 
0.012630094257505652 0.9121117607692426 
0.036905467018989085 0.8205135231881379 
0.34373827062561196 0.43144659895964027 
0.05250063307319253 0.8020209556233062 
0.03512017840666475 0.8237196140285851 
0.3420879950768804 0.43800633121795557 
0.05015063025233812 0.8034435004553205 
0.02817534418473159 0.8523404440880559 
0.04181956245581012 0.8129408345494616 
0.017375690062712522 0.8859871268543523 
0.34435239122054995 0.42977103395336574 
0.35287853799483465 0.41490584515446294 
0.34373340670277513 0.43521692017149116 
0.3730388846912963 0.3937080892963256 
0.01834438644786164 0.884018571711478 
0.3500649212946458 0.41609534813606897 
0.027120315854235154 0.8576238587088533 
0.3670597076370408 0.4016806446179478 
0.3678999512099437 0.4004038095264481 
0.01878326608053269 0.8821218251783693 
0.38218111744509425 0.3916795434492849 
0.05015063025233812 0.8034435004553205 
0.05940198621249972 0.80014641280926 
0.8733704729006084 0.08874064502733021 
0.02706765998590767 0.8611727264336759 
0.38670111400900337 0.3903324283657768 
0.01690259910737626 0.8881330584798884 
0.3766414062390617 0.3932408809684809 
0.016730532603308458 0.8902209807571221 
0.06259624534450316 0.7998294762703694 
0.027120315854235154 0.8576238587088533 
0.3647846634984546 0.40958071712448774 
0.349454014827562 0.41972792138949633 
0.364722946077036 0.4097659433891664 
0.03481003821326003 0.8243695740690551 
0.0387917304715456 0.8182665547116954 
0.3497266874063101 0.41925038218075883 
0.03773941354434234 0.8202791156882963 
0.3766414062390617 0.3932408809684809 
0.3513784977392458 0.4156432455697857 
0.02276915731738379 0.8764383404580381 
0.05249438557300735 0.8028012416931833 
0.3667882582252837 0.40451936172612396 
0.3725441941410602 0.3953169318117689 
0.06051572569263258 0.8000812135877887 
0.024517746292557555 0.8754638414954586 
0.38218111744509425 0.3916795434492849 
0.039144921717001 0.8173473441437793 
0.011518925834593716 0.9140503951666599 
0.34373340670277513 0.43521692017149116 
