0.7034770902855827 0.16206382548525544 
0.7034770902855827 0.16206382548525544 
0.029445072565190786 0.8371161330560725 
0.3620919514964203 0.40496899032895256 
0.04345653003585292 0.8014754556392065 
0.37412700003122723 0.3922505381376765 
0.696837700263849 0.16757942019005048 
0.029723791301916193 0.8307102717810196 
0.029630506398743615 0.836404285832202 
0.3633940714742128 0.40017420328148 
0.03916622104059363 0.8079796947428395 
0.031572897129232655 0.8246592539348137 
0.030800254304293936 0.8268793890471735 
0.03376241432672452 0.8189320419288945 
0.371906895941213 0.39225332763194143 
0.03326945245431081 0.8208943918510899 
0.03056255999550809 0.8289105681887416 
0.039636013739450804 0.8055719769719403 
0.7021750762206966 0.16294419256284912 
0.6997204686180153 0.1652071202478697 
0.37119373057777666 0.39308674935964805 
0.041604561059028516 0.8036755288246809 
0.36687831270483706 0.39593584924179703 
0.030771987191188236 0.8271332972561265 
0.04032457159339797 0.8040678457724532 
0.36486411662541246 0.39726337820514024 
0.032369017480374455 0.8220656728665792 
0.03840539068062001 0.8081898202081608 
0.697912375869639 0.16543174361514115 
0.03461013698320088 0.8163426375304601 
0.03056255999550809 0.8289105681887416 
0.03229272741152411 0.8235091447088043 
0.367437844739491 0.39561203068959994 
0.03671684682897723 0.8117333053968205 
0.7008954964413071 0.16378854693909028 
0.03538102145713213 0.8141474725751214 
0.363762646685749 0.39868011220903204 
0.7031173908354569 0.16235643039991415 
0.035471034827359554 0.8131022205609644 
0.035031771248352724 0.8161189378498905 
0.36937694464137166 0.3932499212597446 
0.040119172088397624 0.8044553441343124 
0.04274238027217921 0.8020603838432353 
0.03785660451828032 0.8088486461452541 
0.3633940714742128 0.40017420328148 
0.3658987904551701 0.396391313971354 
0.035031974522744994 0.8149807894699244 
0.3635454277526103 0.39974378182966774 
0.6973835858127428 0.16630377514833092 
0.3678972178531637 0.39498698653942216 
0.04194716898017077 0.802610559887404 
0.6999710993000304 0.1650208386092742 
0.700444835857195 0.16451526138631814 
0.7017479405211869 0.16347845553682994 
0.697590554453681 0.16573616197874202 
0.36877967904229364 0.39427101898564637 
0.0373243993567127 0.8104310755793906 
0.0362136324136126 0.8119258092513096 
0.035471034827359554 0.8131022205609644 
0.3641304287833295 0.3984193528536542 
0.03400880055242629 0.8175496125425646 
0.03785660451828032 0.8088486461452541 
0.03537885967027988 0.814915496985814 
0.37028524636481436 0.3931007317175348 
0.037327963723155846 0.8099456338562172 
0.0373243993567127 0.8104310755793906 
0.03415000644915992 0.8172781899682264 
0.03250774196849247 0.8215016880915808 
0.37007626787714715 0.3931116498828245 
0.03984436818136922 0.8052674704999867 
0.7008032350748858 0.16444495704463233 
0.037327963723155846 0.8099456338562172 
0.6972513405793426 0.16688771588507767 
0.36877967904229364 0.39427101898564637 
0.03257068039444305 0.8212054541642354 
0.033997533094652296 0.8183168248057857 
0.0362136324136126 0.8119258092513096 
0.36508857200040123 0.3971281602912234 
0.3680283607916091 0.3947200784301395 
0.04314416952473988 0.8017176984901895 
0.031636828747779414 0.8239174442202045 
0.033984296895307055 0.8184883224931385 
0.033140063121221947 0.8211644588739703 
0.36508857200040123 0.3971281602912234 
0.6972513405793426 0.16688771588507767 
0.3684649063199789 0.39464499963745636 
0.3657855413754434 0.39643444837479075 
0.039636013739450804 0.8055719769719403 
0.043064992467555296 0.801993183880417 
0.3657855413754434 0.39643444837479075 
0.7017479405211869 0.16347845553682994 
0.36937694464137166 0.3932499212597446 
0.3641304287833295 0.3984193528536542 
0.041604561059028516 0.8036755288246809 
0.042013768310232305 0.8026077438834914 
0.03415000644915992 0.8172781899682264 
0.371906895941213 0.39225332763194143 
0.03633424949559991 0.8117437219593029 
0.36402783714207826 0.3984209266416443 
0.6978626489614127 0.1654321350538918 
