1.5028418525246814
1.1980664221528652
1.44444004813454
1.3577230951217263
1.4508364153595996
1.6209915136781665
1.620426246689377
1.2871221155012695
1.3661800557944364
1.5437339629092661
1.636459872487589
1.6071550946594777
1.4400797808617727
1.6197294517174852
1.292243069771865
1.3265380788104262
1.5806413157378754
1.4581239768131564
1.437605202328435
1.5663153281102868
1.4394277307248489
1.6348728427834283
1.3393058592215907
1.535619066875902
1.5683001322634502
1.5299857524057459
1.3315909855876655
1.606016569717761
1.3639194221426478
1.5388015464787237
