0.8787359116877641 -0.8395353891561603 -0.9152660245431055 -0.9515542737882414 -0.9220400596298418 -0.9650470135621069 -0.9821872323474975 -0.9766721291870837 -0.8828573292174999 -0.9799822798846675 -0.9053631921742855 -0.8550930309906704 -0.5894369230474923 -0.755168611592128 -0.7432871431154917 -0.5825547861159486 -0.4533229323300568 -0.37014162868198625 -0.6726015917675662 -0.2082237572934304 0.03739839628045222 0.016490849813097647 0.08086076883580705 0.24698970176945534 0.37731492544733447 0.42782027667900796 0.5950711297200624 0.5921209392585887 0.5549298086625469 0.7197102180005331 
0.028279430444345003 0.4668331265264045 0.6942479061224621 0.7610765098640077 0.894609664451088 0.9125415698638912 0.9645666224929341 0.8131229212101969 0.9852085185828507 0.9345443596781409 0.9990071568118316 0.7298457369602445 0.943815793877539 0.7938014960762414 0.8757105557863143 0.6525389541671672 0.7193651691833729 0.7297111539155151 0.5702700978325841 0.1587494448489067 0.38831561326062675 2.65813350030758E-4 0.24943513025178965 0.49687070260768035 0.04725517347175108 -0.06379351316955437 -0.1883636352340638 -0.31096714959563326 -0.4646258448328305 -0.45157815747899643 
0.8787359116877641 -0.8395353891561603 -0.9152660245431055 -0.9515542737882414 -0.9220400596298418 -0.9650470135621069 -0.9821872323474975 -0.9766721291870837 -0.8828573292174999 -0.9799822798846675 -0.9053631921742855 -0.8550930309906704 -0.5894369230474923 -0.755168611592128 -0.7432871431154917 -0.5825547861159486 -0.4533229323300568 -0.37014162868198625 -0.6726015917675662 -0.2082237572934304 0.03739839628045222 0.016490849813097647 0.08086076883580705 0.24698970176945534 0.37731492544733447 0.42782027667900796 0.5950711297200624 0.5921209392585887 0.5549298086625469 0.7197102180005331 
0.028279430444345003 0.4668331265264045 0.6942479061224621 0.7610765098640077 0.894609664451088 0.9125415698638912 0.9645666224929341 0.8131229212101969 0.9852085185828507 0.9345443596781409 0.9990071568118316 0.7298457369602445 0.943815793877539 0.7938014960762414 0.8757105557863143 0.6525389541671672 0.7193651691833729 0.7297111539155151 0.5702700978325841 0.1587494448489067 0.38831561326062675 2.65813350030758E-4 0.24943513025178965 0.49687070260768035 0.04725517347175108 -0.06379351316955437 -0.1883636352340638 -0.31096714959563326 -0.4646258448328305 -0.45157815747899643 
0.028279399057113127 0.4668331265264045 0.6940446330345379 0.847209778659946 0.8956670419909771 0.9125430188585215 0.9429268958603616 0.8131229212101969 0.874129011731943 0.9901710820965655 0.9996096892803586 0.7333571641458775 0.9438157905208523 0.9081268803020967 0.881202123824981 0.7179731193953863 0.8579914186687263 0.6756142064298197 0.8106694204657313 0.5187210528100696 0.370423251825852 0.04536073673267485 0.24943513025178965 0.3216387704084104 0.0498236408381761 -0.055711299941464745 -0.19647016338190382 -0.3169956661564248 -0.3781996322141546 -0.4880690468512322 
0.2619825079290054 -0.7445575056087206 -0.8625086771598002 -0.804967948666707 -0.6936123270123344 -0.6757170151516907 -0.603980104214169 -0.40874429076956353 -0.3481871668223154 -0.17119265040232212 -0.16834772983984536 -0.1850886757566103 0.014777765370815201 0.10256120640730067 0.22168343878844177 0.4729950929049245 0.441147636599041 0.48665118723378753 0.5931936404039997 0.6587454736710404 0.7815477514961989 0.9621027211648834 0.8827400640004629 0.8499066495717454 0.9561115691101246 0.9143302737463379 0.9787701140483285 0.9872648597545798 0.9864699659614617 0.8285152018075371 
0.6061161784977408 -0.8338094051323687 -0.8780463799068202 -0.6402370758881396 -0.6008885243433922 -0.5258432021140473 -0.4343282904523148 -0.3265295403705727 -0.2991216574041873 -0.11939067230328762 0.01610107303226374 0.09801893822773311 0.0752220300380082 0.3097847566981373 0.43933666602490445 0.5031273463346401 0.3235988653756443 0.6800948089458195 0.6295651588583849 0.8269169209230413 0.8102331189923958 0.914793404610078 0.883442292468054 0.9838156380426072 0.9782718507872953 0.9987212852376158 0.9894756698930498 0.9830194151047356 0.9746374634163536 0.8963278148188509 
0.8745168008188432 -0.8060387295424549 -0.8620986407562037 -0.9324746903458243 -0.9696455976996244 -0.9650858161867657 -0.9785558919440247 -0.9759280342601592 -0.7728418239985311 -0.9802032200187839 -0.9497299117018436 -0.8796781204602158 -0.7168329189918252 -0.7288702819095974 -0.6328501528002465 -0.648695521957076 -0.44641268891838126 -0.4280029601790083 -0.5246504744278633 -0.21545493713413105 0.03850600000850704 0.05596288361584694 0.07780153600248403 0.022814219558402155 0.22679532240603806 0.43263544691962463 0.48797348076043345 0.5707567869115217 0.5214873117885048 0.6823489340792471 
0.5954364392016217 -0.895995349701147 -0.8620853430626264 -0.7526483493569334 -0.6935972016008172 -0.5627918034023951 -0.572214193964096 -0.46591242377412706 -0.3487496223843855 -0.3180813073115645 -0.17891636173632852 -0.16999498765303223 0.013150955989288626 0.09936018433630633 0.21945963932243318 0.44643043080728345 0.44090634277739793 0.4814470882317342 0.626642723354183 0.7333043903199085 0.7792350970979756 0.9621544867051172 0.8827381376697457 0.8499011616344572 0.9499946510370176 0.9337244859552352 0.9787356356078207 0.9312932945623437 0.9864986882891545 0.8311721241077542 
0.27336371839785323 -0.8141295028317121 -0.8053814844548794 -0.6623801198812045 -0.5800811542144378 -0.5091521040945511 -0.37173789898618403 -0.30778153439982175 -0.2989169645838633 -0.11921462398985068 -0.03686882657105324 0.13232904776396354 0.18292955042322173 0.3090471283436962 0.431376839603994 0.5042804089479213 0.4642090796718211 0.6931919673541589 0.7910460026411146 0.8338993579953294 0.8353878695533081 0.9062985240430546 0.8837884181650625 0.9909030315991416 0.9674561966288524 0.9951117120926336 0.9843613681860528 0.9656888735176563 0.9873072189890312 0.8648781127092099 
0.5954364392016217 -0.895995349701147 -0.8620853430626264 -0.7526483493569334 -0.6935972016008172 -0.5627918034023951 -0.572214193964096 -0.46591242377412706 -0.3487496223843855 -0.3180813073115645 -0.17891636173632852 -0.16999498765303223 0.013150955989288626 0.09936018433630633 0.21945963932243318 0.44643043080728345 0.44090634277739793 0.4814470882317342 0.626642723354183 0.7333043903199085 0.7792350970979756 0.9621544867051172 0.8827381376697457 0.8499011616344572 0.9499946510370176 0.9337244859552352 0.9787356356078207 0.9312932945623437 0.9864986882891545 0.8311721241077542 
0.27336371839785323 -0.8141295028317121 -0.8053814844548794 -0.6623801198812045 -0.5800811542144378 -0.5091521040945511 -0.37173789898618403 -0.30778153439982175 -0.2989169645838633 -0.11921462398985068 -0.03686882657105324 0.13232904776396354 0.18292955042322173 0.3090471283436962 0.431376839603994 0.5042804089479213 0.4642090796718211 0.6931919673541589 0.7910460026411146 0.8338993579953294 0.8353878695533081 0.9062985240430546 0.8837884181650625 0.9909030315991416 0.9674561966288524 0.9951117120926336 0.9843613681860528 0.9656888735176563 0.9873072189890312 0.8648781127092099 
0.028279399057113127 0.4668331265264045 0.6942427650222891 0.8437466321702867 0.8956502879061967 0.9125430188585215 0.9429268958603616 0.8131229212101969 0.9846363382473021 0.9901710820965655 0.9996096892803586 0.7333571641458775 0.9438157904839638 0.9122497412215711 0.8813152282263542 0.7186291403430749 0.8011040086300911 0.6756142064298197 0.5725123678017486 0.15699778334195325 0.37084339309302256 0.04595703644707823 0.24943513025178965 0.3216387704084104 0.0498236408381761 -0.055711299941464745 -0.1892860070316119 -0.31705970182669274 -0.4646380670558607 -0.45157815747899643 
0.8788495016472475 -0.8352280677344842 -0.8609610791799877 -0.933525294170094 -0.9679090467513353 -0.9650854910103466 -0.9785375890248283 -0.9945488534215389 -0.8836481537869333 -0.9802032200187839 -0.9040207251447975 -0.9045774372898403 -0.7169270751766252 -0.7296674607187404 -0.6234919215889103 -0.5824831485360812 -0.4982011728680874 -0.4280029601790083 -0.6421185850759039 -0.21545495341905546 0.04369389779605001 0.01480072424653582 0.07806988398112102 0.2559956539844989 0.3051031057882464 0.42802048808548615 0.4865109446515863 0.5921771125833721 0.5436568374626327 0.7186683455892687 
0.028279399057113127 0.5573158008824828 0.6940446330345379 0.847209778659946 0.8956670419909771 0.9125430188585215 0.9429268958603616 0.8131229212101969 0.874129011731943 0.9901710820965655 0.9996096892803586 0.7333571641458775 0.9438157905208523 0.7938014961321357 0.881202123824981 0.7179731193953863 0.8011040086300911 0.6756142064298197 0.6049740416628836 0.3079972871736958 0.419472488804956 0.04536073673267485 0.24943513025178965 0.3216387704084104 0.0498236408381761 -0.055711299941464745 -0.1892860070316119 -0.3276692681674658 -0.38494767437297167 -0.45157815747899643 
0.028280549670930886 0.4668331265264045 0.6942593065898202 0.8472677245960786 0.894609664451088 0.9125415758118556 0.9645666224929341 0.8131229212101969 0.9852085185828507 0.9345443596781409 0.9990071568118316 0.7297004194109704 0.9438939222915324 0.7938011016326184 0.8757105557863143 0.7179731193953863 0.7275943876645009 0.6756142064298197 0.6061824410129126 0.30673758789538486 0.38831561326062675 0.04536073673267485 0.24943513025178965 0.4981550941653645 0.04725517347175108 -0.06379351316955437 -0.2537690276389916 -0.3106420002080526 -0.4646258448328305 -0.45157815747899643 
0.028279430444345003 0.4668331265264045 0.6942479061224621 0.8472677245960786 0.894609664451088 0.9125415698638912 0.9645666224929341 0.8481883525386702 0.9852085185828507 0.9345443596781409 0.9990071568118316 0.7298457369602445 0.943815793877539 0.8676615401729264 0.8757105557863143 0.7179731193953863 0.7193651691833729 0.7297111539155151 0.6061824410129126 0.1497594298230943 0.38831561326062675 2.65813350030758E-4 0.24943513025178965 0.49687070260768035 0.04725517347175108 -0.06379351316955437 -0.1883636352340638 -0.31096714959563326 -0.4646258448328305 -0.45157815747899643 
0.028279399057113127 0.4668331265264045 0.6940446330345379 0.847209778659946 0.8956670419909771 0.9125430188585215 0.9429268958603616 0.8131229212101969 0.874129011731943 0.9901710820965655 0.9996096892803586 0.7333571641458775 0.9438157905208523 0.9081268803020967 0.881202123824981 0.7179731193953863 0.8011040086300911 0.6756142064298197 0.6049740416628836 0.5187210528100696 0.370423251825852 0.04536073673267485 0.24943513025178965 0.3216387704084104 0.0498236408381761 -0.055711299941464745 -0.1892860070316119 -0.3169956661564248 -0.3781996322141546 -0.45157815747899643 
0.5972857968017484 -0.8637346546155423 -0.8457375834047124 -0.7483960634122678 -0.6930644194770995 -0.5949469464883473 -0.5551472443604414 -0.4116018542196071 -0.2983779325260387 -0.17672872128517822 -0.10149029099128415 -0.07228337380724548 0.08504870210687754 0.19401851002986728 0.2728059002886512 0.38009839402365403 0.4816111003289634 0.47893122338972716 0.6310912432839318 0.7340849182587807 0.7776360826773856 0.8514766222641685 0.8918529816210018 0.9530088624478762 0.9500429502792231 0.9734312827884546 0.9846129322464804 0.9781143198224543 0.984639524739996 0.930565034499793 
0.6061161784977408 -0.8338094051323687 -0.8780463799068202 -0.6402370758881396 -0.5950201170451307 -0.5258432021140473 -0.4343282904523148 -0.3265295403705727 -0.29931150600291867 -0.12031701957889313 -0.03684383578931191 0.10116252133231049 0.0752220300380082 0.3093136219702118 0.43933666602490445 0.5031273463346401 0.4729320507890291 0.6801114926033565 0.6280676825166993 0.8263177893518601 0.8102729159607288 0.9147795432737399 0.883442292468054 0.9838156380426072 0.9782718507872953 0.9987143026406091 0.9894756698930498 0.9648155304144 0.9746374634163536 0.925884871605793 
0.8745168008188432 -0.8060387295424549 -0.8620986407562037 -0.9324746903458243 -0.9696455976996244 -0.9650858161867657 -0.9785558919440247 -0.9967040019785852 -0.7728418239985311 -0.9802032200187839 -0.9040660494700108 -0.8796781204602158 -0.7063004794168013 -0.677612053019331 -0.5719926466294994 -0.648695521957076 -0.44641268891838126 -0.44599516135421013 -0.6420821707603326 -0.21545493713413105 -0.18579021719821406 0.05596288361584694 0.07780153600248403 0.08651078101372192 0.306628743889109 0.43263544691962463 0.48797348076043345 0.5921788415783836 0.5214873117885048 0.6823489340792471 
0.2619825079290054 -0.893664444962146 -0.8569740015267425 -0.750696169820232 -0.6936123270123344 -0.6757170151516907 -0.6056621199725744 -0.46589057217377006 -0.3488205380753994 -0.3166648776454721 -0.17888658472900107 -0.1850886757566103 0.014777765373556621 0.10264601756967391 0.27281112314824163 0.37763597316365316 0.441147636599041 0.48668875634034775 0.5928191781017755 0.5898188383867996 0.7815370746691342 0.9607487668041866 0.8832556788656878 0.8516438188676017 0.9501828950379764 0.9152258895128657 0.9763666115068363 0.9912790535155958 0.98657205032045 0.8310958300549632 
0.2619825079290054 -0.7479771287528825 -0.8625090579754111 -0.804967948666707 -0.6936123270123344 -0.6757170151516907 -0.552738479408455 -0.40887193889734996 -0.3481871668223154 -0.1697810908349044 -0.16834772983984536 -0.1850886757566103 0.014777765370815201 0.10263352763787321 0.2728111035880465 0.4729950929049245 0.441147636599041 0.48665118723378753 0.5928889163382798 0.6579978995424723 0.7815600308356765 0.9621077554342156 0.8832331411564778 0.8501775940991643 0.9561115691101246 0.9152258895128657 0.9787701140483285 0.9872648597545798 0.9864699659614617 0.8285152018075371 
0.028279430405627054 0.4668331265264045 0.6942480523252084 0.8472677245960786 0.894609664451088 0.91254157599571 0.9645666224929341 0.8131229212101969 0.9852085185828507 0.9345443596781409 0.9990071568118316 0.729845800832315 0.9438934944800582 0.7938014951717365 0.8757105557863143 0.7179731193953863 0.7193697048410593 0.6748920126299007 0.6061824410129126 0.30673758789538486 0.38831561326062675 0.04536073673267485 0.24943513025178965 0.49818107115983357 0.04725517347175108 -0.06379351316955437 -0.2537690276389916 -0.3109742712969828 -0.4646258448328305 -0.45157815747899643 
0.5954364392016217 -0.9050136334769324 -0.8567187827537859 -0.802230787467957 -0.6938447722096903 -0.5667255865200408 -0.6064118070803931 -0.46591242377412706 -0.2994065904668654 -0.23971431478036612 -0.1788147129856401 -0.06340890062264452 0.0172311261773279 0.10260271475403658 0.2683885152892308 0.38374572016906294 0.44090634277739793 0.4814515103699345 0.626642723354183 0.7333043903199085 0.7792350970979756 0.8938327763535897 0.8827381376697457 0.8891979635159594 0.9499845559270923 0.9983224770085496 0.978684234720267 0.9777768168749431 0.983171835942741 0.8312023330874041 
0.2696045627407448 -0.7602964975102257 -0.7346369748057935 -0.6410155263636043 -0.585396844200229 -0.5089259259944597 -0.4439384888294963 -0.30868268125786835 -0.2539041672725502 -0.12124633300188585 -0.036820914402857584 0.10351055166262386 0.0807246047536143 0.29827217894007607 0.4349216792080369 0.5026546172142458 0.6023770903870859 0.6935089703079131 0.7910735339017909 0.8189991849593542 0.8107820207348032 0.9081018936298453 0.883828565983064 0.9914999080758387 0.9857035552366886 0.9955787049765522 0.984098893658516 0.9653433073644452 0.9993850606292948 0.9478390361721531 
0.6061161784977408 -0.8338094051323687 -0.8642135576843575 -0.6402994065122218 -0.5840369600582401 -0.525696074918503 -0.4343282904523148 -0.32657511993438626 -0.16845010124652837 -0.12030394922723385 -0.03684383578931191 0.10115420857210358 0.0752220300380082 0.2898922189848087 0.4393369155129344 0.5030972730514934 0.47293202916593047 0.6797681998692737 0.7710662701937251 0.8262901069570675 0.8102729159607288 0.9062385426696045 0.8839927175993915 0.9838156380426072 0.9782718507872953 0.9987143026406091 0.9893694544751548 0.9653254815893408 0.9737166168721257 0.9274249911804474 
0.27206329142628777 -0.7627301467248352 -0.7297854642150946 -0.6284017443574575 -0.581215739598904 -0.5556975590536849 -0.4435869171632083 -0.3299998835671785 -0.2507444205247741 -0.1212366595953183 -0.03706558371304386 0.10333874353682873 0.09424367680747117 0.2983932643906161 0.43468865285366143 0.5026546172142458 0.4730847810775778 0.6937555939305268 0.778715808401103 0.8353330248413701 0.8336592223197613 0.9063647730186897 0.8903750322205152 0.9914970770320142 0.97755761468483 0.9955786897249753 0.984108087315244 0.9644959380474493 0.981114114272502 0.9469373966049395 
0.26570134741665397 -0.9070454650550142 -0.8122760173131124 -0.7424873297958955 -0.6936538434762591 -0.5938852969916857 -0.5561589359693068 -0.4136097877126566 -0.34276415477038047 -0.14311003836102415 -0.10444558748551924 -0.07025514857776975 0.01246377396789878 0.19906122769257803 0.26683915036506134 0.3797774615060845 0.468571953184483 0.4774928814449253 0.6251386186862532 0.7383441184471718 0.790282648490537 0.9065306043966139 0.8841776021904666 0.9530058086526993 0.9502127312797238 0.9748506309513223 0.9840717555398911 0.9939206145443414 0.9866135080538854 0.9312433732635517 
0.5994241770814301 -0.9068950772407183 -0.8122760173131124 -0.7424573708304937 -0.6936538434762591 -0.5939287034125569 -0.5561589359693068 -0.4136097877126566 -0.4015418858166667 -0.17809093518760102 -0.10325434814487568 -0.06806883641899952 0.021816588346101423 0.20181116441529062 0.26683915036506134 0.3796688291562343 0.4700589938096324 0.478672215536791 0.6250363964807369 0.7388066227936984 0.8330817013046372 0.9065306043966139 0.8841776021904666 0.9530058086526993 0.9501873538127039 0.9748506309513223 0.9842040205504646 0.9924677526380177 0.9850143561104011 0.9312433732635517 
0.5994241770814301 -0.9068950772407183 -0.8122760173131124 -0.7424573708304937 -0.6936538434762591 -0.5939287034125569 -0.5561589359693068 -0.4136097877126566 -0.4015418858166667 -0.17809093518760102 -0.10325434814487568 -0.06806883641899952 0.021816588346101423 0.20181116441529062 0.26683915036506134 0.3796688291562343 0.4700589938096324 0.478672215536791 0.6250363964807369 0.7388066227936984 0.8330817013046372 0.9065306043966139 0.8841776021904666 0.9530058086526993 0.9501873538127039 0.9748506309513223 0.9842040205504646 0.9924677526380177 0.9850143561104011 0.9312433732635517 
0.2720707896117628 -0.8141295028317121 -0.8058773406551931 -0.6619233173775917 -0.5779233295807181 -0.5091521040945511 -0.37173789898618403 -0.30778153439982175 -0.2989169645838633 -0.11933067974022037 -0.03686882657105324 0.13232904776396354 0.18292955042322173 0.3090471283436962 0.431376839603994 0.5042804089479213 0.4642090796718211 0.6931912191683284 0.7910460026411146 0.8341326274358611 0.8335831830291972 0.9081448045454205 0.8837884181650625 0.9909132902687128 0.9674561966288524 0.9951117120926336 0.9843613681860528 0.9650220218139756 0.9873072189890312 0.8648781127092099 
0.8745168008188432 -0.8060387295424549 -0.9533194863136167 -0.9324746903458243 -0.9696455976996244 -0.9650858161867657 -0.9785558919440247 -0.9759280342601592 -0.7728418239985311 -0.9802032200187839 -0.9040660494700108 -0.8796781204602158 -0.7168329189918252 -0.7288702819095974 -0.6328501528002465 -0.648695521957076 -0.44641268891838126 -0.4280029601790083 -0.5246504744278633 -0.21730716703524094 0.03850600000850704 0.05596288361584694 0.07780153600248403 0.022814219558402155 0.22679532240603806 0.43263544691962463 0.48797348076043345 0.5707567869115217 0.5214873117885048 0.6823489340792471 
0.2696729575791135 -0.812713774888384 -0.8589667946780737 -0.640152473491015 -0.5795227659512536 -0.5568627498768851 -0.37359836862080975 -0.37047133185435344 -0.299126917201209 -0.11768697690318916 -0.03888101808653716 0.10289261162562352 0.08099085242030866 0.2982951969402473 0.4341857237845404 0.4326605831630994 0.4666176114120355 0.6908880239476087 0.7713504504537174 0.8184520089755173 0.8339300051244568 0.8849444178982279 0.8885774238656107 0.9916763467824173 0.9849332988012475 0.9982235716036095 0.9850138371131318 0.9753237004819223 0.9866155808250331 0.9354658675310158 
0.26357155854626935 -0.908120936753346 -0.8620116619051683 -0.7410100798657375 -0.6971908279453723 -0.5691611804195661 -0.5363087590875911 -0.5457439204258873 -0.35243053046234735 -0.1766648169168162 -0.16667689022358623 -0.06495844193752119 0.013310596888984859 0.10823920839786164 0.2728025046085369 0.3806637602299099 0.4460337017925887 0.48123461129618444 0.6270207341115929 0.6550456384703942 0.8371255115287348 0.8467351863986354 0.9862306849258373 0.9467959180805187 0.9698372828677968 0.9738244019788701 0.9786779753549949 0.9940830443538193 0.9991226022496393 0.9339484984718603 
0.27336348932385157 -0.760555981428061 -0.7341514931075 -0.6283939583395373 -0.5795492856809147 -0.5261017189540204 -0.43431223549623543 -0.3083448185673861 -0.2990515962314402 -0.12074370288474341 -0.03684427142728982 0.10101201759761007 0.08393638907709627 0.2984971594601451 0.43935897153702264 0.5028823318728339 0.6063857249902677 0.6784427790712775 0.7909872153852285 0.822527910576364 0.8121164982479826 0.9062444175823 0.8833841103904959 0.9916026582507048 0.9848880183479898 0.9955872214433712 0.9843753721945232 0.9645336587299707 0.9993164796012112 0.8648777022311577 
0.6032826618681565 -0.7588977513016184 -0.7762341473098395 -0.6278677498526688 -0.6771118678657956 -0.5573576074658976 -0.4361295576124052 -0.32650109432061275 -0.29878823706561836 -0.11936150428973935 -0.03709467492752388 0.10498558045007937 0.16122902077410356 0.2986204469067755 0.4369760539200656 0.49831938071614484 0.4663013345716855 0.6540215183124171 0.7234992086899428 0.8359073034803735 0.8122913018104848 0.908360823010365 0.8906117273855733 0.9832777212750196 0.9491945008264906 0.9982418239177717 0.9917175333428082 0.9339120204319628 0.9735819769957693 0.9391961963136433 
0.6055144917356631 -0.8150660903751066 -0.7294163163061511 -0.6327494671563509 -0.579517445939111 -0.5565135335019753 -0.41213152171854983 -0.3288813143197361 -0.21332363093223758 -0.12073178567820951 -0.027671685528971694 0.10495999061904755 0.0816484208963965 0.29861892652673755 0.43914029620200024 0.5036793369674731 0.46587740222103524 0.674265494288246 0.7253211502524495 0.8356469395488043 0.812291585091613 0.9057292091123531 0.8827838629497925 0.953884686080537 0.9641440407220009 0.9953206931677612 0.9919884004763522 0.9999083491741798 0.9808966308746055 0.9020193500053739 
0.2666348487762438 -0.8252563739921243 -0.8623324325398856 -0.7413003527326141 -0.6230919408795429 -0.5691611804195661 -0.606526990398392 -0.46360796927450143 -0.3138687643908605 -0.1774636969403399 -0.1053456971814557 -0.0724713371107074 0.054606779283307205 0.20562625814582094 0.27171581725344585 0.3806163262284927 0.4460337017925887 0.47888473515743785 0.6249221113525495 0.7321707558864592 0.8314683639624502 0.9115583426321205 0.8827381376697457 0.9470117049482185 0.9823664593959601 0.9390791156200448 0.9839075415386344 0.9740058513865342 0.9806267051726649 0.9323560850793293 
0.6061161784977408 -0.8338094051323687 -0.8632130751943821 -0.6402370758881396 -0.5948710566220116 -0.5257191461148214 -0.4343282904523148 -0.3265295403705727 -0.29931150600291867 -0.11443442638606366 -0.03684383578931191 0.10100991052595804 0.0752220300380082 0.2898361461695783 0.43933666602490445 0.5030972730514934 0.4729320507890291 0.6801114926033565 0.7863740764343912 0.8263177893518601 0.8102729159607288 0.9062385426696045 0.883442292468054 0.9838156380426072 0.9782718507872953 0.9987143026406091 0.9894768384302006 0.9653538269080673 0.9955801559727566 0.9274854136975396 
0.26669726238883984 -0.8259032817358535 -0.8623324325398856 -0.7413003527326141 -0.6230919408795429 -0.5691611804195661 -0.606526990398392 -0.46360796927450143 -0.3138687643908605 -0.1774356657517805 -0.1659318540877879 -0.065036589814819 0.05448303322341497 0.20562625814582094 0.27171581725344585 0.3806163262284927 0.4460337017925887 0.47888473515743785 0.6249221113525495 0.7341396749220528 0.8314683639624502 0.9061339432789159 0.8827381376697457 0.9470117049482185 0.9698481952925696 0.9389470630367136 0.9839075415386344 0.9740695767613569 0.9808373371909158 0.9323560850793293 
0.8745168008188432 -0.8060387295424549 -0.8620986407562037 -0.9324746903458243 -0.9696455976996244 -0.9650858161867657 -0.9785558919440247 -0.9967040019785852 -0.7728418239985311 -0.9802032200187839 -0.9040660494700108 -0.8796781204602158 -0.7063004794168013 -0.677612053019331 -0.5719926466294994 -0.648695521957076 -0.44641268891838126 -0.44599516135421013 -0.6420821707603326 -0.21545493713413105 -0.18579021719821406 0.05596288361584694 0.07780153600248403 0.08651078101372192 0.306628743889109 0.43263544691962463 0.48797348076043345 0.5921788415783836 0.5214873117885048 0.6823489340792471 
0.26358548872667303 -0.8258969268067841 -0.8619889967279086 -0.7410100798657375 -0.6228573764926671 -0.5691611804195661 -0.5363087590875911 -0.4636008323599218 -0.35243053046234735 -0.17667868479813756 -0.16667689022358623 -0.06495844193752119 0.05448379119866796 0.10800347488361393 0.2728025046085369 0.3806637602299099 0.4460337017925887 0.48151431742001044 0.6268185988957152 0.6550456384703942 0.83210134019244 0.8467351863986354 0.9857796203142524 0.9467959180805187 0.9698372828677968 0.9738244019788701 0.9788845810916436 0.999407286223144 0.9991226022496393 0.9339484984718603 
0.2696729575791135 -0.812713774888384 -0.7153123249668167 -0.640152473491015 -0.5795227659512536 -0.5568627498768851 -0.4952549794696235 -0.37047133185435344 -0.2993784853472752 -0.11759747673555261 -0.03888101808653716 0.10286430922523607 0.08099085242030866 0.2982874814855032 0.40635217974314825 0.4326605831630994 0.4667532564716179 0.6908880239476087 0.7713504504537174 0.8184706833953047 0.8339300051244568 0.9079860181969724 0.8837400231735555 0.8800938227582703 0.9849332988012475 0.9982235716036095 0.9839479696258961 0.9753237004819223 0.9858032440506942 0.9362480912711282 
0.2619825079290054 -0.893664444962146 -0.8569740015267425 -0.750696169820232 -0.6936123270123344 -0.6781456421391261 -0.6056621199725744 -0.4677389797755472 -0.3488220522115839 -0.3166648776454721 -0.17888658472900107 -0.1850886757566103 0.014777765373556621 0.1027917782750414 0.27281112314824163 0.37763597316365316 0.441147636599041 0.48668875634034775 0.6266766761131043 0.7323797313142066 0.7815370746691342 0.9622238287602206 0.8832507064784927 0.8516565076881926 0.9501828950379764 0.9333631974893691 0.9789597850433166 0.9871620202951314 0.9865708019321923 0.8311737699144778 
0.5954364392016217 -0.895995349701147 -0.856799993360342 -0.7528925572125669 -0.6936122784430412 -0.5627918034023951 -0.6064960252084312 -0.46591242377412706 -0.3487496223843855 -0.3180813073115645 -0.17891636173632852 -0.1714005583738954 0.013125448007397728 0.09936018433630633 0.2683885152892308 0.38374572016906294 0.44090634277739793 0.4814470882317342 0.626642723354183 0.7333043903199085 0.7792350970979756 0.9614803196912091 0.8827381376697457 0.851643064787445 0.9499853689649835 0.9791566456498206 0.978684234720267 0.9980977574612334 0.9864986882891545 0.8823339650494162 
0.6053407321610407 -0.8156962798094458 -0.7762341473098395 -0.6329175011236894 -0.5968427971054635 -0.5697623692487483 -0.4358480657028356 -0.3071143029727593 -0.2138275767093076 -0.1752356886884982 -0.036687367131915526 0.10567326016528605 0.16172315345912966 0.2978338234985856 0.4424786446047724 0.554515485897633 0.4721873872215087 0.6733502213544711 0.7808579343116487 0.8348036581932557 0.8121176616754731 0.9062931816358686 0.8839828262824037 0.9855080792161437 0.9491945008264906 0.9984774678779424 0.9920010374186363 0.9331536814711998 0.9735842405171625 0.9399448575729371 
0.028280527058139927 0.4668331265264045 0.6942479061224621 0.8472677245960786 0.894609664451088 0.9125415698638912 0.9645666224929341 0.8131229212101969 0.9852085185828507 0.9345443596781409 0.9990071568118316 0.7298402760732319 0.9438158073378818 0.7938014960762414 0.8757105557863143 0.7179731193953863 0.7199413391721047 0.7297111539155151 0.6061824410129126 0.1497594298230943 0.38831561326062675 2.65813350030758E-4 0.24943513025178965 0.49687070260768035 0.04725517347175108 -0.06379351316955437 -0.1883636352340638 -0.31096714959563326 -0.4646258448328305 -0.45157815747899643 
0.028279430444345003 0.4668331265264045 0.6942479061224621 0.8472677245960786 0.894609664451088 0.9125415698638912 0.9645666224929341 0.8481883525386702 0.9852085185828507 0.9345443596781409 0.9990071568118316 0.7298457369602445 0.943815793877539 0.8676615401729264 0.8757105557863143 0.7179731193953863 0.7193651691833729 0.7297111539155151 0.6061824410129126 0.1497594298230943 0.38831561326062675 2.65813350030758E-4 0.24943513025178965 0.49687070260768035 0.04725517347175108 -0.06379351316955437 -0.1883636352340638 -0.31096714959563326 -0.4646258448328305 -0.45157815747899643 
0.6035368572343486 -0.8138035752916721 -0.7289292319254761 -0.6447252014028035 -0.5825014998644119 -0.5570275719163835 -0.4420603112783181 -0.32636119945260833 -0.24029889085440817 -0.13963177780041897 -0.03707601376052772 0.10496085190739197 0.07875503171757686 0.29839548752674283 0.3669831837628612 0.49831938071614484 0.4653003987783721 0.6545345494852619 0.7787340520193636 0.835605035008424 0.8108704461336862 0.9063813060917403 0.8906117273855733 0.9514945791548762 0.9491945008264906 0.9951869683987735 0.990998945964944 0.9934911550697161 0.9806038609308788 0.9090512668399732 
0.26669726238883984 -0.8259032817358535 -0.8623324325398856 -0.7413003527326141 -0.6230919408795429 -0.5691611804195661 -0.606526990398392 -0.46360796927450143 -0.3138687643908605 -0.1774356657517805 -0.1659318540877879 -0.065036589814819 0.05448303322341497 0.20562625814582094 0.27171581725344585 0.3806163262284927 0.4460337017925887 0.47888473515743785 0.6249221113525495 0.7341396749220528 0.8314683639624502 0.9061339432789159 0.8827381376697457 0.9470117049482185 0.9698481952925696 0.9389470630367136 0.9839075415386344 0.9740695767613569 0.9808373371909158 0.9323560850793293 
0.2633509476893908 -0.9100594679838006 -0.8628164904942549 -0.7516361465502367 -0.6908674968437567 -0.7157619543747563 -0.6035831799766123 -0.46762742742525015 -0.3483770145297656 -0.18801874441827546 -0.1773073979538442 -0.06186352798719913 0.015254547338241838 0.10733981736159229 0.27253890480915777 0.3452547576306287 0.44090634277739793 0.47972983375823697 0.6269798786471948 0.7333043903199085 0.7800042147188895 0.8971162174897633 0.9779631300936875 0.851687318585547 0.9822805093294134 0.9815523123127016 0.978684234720267 0.9777855852205131 0.9807608978696861 0.8299488435590027 
0.5954364392016217 -0.8958893364108219 -0.8620853430626264 -0.7526490803979003 -0.6935974619673305 -0.5627918034023951 -0.6054321372889668 -0.46770597782662116 -0.3487496223843855 -0.3176225596165251 -0.17891636178889936 -0.1654794893313838 0.013150956951082652 0.09936508359533197 0.21945963932243318 0.3879683181703919 0.4409069750030908 0.4814470882317342 0.626642723354183 0.7333043903199085 0.7821674652595701 0.9621538015710264 0.8827381376697457 0.8499011616344572 0.9819811544019883 0.9337244859552352 0.9787365063479241 0.9313111540428637 0.9864986882891545 0.8311721241077542 
0.2696729575791135 -0.812713774888384 -0.8589667946780737 -0.640152473491015 -0.5795227659512536 -0.5568627498768851 -0.37359836862080975 -0.37047133185435344 -0.299126917201209 -0.11768697690318916 -0.03888101808653716 0.10289261162562352 0.08099085242030866 0.2982951969402473 0.4341857237845404 0.4326605831630994 0.4666176114120355 0.6908880239476087 0.7713504504537174 0.8184520089755173 0.8339300051244568 0.8849444178982279 0.8885774238656107 0.9916763467824173 0.9849332988012475 0.9982235716036095 0.9850138371131318 0.9753237004819223 0.9866155808250331 0.9354658675310158 
0.2635717584007523 -0.9066721524320895 -0.8620120529168603 -0.8051746241383413 -0.6922269556201746 -0.562621602929631 -0.5376917154635332 -0.46538144953371097 -0.34915874605209446 -0.17833027386121605 -0.10441637627807887 -0.01587298445756581 0.013121205638725488 0.1026286044798159 0.2728111036379614 0.3835757612177946 0.44362109511319237 0.47743608707517377 0.6270222821538797 0.6596938658361922 0.7894728514471702 0.9066594968999325 0.8825242918810616 0.8516748012866129 0.9502119631943005 0.9397738501322136 0.9786784205973185 0.9940883229634764 0.9866087176505878 0.8299101638274738 
0.2635717584007523 -0.8921492897388211 -0.8620120529168603 -0.8051746241383413 -0.6922269556201746 -0.562621602929631 -0.5433020540082009 -0.46538144953371097 -0.3491575045559919 -0.17793172816103087 -0.16312583091784802 -0.1840734570578187 0.013257879820123712 0.1026286044798159 0.2728111036379614 0.38402134236818547 0.4458671360307776 0.48665118723378753 0.6270222821538797 0.660340725388997 0.7818069951687049 0.9066594968999325 0.8825242918810616 0.8516748012866129 0.9500014997018534 0.939852971885206 0.9786784205973185 0.9940883229634764 0.9863576960656228 0.8299738104400332 
0.6032070976529892 -0.8137838239038198 -0.7740505875576188 -0.6399725572018523 -0.5950515283535059 -0.5246726211490339 -0.4359384838523448 -0.3265276216339656 -0.240583057364148 -0.1755257425634015 -0.037064307901602186 0.10498554265686275 0.08279830109398123 0.29839803440220597 0.33957685407992705 0.49851504065847124 0.4726614007517083 0.6542701488440557 0.7863951258148457 0.835934985875166 0.812160952293696 0.9063815597656449 0.8834210050417352 0.9835456403282604 0.9491945008264906 0.995555495774044 0.9837619981221046 0.933843468094888 0.995417392195876 0.9394622939970683 
0.6032826618681565 -0.7588977513016184 -0.7762341473098395 -0.6278677498526688 -0.6771118678657956 -0.5573576074658976 -0.4361295576124052 -0.32650109432061275 -0.29878823706561836 -0.11936150428973935 -0.03709467492752388 0.10498558045007937 0.16122902077410356 0.2986204469067755 0.4369760539200656 0.49831938071614484 0.4663013345716855 0.6540215183124171 0.7234992086899428 0.8359073034803735 0.8122913018104848 0.908360823010365 0.8906117273855733 0.9832777212750196 0.9491945008264906 0.9982418239177717 0.9917175333428082 0.9339120204319628 0.9735819769957693 0.9391961963136433 
0.6053407321610407 -0.8157160311972981 -0.7762341473098395 -0.6449153021030204 -0.5968427971054635 -0.5698239327495027 -0.44196989312880886 -0.30690181583910653 -0.24147816073186293 -0.1752356886884982 -0.037067895337728966 0.10567326016528605 0.16172315345912966 0.2978338234985856 0.4352015876802862 0.5197508516537154 0.4721873872215087 0.6540215183124171 0.7808917100017716 0.8347623725040713 0.8121175758853176 0.906292927961964 0.8839828262824037 0.9834167068621541 0.9491945008264906 0.9983648207857113 0.9910050893528766 0.9927496871745037 0.9808438603025968 0.9096856401669473 
0.2635717584007523 -0.8921492897388211 -0.8620120529168603 -0.8051746241383413 -0.6922269556201746 -0.562621602929631 -0.5433020540082009 -0.46538144953371097 -0.3491575045559919 -0.17793172816103087 -0.16312583091784802 -0.1840734570578187 0.013257879820123712 0.1026286044798159 0.2728111036379614 0.38402134236818547 0.4458671360307776 0.48665118723378753 0.6270222821538797 0.660340725388997 0.7818069951687049 0.9066594968999325 0.8825242918810616 0.8516748012866129 0.9500014997018534 0.939852971885206 0.9786784205973185 0.9940883229634764 0.9863576960656228 0.8299738104400332 
0.028279453095853915 0.4668331265264045 0.6942591603870738 0.8472677245960786 0.894609664451088 0.9125415696800369 0.9645666224929341 0.8131229212101969 0.9852085185828507 0.9345443596781409 0.9990071568118316 0.7297058164259125 0.9438162082286702 0.7938011025371232 0.8757105557863143 0.7179731193953863 0.7270136820180827 0.7304333477154341 0.6061824410129126 0.1497594298230943 0.38831561326062675 2.65813350030758E-4 0.24943513025178965 0.49684472561321136 0.04725517347175108 -0.06379351316955437 -0.1883636352340638 -0.31063487850670307 -0.4646258448328305 -0.45157815747899643 
0.5954364392016217 -0.8940926637414108 -0.8620853430626264 -0.7526598044829874 -0.6936415349519841 -0.5627918034023951 -0.6054321372889668 -0.4677177866004901 -0.3487496223843855 -0.3176225596165251 -0.17891667528724103 -0.1654794893313838 0.01315120178642693 0.09936505261926687 0.21945963932243318 0.3879683181703919 0.4409069724624149 0.4814470882317342 0.626642723354183 0.7333043903199085 0.7821674652595701 0.9622144164366475 0.8827381376697457 0.8499011616344572 0.9817189428164239 0.9337244859552352 0.9786840494462388 0.9313124570593778 0.9864986882891545 0.8311721241077542 
0.5954364392016217 -0.8941394209388093 -0.8620271754907203 -0.7537600532662658 -0.6936415070499962 -0.6303583678798131 -0.6054447374931056 -0.46777690024699725 -0.3487496564783854 -0.18800879627343203 -0.1788696016383119 -0.061884786940749836 0.013125448007397728 0.10262851070446088 0.2725544068336115 0.3830284469213247 0.44094092978200466 0.527670050301193 0.626642723354183 0.6619877414029326 0.7822300993769656 0.9076278466885459 0.8825183481263156 0.851687320749848 0.9823468424864805 0.9807696345645708 0.978684234720267 0.9777768168749431 0.9818471676248033 0.8298496572219631 
0.6053407321610407 -0.8125050488730868 -0.7729669414025305 -0.6402391206728708 -0.6773384078118084 -0.5032221900958392 -0.44484588623783106 -0.3262125232264103 -0.24102625576644662 -0.1744283539087017 -0.037064307901602186 0.10496963562597009 0.27206833958609966 0.2984010529078114 0.4370788000794254 0.4982868964868114 0.4726592823072435 0.6563640928189756 0.7815278753749806 0.8347553962625535 0.8106974441269491 0.9150781693687492 0.8838702895101561 0.9837123091222665 0.9491945008264906 0.9955752243217812 0.9917161864347874 0.9653188445939074 0.9735819769957693 0.9253125746562858 
0.5954364392016217 -0.8941394209388093 -0.8620271754907203 -0.7537600532662658 -0.6936415070499962 -0.6303583678798131 -0.6054447374931056 -0.46772970002290537 -0.3487496564783854 -0.18771699433711259 -0.1788696016383119 -0.06479425125809435 0.013125448007397728 0.2048205081036217 0.2725544068336115 0.3830284469213247 0.4459683989436517 0.527670050301193 0.626820497840964 0.6521143317107209 0.7822300993769656 0.8933965895232093 0.8825202113872689 0.8503399057569277 0.9687901573735448 0.9397875652141746 0.9788025902868935 0.9994047295927045 0.9818471676248033 0.8298496572219631 
0.6053407321610407 -0.7588977513016184 -0.7762341473098395 -0.6402391206728708 -0.6760860358134475 -0.5252696146029698 -0.43524163130036797 -0.30698995650333244 -0.24147816073186293 -0.17396146957119488 -0.037067895337728966 0.10498553885886722 0.16172315345912966 0.29839804803173486 0.4370788000794254 0.5174799642996761 0.4726592823072435 0.6540215183124171 0.7815278753749806 0.8347623725040713 0.8121175758853176 0.906292927961964 0.8839828262824037 0.9834167068621541 0.9491945008264906 0.9955783191717434 0.9917161864347874 0.9930743574772033 0.9735819769957693 0.9426132742956062 
0.2635717584007523 -0.9066721524320895 -0.8620120529168603 -0.8051746241383413 -0.6922269556201746 -0.562621602929631 -0.5376917154635332 -0.46538144953371097 -0.34915874605209446 -0.17833027386121605 -0.10441637627807887 -0.01587298445756581 0.013121205638725488 0.1026286044798159 0.2728111036379614 0.3835757612177946 0.44362109511319237 0.47743608707517377 0.6270222821538797 0.6596938658361922 0.7894728514471702 0.9066594968999325 0.8825242918810616 0.8516748012866129 0.9502119631943005 0.9397738501322136 0.9786784205973185 0.9940883229634764 0.9866087176505878 0.8299101638274738 
0.6053407321610407 -0.8133254873289261 -0.7762341473098395 -0.6402391206728708 -0.6760860358134475 -0.5252696146029698 -0.43524163130036797 -0.30698995650333244 -0.24147816073186293 -0.17396146957119488 -0.037067895337728966 0.10489076089398017 0.16102272499444056 0.2985693440787029 0.4370689439891796 0.5044261436102943 0.4726592823072435 0.6540215183124171 0.7815178833869703 0.8347623725040713 0.812288658568912 0.9062984200463267 0.8839828262824037 0.9834167068621541 0.9491945008264906 0.9951026998215093 0.9917161864347874 0.9930743574772033 0.9735819769957693 0.8644644098762663 
0.26331364908291416 -0.9100594679838006 -0.8628164904942549 -0.7523525540334998 -0.6908674968437567 -0.7137443655649656 -0.6035831799766123 -0.46762742742525015 -0.3483770145297656 -0.18623674496760675 -0.17787384337426757 -0.06186352798719913 0.015254547338241838 0.10976966663367141 0.27264191189076187 0.3830225668101362 0.44090634277739793 0.47972983375823697 0.6269798786471948 0.7335596643940578 0.7804998412729736 0.8971162174897633 0.9766921140904266 0.851687318585547 0.9822719186164618 0.9815523123127016 0.978684234720267 0.9781041051226201 0.9807608978696861 0.8299488435590027 
0.6032070976529892 -0.8137838239038198 -0.7750510700475947 -0.6275659414237982 -0.5842174317897345 -0.5246495499527155 -0.4359384838523448 -0.3265738759729141 -0.240583057364148 -0.1744283539087017 -0.037064307901602186 0.10498554265686275 0.08279830109398123 0.29839803440220597 0.37165328861885233 0.49851504065847124 0.4726592823072435 0.6539268561099729 0.7757757683686808 0.8359073034803735 0.812160952293696 0.9063815597656449 0.8839714301730727 0.9835456403282604 0.9491945008264906 0.995555495774044 0.9836539778897182 0.933815122776171 0.9735881779557017 0.939310484245963 
0.26358548872667303 -0.8258969268067841 -0.8619889967279086 -0.7410100798657375 -0.6228573764926671 -0.5691611804195661 -0.5363087590875911 -0.4636008323599218 -0.35243053046234735 -0.17667868479813756 -0.16667689022358623 -0.06495844193752119 0.05448379119866796 0.10800347488361393 0.2728025046085369 0.3806637602299099 0.4460337017925887 0.48151431742001044 0.6268185988957152 0.6550456384703942 0.83210134019244 0.8467351863986354 0.9857796203142524 0.9467959180805187 0.9698372828677968 0.9738244019788701 0.9788845810916436 0.999407286223144 0.9991226022496393 0.9339484984718603 
0.6055144917356631 -0.8150660903751066 -0.7294163163061511 -0.6327494671563509 -0.579517445939111 -0.5565135335019753 -0.41213152171854983 -0.3288813143197361 -0.21332363093223758 -0.12073178567820951 -0.027671685528971694 0.10495999061904755 0.0816484208963965 0.29861892652673755 0.43914029620200024 0.5036793369674731 0.46587740222103524 0.674265494288246 0.7253211502524495 0.8356469395488043 0.812291585091613 0.9057292091123531 0.8827838629497925 0.953884686080537 0.9641440407220009 0.9953206931677612 0.9919884004763522 0.9999083491741798 0.9808966308746055 0.9020193500053739 
0.6035368572343486 -0.8138035752916721 -0.7289292319254761 -0.6447252014028035 -0.5825014998644119 -0.5570275719163835 -0.4420603112783181 -0.32636119945260833 -0.24029889085440817 -0.13963177780041897 -0.03707601376052772 0.10496085190739197 0.07875503171757686 0.29839548752674283 0.3669831837628612 0.49831938071614484 0.4653003987783721 0.6545345494852619 0.7787340520193636 0.835605035008424 0.8108704461336862 0.9063813060917403 0.8906117273855733 0.9514945791548762 0.9491945008264906 0.9951869683987735 0.990998945964944 0.9934911550697161 0.9806038609308788 0.9090512668399732 
0.5954364392016217 -0.8941394209388093 -0.8620271754907203 -0.7537600532662658 -0.6936415070499962 -0.6303583678798131 -0.6054447374931056 -0.46777690024699725 -0.3487496564783854 -0.18800879627343203 -0.1788696016383119 -0.061884786940749836 0.013125448007397728 0.10262851070446088 0.2725544068336115 0.3830284469213247 0.44094092978200466 0.527670050301193 0.626642723354183 0.6619877414029326 0.7822300993769656 0.9076278466885459 0.8825183481263156 0.851687320749848 0.9823468424864805 0.9807696345645708 0.978684234720267 0.9777768168749431 0.9818471676248033 0.8298496572219631 
0.6032826618681565 -0.7588977513016184 -0.7762341473098395 -0.6274974761407187 -0.6771118678657956 -0.5573576074658976 -0.4361295576124052 -0.32650109432061275 -0.29878823706561836 -0.11930414642068089 -0.03709467492752388 0.10501933930573078 0.16128654217149246 0.29828983980516954 0.4343396642016098 0.498500929095436 0.4663013345716855 0.6523785542513473 0.7241928670502846 0.8359073034803735 0.8122913018104848 0.9083819300842765 0.8906117273855733 0.9832777212750196 0.9491945008264906 0.9982239835163461 0.9917175333428082 0.9339120204319628 0.9857870271865485 0.9391961963136433 
0.2633509476893908 -0.9100594679838006 -0.8628164904942549 -0.7516361465502367 -0.6908674968437567 -0.7157619543747563 -0.6035831799766123 -0.46762742742525015 -0.3483770145297656 -0.18801874441827546 -0.1773073979538442 -0.06186352798719913 0.015254547338241838 0.10733981736159229 0.27253890480915777 0.3452547576306287 0.44090634277739793 0.47972983375823697 0.6269798786471948 0.7333043903199085 0.7800042147188895 0.8971162174897633 0.9779631300936875 0.851687318585547 0.9822805093294134 0.9815523123127016 0.978684234720267 0.9777855852205131 0.9807608978696861 0.8299488435590027 
0.26331364908291416 -0.9100594679838006 -0.8628164904942549 -0.7523525540334998 -0.6908674968437567 -0.7137443655649656 -0.6035831799766123 -0.46762742742525015 -0.3483770145297656 -0.18623674496760675 -0.17787384337426757 -0.06186352798719913 0.015254547338241838 0.10976966663367141 0.27264191189076187 0.3830225668101362 0.44090634277739793 0.47972983375823697 0.6269798786471948 0.7335596643940578 0.7804998412729736 0.8971162174897633 0.9766921140904266 0.851687318585547 0.9822719186164618 0.9815523123127016 0.978684234720267 0.9781041051226201 0.9807608978696861 0.8299488435590027 
0.26570134741665397 -0.9070454650550142 -0.8122760173131124 -0.7424873297958955 -0.6936538434762591 -0.5938852969916857 -0.5561589359693068 -0.4136097877126566 -0.34276415477038047 -0.14311003836102415 -0.10444558748551924 -0.07025514857776975 0.01246377396789878 0.19906122769257803 0.26683915036506134 0.3797774615060845 0.468571953184483 0.4774928814449253 0.6251386186862532 0.7383441184471718 0.790282648490537 0.9065306043966139 0.8841776021904666 0.9530058086526993 0.9502127312797238 0.9748506309513223 0.9840717555398911 0.9939206145443414 0.9866135080538854 0.9312433732635517 
0.028279399057113127 0.4668331265264045 0.6940446330345379 0.847209778659946 0.8956670419909771 0.9125430188585215 0.9429268958603616 0.8131229212101969 0.874129011731943 0.9901710820965655 0.9996096892803586 0.7333571641458775 0.9438157905208523 0.9081268803020967 0.881202123824981 0.7179731193953863 0.8011040086300911 0.6756142064298197 0.6049740416628836 0.5187210528100696 0.370423251825852 0.04536073673267485 0.24943513025178965 0.3216387704084104 0.0498236408381761 -0.055711299941464745 -0.1892860070316119 -0.3169956661564248 -0.3781996322141546 -0.45157815747899643 
0.27336348932385157 -0.8141632789995293 -0.73483631891187 -0.6283939583395373 -0.5800944422050083 -0.5034624189876963 -0.4439164904336985 -0.3083813025531692 -0.2990515962314402 -0.12074370288474341 -0.03684427142728982 0.10101201759761007 0.08393638907709627 0.29850016433622156 0.43935897153702264 0.5026546172142458 0.6063857249902677 0.6797952996141139 0.7909872153852285 0.818638826530845 0.8106963664896141 0.9062444175823 0.883828565983064 0.9914999080758387 0.9848880183479898 0.9955758175823948 0.9843753721945232 0.9653488827224965 0.9993164796012112 0.8648777022311577 
0.27336348932385157 -0.8141632789995293 -0.73483631891187 -0.6283939583395373 -0.5800944422050083 -0.5034624189876963 -0.4439164904336985 -0.3083813025531692 -0.2990515962314402 -0.12074370288474341 -0.03684427142728982 0.10101201759761007 0.08393638907709627 0.29850016433622156 0.43935897153702264 0.5026546172142458 0.6063857249902677 0.6797952996141139 0.7909872153852285 0.818638826530845 0.8106963664896141 0.9062444175823 0.883828565983064 0.9914999080758387 0.9848880183479898 0.9955758175823948 0.9843753721945232 0.9653488827224965 0.9993164796012112 0.8648777022311577 
0.6032070976529892 -0.8137838239038198 -0.7750510700475947 -0.6275659414237982 -0.5842174317897345 -0.5246495499527155 -0.4359384838523448 -0.3265738759729141 -0.240583057364148 -0.1744283539087017 -0.037064307901602186 0.10498554265686275 0.08279830109398123 0.29839803440220597 0.37165328861885233 0.49851504065847124 0.4726592823072435 0.6539268561099729 0.7757757683686808 0.8359073034803735 0.812160952293696 0.9063815597656449 0.8839714301730727 0.9835456403282604 0.9491945008264906 0.995555495774044 0.9836539778897182 0.933815122776171 0.9735881779557017 0.939310484245963 
0.5954364392016217 -0.8940926637414108 -0.8620853430626264 -0.7526598044829874 -0.6936415349519841 -0.5627918034023951 -0.6054321372889668 -0.4677177866004901 -0.3487496223843855 -0.3176225596165251 -0.17891667528724103 -0.1654794893313838 0.01315120178642693 0.09936505261926687 0.21945963932243318 0.3879683181703919 0.4409069724624149 0.4814470882317342 0.626642723354183 0.7333043903199085 0.7821674652595701 0.9622144164366475 0.8827381376697457 0.8499011616344572 0.9817189428164239 0.9337244859552352 0.9786840494462388 0.9313124570593778 0.9864986882891545 0.8311721241077542 
0.2619825079290054 -0.7479771287528825 -0.8625090579754111 -0.804967948666707 -0.6936123270123344 -0.6757170151516907 -0.552738479408455 -0.40887193889734996 -0.3481871668223154 -0.1697810908349044 -0.16834772983984536 -0.1850886757566103 0.014777765370815201 0.10263352763787321 0.2728111035880465 0.4729950929049245 0.441147636599041 0.48665118723378753 0.5928889163382798 0.6579978995424723 0.7815600308356765 0.9621077554342156 0.8832331411564778 0.8501775940991643 0.9561115691101246 0.9152258895128657 0.9787701140483285 0.9872648597545798 0.9864699659614617 0.8285152018075371 
0.028280549709648835 0.4668331265264045 0.6942591603870738 0.8472677245960786 0.894609664451088 0.9125415696800369 0.9645666224929341 0.8131229212101969 0.9852085185828507 0.9345443596781409 0.9990071568118316 0.7297003555388999 0.943816221689013 0.7938011025371232 0.8757105557863143 0.7179731193953863 0.7275898520068144 0.7304333477154341 0.6061824410129126 0.1497594298230943 0.38831561326062675 2.65813350030758E-4 0.24943513025178965 0.49684472561321136 0.04725517347175108 -0.06379351316955437 -0.1883636352340638 -0.31063487850670307 -0.4646258448328305 -0.45157815747899643 
0.028280549670930886 0.4668331265264045 0.6942593065898202 0.8472677245960786 0.894609664451088 0.9125415758118556 0.9645666224929341 0.8131229212101969 0.9852085185828507 0.9345443596781409 0.9990071568118316 0.7297004194109704 0.9438939222915324 0.7938011016326184 0.8757105557863143 0.7179731193953863 0.7275943876645009 0.6756142064298197 0.6061824410129126 0.30673758789538486 0.38831561326062675 0.04536073673267485 0.24943513025178965 0.4981550941653645 0.04725517347175108 -0.06379351316955437 -0.2537690276389916 -0.3106420002080526 -0.4646258448328305 -0.45157815747899643 
0.5954364392016217 -0.895995349701147 -0.8620853430626264 -0.7526483493569334 -0.6935972016008172 -0.5627918034023951 -0.572214193964096 -0.46591242377412706 -0.3487496223843855 -0.3180813073115645 -0.17891636173632852 -0.16999498765303223 0.013150955989288626 0.09936018433630633 0.21945963932243318 0.44643043080728345 0.44090634277739793 0.4814470882317342 0.626642723354183 0.7333043903199085 0.7792350970979756 0.9621544867051172 0.8827381376697457 0.8499011616344572 0.9499946510370176 0.9337244859552352 0.9787356356078207 0.9312932945623437 0.9864986882891545 0.8311721241077542 
0.2619825079290054 -0.7479771287528825 -0.8625090579754111 -0.804967948666707 -0.6936123270123344 -0.6757170151516907 -0.552738479408455 -0.40887193889734996 -0.3481871668223154 -0.1697810908349044 -0.16834772983984536 -0.1850886757566103 0.014777765370815201 0.10263352763787321 0.2728111035880465 0.4729950929049245 0.441147636599041 0.48665118723378753 0.5928889163382798 0.6579978995424723 0.7815600308356765 0.9621077554342156 0.8832331411564778 0.8501775940991643 0.9561115691101246 0.9152258895128657 0.9787701140483285 0.9872648597545798 0.9864699659614617 0.8285152018075371 
0.8745168008188432 -0.8060387295424549 -0.8620986407562037 -0.9324746903458243 -0.9696455976996244 -0.9650858161867657 -0.9785558919440247 -0.9967040019785852 -0.7728418239985311 -0.9802032200187839 -0.9040660494700108 -0.8796781204602158 -0.7063004794168013 -0.677612053019331 -0.5719926466294994 -0.648695521957076 -0.44641268891838126 -0.44599516135421013 -0.6420821707603326 -0.21545493713413105 -0.18579021719821406 0.05596288361584694 0.07780153600248403 0.08651078101372192 0.306628743889109 0.43263544691962463 0.48797348076043345 0.5921788415783836 0.5214873117885048 0.6823489340792471 
0.2635717584007523 -0.8921492897388211 -0.8620120529168603 -0.8051746241383413 -0.6922269556201746 -0.562621602929631 -0.5433020540082009 -0.46538144953371097 -0.3491575045559919 -0.17793172816103087 -0.16312583091784802 -0.1840734570578187 0.013257879820123712 0.1026286044798159 0.2728111036379614 0.38402134236818547 0.4458671360307776 0.48665118723378753 0.6270222821538797 0.660340725388997 0.7818069951687049 0.9066594968999325 0.8825242918810616 0.8516748012866129 0.9500014997018534 0.939852971885206 0.9786784205973185 0.9940883229634764 0.9863576960656228 0.8299738104400332 
0.5954364392016217 -0.8940926637414108 -0.8620853430626264 -0.7526598044829874 -0.6936415349519841 -0.5627918034023951 -0.6054321372889668 -0.4677177866004901 -0.3487496223843855 -0.3176225596165251 -0.17891667528724103 -0.1654794893313838 0.01315120178642693 0.09936505261926687 0.21945963932243318 0.3879683181703919 0.4409069724624149 0.4814470882317342 0.626642723354183 0.7333043903199085 0.7821674652595701 0.9622144164366475 0.8827381376697457 0.8499011616344572 0.9817189428164239 0.9337244859552352 0.9786840494462388 0.9313124570593778 0.9864986882891545 0.8311721241077542 
0.6035368572343486 -0.8138035752916721 -0.7289292319254761 -0.6447252014028035 -0.5825014998644119 -0.5570275719163835 -0.4420603112783181 -0.32636119945260833 -0.24029889085440817 -0.13963177780041897 -0.03707601376052772 0.10496085190739197 0.07875503171757686 0.29839548752674283 0.3669831837628612 0.49831938071614484 0.4653003987783721 0.6545345494852619 0.7787340520193636 0.835605035008424 0.8108704461336862 0.9063813060917403 0.8906117273855733 0.9514945791548762 0.9491945008264906 0.9951869683987735 0.990998945964944 0.9934911550697161 0.9806038609308788 0.9090512668399732 
0.5954364392016217 -0.8941394209388093 -0.8620271754907203 -0.7537600532662658 -0.6936415070499962 -0.6303583678798131 -0.6054447374931056 -0.46777690024699725 -0.3487496564783854 -0.18800879627343203 -0.1788696016383119 -0.061884786940749836 0.013125448007397728 0.10262851070446088 0.2725544068336115 0.3830284469213247 0.44094092978200466 0.527670050301193 0.626642723354183 0.6619877414029326 0.7822300993769656 0.9076278466885459 0.8825183481263156 0.851687320749848 0.9823468424864805 0.9807696345645708 0.978684234720267 0.9777768168749431 0.9818471676248033 0.8298496572219631 
0.27336348932385157 -0.8141632789995293 -0.73483631891187 -0.6283939583395373 -0.5800944422050083 -0.5034624189876963 -0.4439164904336985 -0.3083813025531692 -0.2990515962314402 -0.12074370288474341 -0.03684427142728982 0.10101201759761007 0.08393638907709627 0.29850016433622156 0.43935897153702264 0.5026546172142458 0.6063857249902677 0.6797952996141139 0.7909872153852285 0.818638826530845 0.8106963664896141 0.9062444175823 0.883828565983064 0.9914999080758387 0.9848880183479898 0.9955758175823948 0.9843753721945232 0.9653488827224965 0.9993164796012112 0.8648777022311577 
0.6032070976529892 -0.8137838239038198 -0.7750510700475947 -0.6275659414237982 -0.5842174317897345 -0.5246495499527155 -0.4359384838523448 -0.3265738759729141 -0.240583057364148 -0.1744283539087017 -0.037064307901602186 0.10498554265686275 0.08279830109398123 0.29839803440220597 0.37165328861885233 0.49851504065847124 0.4726592823072435 0.6539268561099729 0.7757757683686808 0.8359073034803735 0.812160952293696 0.9063815597656449 0.8839714301730727 0.9835456403282604 0.9491945008264906 0.995555495774044 0.9836539778897182 0.933815122776171 0.9735881779557017 0.939310484245963 
0.028280549670930886 0.4668331265264045 0.6942593065898202 0.8472677245960786 0.894609664451088 0.9125415758118556 0.9645666224929341 0.8131229212101969 0.9852085185828507 0.9345443596781409 0.9990071568118316 0.7297004194109704 0.9438939222915324 0.7938011016326184 0.8757105557863143 0.7179731193953863 0.7275943876645009 0.6756142064298197 0.6061824410129126 0.30673758789538486 0.38831561326062675 0.04536073673267485 0.24943513025178965 0.4981550941653645 0.04725517347175108 -0.06379351316955437 -0.2537690276389916 -0.3106420002080526 -0.4646258448328305 -0.45157815747899643 
0.5954364392016217 -0.895995349701147 -0.8620853430626264 -0.7526483493569334 -0.6935972016008172 -0.5627918034023951 -0.572214193964096 -0.46591242377412706 -0.3487496223843855 -0.3180813073115645 -0.17891636173632852 -0.16999498765303223 0.013150955989288626 0.09936018433630633 0.21945963932243318 0.44643043080728345 0.44090634277739793 0.4814470882317342 0.626642723354183 0.7333043903199085 0.7792350970979756 0.9621544867051172 0.8827381376697457 0.8499011616344572 0.9499946510370176 0.9337244859552352 0.9787356356078207 0.9312932945623437 0.9864986882891545 0.8311721241077542 
0.2635717584007523 -0.8921492897388211 -0.8620120529168603 -0.8051746241383413 -0.6922269556201746 -0.562621602929631 -0.5433020540082009 -0.46538144953371097 -0.3491575045559919 -0.17793172816103087 -0.16312583091784802 -0.1840734570578187 0.013257879820123712 0.1026286044798159 0.2728111036379614 0.38402134236818547 0.4458671360307776 0.48665118723378753 0.6270222821538797 0.660340725388997 0.7818069951687049 0.9066594968999325 0.8825242918810616 0.8516748012866129 0.9500014997018534 0.939852971885206 0.9786784205973185 0.9940883229634764 0.9863576960656228 0.8299738104400332 
0.5954364392016217 -0.8941394209388093 -0.8620271754907203 -0.7537600532662658 -0.6936415070499962 -0.6303583678798131 -0.6054447374931056 -0.46777690024699725 -0.3487496564783854 -0.18800879627343203 -0.1788696016383119 -0.061884786940749836 0.013125448007397728 0.10262851070446088 0.2725544068336115 0.3830284469213247 0.44094092978200466 0.527670050301193 0.626642723354183 0.6619877414029326 0.7822300993769656 0.9076278466885459 0.8825183481263156 0.851687320749848 0.9823468424864805 0.9807696345645708 0.978684234720267 0.9777768168749431 0.9818471676248033 0.8298496572219631 
0.5954364392016217 -0.8940926637414108 -0.8620853430626264 -0.7526598044829874 -0.6936415349519841 -0.5627918034023951 -0.6054321372889668 -0.4677177866004901 -0.3487496223843855 -0.3176225596165251 -0.17891667528724103 -0.1654794893313838 0.01315120178642693 0.09936505261926687 0.21945963932243318 0.3879683181703919 0.4409069724624149 0.4814470882317342 0.626642723354183 0.7333043903199085 0.7821674652595701 0.9622144164366475 0.8827381376697457 0.8499011616344572 0.9817189428164239 0.9337244859552352 0.9786840494462388 0.9313124570593778 0.9864986882891545 0.8311721241077542 
