0.9961691071080461 0.15141744948374058 0.12974055641417548 0.295936140365906 0.38100406814643084 0.5206748657819059 0.7028926426105456 0.6827835430969905 0.6290051237756277 0.8090774972313616 0.6272173799549909 0.9060012025173845 0.8373116655997652 0.983472223838489 0.8095444700198542 0.982099101591707 0.9779461231552959 0.9534031935224284 0.9679874921388744 0.8883470351887244 0.9754289230014348 0.81495157708189 0.9191343514215131 0.6654609737236564 0.8241470121854259 0.5161427392413526 0.3894445326461406 0.2926446710648362 0.2145395311327823 0.09311229129516627 
0.9961691071080461 0.15141744948374058 0.12974055641417548 0.295936140365906 0.38100406814643084 0.5206748657819059 0.7028926426105456 0.6827835430969905 0.6290051237756277 0.8090774972313616 0.6272173799549909 0.9060012025173845 0.8373116655997652 0.983472223838489 0.8095444700198542 0.982099101591707 0.9779461231552959 0.9534031935224284 0.9679874921388744 0.8883470351887244 0.9754289230014348 0.81495157708189 0.9191343514215131 0.6654609737236564 0.8241470121854259 0.5161427392413526 0.3894445326461406 0.2926446710648362 0.2145395311327823 0.09311229129516627 
0.07956679028104716 0.9228934178347589 0.9844960693239354 0.9054253556341725 0.8473980134955595 0.7280734672283515 0.732693888628854 0.644327834532082 0.6634492652064911 0.564201932684926 0.43445619904943633 0.20809738729383365 0.2464171812917963 0.1819212570602495 0.05254545832261609 -0.06827462108773892 -0.1729081670936818 -0.16486946280195214 -0.3424790342982573 -0.45170724447237387 -0.5348550172710314 -0.6097085854362498 -0.7298456982475361 -0.9204190812008559 -0.8413625748294764 -0.7488941897019354 -0.9020738466539558 -0.9702077257698004 -0.9823783899955144 -0.948210222760629 
0.08829848432729781 0.9638163529227958 0.9851374104037682 0.9305341103570874 0.8281286978410626 0.8235609251903583 0.7565328454851507 0.6441960858789121 0.5647395160163667 0.46463961609684123 0.3512819781782948 0.2931299131564567 0.17837929414405573 0.06963632064869725 0.054739710500618724 -0.17519353206777502 -0.1708667394085298 -0.42217540809180376 -0.594149537090518 -0.5483008827701118 -0.6636251354129157 -0.71625598095424 -0.7356367703650404 -0.8615457004271103 -0.8564550197405367 -0.9554185254892443 -0.999147487421309 -0.9918561835873758 -0.9910434352282876 -0.9869916337751123 
0.9738692498931785 0.15786639865030772 -0.18787031847653546 -0.09932354476192842 0.05696295510194689 0.06050948269354428 0.2709262755966365 0.48022743711728566 0.4566186164394709 0.6154935179636236 0.6101292653855951 0.9880657993494297 0.7769210905435799 0.9859842459887499 0.9131048752076468 0.9928509542312324 0.9781614109356299 0.9791595894250628 0.9597471368515991 0.9902870741247705 0.9788739296438942 0.9091002574728594 0.975452135051234 0.7487033490189631 0.8490973459819148 0.7309558641209029 0.6925821269100026 0.5799612965952796 0.5470622915866733 0.44682668355618216 
0.6595666520809753 0.04087117928928526 0.157786627899054 0.2770064547145331 0.31047672081315564 0.46856318254656387 0.5661541658568474 0.6059976021502493 0.7013717612205572 0.7999841160241274 0.9247276865642808 0.9124514200659493 0.8534911945359533 0.9870979785155891 0.9184934290256749 0.9828638478104832 0.9799954818789588 0.9631898351435509 0.9676276526298713 0.9103944622734416 0.7754348115186248 0.8241778203161386 0.8710307869748567 0.654844091771633 0.6695357002021881 0.5227075456214183 0.4419108189667881 0.32810321414011645 0.22048740883318102 0.15192730291403628 
0.4138445214584878 0.8661724630037855 0.9828021399508479 0.9057801508371621 0.8483006111652172 0.7280568191735413 0.7326911604257221 0.6443566467962851 0.6592298945691372 0.6139005062549096 0.44789766957791516 0.20884420501243267 0.2463535152842102 0.09443034647631159 0.05254545832261609 -0.06828443583158196 -0.1725410980854239 -0.33903504830658565 -0.3421488345618458 -0.5524220095762695 -0.5348358945073608 -0.6058678432736357 -0.7300429504694035 -0.9203686134292587 -0.8419701722230352 -0.9079483073639172 -0.970410581607607 -0.8497548895364718 -0.9823783899955144 -0.9539737403721659 
0.6398972006745514 -0.33555652701199706 -0.18740781338899773 -0.05079283318578197 0.0580393400218854 0.22899121106326553 0.2317359494308558 0.3556033381454379 0.45687295663311733 0.6042649897628181 0.6055738422515677 0.7486614893581074 0.7790749731694407 0.9383836379067798 0.8236992554644909 0.9683992012003736 0.9768579253428347 0.9275501185970088 0.9979352932941298 0.905568400135711 0.9787297595989481 0.9839423995910929 0.9592225041171434 0.7506264783858926 0.8503192380354904 0.8334002564629563 0.7134188699096592 0.5667384565240607 0.5370245957224979 0.38885710563639725 
0.4138445214584878 0.8661724630037855 0.9828021399508479 0.9057801508371621 0.8483006111652172 0.7280568191735413 0.7326911604257221 0.6443566467962851 0.6592298945691372 0.6139005062549096 0.44789766957791516 0.20884420501243267 0.2463535152842102 0.09443034647631159 0.05254545832261609 -0.06828443583158196 -0.1725410980854239 -0.33903504830658565 -0.3421488345618458 -0.5524220095762695 -0.5348358945073608 -0.6058678432736357 -0.7300429504694035 -0.9203686134292587 -0.8419701722230352 -0.9079483073639172 -0.970410581607607 -0.8497548895364718 -0.9823783899955144 -0.9539737403721659 
0.4186375266225142 0.9638163529227958 0.9838510034946757 0.9294340297953736 0.846215768692794 0.8234443006360924 0.7612212504458904 0.6442424426028337 0.5647117120160399 0.46463961609684123 0.3512819781782948 0.2931298920369297 0.17837929414405573 0.06944415614895184 0.05189939108147949 -0.17037820969462483 -0.17071540729959447 -0.4221869510693659 -0.44022227731875174 -0.5482931460841765 -0.5594666382939013 -0.7119939998486036 -0.8145867036053137 -0.8615457004271103 -0.8564550197405367 -0.9266197606814641 -0.9991374257026698 -0.9910264303133943 -0.7776071243505012 -0.9864629411150432 
0.4186375266225142 0.9638163529227958 0.9838510034946757 0.9294340297953736 0.846215768692794 0.8234443006360924 0.7612212504458904 0.6442424426028337 0.5647117120160399 0.46463961609684123 0.3512819781782948 0.2931298920369297 0.17837929414405573 0.06944415614895184 0.05189939108147949 -0.17037820969462483 -0.17071540729959447 -0.4221869510693659 -0.44022227731875174 -0.5482931460841765 -0.5594666382939013 -0.7119939998486036 -0.8145867036053137 -0.8615457004271103 -0.8564550197405367 -0.9266197606814641 -0.9991374257026698 -0.9910264303133943 -0.7776071243505012 -0.9864629411150432 
0.9738692498931785 -0.1937611851726792 -0.1878923257498879 -0.03550773342228011 0.05698528869155842 0.05240744813946803 0.23218742698159528 0.4777920200068945 0.45710462047062045 0.623318864066562 0.6061618527996122 0.7517057072140819 0.7790738196466916 0.936415202113256 0.8236763184124798 0.9727398020949837 0.9779733924668231 0.98442836562134 0.9591072728461991 0.905568400135711 0.9792223040051344 0.8541397864601779 0.9593413462615252 0.7506361820168332 0.8503192585770893 0.7309558641209029 0.7134188699096592 0.569938480349409 0.5370104280065834 0.388829671590044 
0.9961505764615487 0.16152866160972776 0.22126889426927498 0.29593603817516745 0.4186133857399281 0.5206748657819059 0.6653657541434933 0.682770706701439 0.7020675913995508 0.8086576920326888 0.7933907720469681 0.9059912863288657 0.7794839766239956 0.9868699213037437 0.9215535722426095 0.973610857174506 0.9777381904838925 0.9666677899153929 0.9997642149451975 0.9122936891175599 0.9788826126956667 0.8153897661138658 0.9191344454537966 0.6351750228985708 0.863552221901114 0.516152499796067 0.43358615590615407 0.2900709406595639 0.21791144368887383 0.09319675363067612 
0.9761149069179166 -0.19495219670076036 -0.18787031847653546 -0.03550773342228011 0.05698851971561875 0.20582971058642613 0.2598143667271968 0.47921856938632384 0.4571024643674999 0.623318864066562 0.670611384736254 0.8179469527641549 0.7788976722968549 0.927584796982282 0.8235191970561847 0.9685406597167375 0.9773943827062616 0.9794414094431949 0.9597471368515991 0.9991972956710661 0.9792366890308309 0.9743756242473497 0.8847958167133905 0.8451665149189893 0.8490973459819148 0.7309506045343599 0.7083867673505235 0.569938480349409 0.5400307842276567 0.18962031499761994 
0.6554107872827744 -0.04068374535419525 0.08483900531342832 0.2648954015068978 0.2493115669033685 0.46856123668397337 0.4878797813866287 0.5403964555448617 0.6889834459012318 0.8098133994058045 0.7909432330689619 0.8615643887129153 0.9289380473806675 0.9870629356861382 0.8800017863550075 0.9642663757819647 0.9880682475117705 0.9711381805690432 0.9987442239161255 0.9102701475639943 0.9365923680519137 0.8099476129320582 0.8862988693031328 0.7269852000063473 0.6690944595018632 0.6645136880528442 0.4382697760563084 0.38636141595199597 0.33633857158696084 0.09619585714913283 
0.6450615343974759 -0.19085770191260318 -0.18798626529846466 0.013655246685647791 0.057141734847695594 0.19467288129528915 0.2598107031687447 0.47776858504724834 0.4571164877604335 0.6349840088543955 0.6296276517208366 0.752265312375982 0.7791784118447755 0.9568918086891894 0.8236382415300921 0.969669433661163 0.9779767881730139 0.9945161014711341 0.9974472249628483 0.9093018444055766 0.9813646402797146 0.9754569547717762 0.8863029127567444 0.8416489995418338 0.8873846914073807 0.7440819083528281 0.7085022370751684 0.5176416143220908 0.5399936828918239 0.34425778687154057 
0.6430521691872985 -0.19085770191260318 -0.187759826581431 0.015576382825243687 0.06227653510391087 0.19467288129528915 0.2598107031687447 0.47776858504724834 0.45697647520090945 0.6349840088543955 0.6296276517208366 0.7781312258449967 0.7780743455917164 0.9541559080075191 0.8236382415300921 0.9695452711165145 0.9747381389544868 0.9259113373585195 0.9974472249628483 0.8763508924578055 0.9814177817699925 0.9754569547717762 0.8764292275733419 0.8416489995418338 0.8873846914073807 0.7440819083528281 0.708471386833115 0.5176416143220908 0.5362063265999841 0.3459908219915003 
0.6399189167407804 -0.33555652701199706 -0.18758530637683 -0.021377378130378592 0.062269977905689874 0.22899121106326553 0.26096920074226915 0.3556033381454379 0.45687295663311733 0.6042649897628181 0.6055738422515677 0.7486614893581074 0.7790749731694407 0.9383836379067798 0.8236499392844506 0.9683992012003736 0.9768464192311794 0.9241898207126256 0.997931167879948 0.9308591062418613 0.9787297595989481 0.9839423995910929 0.958883776975365 0.9171932832748662 0.8503192380354904 0.8334002564629563 0.7104923616080863 0.5667960621879654 0.5362620439428862 0.38885710563639725 
0.9951627480167904 0.16152866160972776 0.2751167210235871 0.29593603817516745 0.4186133857399281 0.5206748657819059 0.663880727157368 0.682770706701439 0.7040415889931371 0.8086592940228485 0.8539676130689602 0.9070960868139033 0.7801192673157177 0.9772596064270368 0.9215652618383294 0.973610857174506 0.9657380496280535 0.9666677899153929 0.9997642149451975 0.9120533772128425 0.9790986141670462 0.8153897661138658 0.9191344110488328 0.6654609737236564 0.790699667647081 0.4997642917855708 0.43358615590615407 0.29003709810187717 0.21791144368887383 0.09319675363067612 
0.6431007733991156 -0.1939730556444059 -0.191520141361033 -0.021176775581188596 0.062269142278970305 0.20048700090134855 0.26006407106047436 0.3857339648023885 0.4569724695864823 0.6006516836738484 0.6061554339860895 0.7789209108027209 0.7780909423995517 0.983987470534475 0.8179305814962653 0.9633663106309224 0.9747619648863206 0.994433420392625 0.9987259216194239 0.9218271098027513 0.979260226131343 0.974340471676832 0.9736018478940172 0.9181384505059086 0.7929134251472763 0.7238284949035831 0.710400602834597 0.5656329080593698 0.5362598189837746 0.34583126333852265 
0.9738692498931785 -0.1937611851726792 -0.1878923257498879 -0.03550773342228011 0.05698528869155842 0.05240744813946803 0.2055338554226016 0.4777920200068945 0.45710462047062045 0.623318864066562 0.6061618527996122 0.6434041086742042 0.778207444529206 0.9369062400183171 0.8236770303404101 0.9727712118204349 0.9728359712628746 0.9826261916398112 0.9597471368515991 0.905568400135711 0.9792223040051344 0.8541397864601779 0.9737531640794201 0.7509893841260624 0.8503215150987329 0.7309558641209029 0.7134188699096592 0.569938480349409 0.5370104280065834 0.38882884050244154 
0.9926389846071126 0.03759077062820357 0.1512706356666931 0.29457703384897427 0.34373431168018304 0.4841450982194079 0.5354615567588052 0.6821033890676029 0.594708875570885 0.8080400414333502 0.8080997481806593 0.8996665119699275 0.8512902998103986 0.9708119285861598 0.9445815160851715 0.9826184786482114 0.9412109452018941 0.9220744662855711 0.9989968667142298 0.9103590175610446 0.9045918918616056 0.8067720845800053 0.7674545327704438 0.735743981310515 0.6737870829398777 0.5236063308307694 0.38184369707659577 0.32141747735493964 0.22062009625482215 0.200354339153651 
0.9761149069179166 -0.19495219670076036 -0.18787031847653546 -0.03550773342228011 0.05698851971561875 0.20582971058642613 0.2598143667271968 0.47921856938632384 0.4571024643674999 0.623318864066562 0.670611384736254 0.8179469527641549 0.7788976722968549 0.9385087310887653 0.8235191970561847 0.9685406597167375 0.978229921899117 0.9794414094431949 0.9597471368515991 0.9991972956710661 0.9792366890308309 0.9743756242473497 0.8847958167133905 0.8451665149189893 0.8490973459819148 0.7309506045343599 0.7083867673505235 0.569938480349409 0.5400307842276567 0.3467580215021871 
0.41863629859187357 0.9665123989860337 0.9823723330539487 0.9294340297953736 0.846401255825517 0.7371609835889271 0.7562612736495365 0.644241510144925 0.5763819183115714 0.46463961609684123 0.35236763189868014 0.2931298920369297 0.17840190269413392 0.06944415614895184 0.05189056360514319 -0.17037820969462483 -0.17070280467115612 -0.4221869510693659 -0.3443104419543729 -0.564382111477766 -0.5594666382939013 -0.7119939998486036 -0.7323402118296012 -0.8632007712403479 -0.8562995171602569 -0.9266197606814641 -0.9976442607843744 -0.9910264303133943 -0.974059287029513 -0.9850310145422861 
0.9896076548461799 0.037608814991884426 0.08483900531342832 0.2272580076949861 0.2493115669033685 0.4688912597223445 0.5086876313246242 0.5403964555448617 0.549541959437198 0.816243069725596 0.7909432330689619 0.8615643887129153 0.8478677755417475 0.9712712285514454 0.9205128040076348 0.9807835030585723 0.988410788121321 0.9269976552566533 0.9987442239161255 0.9102701192664864 0.9365652827257959 0.8252449357655369 0.8957280621856288 0.7355435913928396 0.6691360431482583 0.5214149513764217 0.3817507403417447 0.3452947562391092 0.22507894626943045 0.24277140774392314 
0.6581462804926983 0.03662502635527627 0.11398438348724663 0.2769452719514373 0.3430321461535271 0.45757651282265843 0.49520571141315267 0.6061212659089257 0.6647633821009201 0.7988492327546807 0.8273030404964705 0.9425060823885125 0.8454388543923671 0.9518064003192696 0.91949331660147 0.9828638575460112 0.9723071184465136 0.9994297990037925 0.9713573339079759 0.9103958256159962 0.9045652754355502 0.8245175796704216 0.7730654227110835 0.6678820120303722 0.6695446191351355 0.5691039628122767 0.4906349214615674 0.28905817591397576 0.3811615712660157 0.15090318860872073 
0.9951627480167904 0.1768266031556905 0.2751167210235871 0.2674687945116599 0.3454599467349593 0.485311460583967 0.6720783188090566 0.682770706701439 0.7040064099213275 0.8085108055602096 0.8203507569085904 0.9070960868139033 0.8492773614415541 0.9771900428969754 0.9215652618383294 0.9994799166676606 0.9650961823901155 0.9666677899153929 0.9570234617950655 0.9082891449061007 0.7433127044420328 0.8153625586271085 0.8822058001602492 0.6654609737236564 0.6936038817295096 0.516152499796067 0.43817049019181764 0.28748098123782334 0.18801946606932152 0.09319675363067612 
0.4138431033889071 0.9637808873758575 0.9827950526661171 0.9054557516705158 0.8481254357041823 0.7662889653360474 0.7332894914568235 0.6442873890816977 0.6597135188876486 0.5943419448222625 0.3812546630724128 0.20925618494520665 0.24635398356872873 0.09543144725187083 0.0525471635058806 -0.09982274772131597 -0.1724682111713928 -0.1483074140687263 -0.3431337900616496 -0.5523283562996582 -0.5345476892793095 -0.616547372232333 -0.730028933860653 -0.8832272136733291 -0.8417543727980652 -0.939629385661329 -0.9706120402499916 -0.9903666879715124 -0.9933145254060076 -0.9539746635142993 
0.08171026242489321 0.9479259398990241 0.9822118462121839 0.9069548704268292 0.8456121918396502 0.733121392147535 0.7324285628416927 0.6442415051085362 0.5799388299501055 0.5605492358413999 0.43449802461689346 0.27445413660814594 0.2449863857772134 0.08975004475813736 0.04289039313714852 -0.07185618572147047 -0.17271301191976454 -0.3234244749024435 -0.34409383616852957 -0.2650189148416958 -0.5605666796913432 -0.6135526844901618 -0.7300389404314847 -0.838427583853284 -0.8419114064604473 -0.8665076238822095 -0.9708365442528276 -0.7544623916374853 -0.975255741312493 -0.9864847435269509 
0.08686795554815968 0.9239672989263518 0.9851184825656906 0.93353800202134 0.8278783504535777 0.8110304973161265 0.7441480410435986 0.6442460951685536 0.5495623463178082 0.5695330461436534 0.38317472315773676 0.2580370905085994 0.06547849977858672 0.06975900877738936 0.051876110071931825 -0.10119275691908106 -0.16969348920141736 -0.4221429391712934 -0.442029636333264 -0.5483647608042769 -0.6712282709323145 -0.7151715831154425 -0.8479940008242313 -0.873280395491248 -0.8452171119876053 -0.9274515499018416 -0.997447521838272 -0.9918772944777481 -0.9928644740929052 -0.9873095984560972 
0.08506118528478819 0.973834418619485 0.985155027704089 0.9054634540273477 0.8280894157973363 0.8101027286687379 0.74332929088027 0.6471521196764273 0.5642218998833008 0.4955487705802745 0.3812035306504487 0.2554390392124563 0.17816473522080414 0.06946361403246148 0.03262714702073665 -0.09814539623382346 -0.17273630839473672 -0.3851360015945188 -0.4420017319216592 -0.548781420826567 -0.6713489862860228 -0.758093401313275 -0.8137543642002248 -0.873508319286946 -0.8420686925224536 -0.9271937394400598 -0.9584668310213216 -0.9909177236325711 -0.9929940394271813 -0.9477023858755935 
0.6554107872827744 0.03500361838867603 0.08483900531342832 0.2648954015068978 0.2493115669033685 0.4689005567833838 0.4878797813866287 0.5403964555448617 0.5502821018381262 0.809413894110928 0.7909432330689619 0.8615643887129153 0.8478742309577982 0.9870629356861382 0.8797811539725451 0.9695190608625495 0.9880682475117705 0.9726205699465292 0.998859190029018 0.9102701198724424 0.8678878466197835 0.8256512380287608 0.8862988693031328 0.7269276799593211 0.6690944595018632 0.5398138132306991 0.44194518471594973 0.345279950945352 0.338311793585905 0.09619585714913283 
0.08171026242489321 0.9478734847027961 0.9822118462121839 0.916762503174982 0.8456121918396502 0.8274636835732152 0.7324285628416927 0.6443396247264622 0.5799388299501055 0.5637267788796569 0.43443398363136804 0.27445413660814594 0.2449863857772134 0.08975004475813736 0.04289039313714852 -0.07185618572147047 -0.17271301191976454 -0.32858222403019893 -0.3313028470955897 -0.2650189148416958 -0.5605666796913432 -0.6059182603861795 -0.7300389404314847 -0.8385883727521796 -0.8419114064604473 -0.8655407359412292 -0.9703368037411297 -0.8495331582284669 -0.975255741312493 -0.9554175105952599 
0.6450615343974759 -0.1937571947304956 -0.011640948034552012 -0.031614393989401204 0.056988633308381706 0.19467288129528915 0.26193609173121607 0.47776858504724834 0.4571164877604335 0.6354406899198418 0.6296276517208366 0.8149556784192628 0.7788817119610768 0.9916287027188605 0.8235151157558865 0.9685396785381439 0.9780626571765135 0.9800740967861453 0.9973378958976542 0.9093018444055766 0.9813902944390869 0.8544139291239992 0.8864881335213528 0.8444494296159104 0.8885967720081364 0.7440819083528281 0.7086233654493679 0.5176386193703473 0.5370600057797565 0.34422831090989886 
0.984998729702625 -0.03914015754352428 -0.03438974368764956 0.13634277625932223 0.2579577211063047 0.34971093566467804 0.4528028906314987 0.47874404019860667 0.6292629101326529 0.674730174231913 0.7927731693050035 0.8615702151474319 0.78251178069301 0.9838214703463115 0.9477122880881361 0.9648376969636814 0.9659413128565 0.968864724665071 0.9630734068453068 0.9560662738050663 0.8956314955928273 0.9266969052778852 0.9656381788692363 0.7700442597812313 0.7288909106608104 0.6638139839084081 0.6505103551051747 0.39163029387268217 0.5481288598077891 0.3352298367453232 
0.6595666520809753 0.04087117928928526 0.157786627899054 0.2770064547145331 0.31047672081315564 0.46856318254656387 0.5661541658568474 0.6059976021502493 0.7013717612205572 0.7999841160241274 0.9247276865642808 0.9347968658086956 0.8534911945359533 0.9870979785155891 0.9184934290256749 0.9487869932720414 0.9780130278400782 0.9631898351435509 0.9676276526298713 0.9103944622734416 0.8674818913835366 0.8241778203161386 0.8710307869748567 0.654844091771633 0.6695357002021881 0.5227075456214183 0.4419108189667881 0.32810321414011645 0.22048740883318102 0.15192730291403628 
0.08829848432729781 0.9638163529227958 0.9849940377315108 0.9335030952582095 0.8281286978410626 0.82227429573962 0.7565412198900271 0.6442456439406937 0.5497642489697621 0.46463961609684123 0.3512819781782948 0.3302498943655235 0.17837929414405573 0.08886950615620806 0.054869395756720285 -0.17711102198127374 -0.17071540729959447 -0.4211036825433213 -0.4397522260750864 -0.5486569460792471 -0.6658437955257993 -0.71625598095424 -0.8503227374408008 -0.8615457004271103 -0.8564507406000567 -0.9553234450550352 -0.9998512473579104 -0.9918792129715838 -0.9760475223892334 -0.9868023629026336 
0.08362426547596534 0.9403607648273588 0.985208781015053 0.9294273632146759 0.8277392698866171 0.8326339174346136 0.7568213531494636 0.6442825677943207 0.5760027426588714 0.4641857750512898 0.2934270067760831 0.29352039347656234 0.17830024542625322 0.09084441555953883 0.042987480021304786 -0.10667639718885744 -0.17271215243701302 -0.2847043296926963 -0.3427286103249002 -0.5470012202783034 -0.5602045209675812 -0.610879387523557 -0.7287374971087567 -0.9212646273015102 -0.8572006886528033 -0.939642473258797 -0.9997009431843398 -0.9684967632377031 -0.9881132897367517 -0.9479237740644515 
0.08687074930164886 0.9638163529227958 0.9698939432042258 0.9305341103570874 0.8281607726273529 0.8104816952150732 0.7565328454851507 0.6442405973929113 0.5647395160163667 0.5666305439648818 0.3512819781782948 0.29338951125902796 0.17837929414405573 0.06963632064869725 0.054739710500618724 -0.17519353206777502 -0.1708667394085298 -0.4221428908574469 -0.43078952813573335 -0.5341338864325879 -0.6636251354129157 -0.7151648568158201 -0.7356367703650404 -0.8615457004271103 -0.8564550197405367 -0.955469252018089 -0.8465221793830862 -0.9918561835873758 -0.9909564461289959 -0.9873061905104683 
0.9761149069179166 -0.19378619183237972 -0.18787031847653546 -0.03550773342228011 0.056993151742170296 0.20582971058642613 0.2603621506619719 0.4133378230042617 0.4571024643674999 0.623318864066562 0.670611384736254 0.7312192769661798 0.778207444529206 0.9385087310887653 0.8236771695015598 0.9683972331187353 0.9748458211579586 0.9794414094431949 0.9597471368515991 0.9947108353300215 0.979209872531253 0.9743756242473497 0.9737531640794201 0.7515374843815313 0.8490973459819148 0.7309506045343599 0.7134188699096592 0.569938480349409 0.5362588400571782 0.3467580215021871 
0.4138431033889071 0.9638223092566407 0.9827950526661171 0.9344568354560325 0.8274483150297237 0.7663473080694504 0.7332894914568235 0.6441965878194227 0.6597135188876486 0.6133148144227288 0.38527551821439976 0.3273516232644992 0.24635398356872873 0.06848227776895784 0.0525471635058806 -0.09982274772131597 -0.1724682111713928 -0.1483074140687263 -0.35005902012687656 -0.5523283562996582 -0.5345476892793095 -0.6164429387819477 -0.7289494973090753 -0.862039936951972 -0.8417543727980652 -0.939629385661329 -0.9706120402499916 -0.9903608584426764 -0.9933145254060076 -0.9537673355812935 
0.9803003636437209 -0.02613538286981812 -0.04134049282956582 0.12414939694469515 0.11988456241378571 0.22243959082284853 0.3856253739316679 0.47767062090106555 0.4571249462401243 0.6236401191254854 0.7137968699530446 0.8699152687887877 0.8427276042232165 0.9919473869628006 0.8248371480245876 0.969141145622889 0.9749731062746141 0.976402853494135 0.9952755944239151 0.9882872015792035 0.9813974711661051 0.8855052719302177 0.8877283561843125 0.8462906892874883 0.7777095365270524 0.7094503139058539 0.5773210178983852 0.5180644191004825 0.4581605136757503 0.34480946905209936 
0.9801936152991961 -0.024979824271941065 -0.041251261580116994 0.1039168097093417 0.05626735761045505 0.23017083493499907 0.42557089560013595 0.47728978134887357 0.45220127635326013 0.6305669171051034 0.6386593589174943 0.7788031862615306 0.8400805081293112 0.9889188250617936 0.8245947601909115 0.9996449305051237 0.9749363611232149 0.9282894137800315 0.991226549241569 0.9885676105957679 0.9787249955597908 0.9735525391646399 0.8891191254699119 0.7914338773505154 0.7735289626165951 0.7275424790991737 0.600329868659915 0.5514821266602421 0.5334224375898283 0.3861069472840676 
0.984998729702625 -0.03913650319210747 -0.03437260678983822 0.13634277625932223 0.2579577211063047 0.33562356358316675 0.4528028906314987 0.6030007827677833 0.6266541894372261 0.674730174231913 0.7927731693050035 0.8615702151474319 0.8439102605127667 0.9838214703463115 0.9702640575430914 0.9648377346595817 0.9659321758651849 0.968864724665071 0.9630734068453068 0.9560662738050663 0.8956314955928273 0.9266969052778852 0.9656381788692363 0.7706273400416651 0.7288909106608104 0.6638139839084081 0.6505103551051747 0.39163029387268217 0.375940722708061 0.3352298367453232 
0.6569618328014398 0.038992426623254334 0.14854214360751863 0.2961132798480994 0.3430321461535271 0.447859351036956 0.495272851203159 0.6171510446430154 0.6647633821009201 0.724977488032418 0.8273030404964705 0.9124054206157712 0.8454388543923671 0.9524273101872791 0.8702903501170828 0.9825761151907781 0.9620408005151059 0.9411786039993413 0.9515830547383389 0.9101572024174923 0.9045652754355502 0.8053144760533398 0.7727611926096508 0.6703762814781998 0.6713956014385182 0.5691039628122767 0.3820992629321554 0.2888249768443198 0.3811615712660157 0.09673688261901722 
0.08503491889709026 0.973834418619485 0.985155027704089 0.9054634540273477 0.8280935498261466 0.8517316717261593 0.7433208716055987 0.6471521196764273 0.5642218998833008 0.4955487705802745 0.3812501638542078 0.255488510907493 0.17816473522080414 0.06946361403246148 0.03262714702073665 -0.17791673289443066 -0.17273630839473672 -0.3851360015945188 -0.43960352494706795 -0.5487830510201933 -0.5609514572953835 -0.758093401313275 -0.8137543642002248 -0.8556649905082971 -0.8421559077090051 -0.9407835321636818 -0.9584668310213216 -0.9909177236325711 -0.9929940394271813 -0.9477023858755935 
0.9926389846071126 0.08510528410615935 0.14995831036480448 0.2644296003608514 0.34373431168018304 0.48414351984248444 0.5375587645948622 0.6162029726767758 0.5940514441378784 0.7276586323528609 0.7589909481011885 0.9066630128961465 0.7580737493722128 0.9713166583760586 0.9239374032125015 0.9720828099012317 0.9421606909169712 0.9220744662855711 0.9682984602779666 0.9086955409391148 0.9045918918616056 0.8067760036781473 0.785636270032231 0.735743981310515 0.6737870829398777 0.5236062555464966 0.38187669591845547 0.32180621510456253 0.21988139055906714 0.09663765553004824 
0.9896076548461799 -0.03807854875098685 0.08483900531342832 0.2272580076949861 0.2493115669033685 0.46855193962293407 0.5086876313246242 0.5403964555448617 0.7004091436414274 0.8166425750204725 0.7909432330689619 0.8615643887129153 0.8455236708165148 0.9712712285514454 0.9207334363900972 0.9807835030585723 0.988410788121321 0.9269976552566533 0.9987442239161255 0.9102701469580382 0.9365652827257959 0.8095413106688343 0.8957280621856288 0.7356011114398658 0.6691360431482583 0.5214149513764217 0.37807533168210344 0.34569893740915425 0.22310572427048625 0.09619582413012438 
0.9951627480167904 0.1619165949666367 0.2751167210235871 0.29593603817516745 0.38138565388822454 0.48228385806246143 0.663880727157368 0.682770706701439 0.7040173197346867 0.8086592940228485 0.8203507569085904 0.9070960868139033 0.8514562362977532 0.9771638615206253 0.9215652618383294 0.973610857174506 0.9657380496280535 0.9534939831231083 0.946529677171388 0.9120533772128425 0.9822773027972733 0.8154682909378788 0.8023457813643791 0.6654609737236564 0.8261245325624779 0.516152499796067 0.43358615590615407 0.29003207704316314 0.18830092629356962 0.09319675363067612 
0.4138431033889071 0.9638223092566407 0.9824178147915948 0.9036726903563043 0.8281208204845534 0.8516968678530599 0.7332894914568235 0.6442411197568922 0.6597135188876486 0.56590548330021 0.38128485041165966 0.3273516232644992 0.24510206683858582 0.06848227776895784 0.0525471635058806 -0.11127578433287805 -0.1724682111713928 -0.33588514960658666 -0.35005902012687656 -0.564944475447551 -0.5355533122864021 -0.6164429387819477 -0.7313898012400231 -0.8087281908819061 -0.8417543727980652 -0.9438255512290477 -0.966183895967542 -0.9878339217368588 -0.9935353529190653 -0.9537673355812935 
0.4186375266225142 0.9638163529227958 0.9851676917950893 0.9335030952582095 0.8281287829939854 0.818522862577583 0.7562467940181438 0.6442358887355256 0.5483078502016927 0.5672094751272725 0.3812546630724128 0.2917745156961293 0.17837929414405573 0.069430439451252 0.0526018305738844 -0.09982714846544943 -0.17273936401988246 -0.42293193450489247 -0.4326177140379747 -0.548783050835515 -0.5602827845850357 -0.6107123944346599 -0.7289019346695983 -0.919147634563894 -0.8564550197405367 -0.9408261815644137 -0.9663884533377594 -0.991026882966616 -0.9786867888260448 -0.9478993619820307 
0.9951627480167904 0.16152866160972776 0.2751167210235871 0.29593603817516745 0.4186133857399281 0.5206748657819059 0.663880727157368 0.682770706701439 0.7040415889931371 0.8086592940228485 0.8539676130689602 0.9070960868139033 0.7801192673157177 0.9772596064270368 0.9215652618383294 0.973610857174506 0.9657380496280535 0.9666677899153929 0.9997642149451975 0.9120533772128425 0.9790986141670462 0.8153897661138658 0.9191344110488328 0.6654609737236564 0.790699667647081 0.4997642917855708 0.43358615590615407 0.29003709810187717 0.21791144368887383 0.09319675363067612 
0.4186375266225142 0.9638160371844571 0.9851418460762936 0.933506305681372 0.8281286978410626 0.8234443006360924 0.7562405775274739 0.6441971099116369 0.5485745332241118 0.47072958866639847 0.3861489700317304 0.29313109279442534 0.17829165314491233 0.069430439451252 0.049125625407616995 -0.17536544759907138 -0.17071540729959447 -0.42226184975124714 -0.4326307494161863 -0.5483007593246643 -0.5597125667964907 -0.6054201518802682 -0.8145867036053137 -0.8615457004271103 -0.8564550197405367 -0.9266197606814641 -0.9995748113743302 -0.9918207403368539 -0.9927682361203386 -0.9864629411150432 
0.4165524949045861 0.9603789659091574 0.9839997498501604 0.9910934943156349 0.847642393395151 0.818522862577583 0.7562467940181438 0.6441986124399377 0.5994443380924477 0.5641607849777426 0.385400213519719 0.33171948947324015 0.18818641592755928 0.07007138935044709 0.04889566524087492 -0.06919992721777737 -0.17423164419017442 -0.4209537905450001 -0.43261846143716925 -0.453258746511126 -0.5531781705337374 -0.6074998225307546 -0.7114652997961387 -0.860870949458032 -0.8564550197405367 -0.8653464634168336 -0.9702653195546589 -0.9918090956497654 -0.9940070357037505 -0.9478993619820307 
0.984998729702625 -0.03898290657403205 -0.032440622862312814 0.13634277625932223 0.21650170854092315 0.3355124413891776 0.4528028906314987 0.602581696341791 0.6266698007477556 0.674730174231913 0.7842128178571284 0.8726082128724251 0.8446464626215161 0.9838214703463115 0.9704413513989418 0.9648357898024899 0.9659322057640355 0.968864724665071 0.9686696425040359 0.9757686783613371 0.9740877394152505 0.9266969052778852 0.841581779187081 0.7706290316234085 0.6700074208790499 0.5283594291113825 0.6505649185113709 0.39163029387268217 0.37782828249147893 0.33711453852084744 
0.07956679028104716 0.9212121546206782 0.9844960693239354 0.9149107112242646 0.8473980134955595 0.7280734672283515 0.7324706749305128 0.6458776249094258 0.6634492652064911 0.564201932684926 0.43440194590017533 0.20809738729383365 0.24552230555576465 0.09445361070642574 0.05254545832261609 -0.06827462108773892 -0.1460040798549868 -0.28852627035402756 -0.3228402205406803 -0.45170724447237387 -0.5303543396253542 -0.6097085854362498 -0.7298448967277207 -0.9129337712150027 -0.8413625748294764 -0.8659762108230626 -0.9701741511363485 -0.9702077257698004 -0.9823783899955144 -0.9005503095894715 
0.984998729702625 -0.03898290657403205 -0.032440622862312814 0.13634277625932223 0.21650170854092315 0.3355124413891776 0.44208612744082965 0.602581696341791 0.6266698007477556 0.674730174231913 0.7842128178571284 0.8627470181168451 0.8446464626215161 0.9855639635042701 0.9704413513989418 0.9648357898024899 0.9556759484351894 0.95566524315759 0.9686696425040359 0.9757686783613371 0.9740877394152505 0.9266969052778852 0.841581779187081 0.7706290316234085 0.6700074208790499 0.6539246903467346 0.6505649185113709 0.39163029387268217 0.37782828249147893 0.33711453852084744 
0.9951627480167904 0.1619165949666367 0.2751167210235871 0.29593603817516745 0.38138565388822454 0.48228385806246143 0.663880727157368 0.682770706701439 0.7040173197346867 0.8086592940228485 0.8203507569085904 0.9070960868139033 0.8514562362977532 0.9771638615206253 0.9215652618383294 0.973610857174506 0.9657380496280535 0.9534939831231083 0.946529677171388 0.9120533772128425 0.9822773027972733 0.8154682909378788 0.8023457813643791 0.6654609737236564 0.8261245325624779 0.516152499796067 0.43358615590615407 0.29003207704316314 0.18830092629356962 0.09319675363067612 
0.08170010420952704 0.9403607648273588 0.9519306024930897 0.9294273632146759 0.8482855319176436 0.8326339174346136 0.7427959029566327 0.5613043901108773 0.5760027426588714 0.5671455746577826 0.4359974062320452 0.3058666510583383 0.17830024542625322 0.09068299281105527 0.043183541303615326 -0.10667639718885744 -0.17271215243701302 -0.33559122783863016 -0.3427286103249002 -0.546965682869442 -0.5544798654846305 -0.610879387523557 -0.7287374971087567 -0.8868719498332336 -0.843383356511684 -0.939642473258797 -0.9663898995205636 -0.9684967632377031 -0.9787062003281144 -0.9555195142308677 
0.41503413512186876 0.9666355640098501 0.9824220520457735 0.9054734051914355 0.8267486095612933 0.7570903098716273 0.7563316182561419 0.6442414696824091 0.664329288568833 0.5653445705237248 0.3812546630724128 0.2537981409414124 0.18464233367633953 0.07014708442834462 0.053146043539878736 -0.10129353923112773 -0.17273936401988246 -0.32025550976409695 -0.34193302596311215 -0.5650204414341329 -0.5602827845850357 -0.6157919543365908 -0.7312167590794277 -0.8857874853645392 -0.8305193077816372 -0.8641960611641042 -0.9663884533377594 -0.9879442783914697 -0.9757322574576336 -0.9425832672699342 
0.9951627480167904 0.18083514073374007 0.2747752079202137 0.2949939709299706 0.3454599467349593 0.4846664437103304 0.672484194447308 0.682770706701439 0.7031966143842683 0.8085108055602096 0.8271380077505214 0.9070960868139033 0.8452905649224643 0.975758289663755 0.8730142428488502 0.9994799166676606 0.9724347726141241 0.9420325917521535 0.9569953483703857 0.9082891449061007 0.9087685453488462 0.815636102466885 0.7743457405037032 0.6654069239729781 0.6936038817295096 0.5685508496897962 0.43817049019181764 0.28748098123782334 0.18801946606932152 0.09319675363067612 
0.0816899985898738 0.9479259398990241 0.9839108747452483 0.9139776636149411 0.845503358077899 0.7402424868877808 0.7324285628416927 0.6442415051085362 0.5799388299501055 0.5600465998834497 0.4297654965379728 0.27485489342862957 0.2449863857772134 0.08975004475813736 0.04289039313714852 -0.07445981302684829 -0.17278324451458973 -0.3234244749024435 -0.4283202016870677 -0.2650189148416958 -0.5601578654082024 -0.6079582489646391 -0.7300389404314847 -0.8379026195613379 -0.8419114064604473 -0.8644851165538171 -0.9666691628144488 -0.9805206843454747 -0.975255741312493 -0.9864847435269509 
0.08304733476739261 0.9661485974720189 0.9839218722541546 0.9306226865854104 0.8456493307489237 0.8105821715021354 0.7574297926631225 0.6442330557619462 0.6674088064079537 0.5670037337526109 0.38644138049888044 0.32374512647379133 0.17840544072838002 0.07014708442834462 0.05199086611683933 -0.17043394926746458 -0.1727282918100839 -0.3289363818413161 -0.3479921275096478 -0.548783050835515 -0.5606529664607696 -0.607547464974614 -0.8142814522679785 -0.8381947090482186 -0.8564550197405367 -0.9408258524029389 -0.9354960876565737 -0.9908751055722084 -0.9791670970846198 -0.9478951812719743 
0.984998729702625 -0.03898290657403205 -0.032440622862312814 0.13634277625932223 0.21650170854092315 0.3355124413891776 0.4528028906314987 0.602581696341791 0.6266698007477556 0.674730174231913 0.7842128178571284 0.8726082128724251 0.8446464626215161 0.9838214703463115 0.9704413513989418 0.9648357898024899 0.9659322057640355 0.968864724665071 0.9686696425040359 0.9757686783613371 0.9740877394152505 0.9266969052778852 0.841581779187081 0.7706290316234085 0.6700074208790499 0.5283594291113825 0.6505649185113709 0.39163029387268217 0.37782828249147893 0.33711453852084744 
0.08146837258742874 0.9468803949122127 0.9840402206434196 0.9050555993851663 0.9328488827065736 0.8094960505708608 0.7324285628416927 0.6443073504463126 0.574666999855335 0.568971866743276 0.43443398363136804 0.2924833066588388 0.1879469144210948 0.08975004475813736 0.05199758451595294 -0.10132160224339805 -0.17272745858543528 -0.32858222403019893 -0.34829791511792507 -0.5308273810142483 -0.5605249787670284 -0.6059182603861795 -0.7334515513498138 -0.8385883727521796 -0.8417997593622869 -0.9535614451039343 -0.9703368037411297 -0.9998647259943949 -0.9752493066732303 -0.9423918262956867 
0.08304733476739261 0.9661485974720189 0.9839196875720737 0.9295133018246508 0.8456493307489237 0.8317744546934426 0.7574297926631225 0.6442354809298402 0.5759713672053868 0.5669564274972495 0.38644138049888044 0.2917745940150205 0.17840544072838002 0.07014708442834462 0.05199086611683933 -0.17043394926746458 -0.17273936401988246 -0.3994596776187707 -0.3479921275096478 -0.548783050835515 -0.556690674274841 -0.607547464974614 -0.8142814522679785 -0.8580418151846322 -0.8564550197405367 -0.9408258524029389 -0.9354960876565737 -0.9909175222735076 -0.9791670970846198 -0.9478951812719743 
0.6569618328014398 0.038992426623254334 0.14854214360751863 0.2961132798480994 0.3430321461535271 0.447859351036956 0.495272851203159 0.6171510446430154 0.6647633821009201 0.724977488032418 0.8273030404964705 0.9124054206157712 0.8454388543923671 0.9524273101872791 0.8702903501170828 0.9825761151907781 0.9620408005151059 0.9411786039993413 0.9515830547383389 0.9101572024174923 0.9045652754355502 0.8053144760533398 0.7727611926096508 0.6703762814781998 0.6713956014385182 0.5691039628122767 0.3820992629321554 0.2888249768443198 0.3811615712660157 0.09673688261901722 
0.08146837258742874 0.9466258244632587 0.9840167895551717 0.9050555993851663 0.9430968708592392 0.8094876256538751 0.7327396622666844 0.6458770900905086 0.6658258917946541 0.5653294708477907 0.4344553494479539 0.2514953790754354 0.1879469144210948 0.16357477015050761 0.05319789735008394 -0.0996299128753531 -0.14492538118369486 -0.32858222403019893 -0.3313028470955897 -0.42128510911632777 -0.554280800409357 -0.6097640083224917 -0.7335447549441886 -0.7921909322983834 -0.8305530877750877 -0.9535614451039343 -0.9703387110595421 -0.9685367155337121 -0.9749192868860744 -0.9425059256502113 
0.9803003636437209 -0.02613538286981812 -0.04134049282956582 0.12414939694469515 0.11988456241378571 0.22243959082284853 0.3856253739316679 0.47767062090106555 0.4571249462401243 0.6236401191254854 0.7137968699530446 0.8699152687887877 0.8427276042232165 0.9919473869628006 0.8248371480245876 0.969141145622889 0.9749731062746141 0.976402853494135 0.9952755944239151 0.9882872015792035 0.9813974711661051 0.8855052719302177 0.8877283561843125 0.8462906892874883 0.7777095365270524 0.7094503139058539 0.5773210178983852 0.5180644191004825 0.4581605136757503 0.34480946905209936 
0.6450615343974759 -0.19085770191260318 -0.18798626529846466 0.013655246685647791 0.057141734847695594 0.19467288129528915 0.2598107031687447 0.47776858504724834 0.4571164877604335 0.6349840088543955 0.6455455045180254 0.752265312375982 0.7791784118447755 0.9568918086891894 0.8236382415300921 0.969669433661163 0.9779767881730139 0.9259113373585195 0.9974472249628483 0.9093018444055766 0.9813646402797146 0.9754569547717762 0.8863029127567444 0.8416489995418338 0.8873846914073807 0.7440819083528281 0.7085022370751684 0.4959735730566206 0.5399936828918239 0.34425778687154057 
0.4165524949045861 0.9638228941012225 0.9839997498501604 0.9337159565832047 0.8286534440739564 0.818522862577583 0.7562467940181438 0.6441986124399377 0.5483078502016927 0.5672094751272725 0.385400213519719 0.3267360096759918 0.18818641592755928 0.07007371623421219 0.04887477533215296 -0.09982714846544943 -0.17441490641597912 -0.4209537905450001 -0.43261846143716925 -0.5487281249425728 -0.5539832420231863 -0.6074998225307546 -0.7289019346695983 -0.860870949458032 -0.8564550197405367 -0.9408261815644137 -0.9663868305177188 -0.9918090956497654 -0.9940070357037505 -0.9478993619820307 
0.41388596076142303 0.9659117349822839 0.9850235282568677 0.9054635734906528 0.8481254357041823 0.7662889653360474 0.7434406106296085 0.6442873890816977 0.664328704247718 0.5642077520388861 0.3812546630724128 0.20925618494520665 0.24649750836587037 0.09550650040862677 0.05314450499837009 -0.09982274772131597 -0.1724682111713928 -0.15168858322835085 -0.3229415532531379 -0.5523283562996582 -0.5544000111592432 -0.6144289907046391 -0.7285087583941746 -0.8839379918578498 -0.8417543727980652 -0.939629385661329 -0.9706120402499916 -0.987391278189475 -0.9933145254060076 -0.9539746635142993 
0.41727915224702644 0.9261553264779725 0.9825444612840799 0.8270005844650483 0.9665634819853881 0.8318449687869323 0.7563065168512095 0.6555051779238624 0.5171555523879214 0.5688760998851486 0.38279340613193374 0.2939030477938263 0.18905505097996292 0.09379547147551819 0.052630820668150106 -0.09892273775977685 -0.2452141889935761 -0.4221419248568355 -0.44124305155051563 -0.5340567561576942 -0.5605082083412706 -0.720580538537834 -0.7340814422969051 -0.8554275131369828 -0.8416276669745023 -0.9392827751090808 -0.9676728981687812 -0.9853528428151623 -0.9942855477313879 -0.9881475108502311 
0.08170010420952704 0.9403607648273588 0.9519306024930897 0.9294273632146759 0.8482855319176436 0.8326339174346136 0.7427959029566327 0.5613043901108773 0.5760027426588714 0.5671455746577826 0.4359974062320452 0.3058666510583383 0.17830024542625322 0.09068299281105527 0.043183541303615326 -0.10667639718885744 -0.17271215243701302 -0.33559122783863016 -0.3427286103249002 -0.546965682869442 -0.5544798654846305 -0.610879387523557 -0.7287374971087567 -0.8868719498332336 -0.843383356511684 -0.939642473258797 -0.9663898995205636 -0.9684967632377031 -0.9787062003281144 -0.9555195142308677 
0.6450615343974759 -0.194996715743475 -0.011640948034552012 -0.031614393989401204 0.056988633308381706 0.19467288129528915 0.2598107031687447 0.47776858504724834 0.4571164877604335 0.6354406899198418 0.6296276517208366 0.8149556784192628 0.7788817119610768 0.9916287027188605 0.8235151157558865 0.9685396785381439 0.9780678135654931 0.9405533938332988 0.9973378958976542 0.9093018444055766 0.9813646402797146 0.9752796724815141 0.8864881335213528 0.846532714828179 0.8885967720081364 0.7440819083528281 0.7085022370751684 0.5176386193703473 0.5399936828918239 0.34422831090989886 
0.08362426547596534 0.9403607648273588 0.985208781015053 0.9294273632146759 0.8277392698866171 0.8326339174346136 0.7568213531494636 0.6442825677943207 0.5760027426588714 0.4641857750512898 0.35299584251647426 0.29352039347656234 0.17830024542625322 0.09084441555953883 0.042987480021304786 -0.10667639718885744 -0.17271215243701302 -0.2847043296926963 -0.3427286103249002 -0.5470012202783034 -0.5602045209675812 -0.610879387523557 -0.7287374971087567 -0.9214034259409203 -0.8572006886528033 -0.939642473258797 -0.9997009431843398 -0.9684967632377031 -0.9881132897367517 -0.9479237740644515 
0.9926389846071126 0.08510528410615935 0.1501438491453176 0.2950066797343556 0.3827313160187482 0.48414351984248444 0.5375587645948622 0.6818095641418741 0.7037737354124634 0.8083982969475392 0.7589909481011885 0.9066432685264869 0.8507563215098475 0.9713841714455461 0.9239256927288833 0.9720823951875989 0.9439947939518099 0.9535071755587711 0.9989968667142298 0.9081422075752775 0.9066697895405136 0.8221108956132158 0.7840591933375987 0.665579512521331 0.8285909992551123 0.5235227175092745 0.38301737614199743 0.32180621510456253 0.21999639586759406 0.09319531836798606 
0.984998729702625 -0.03913650319210747 -0.03437260678983822 0.13634277625932223 0.2579577211063047 0.33562356358316675 0.4528028906314987 0.6030007827677833 0.6266541894372261 0.674730174231913 0.7927731693050035 0.8615702151474319 0.8439102605127667 0.9838214703463115 0.9702640575430914 0.9648377346595817 0.9659321758651849 0.968864724665071 0.9630734068453068 0.9560662738050663 0.8956314955928273 0.9266969052778852 0.9656381788692363 0.7706273400416651 0.7288909106608104 0.6638139839084081 0.6505103551051747 0.39163029387268217 0.375940722708061 0.3352298367453232 
0.08829848432729781 0.9638163529227958 0.9851374104037682 0.9594139600800966 0.8281286978410626 0.8235609251903583 0.7565328454851507 0.6441962635460401 0.5497642489697621 0.46463961609684123 0.3512819781782948 0.29313109279442534 0.17837929414405573 0.06963632064869725 0.054739710500618724 -0.17536544759907138 -0.17085987013832032 -0.42217540809180376 -0.4326177140379747 -0.5483007593246643 -0.6658437955257993 -0.71625598095424 -0.7359263351167518 -0.8615457004271103 -0.8564550197405367 -0.9554185254892443 -0.9995519375843391 -0.9918561835873758 -0.993240056485345 -0.9869916337751123 
0.41727915224702644 0.9261553264779725 0.9825444612840799 0.8270005844650483 0.9665634819853881 0.8318449687869323 0.7563065168512095 0.6555051779238624 0.5171555523879214 0.5688760998851486 0.38279340613193374 0.2939030477938263 0.18905505097996292 0.09379547147551819 0.052630820668150106 -0.09892273775977685 -0.2452141889935761 -0.4221419248568355 -0.44124305155051563 -0.5340567561576942 -0.5605082083412706 -0.720580538537834 -0.7340814422969051 -0.8554275131369828 -0.8416276669745023 -0.9392827751090808 -0.9676728981687812 -0.9853528428151623 -0.9942855477313879 -0.9881475108502311 
0.9801936152991961 -0.024979824271941065 -0.041251261580116994 0.1039168097093417 0.05626735761045505 0.23017083493499907 0.42557089560013595 0.47728978134887357 0.45220127635326013 0.6305669171051034 0.6386593589174943 0.7788031862615306 0.8400805081293112 0.9889188250617936 0.8245947601909115 0.9996449305051237 0.9858211487987469 0.9282894137800315 0.991226549241569 0.9885676105957679 0.9787249955597908 0.9735525391646399 0.8891191254699119 0.7914338773505154 0.7735289626165951 0.7275424790991737 0.600329868659915 0.5514821266602421 0.5334224375898283 0.3397413609073675 
0.9951627480167904 0.18083514073374007 0.2747752079202137 0.2949939709299706 0.3454599467349593 0.4846664437103304 0.672484194447308 0.682770706701439 0.7031966143842683 0.8085108055602096 0.8271380077505214 0.9070960868139033 0.8452905649224643 0.975758289663755 0.8730142428488502 0.9994799166676606 0.9724347726141241 0.9420325917521535 0.9569953483703857 0.9082891449061007 0.9087685453488462 0.815636102466885 0.7743457405037032 0.6654069239729781 0.6936038817295096 0.5685508496897962 0.43817049019181764 0.28748098123782334 0.18801946606932152 0.09319675363067612 
0.9761149069179166 -0.19378619183237972 -0.18787031847653546 -0.03550773342228011 0.056993151742170296 0.20582971058642613 0.2603621506619719 0.4133378230042617 0.4571024643674999 0.623318864066562 0.670611384736254 0.7312192769661798 0.778207444529206 0.9385087310887653 0.8236771695015598 0.9683972331187353 0.9748458211579586 0.9794414094431949 0.9597471368515991 0.9947108353300215 0.979209872531253 0.9743756242473497 0.9737531640794201 0.7515374843815313 0.8490973459819148 0.7309506045343599 0.7134188699096592 0.569938480349409 0.5362588400571782 0.3467580215021871 
0.0816899985898738 0.9479259398990241 0.9839108747452483 0.9139776636149411 0.845503358077899 0.7402424868877808 0.7324285628416927 0.6442415051085362 0.5799388299501055 0.5600465998834497 0.4297654965379728 0.27485489342862957 0.2449863857772134 0.08975004475813736 0.04289039313714852 -0.07445981302684829 -0.17278324451458973 -0.3234244749024435 -0.4283202016870677 -0.2650189148416958 -0.5601578654082024 -0.6079582489646391 -0.7300389404314847 -0.8379026195613379 -0.8419114064604473 -0.8644851165538171 -0.9666691628144488 -0.9805206843454747 -0.975255741312493 -0.9864847435269509 
0.08171026242489321 0.9478734847027961 0.9822118462121839 0.916762503174982 0.8456121918396502 0.8274636835732152 0.7324285628416927 0.6443396247264622 0.5799388299501055 0.5637267788796569 0.43443398363136804 0.27445413660814594 0.2449863857772134 0.08975004475813736 0.04289039313714852 -0.07185618572147047 -0.17271301191976454 -0.32858222403019893 -0.3313028470955897 -0.2650189148416958 -0.5605666796913432 -0.6059182603861795 -0.7300389404314847 -0.8385883727521796 -0.8419114064604473 -0.8655407359412292 -0.9703368037411297 -0.8495331582284669 -0.975255741312493 -0.9554175105952599 
0.9803003636437209 -0.02613538286981812 -0.04134049282956582 0.12414939694469515 0.11988456241378571 0.22243959082284853 0.3883294865188678 0.4776284175155332 0.4622687710584365 0.6236401191254854 0.7137968699530446 0.8699152687887877 0.8427276042232165 0.9919473869628006 0.8254559729145863 0.9664709770951535 0.9749731062746141 0.976402853494135 0.9635241228859497 0.9882872015792035 0.9813136598481107 0.9234586488701347 0.8871523305834756 0.8462906892874883 0.7785692151157841 0.7089721535944901 0.5776034558872295 0.5163042907486268 0.5524917322808636 0.33432708749384954 
0.0829874103087573 0.963371696809782 0.9839505194230405 0.9032966089232592 0.8286314222161629 0.8512562103889781 0.7433208716055987 0.6441968366716891 0.5642218998833008 0.49898305247322144 0.3854486848247867 0.29154165080138084 0.1882690976186858 0.09068745099614181 0.05208668870023792 -0.0035783275504378334 -0.17441188234892763 -0.42101272366990905 -0.4324787767369251 -0.548728032360326 -0.5538864516375942 -0.6075977689550757 -0.7567603940055285 -0.859395435310944 -0.8421442859293086 -0.9345729830989586 -0.9662226682258395 -0.9917787088184585 -0.9939452909635971 -0.9424959024569495 
0.9803003636437209 -0.02613538286981812 -0.04134049282956582 0.12414939694469515 0.11988456241378571 0.22243959082284853 0.3883294865188678 0.4776284175155332 0.4622687710584365 0.6236401191254854 0.7137968699530446 0.8699152687887877 0.8427276042232165 0.9919473869628006 0.8254559729145863 0.9664709770951535 0.9749731062746141 0.976402853494135 0.9635241228859497 0.9882872015792035 0.9813136598481107 0.9234586488701347 0.8871523305834756 0.8462906892874883 0.7785692151157841 0.7089721535944901 0.5776034558872295 0.5163042907486268 0.5524917322808636 0.33432708749384954 
0.0829874103087573 0.963371696809782 0.9839505194230405 0.9032966089232592 0.8298795526265487 0.8106007572935034 0.7441879924691003 0.6441968366716891 0.5642218998833008 0.49898305247322144 0.4338370389220216 0.29154165080138084 0.1882690976186858 0.09068745099614181 0.05206281068980098 -0.003620116733945959 -0.1744342811945368 -0.32966914391834684 -0.3319705896395951 -0.548728032360326 -0.5540601668903421 -0.6075977689550757 -0.7567603940055285 -0.859395435310944 -0.8419226962695622 -0.9542856889080237 -0.9662226682258395 -0.9917787088184585 -0.9947779178265269 -0.8884800486044868 
0.08686795554815968 0.9267702047316423 0.9839974596517007 0.8966950932401344 0.8374642033239723 0.8104175027724372 0.7441749791941283 0.6442460951685536 0.5495623463178082 0.5689742941371653 0.38317472315773676 0.25563875900687616 0.11112049478229749 0.09045182768139443 0.051876110071931825 -0.10119275691908106 -0.1309203108053079 -0.4221397038564761 -0.442029636333264 -0.5341166019921104 -0.6712282709323145 -0.7151715831154425 -0.8479940008242313 -0.873280395491248 -0.8452171119876053 -0.9538554292313689 -0.9422341888564193 -0.9918789140691623 -0.9854805335432166 -0.9873061533305363 
0.41503413512186876 0.9666355640098501 0.9824220520457735 0.9054734051914355 0.8267486095612933 0.7570903098716273 0.7563316182561419 0.6442414696824091 0.664329288568833 0.5653445705237248 0.3812546630724128 0.2537981409414124 0.18464233367633953 0.07014708442834462 0.053146043539878736 -0.10129353923112773 -0.17273936401988246 -0.32025550976409695 -0.34193302596311215 -0.5650204414341329 -0.5602827845850357 -0.6157919543365908 -0.7312167590794277 -0.8857874853645392 -0.8305193077816372 -0.8641960611641042 -0.9663884533377594 -0.9879442783914697 -0.9757322574576336 -0.9425832672699342 
0.4186375266225142 0.9638160371844571 0.9851418460762936 0.933506305681372 0.8281286978410626 0.8234443006360924 0.7562405775274739 0.6441971099116369 0.5485745332241118 0.47072958866639847 0.3861489700317304 0.29313109279442534 0.17829165314491233 0.069430439451252 0.049125625407616995 -0.17536544759907138 -0.17071540729959447 -0.42226184975124714 -0.4326307494161863 -0.5483007593246643 -0.5597125667964907 -0.6054201518802682 -0.8145867036053137 -0.8615457004271103 -0.8564550197405367 -0.9266197606814641 -0.9995748113743302 -0.9918207403368539 -0.9927682361203386 -0.9864629411150432 
0.08171026242489321 0.9479259398990241 0.9822118462121839 0.9069548704268292 0.8456121918396502 0.733121392147535 0.7324285628416927 0.6442415051085362 0.5799388299501055 0.5605492358413999 0.43449802461689346 0.27445413660814594 0.2449863857772134 0.08975004475813736 0.04289039313714852 -0.07185618572147047 -0.17271301191976454 -0.3234244749024435 -0.34409383616852957 -0.2650189148416958 -0.5605666796913432 -0.6135526844901618 -0.7300389404314847 -0.838427583853284 -0.8419114064604473 -0.8665076238822095 -0.9708365442528276 -0.7544623916374853 -0.975255741312493 -0.9864847435269509 
0.984998729702625 -0.03914015754352428 -0.03438974368764956 0.13634277625932223 0.2579577211063047 0.34971093566467804 0.4528028906314987 0.47874404019860667 0.6292629101326529 0.674730174231913 0.7927731693050035 0.8031627192522922 0.78251178069301 0.9838214703463115 0.9930357834872132 0.9648376969636814 0.9659413128565 0.968864724665071 0.9630734068453068 0.9560662738050663 0.8956314955928273 0.9266969052778852 0.9656381788692363 0.7700442597812313 0.7288909106608104 0.6638139839084081 0.6505103551051747 0.39163029387268217 0.5481288598077891 0.3352298367453232 
0.0829874103087573 0.963394349727673 0.9823877229906341 0.9033201714261514 0.8281059001725142 0.8512562103889781 0.7435684134677081 0.6441968366716891 0.5602376720944847 0.5023202454111668 0.38128408883610726 0.29138657680516084 0.24485462774105063 0.09122880003828612 0.05208668870023792 -0.0035783275504378334 -0.17441188234892763 -0.42101272366990905 -0.4324787767369251 -0.548728032360326 -0.5355263738747332 -0.616693046201185 -0.7569720843368577 -0.859395435310944 -0.8421435819188643 -0.9345729830989586 -0.9662226682258395 -0.9917787088184585 -0.9939452909635971 -0.942556620985912 
0.08829848432729781 0.9638163529227958 0.9851374104037682 0.9594139600800966 0.8281286978410626 0.8235609251903583 0.7565328454851507 0.6441962635460401 0.5497642489697621 0.46463961609684123 0.3512819781782948 0.29313109279442534 0.17837929414405573 0.06963632064869725 0.054739710500618724 -0.17536544759907138 -0.17085987013832032 -0.42217540809180376 -0.4326177140379747 -0.5483007593246643 -0.6658437955257993 -0.71625598095424 -0.7359263351167518 -0.8615457004271103 -0.8564550197405367 -0.9554185254892443 -0.9995519375843391 -0.9918561835873758 -0.993240056485345 -0.9869916337751123 
0.4165524949045861 0.9603789659091574 0.9839997498501604 0.9337159565832047 0.847642393395151 0.818522862577583 0.7562467940181438 0.6441986124399377 0.5548784590684097 0.5641607849777426 0.385400213519719 0.33171948947324015 0.18818641592755928 0.07007138935044709 0.04889566524087492 -0.06919992721777737 -0.17423164419017442 -0.4209537905450001 -0.43261846143716925 -0.453258746511126 -0.5531781705337374 -0.6074998225307546 -0.7114652997961387 -0.860870949458032 -0.8564550197405367 -0.8653464634168336 -0.9702653195546589 -0.9918090956497654 -0.9940070357037505 -0.9478993619820307 
0.4165524949045861 0.9638228941012225 0.9839997498501604 0.9337159565832047 0.8286534440739564 0.818522862577583 0.7562467940181438 0.6441986124399377 0.5483078502016927 0.5672094751272725 0.385400213519719 0.3267360096759918 0.18818641592755928 0.07007371623421219 0.04887477533215296 -0.09982714846544943 -0.17441490641597912 -0.4209537905450001 -0.43261846143716925 -0.5487281249425728 -0.5539832420231863 -0.6074998225307546 -0.7289019346695983 -0.860870949458032 -0.8564550197405367 -0.9408261815644137 -0.9663868305177188 -0.9918090956497654 -0.9940070357037505 -0.9478993619820307 
0.0829874103087573 0.963371696809782 0.9839505194230405 0.9032966089232592 0.8286314222161629 0.8512562103889781 0.7433208716055987 0.6441968366716891 0.5642218998833008 0.49898305247322144 0.3854486848247867 0.29154165080138084 0.1882690976186858 0.09068745099614181 0.05208668870023792 -0.0035783275504378334 -0.17441188234892763 -0.42101272366990905 -0.4324787767369251 -0.548728032360326 -0.5538864516375942 -0.6075977689550757 -0.7567603940055285 -0.859395435310944 -0.8421442859293086 -0.9345729830989586 -0.9662226682258395 -0.9917787088184585 -0.9939452909635971 -0.9424959024569495 
0.41388596076142303 0.9659117349822839 0.9850235282568677 0.9054635734906528 0.8481254357041823 0.7662889653360474 0.7434406106296085 0.6442873890816977 0.664328704247718 0.5642077520388861 0.3812546630724128 0.20925618494520665 0.24649750836587037 0.09550650040862677 0.05314450499837009 -0.09982274772131597 -0.1724682111713928 -0.15168858322835085 -0.3229415532531379 -0.5523283562996582 -0.5544000111592432 -0.6144289907046391 -0.7285087583941746 -0.8839379918578498 -0.8417543727980652 -0.939629385661329 -0.9706120402499916 -0.987391278189475 -0.9933145254060076 -0.9539746635142993 
