0.8862839399853223 -0.9315828988481643 -0.97600279281987 -0.9872566166628396 -0.9804218715801494 -0.9965552186375908 -0.9972598216033373 -0.9469011857206759 -0.953364805529894 -0.9133064309109024 -0.8593961794800931 -0.782171008703391 -0.7303906016332601 -0.6195274318342793 -0.5507720234655663 -0.4495018220414265 -0.35401399679076134 -0.24244135139172512 -0.15033892509037314 -0.04804238091961019 -0.07713717500028892 0.15650668540788357 0.2553094561569742 0.3721871336960878 0.47152953577010676 0.5629073502615263 0.5514422656534896 0.7170520985247651 0.7296604599914167 0.8481240183609703 
0.05192288021645575 0.9277576351047412 0.9705954801313438 0.8921176964248547 0.9810406615821637 0.9495602927088794 0.979598124301458 0.8320201106424605 0.9828243213062356 0.692521448891919 0.8597425460385435 0.717821284611784 0.7220933041089039 0.5681329799613967 0.5696093630338985 0.44863329518046174 0.34201953134987634 0.27335770551985733 0.1783256427905504 0.02012992758894941 -0.039736719917142824 -0.09446099234446054 -0.23885558436809462 -0.5210446453424499 -0.44725925519346965 -0.7237710897527011 -0.584417954592141 -0.7154714696358555 -0.7936597915253817 -0.9065671010972988 
0.05192288021645575 0.9277576351047412 0.9705954801313438 0.8921176964248547 0.9810406615821637 0.9495602927088794 0.979598124301458 0.8320201106424605 0.9828243213062356 0.692521448891919 0.8597425460385435 0.717821284611784 0.7220933041089039 0.5681329799613967 0.5696093630338985 0.44863329518046174 0.34201953134987634 0.27335770551985733 0.1783256427905504 0.02012992758894941 -0.039736719917142824 -0.09446099234446054 -0.23885558436809462 -0.5210446453424499 -0.44725925519346965 -0.7237710897527011 -0.584417954592141 -0.7154714696358555 -0.7936597915253817 -0.9065671010972988 
0.43655166937407724 0.829841395881058 0.7301896744494704 0.7319418876974434 0.6386131596295432 0.5449565414491858 0.41411837780457583 0.3640088827923789 0.35706406294949206 0.16019570967690833 -0.010881315141901944 -0.056547598086072 -0.37381555375633707 -0.3308632270997176 -0.23181707224903736 -0.47205449292160295 -0.5842394886020081 -0.6487904057648841 -0.6905581956953923 -0.7980088461702887 -0.6027345647196437 -0.9318850902724414 -0.9309687187091559 -0.8989059225268904 -0.965200591722364 -0.993204408034446 -0.9327914925048878 -0.923138372891996 -0.9773476861634437 -0.9405998450709855 
0.8827480946927709 -0.9133725088508453 -0.9438011537535947 -0.9922903447593809 -0.9809587182836917 -0.9951704603100621 -0.9996685353546941 -0.9560585209092306 -0.951272015928324 -0.9458939236177492 -0.8611684716385881 -0.7882985128463381 -0.7480386560090505 -0.6196405645308516 -0.5832813141009642 -0.48355518138843284 -0.4068443070335977 -0.29659897587108874 -0.2235596285555425 -0.07875847172022633 -0.01206780748031616 0.1529612680064939 0.18097129435158182 0.26629212841502076 0.37115948468723814 0.5480703265081954 0.6123412443379951 0.6735488018051299 0.7327055715750773 0.8291882817346049 
0.4301571104688947 0.897216994737507 0.7301896744494704 0.7379249897668961 0.7314996894639559 0.6119596234011303 0.54594273243623 0.4406165046246361 0.3359801967512598 0.1659726444003003 0.07463364507827552 -0.005607445518418908 0.008831435742472193 -0.6257050964401065 -0.3364917497309309 -0.3726424685743273 -0.45259560861391995 -0.22995644264685647 -0.6122226046769268 -0.7991282569034 -0.7550846572400651 -0.6205192193289166 -0.9187308002898089 -0.811591171203105 -0.9124075775456353 -0.8803600038334417 -0.901497709166317 -0.9184988497308071 -0.9775359188529307 -0.9957538445025648 
0.0638448354172546 0.9316814727146419 0.8500796907169008 0.9545026574398863 0.9803470543428233 0.997848719136353 0.9814123951594658 0.9113089736512728 0.9977935656087003 0.7970419095246569 0.7312448350055605 0.589234520168214 0.644615718917189 0.4581925837295106 0.48653084374271843 0.23701006298287247 0.24197417833177937 0.08600187889507821 0.09880684277419004 -0.2256146544893912 -0.10789366582675289 -0.24819517355811158 -0.5273601457395029 -0.5245236213473332 -0.6074931438399676 -0.6908390431706143 -0.6875738773611813 -0.8480830502727769 -0.9346434716825124 -0.9434189755911238 
0.22095590404360016 -0.9456444194561195 -0.9759907670301818 -0.9875046240772254 -0.9427275191392758 -0.9965496827029899 -0.9973148177286255 -0.9465538366247637 -0.9054234288901881 -0.9133321491065111 -0.861177152386365 -0.7821514536863178 -0.7319077616797597 -0.6192137414871594 -0.552517293805431 -0.44943925590150013 -0.358123015947781 -0.23447025679979888 -0.1514008239885263 -0.042332973246602276 0.02893215729224669 0.15650296982529682 0.20700327445961142 0.3727241943512255 0.4710893777642312 0.5630394983266548 0.586071524216076 0.7175134581838741 0.7302548204437981 0.8481154330798515 
0.21481067054590658 -0.9133925390539525 -0.9562397479217155 -0.991895610708106 -0.9861609513654718 -0.9951444405899753 -0.9995827135086759 -0.9270809518156379 -0.9513085516483941 -0.9459566806760697 -0.8611684716385881 -0.7825383589654353 -0.7480357607773533 -0.6196699767988749 -0.5833034871046143 -0.48129866536381843 -0.4490824941020558 -0.28902914135584906 -0.1999934451393837 -0.07875845900432765 -0.01206780748031616 0.15508185912517636 0.1808823923852315 0.26629212841502076 0.37065331615518327 0.5480703265081954 0.6112740349364166 0.6740479798982238 0.7298544302661103 0.82908118328521 
0.21481067054590658 -0.9133925390539525 -0.9562397479217155 -0.991895610708106 -0.9861609513654718 -0.9951444405899753 -0.9995827135086759 -0.9270809518156379 -0.9513085516483941 -0.9459566806760697 -0.8611684716385881 -0.7825383589654353 -0.7480357607773533 -0.6196699767988749 -0.5833034871046143 -0.48129866536381843 -0.4490824941020558 -0.28902914135584906 -0.1999934451393837 -0.07875845900432765 -0.01206780748031616 0.15508185912517636 0.1808823923852315 0.26629212841502076 0.37065331615518327 0.5480703265081954 0.6112740349364166 0.6740479798982238 0.7298544302661103 0.82908118328521 
0.4301571104688947 0.897216994737507 0.7301896744494704 0.7379249897668961 0.7314996894639559 0.6119596234011303 0.54594273243623 0.4406165046246361 0.3598177658061591 0.1659726444003003 0.04823578329406009 -0.00761465828467648 0.008831435742472193 -0.3329170772261627 -0.33502089188720746 -0.37327054806738735 -0.45259560861391995 -0.22749110900646352 -0.6096844873531075 -0.7991035979601956 -0.7546971455957038 -0.6205192193289166 -0.9312288513226996 -0.811591171203105 -0.9671435207248706 -0.9901638799733582 -0.901497709166317 -0.9180651807124945 -0.9775418434173629 -0.9972548711727299 
0.4301571104688947 0.897216994737507 0.7302077371018201 0.7319143385998452 0.7314996894639559 0.6119596234011303 0.54594273243623 0.4405531330475482 0.35987864658302876 0.16596643855007553 0.04818019237951911 -0.00761465828467648 0.008252836884588544 -0.33298869759173566 -0.334970845941655 -0.3626931215817212 -0.45260442901918957 -0.544084808091593 -0.6121045902926519 -0.7991039171632096 -0.7159694340880968 -0.6205192193289166 -0.9330726320068106 -0.9119524171572715 -0.9670923457855454 -0.9901638799733582 -0.901497709166317 -0.9490917326887274 -0.9775418434173629 -0.9972857983072199 
0.4359232360638405 0.8308884107450564 0.7304288292298411 0.7311473208396848 0.7313090953687008 0.5603076279682286 0.5327914597177209 0.3543851091142706 0.33430253301399054 0.12547884102909945 0.03533543247033513 -0.05686131205247455 -0.14400087596335331 -0.17461596439246158 -0.31565536790328974 -0.4702472004871812 -0.5854953654780102 -0.6486207105836357 -0.6886758180091413 -0.7991016427981513 -0.8255918337298382 -0.9010431757768915 -0.9313754180304066 -0.9115179116532179 -0.9959587670048067 -0.9957651165489946 -0.9996985009733499 -0.9236554855993052 -0.9772139216175593 -0.9888811067303649 
0.4301571104688947 0.897216994737507 0.7301896744494704 0.7379249897668961 0.7314996894639559 0.6119596234011303 0.54594273243623 0.4406165046246361 0.3598846940149897 0.1659726444003003 0.04818019237951911 -0.00761465828467648 0.008831435742472193 -0.3329170772261627 -0.334970845941655 -0.3732772238101606 -0.45259560861391995 -0.227575239059965 -0.6096844873531075 -0.7991039171632096 -0.7159694340880968 -0.6205192193289166 -0.9311499668199796 -0.811591171203105 -0.9670923457855454 -0.9901638799733582 -0.901497709166317 -0.9490917326887274 -0.9775418434173629 -0.9972548711727299 
0.0638448354172546 0.931688314844657 0.9705926066363004 0.9543948221658773 0.9803654311382888 0.997848719136353 0.9794911876175729 0.9114093051830756 0.8891694674618567 0.8089191446432975 0.7231950241451508 0.7256797385963235 0.6444295316021228 0.5204474111505423 0.486007401094254 0.23736772651076576 0.2419692476493147 0.22313912566197924 0.03770229749321974 -0.1973877466675094 -0.2560811074475299 -0.24329521558181272 -0.4088318420277285 -0.5245236031738715 -0.6065019304223073 -0.8085131568634927 -0.6308558591217904 -0.8480830502727769 -0.8759353135868775 -0.8449454185899563 
0.05202793132647091 0.9277576351047412 0.9708488927730994 0.9492263577583302 0.9810406615821637 0.9547634001664631 0.9797270962647873 0.9621792198970333 0.9828330996625253 0.692521448891919 0.8595054795831044 0.717821284611784 0.7274088886667929 0.5914789629187712 0.5696093630338985 0.44863329518046174 0.33757097078122034 0.2733593952662318 0.1783256427905504 -0.00621043845217914 -0.040658762795574996 -0.09446099234446054 -0.23805822877519311 -0.39901438641955755 -0.4509942064435318 -0.6387103128927066 -0.584417954592141 -0.7231908345027394 -0.7198839881239528 -0.9069433898245499 
0.05202793522147589 0.9277576351047412 0.9714766896592136 0.9740384054269366 0.9810406615821637 0.9547799527738988 0.9794239937667104 0.9635120361608074 0.9844828246095396 0.8893238603161163 0.8595093162574378 0.717821284611784 0.7407754722327569 0.591798421764515 0.48042955118866854 0.44863329518046174 0.2636543380279599 0.2731061923679419 0.1637121072259624 0.04661716341401649 -0.040658762795574996 -0.09446099234446054 -0.23807796592082864 -0.39894881276159244 -0.45106335429745753 -0.6359024471823799 -0.584417954592141 -0.7075261474266397 -0.6037878011903804 -0.846838758124603 
0.43655166937407724 0.829841395881058 0.7301896744494704 0.7319418876974434 0.6386131596295432 0.560227973126311 0.41411837780457583 0.3640088827923789 0.35706406294949206 0.16019570967690833 -0.010881315141901944 -0.056547598086072 -0.37381555375633707 -0.3308632270997176 -0.23181707224903736 -0.47205449292160295 -0.5842394886020081 -0.6487904057648841 -0.6905581956953923 -0.7980088461702887 -0.6616242318363613 -0.9318850902724414 -0.9309687187091559 -0.8989059225268904 -0.965200591722364 -0.993204408034446 -0.9327914925048878 -0.923138372891996 -0.9773476861634437 -0.9405998450709855 
0.43140287567623536 0.897216994737507 0.7301896744494704 0.7029750517779567 0.7314996894639559 0.6119596234011303 0.54594273243623 0.4664122922619481 0.35707044797709403 0.1659726444003003 0.06566881439079075 -0.003959778626664381 0.008831435742472193 -0.17459710352892358 -0.34038287395291666 -0.3695040437707669 -0.45612504421881933 -0.4826970852589596 -0.6122226046769268 -0.7991282569034 -0.7100420211907001 -0.7271874197915744 -0.9187308002898089 -0.8269225825326747 -0.9124075775456353 -0.8803600038334417 -0.901497709166317 -0.9636357945257948 -0.9872751293363737 -0.9957538445025648 
0.059076109886850914 0.9277572462768352 0.970606925263635 0.9659033192916182 0.9810572474662234 0.9519347647839735 0.9793507703867462 0.8955912568373404 0.9813691958215552 0.7881745697490132 0.7977933585593231 0.7176963495169769 0.6224255203039745 0.5894330343969463 0.40525473770463516 0.4276291956308972 0.24183721049157716 0.25237486318076785 0.16816872379154632 -0.10868729996517874 -0.1642564607637961 -0.30823186435118033 -0.40555462192845076 -0.5245499857859454 -0.43465526622025025 -0.7219148272491576 -0.6636966887366695 -0.831964102842602 -0.7995881492877226 -0.8849273696748028 
0.0635447892454615 0.9316789271567347 0.8500796907169008 0.9545026574398863 0.9803470543428233 0.997848719136353 0.9814123951594658 0.8972763665589963 0.9977935656087003 0.7052974424846775 0.7312448350055605 0.589234520168214 0.622309721959359 0.46859174753358007 0.35566326176579677 0.40700488543138674 0.2419764453092816 0.08600187889507821 0.09880684277419004 -0.2256092947762642 -0.10841529325870156 -0.24818039257969413 -0.3304758503117523 -0.5226072974395009 -0.6074931438399676 -0.6908390431706143 -0.6875738773611813 -0.8480831299892772 -0.9346434716825124 -0.9434189755911238 
0.05895278407159126 0.9948150409431504 0.9698991309712744 0.8911999464256966 0.9803640423748907 0.9982772042215241 0.9813724940680143 0.8955912568373404 0.9813691958215552 0.7075506223748008 0.7961042326840087 0.7158432772029963 0.6224255203039745 0.5886014131911962 0.40759505639312416 0.4344576885636945 0.2435810344561344 0.22336762650981687 0.10249078959330403 -0.10868729996517874 -0.1642564607637961 -0.30823186435118033 -0.40558954146418835 -0.5222290982871989 -0.6079786748960423 -0.640581726594613 -0.6879022897822604 -0.8487834671356995 -0.8872757241809134 -0.8849273696748028 
0.4312838141984206 0.897216994737507 0.7304219848463073 0.7312129950606429 0.7314996894639559 0.564931334430475 0.54594273243623 0.4664122922619481 0.35707044797709403 0.16661852374948052 0.06528588627997134 0.02441384990866155 0.04827652360370599 -0.1634709807464965 -0.3404024617453224 -0.36942364430505925 -0.45281646594391245 -0.5480976682273824 -0.6120688352852179 -0.7991282569034 -0.8336683484188362 -0.9019574081274 -0.791680416327702 -0.9113806995034889 -0.8869801711359377 -0.9897165673352257 -0.9926960406264995 -0.922998112194433 -0.9932622663407166 -0.9957538445025648 
0.05202689263323432 0.9277576351047412 0.9708477640247827 0.9740384054269366 0.9810406615821637 0.9547799527738988 0.9797175928177665 0.9630708860539166 0.9826838855375507 0.789130854672872 0.8595035808221055 0.717821284611784 0.7274079274941488 0.591798421764515 0.48573268346542814 0.44863329518046174 0.2636543380279599 0.2731061923679419 0.1637121072259624 -0.09817669375850341 -0.040658762795574996 -0.09446099234446054 -0.23807796592082864 -0.39894881276159244 -0.45106335429745753 -0.6359024471823799 -0.584417954592141 -0.7075261474266397 -0.7380275354849445 -0.8467082245783829 
0.05202689263323432 0.9277576351047412 0.9708477640247827 0.9740384054269366 0.9810406615821637 0.9547799527738988 0.9797175928177665 0.9630708860539166 0.9826838855375507 0.789130854672872 0.8595035808221055 0.717821284611784 0.7274079274941488 0.591798421764515 0.48573268346542814 0.44863329518046174 0.2636543380279599 0.2731061923679419 0.1637121072259624 -0.09817669375850341 -0.040658762795574996 -0.09446099234446054 -0.23807796592082864 -0.39894881276159244 -0.45106335429745753 -0.6359024471823799 -0.584417954592141 -0.7075261474266397 -0.7380275354849445 -0.8467082245783829 
0.059076109886850914 0.9277572462768352 0.970606925263635 0.9659033192916182 0.9810572474662234 0.9494819885750534 0.9793507703867462 0.8955912568373404 0.9813691958215552 0.7881745697490132 0.7977933585593231 0.7176963495169769 0.6224255203039745 0.5894330343969463 0.40525473770463516 0.4276291956308972 0.24183721049157716 0.25237486318076785 0.16816872379154632 -0.10868729996517874 -0.1642564607637961 -0.30823186435118033 -0.40555462192845076 -0.5245499857859454 -0.43465526622025025 -0.7219148272491576 -0.7269249219101568 -0.831964102842602 -0.7995881492877226 -0.8849273696748028 
0.05859565520554555 0.9321919060893875 0.9700701809181577 0.9610538895514447 0.9810438503549014 0.9758798527549193 0.9738957204472641 0.8972317650116871 0.8902792234681444 0.7052014449057811 0.7992886883843668 0.5892270524443942 0.6221656046585614 0.5908746928976346 0.486057031787871 0.42691216175305713 0.24206938489453028 0.2650898709360737 0.0977482871463316 -0.09803768925584222 -0.24373973298882667 -0.24882305149484676 -0.3295491108224101 -0.4882370799004105 -0.6050845777187535 -0.7384204723372355 -0.6875667522674451 -0.8480438938951093 -0.8446016014713112 -0.9083603372152877 
0.05859565520554555 0.9312345456160802 0.9700701809181577 0.9580392541212174 0.9811233985152428 0.9753587122151165 0.9738957204472641 0.8973034928429712 0.8827221962886133 0.7052014449057811 0.7992970499526834 0.5892270524443942 0.6443110791340462 0.4686856667666097 0.48603231078318626 0.41532904157396044 0.24206938489453028 0.22279677053071797 0.0977482871463316 -0.22748301737453558 -0.16437119981816334 -0.24882305149484676 -0.3295491108224101 -0.4897465569327563 -0.5520857331941058 -0.7384204723372355 -0.6875663712184309 -0.8480448037354672 -0.8469695074295083 -0.9083603372152877 
0.06388577905219969 0.9603054310833942 0.969921601176227 0.9556286392082766 0.9803470543428233 0.9978656317909425 0.9814378706955251 0.9119612839212641 0.986145420968038 0.7089097482155844 0.7312448350055605 0.5892322581693199 0.644615718917189 0.4581925837295106 0.4860576425981505 0.2371819564436118 0.2752777455940551 0.22313912566197924 0.10245582927202293 -0.22650141626255993 -0.2560811074475299 -0.2475697848096156 -0.40885769965696783 -0.5245236225239109 -0.6058323045587416 -0.8027616486650988 -0.6875522299871689 -0.8480830502727769 -0.891191421034485 -0.9432942220049462 
0.43655166937407724 0.829841395881058 0.7301896744494704 0.7319418876974434 0.6386131596295432 0.560227973126311 0.41411837780457583 0.3640088827923789 0.35706406294949206 0.16019570967690833 -0.010881315141901944 -0.056547598086072 -0.37381555375633707 -0.3308632270997176 -0.23181707224903736 -0.47205449292160295 -0.5842394886020081 -0.6487904057648841 -0.6905581956953923 -0.7980088461702887 -0.6616242318363613 -0.9318850902724414 -0.9309687187091559 -0.8989059225268904 -0.965200591722364 -0.993204408034446 -0.9327914925048878 -0.923138372891996 -0.9773476861634437 -0.9405998450709855 
0.21808793658256026 -0.9133901047056988 -0.99265939313686 -0.9922323385982027 -0.979026969489734 -0.9925481360071311 -0.9916344873622858 -0.9567137826979032 -0.9515738122138663 -0.9459219338719727 -0.8623399919906604 -0.7874331156242943 -0.6700038023656824 -0.6196733944675439 -0.5834410265633556 -0.48316619941979566 -0.44625378760567047 -0.2887603709309138 -0.19959509365517136 -0.04726134427242143 0.030559317012125935 0.14027716108154623 0.09408762189588908 0.3650218582800612 0.4422297062012978 0.5482455605799765 0.5520372156926049 0.6724767075769941 0.7299200161458045 0.8298187737491948 
0.05859565520554555 0.9312652407644191 0.9700701809181577 0.9580392541212174 0.9811233985152428 0.9753587122151165 0.9738957204472641 0.8973074502095416 0.890103964588596 0.7052014449057811 0.7992970499526834 0.5892270524443942 0.6221860141269807 0.4686856667666097 0.48603231078318626 0.41532904157396044 0.24206938489453028 0.26497371075003806 0.0977482871463316 -0.22748301737453558 -0.16437119981816334 -0.24882305149484676 -0.3295491108224101 -0.48969197106727214 -0.5520857331941058 -0.7384204723372355 -0.6875663712184309 -0.8480439811661786 -0.8469695074295083 -0.9083603372152877 
0.0638448354172546 0.9316822738281829 0.9699030371599694 0.9496038533275665 0.9803470543428233 0.997848719136353 0.979495692099932 0.9113686638880505 0.8891694674618567 0.7600880975722638 0.7231950241451508 0.7242497582181773 0.6448229958084225 0.4621616087237925 0.486007401094254 0.23701149354161302 0.2402223281636543 0.22313912566197924 0.10245582927202293 -0.19045794296662247 -0.2560811074475299 -0.24439098044461965 -0.4088318420277285 -0.5245236226662329 -0.6074249906055438 -0.8077089058490761 -0.6876515995152056 -0.8480830502727769 -0.8692921307448277 -0.943059073839033 
0.2171102432979397 -0.9145764752539428 -0.9571614338470438 -0.9853464946784571 -0.9790209981290188 -0.9994401055863169 -0.9932828681026894 -0.954814146800241 -0.9534872580487168 -0.9479850480088611 -0.8602214265249611 -0.788622613276925 -0.7491288338933758 -0.5783360487334407 -0.5492211206077987 -0.4375677331964524 -0.43576154980447956 -0.307090390038241 -0.21243586858179378 -0.07876501200502377 -0.01261824548730136 0.15614934559330101 0.2058424263307895 0.3666774113117663 0.4398540394980926 0.5639506262445348 0.5846138621948942 0.677218941698129 0.730665184355846 0.8478327615966967 
0.8827480946927709 -0.9134013374861856 -0.9562394548675142 -0.9924359677294283 -0.9809691311542719 -0.9951754254621015 -0.9996698194530504 -0.9548338198617167 -0.9535302266757395 -0.9458204738975076 -0.8611684716385881 -0.7873794360671991 -0.7475113060009095 -0.6197194830188365 -0.5834410265633556 -0.4839352237711112 -0.4486900107277041 -0.2892570318750357 -0.19959509365517136 -0.13934702647763883 -0.01206780748031616 0.15508185912517636 0.18097129435158182 0.266896768941111 0.43962737056648676 0.5480703265081954 0.6083817515046779 0.6757601225941291 0.7306919487669552 0.82908118328521 
0.05202793132647091 0.9277576351047412 0.9591432397890681 0.9492263577583302 0.9810503729612835 0.9495602927088794 0.9984064609378979 0.8309242450623263 0.8275835358448116 0.8876921467114359 0.8606362289316306 0.717821284611784 0.7393389617299815 0.5787777339965038 0.5696093630338985 0.44863329518046174 0.35875300592965653 0.27335770551985733 0.1491116112651698 0.04099265288857151 -0.040658762795574996 -0.09446099234446054 -0.23885558436809462 -0.39894881276159244 -0.44725925519346965 -0.7237710897527011 -0.584417954592141 -0.7232027728792981 -0.712608568172651 -0.9065671010972988 
0.4312838141984206 0.897216994737507 0.7304129650878491 0.731194477719463 0.7314996894639559 0.564931334430475 0.54594273243623 0.4664122922619481 0.35707044797709403 0.16661852374948052 0.06566881439079075 0.02441384990866155 0.04827652360370599 -0.17459710352892358 -0.34038287395291666 -0.3695040437707669 -0.45281646594391245 -0.553251501865619 -0.6120688352852179 -0.7991282569034 -0.8336683484188362 -0.9019574081274 -0.791680416327702 -0.9113806995034889 -0.8869801711359377 -0.8803600038334417 -0.9926960406264995 -0.922998112194433 -0.9932622663407166 -0.9957538445025648 
0.0638448354172546 0.9316879361370218 0.9705926066363004 0.9547776850541235 0.9803470543428233 0.997848719136353 0.979495692099932 0.9113686638880505 0.8891694674618567 0.7600880975722638 0.7231950241451508 0.7260645124271702 0.6448229958084225 0.46218194104567467 0.486007401094254 0.23701149354161302 0.24197417833177937 0.22313912566197924 0.10245582927202293 -0.19045794296662247 -0.2560811074475299 -0.24447324575641557 -0.4088318420277285 -0.5245236031738715 -0.6065019304223073 -0.8077072052270041 -0.6308558591217904 -0.8480830502727769 -0.8692921307448277 -0.943059073839033 
0.0638448354172546 0.9316814727146419 0.969921601176227 0.9673669171922132 0.9803470543428233 0.997848719136353 0.9814123951594658 0.9113089736512728 0.9977935656087003 0.7052974424846775 0.7312448350055605 0.589234520168214 0.644615718917189 0.4581925837295106 0.48653084374271843 0.23701006298287247 0.24197417833177937 0.22414228972559885 0.09880684277419004 -0.2256146544893912 -0.10789366582675289 -0.24819517355811158 -0.40885769965696783 -0.5245236213473332 -0.6074931438399676 -0.6908390431706143 -0.6875738773611813 -0.8480830502727769 -0.9346434716825124 -0.9434189755911238 
0.22142277536772814 -0.9206825608312763 -0.9580945889263984 -0.9876800370900276 -0.9823126438845684 -0.9991634392384934 -0.9991154042456829 -0.8910004849673618 -0.9244496712948002 -0.9459268249267099 -0.8516344719256241 -0.7805644151805082 -0.6511001217173665 -0.6197833605521005 -0.5362250576395012 -0.4369169913233101 -0.2749028315371455 -0.22689833991173272 -0.1619652296466675 -0.02587379264428262 0.18927177075071483 0.16180243102418812 0.27779159021748123 0.3326660225200797 0.4743073328136582 0.5628961793514213 0.6436740084777167 0.7514217023292721 0.8628738212040472 0.846345860397238 
0.05859565520554555 0.9321612109410488 0.9700701809181577 0.9610538895514447 0.9810438503549014 0.9758798527549193 0.9738957204472641 0.8972278076451166 0.8828974551681616 0.7052014449057811 0.7992886883843668 0.5892270524443942 0.6442906696656269 0.5908746928976346 0.486057031787871 0.42691216175305713 0.24206938489453028 0.22291293071675364 0.0977482871463316 -0.09803768925584222 -0.24373973298882667 -0.24882305149484676 -0.3295491108224101 -0.48829166576589467 -0.6050845777187535 -0.7384204723372355 -0.6875667522674451 -0.8480447164643979 -0.8446016014713112 -0.9083603372152877 
0.22142277536772814 -0.9206825608312763 -0.9580945889263984 -0.9876800370900276 -0.9823126438845684 -0.9991634392384934 -0.9991154042456829 -0.8910004849673618 -0.9244496712948002 -0.9459268249267099 -0.8516344719256241 -0.7805644151805082 -0.6511001217173665 -0.6197833605521005 -0.5362250576395012 -0.4369169913233101 -0.2749028315371455 -0.22689833991173272 -0.1619652296466675 -0.02587379264428262 0.18927177075071483 0.16180243102418812 0.27779159021748123 0.3326660225200797 0.4743073328136582 0.5628961793514213 0.6436740084777167 0.7514217023292721 0.8628738212040472 0.846345860397238 
0.2158431630619233 -0.9145350967946514 -0.9562545756098618 -0.9924113156845963 -0.9790429977946941 -0.9995975651787767 -0.9996698329149382 -0.954814146800241 -0.9534888769125109 -0.948038542983877 -0.8713926736960749 -0.7886506041446755 -0.7491198995523731 -0.6012129100389395 -0.5488642895301932 -0.4379903234886345 -0.4390847499320221 -0.28090786191613026 -0.21203327505776343 -0.1390894026090565 -0.015290863967394135 0.08340785017439908 0.1831053429155064 0.2669163784168842 0.4398451422922669 0.56357313130984 0.6084295866144198 0.6593379479431563 0.7307080532183208 0.8485724749581943 
0.8846867138321356 -0.9134111130936785 -0.9918855815116384 -0.9924774170014793 -0.9861344017686289 -0.9999466311945233 -0.9908082053772933 -0.9567938844859123 -0.951281086235685 -0.865195584121318 -0.8671492346669191 -0.7827410879556275 -0.7745534463586257 -0.6012427453861459 -0.5502445881775951 -0.4369463108446602 -0.43918182024012825 -0.29641683315813666 -0.1796454918751464 -0.07877460672311536 0.06354714583384308 0.1559797825588051 0.28036879272083154 0.26727528949278734 0.4406889293308573 0.532692337895561 0.5841828531597334 0.6748574859189502 0.7306684918068472 0.8320251369378658 
0.8855543551790225 -0.9130113041414882 -0.9555406383978919 -0.9920994605845597 -0.9585487480739568 -0.9936541556913115 -0.9996331244534608 -0.9230077821742718 -0.9503648254670023 -0.9139008293802096 -0.8611540322629364 -0.7859518267807369 -0.7278272006012071 -0.6196274541971861 -0.551144987638101 -0.43813569487712556 -0.36125974490220997 -0.2958252647503018 -0.20038810600887316 -0.04836326565562232 -0.010942808673408824 0.15350301399490163 0.20648401575617448 0.36782713598867267 0.47152851238176924 0.5629843683270227 0.5878791363808356 0.7011282536689719 0.7715974514582062 0.8292944282571547 
0.8845414143850735 -0.9145768432911014 -0.9571800468964937 -0.9924744948105281 -0.9861358427034688 -0.9999466311945233 -0.9996735122210201 -0.9259128061373904 -0.9536245590964435 -0.8817618725809787 -0.8602214265249611 -0.7824753890513042 -0.7490821698044663 -0.6012427453861459 -0.5502445881775951 -0.43753801520490415 -0.4391838867668117 -0.29644013755178444 -0.1997487783541828 -0.07877460672311536 0.06354714583384308 0.1560351892703869 0.20634618994464124 0.26657212374894534 0.4406889293308573 0.5634575064456862 0.5840747593088522 0.6748574859189502 0.7306684918068472 0.8318706284529235 
0.21808793658256026 -0.9133901047056988 -0.9562317705979247 -0.999645922054462 -0.979026969489734 -0.9952128572961597 -0.9997288325250655 -0.9567137826979032 -0.9515738122138663 -0.9459230212121104 -0.8623346718607922 -0.7821602171561043 -0.7477017668148448 -0.6196699767988749 -0.5501999446892282 -0.48316619941979566 -0.4353959178158498 -0.28851682045934446 -0.21026097049884962 -0.0472835936138445 -0.01120357270111736 0.1403847958179723 0.09408762189588908 0.3650218582800612 0.4420487175214879 0.5481796704307109 0.5831162184035533 0.6725721439465698 0.7299200161458045 0.8298374355156792 
0.0638448354172546 0.9316822627515605 0.969921601176227 0.9492762773380324 0.9803470543428233 0.997848719136353 0.9547796616998718 0.9113686638880505 0.9977935656087003 0.7089097482155844 0.7312448350055605 0.5892320542913768 0.644615718917189 0.4581925837295106 0.486007401094254 0.2371819564436118 0.24197417833177937 0.22313912566197924 0.10245582927202293 -0.2256285908979505 -0.2560811074475299 -0.2475697848096156 -0.40885769965696783 -0.5245236225239109 -0.6074931438399676 -0.8046747501914472 -0.68757373222886 -0.8480830502727769 -0.9346434716825124 -0.9432942220049462 
0.4312838141984206 0.897216994737507 0.7304129650878491 0.731194477719463 0.7314996894639559 0.564931334430475 0.54594273243623 0.4664122922619481 0.35707044797709403 0.16661852374948052 0.06566881439079075 0.02441384990866155 0.04827652360370599 -0.17459710352892358 -0.34038287395291666 -0.3695040437707669 -0.45281646594391245 -0.553251501865619 -0.6120688352852179 -0.7991282569034 -0.8336683484188362 -0.9019574081274 -0.791680416327702 -0.9113806995034889 -0.8869801711359377 -0.8929096447474861 -0.9926960406264995 -0.922998112194433 -0.9937684786185487 -0.9957538445025648 
0.05901320394044214 0.9312538634109881 0.9706080893147127 0.9543222383326455 0.9818636263170568 0.9978424196801513 0.9795394207360968 0.8955343105101442 0.9600726847932639 0.7052970132892734 0.7310307130086604 0.7260349528715718 0.6283164256736327 0.4629084959976061 0.43724571280298397 0.23338365371552633 0.2436033611281503 0.22606368972393934 0.03902240729579068 -0.11333665298452411 -0.14386402896290473 -0.22555424017728376 -0.4086816430734337 -0.5222595576677792 -0.6306187422949596 -0.7167408919013307 -0.6893189919026274 -0.7201222459400991 -0.7995881492877226 -0.9430572851269154 
0.21584402190903368 -0.9133927127640773 -0.9517647134782571 -0.985686236425621 -0.9790136569250666 -0.9969803504744188 -0.9996685857409717 -0.8678834948664051 -0.9028739049481805 -0.9458036215242618 -0.8607079053754336 -0.7825439618378799 -0.7480784809316163 -0.7402152837506685 -0.5832770750770497 -0.47268603886369875 -0.43489222885803175 -0.29950967063464035 -0.22486363564354905 -0.08025239271390158 -0.01206780748031616 0.15498859126085784 0.18086264599987975 0.2929922332031317 0.38308781836927097 0.5489466318411921 0.5504121697267552 0.7070296797397081 0.729869711278932 0.8463489510446961 
0.05859565520554555 0.9312652407644191 0.9700701809181577 0.9580392541212174 0.9811233985152428 0.9753587122151165 0.9738957204472641 0.8973074502095416 0.890103964588596 0.7052014449057811 0.7992970499526834 0.5892270524443942 0.6221860141269807 0.4686856667666097 0.48603231078318626 0.41532904157396044 0.24206938489453028 0.26497371075003806 0.0977482871463316 -0.22748301737453558 -0.16437119981816334 -0.24882305149484676 -0.3295491108224101 -0.48969197106727214 -0.5520857331941058 -0.7384204723372355 -0.6875663712184309 -0.8480439811661786 -0.8469695074295083 -0.9083603372152877 
0.21808793658256026 -0.9133901047056988 -0.9562317705979247 -0.9857874622189152 -0.979026969489734 -0.9925481360071311 -0.9916344873622858 -0.9567137826979032 -0.9515738122138663 -0.9459301633386092 -0.8623618636680768 -0.7874331156242943 -0.7477017668148448 -0.600649251069479 -0.5834410265633556 -0.48316619941979566 -0.4473665405523973 -0.295225483803907 -0.19959509365517136 -0.08227570390391166 -0.01120357270111736 0.14083947575504316 0.17337447825874436 0.3650218582800612 0.39687862911938193 0.5482455605799765 0.5519953498732316 0.6724767075769941 0.7299586729381626 0.8288782161203848 
0.2158431630619233 -0.9145238640141646 -0.9562548686640631 -0.9924141132833961 -0.979104604800453 -0.9995975651787767 -0.999668548816582 -0.9849999739055305 -0.9516405945103765 -0.9481410902984797 -0.8713926736960749 -0.7886506041446755 -0.7491198995523731 -0.6011634038189778 -0.5488642895301932 -0.4379903234886345 -0.4394772333063739 -0.28067997139694356 -0.2004122875035244 -0.07850083513574532 -0.015290863967394135 0.08340785017439908 0.1831053429155064 0.26631173789079404 0.3713772564130183 0.56357313130984 0.6113969374325166 0.6576258052472509 0.7298705347174759 0.8485724749581943 
0.4359232360638405 0.8308884107450564 0.7304288292298411 0.7311473208396848 0.7313090953687008 0.5603076279682286 0.5327914597177209 0.3543851091142706 0.33430253301399054 0.12547884102909945 0.03533543247033513 -0.05686131205247455 -0.14400087596335331 -0.17461596439246158 -0.31565536790328974 -0.4702472004871812 -0.5854953654780102 -0.6486207105836357 -0.6886758180091413 -0.7991016427981513 -0.8255918337298382 -0.9010431757768915 -0.9313754180304066 -0.9115179116532179 -0.9959587670048067 -0.9957651165489946 -0.9996985009733499 -0.9236554855993052 -0.9772139216175593 -0.9888811067303649 
0.0638448354172546 0.9316814727146419 0.969921601176227 0.9673669171922132 0.9803470543428233 0.997848719136353 0.9814123951594658 0.9113089736512728 0.9977935656087003 0.7052974424846775 0.7312448350055605 0.589234520168214 0.644615718917189 0.4581925837295106 0.48653084374271843 0.23701006298287247 0.24197417833177937 0.22414228972559885 0.09880684277419004 -0.2256146544893912 -0.10789366582675289 -0.24819517355811158 -0.40885769965696783 -0.5245236213473332 -0.6074931438399676 -0.6908390431706143 -0.6875738773611813 -0.8480830502727769 -0.9346434716825124 -0.9434189755911238 
0.4312838141984206 0.897216994737507 0.7304129650878491 0.731194477719463 0.7314996894639559 0.564931334430475 0.54594273243623 0.4664122922619481 0.35707044797709403 0.16661852374948052 0.06566881439079075 0.02441384990866155 0.04827652360370599 -0.17459710352892358 -0.34038287395291666 -0.3695040437707669 -0.45281646594391245 -0.553251501865619 -0.6120688352852179 -0.7991282569034 -0.8336683484188362 -0.9019574081274 -0.791680416327702 -0.9113806995034889 -0.8869801711359377 -0.8803600038334417 -0.9926960406264995 -0.922998112194433 -0.9932622663407166 -0.9957538445025648 
0.8845414143850735 -0.9145768432911014 -0.9571800468964937 -0.9924744948105281 -0.9861358427034688 -0.9999466311945233 -0.9996735122210201 -0.9259128061373904 -0.9536245590964435 -0.8817618725809787 -0.8602214265249611 -0.7824753890513042 -0.7490821698044663 -0.6012427453861459 -0.5502445881775951 -0.43753801520490415 -0.4391838867668117 -0.29644013755178444 -0.1997487783541828 -0.07877460672311536 0.06354714583384308 0.1560351892703869 0.20634618994464124 0.26657212374894534 0.4406889293308573 0.5634575064456862 0.5840747593088522 0.6748574859189502 0.7306684918068472 0.8318706284529235 
0.05901320394044214 0.9312538634109881 0.9706080893147127 0.9543222383326455 0.9818636263170568 0.9978424196801513 0.9795394207360968 0.8955343105101442 0.9600726847932639 0.7052970132892734 0.7310307130086604 0.7260349528715718 0.6283164256736327 0.4629084959976061 0.43724571280298397 0.23338365371552633 0.2436033611281503 0.22606368972393934 0.03902240729579068 -0.11333665298452411 -0.14386402896290473 -0.22555424017728376 -0.4086816430734337 -0.5222595576677792 -0.6306187422949596 -0.7167408919013307 -0.6893189919026274 -0.7201222459400991 -0.7995881492877226 -0.9430572851269154 
0.2180183258090886 -0.9145762675716793 -0.9572041801792245 -0.9848372052576945 -0.9860114549661642 -0.9951443701648837 -0.9995808046158103 -0.9270688026882749 -0.9512981056643999 -0.947762787618301 -0.8675229145603793 -0.7824324570970309 -0.7480370012688042 -0.6196426019105987 -0.5502412996538274 -0.4375381303260214 -0.4079363698587667 -0.29576880513420756 -0.1788178534318608 -0.16158902727016666 -0.01094582070636577 0.15614147685372087 0.20585531298352572 0.26455966862567687 0.439832788061072 0.5642190749639001 0.607797683136608 0.6771238121945541 0.7295630042281789 0.8489482571203414 
0.8862839399853223 -0.9315330176296893 -0.9759168696287874 -0.9874253162102834 -0.9600393931633447 -0.9936538576641403 -0.9972598216033373 -0.9469011857206759 -0.950333007489166 -0.9463685557236896 -0.8593963987542056 -0.8007754941079943 -0.730478796946157 -0.6195274318342793 -0.5507917102338235 -0.43801205934144405 -0.3545690385789698 -0.24337768518864905 -0.15087686320388372 -0.08030780545481464 -0.013833107479701158 0.15650668540788357 0.2063509061497161 0.36765286160249167 0.47152949151179635 0.5482139907568032 0.5873305170417226 0.7171778298347156 0.7723836747809701 0.8486509350794954 
0.2180183258090886 -0.9145762675716793 -0.9572041801792245 -0.9876901588547665 -0.9860114549661642 -0.9951443701648837 -0.9995826057093339 -0.9271362845646437 -0.9548205813576427 -0.9461638565542779 -0.8610524984861843 -0.7824421420077848 -0.7491504952012664 -0.6196426019105987 -0.5502412996538274 -0.4375381303260214 -0.40702260355814235 -0.29661697307379625 -0.20990380080583454 -0.025866961821433547 -0.01094582070636577 0.16175354045261198 0.20625950436620843 0.3735902344163996 0.471167256909161 0.5642190749639001 0.6094350631709782 0.6747342083290202 0.7714891996282403 0.8486650508908763 
0.8862839399853223 -0.9315330176296893 -0.9759168696287874 -0.9874253162102834 -0.9600393931633447 -0.9936538576641403 -0.9972598216033373 -0.9469011857206759 -0.950333007489166 -0.9463685557236896 -0.8593963987542056 -0.8007754941079943 -0.730478796946157 -0.6195274318342793 -0.5507917102338235 -0.43801205934144405 -0.3545690385789698 -0.24337768518864905 -0.15087686320388372 -0.08030780545481464 -0.013833107479701158 0.15650668540788357 0.2063509061497161 0.36765286160249167 0.47152949151179635 0.5482139907568032 0.5873305170417226 0.7171778298347156 0.7723836747809701 0.8486509350794954 
0.2171102432979397 -0.9145764752539428 -0.9571614338470438 -0.9901147211975606 -0.9790209981290188 -0.9994401055863169 -0.9933243457369368 -0.954814146800241 -0.9534872580487168 -0.9479850480088611 -0.8602214265249611 -0.788622613276925 -0.7491288338933758 -0.6012428274474483 -0.5832836404012658 -0.4375677331964524 -0.43576154980447956 -0.29644013755178444 -0.2124547433295698 -0.07877460672311536 -0.01261824548730136 0.11494071057488825 0.20584247679456447 0.2665721212247115 0.4398540394980926 0.5639509208071956 0.5515127832775074 0.677218941698129 0.730665184355846 0.8485711933059962 
0.8861996997679006 -0.9145768436715321 -0.9437718379684944 -0.9923255231270699 -0.979046615404512 -0.9936424331230087 -0.9996684396862818 -0.9548544359225921 -0.9536465645353238 -0.8638211193693769 -0.8598887130044244 -0.7880875208920977 -0.7490512555090199 -0.6192166227480702 -0.5513218379967032 -0.437570038729232 -0.4391838867668117 -0.2405583630701945 -0.19972907842976098 -0.07905671996222603 0.06512058148928315 0.15653502049245574 0.20609363427546995 0.3665332116088056 0.4406889293308573 0.5634109070576792 0.5840747593088522 0.7094192900574118 0.7306684918068472 0.8317368263736332 
0.21481067054590658 -0.9133925390539525 -0.9562397479217155 -0.991895610708106 -0.9861609513654718 -0.9951444405899753 -0.9995827135086759 -0.9270809518156379 -0.9513085516483941 -0.9459566806760697 -0.8611684716385881 -0.7825383589654353 -0.7480357607773533 -0.7323191054355027 -0.5833034871046143 -0.48129866536381843 -0.4490824941020558 -0.28902914135584906 -0.1999934451393837 -0.07875845900432765 -0.01206780748031616 0.15508185912517636 0.1808823923852315 0.26629212841502076 0.3832147881203132 0.5480703265081954 0.6112740349364166 0.6740479798982238 0.7298544302661103 0.82908118328521 
0.8861996997679006 -0.9145768436715321 -0.9437718379684944 -0.9923255231270699 -0.979046615404512 -0.9936424331230087 -0.9996684396862818 -0.9548544359225921 -0.9536465645353238 -0.8638211193693769 -0.8598887130044244 -0.7880875208920977 -0.7490512555090199 -0.6192166227480702 -0.5513218379967032 -0.437570038729232 -0.4391838867668117 -0.2405583630701945 -0.19972907842976098 -0.07905671996222603 0.06512058148928315 0.15653502049245574 0.20609363427546995 0.3665332116088056 0.4406889293308573 0.5634109070576792 0.5840747593088522 0.7094192900574118 0.7306684918068472 0.8317368263736332 
0.2158431630619233 -0.9145350967946514 -0.9562545756098618 -0.9924113156845963 -0.9790429977946941 -0.9995975651787767 -0.9996698329149382 -0.954814146800241 -0.9534888769125109 -0.948038542983877 -0.8713926736960749 -0.7886506041446755 -0.7491198995523731 -0.6012129100389395 -0.5488642895301932 -0.4379903234886345 -0.4390847499320221 -0.28090786191613026 -0.21203327505776343 -0.1390894026090565 -0.015290863967394135 0.08340785017439908 0.1831053429155064 0.2669163784168842 0.4398451422922669 0.56357313130984 0.6084295866144198 0.6593379479431563 0.7307080532183208 0.8485724749581943 
0.21808793658256026 -0.9134443784594699 -0.9562459048137987 -0.9857874622189152 -0.9790468307380942 -0.9936318000831947 -0.9916344873622858 -0.9567137826979032 -0.9516778507995012 -0.8675291025762273 -0.8623618636680768 -0.7880932632367402 -0.7477564949848947 -0.600649251069479 -0.5830400661913827 -0.48316619941979566 -0.4473665405523973 -0.295225483803907 -0.19959731177687584 -0.08212628885645176 -0.01120357270111736 0.1405032335412639 0.2062309397613573 0.3650218582800612 0.4439241466162153 0.5482455605799765 0.5519953498732316 0.6724767075769941 0.729919913376905 0.7927086389152748 
0.8855543551790225 -0.9130611853599631 -0.9556265615889772 -0.9919532533256042 -0.9789312264909845 -0.9965555166647625 -0.9996331244534608 -0.9230077821742718 -0.9533966235077301 -0.9139008293802096 -0.8611540322629364 -0.7859415093534041 -0.72773900528831 -0.6196274541971861 -0.5511253008698439 -0.4496151126721503 -0.3610674496359585 -0.2958252647503018 -0.19979722225388882 -0.04836326565562232 -0.010942808673408824 0.15350301399490163 0.2554425657634326 0.3723614080822688 0.4715285566400797 0.5629843683270227 0.5519908849926026 0.7010025223590215 0.7296455245951423 0.8287537918117416 
0.8845414143850735 -0.9145768432911014 -0.9572040116729382 -0.9875795236861329 -0.9860142359560136 -0.995192520166899 -0.9996735122210201 -0.9258841028662761 -0.9535676887532767 -0.8813766956628305 -0.8602214265249611 -0.7824753890513042 -0.7491526904118194 -0.6199579270583034 -0.5502446606423971 -0.43753813145688975 -0.4391838867668117 -0.29644013755178444 -0.1997852709611445 -0.08420664585523256 0.06354714583384308 0.1560351892703869 0.20634618994464124 0.2691415452130308 0.47125910035141144 0.5634575064456862 0.6094296893494295 0.6748559816765902 0.7306684918068472 0.8482507084466971 
0.8862028297546285 -0.9317950346185335 -0.9570971445204985 -0.9846327269238636 -0.9861101602088319 -0.993640587845135 -0.9996098648784925 -0.943351050710908 -0.9503331964934537 -0.9138461991896971 -0.8694483922273708 -0.7827954606105211 -0.7474824179112697 -0.6196409612365202 -0.5501981827791953 -0.43802240424640176 -0.3580807684146168 -0.24244129412506898 -0.15092980884535745 -0.06514540780726971 -0.07498852223638133 0.15650944514347523 0.29134901077738196 0.3675638273996687 0.4713142613226997 0.5641450398543724 0.582754931669879 0.7171778298347156 0.7267110009667866 0.8489595780081406 
0.2180183258090886 -0.9193258690063626 -0.9571762363827706 -0.9845201531205209 -0.9809924086251263 -0.9950973846154852 -0.9996608711277327 -0.9570251951831512 -0.9617378464119697 -0.9457424815884806 -0.8674344186042636 -0.7824324570970309 -0.7531159499678209 -0.6589271539346784 -0.5504850628434441 -0.4375381303260214 -0.43577702145571096 -0.30793556256446347 -0.21056679733752343 -0.07959288468699333 -0.01094582070636577 0.1336630151732044 0.18000614843470342 0.37092920341594615 0.44187532024161597 0.5634943829354664 0.5987891023076445 0.6771238121945541 0.7295630042281789 0.8319866811105869 
0.8855543551790225 -0.9130611853599631 -0.9556265615889772 -0.9919532533256042 -0.9789312264909845 -0.9965555166647625 -0.9996331244534608 -0.9230077821742718 -0.9533966235077301 -0.9139008293802096 -0.8611540322629364 -0.7859415093534041 -0.72773900528831 -0.6196274541971861 -0.5511253008698439 -0.4496151126721503 -0.3610674496359585 -0.2958252647503018 -0.19979722225388882 -0.04836326565562232 -0.010942808673408824 0.15350301399490163 0.2554425657634326 0.3723614080822688 0.4715285566400797 0.5629843683270227 0.5519908849926026 0.7010025223590215 0.7296455245951423 0.8287537918117416 
0.2171102432979397 -0.9145348587752005 -0.9562545756098618 -0.9925182253248868 -0.9790209981290188 -0.999595826887266 -0.9996698329149382 -0.954814146800241 -0.9534872580487168 -0.9479810130008882 -0.8602214265249611 -0.7886506041446755 -0.7491198995523731 -0.6012428274474483 -0.5832836404012658 -0.4375677331964524 -0.4391900942185809 -0.29644013755178444 -0.2124547433295698 -0.07877460672311536 0.06512058148928315 0.08490911137924137 0.20634618994464124 0.33525604577091894 0.4406889293308573 0.5639619212519439 0.5515127832775074 0.6572823616885693 0.730665184355846 0.8485711933059962 
0.8846867138321356 -0.9145768459724448 -0.9570986397222407 -0.9924744948105281 -0.9861344017686289 -0.9999466311945233 -0.9995825123893701 -0.9567940978409635 -0.951281086235685 -0.864798536601522 -0.8671492346669191 -0.7824753890513042 -0.7745534463586257 -0.6012427453861459 -0.5502445881775951 -0.43753827165803916 -0.43918182024012825 -0.29644013755178444 -0.1796454918751464 -0.07877460672311536 0.06354714583384308 0.1560351892703869 0.28036879272083154 0.26657212374894534 0.4406889293308573 0.5634575064456862 0.5840747593088522 0.6748574859189502 0.7306684918068472 0.8318706284529235 
0.0638448354172546 0.9316822627515605 0.969921601176227 0.9492762773380324 0.9803470543428233 0.997848719136353 0.9547796616998718 0.9113686638880505 0.9977935656087003 0.7089097482155844 0.7312448350055605 0.5892320542913768 0.644615718917189 0.4581925837295106 0.486007401094254 0.2371819564436118 0.24197417833177937 0.22313912566197924 0.10245582927202293 -0.2256285908979505 -0.2560811074475299 -0.2475697848096156 -0.40885769965696783 -0.5245236225239109 -0.6074931438399676 -0.8046747501914472 -0.68757373222886 -0.8480830502727769 -0.9346434716825124 -0.9432942220049462 
0.4301571104688947 0.897216994737507 0.7301896744494704 0.7379249897668961 0.7314996894639559 0.6119596234011303 0.54594273243623 0.4406165046246361 0.3598846940149897 0.1659726444003003 0.04818019237951911 -0.00761465828467648 0.008831435742472193 -0.3329170772261627 -0.334970845941655 -0.3732772238101606 -0.45259560861391995 -0.227575239059965 -0.6096844873531075 -0.7991039171632096 -0.7159694340880968 -0.6205192193289166 -0.9311499668199796 -0.811591171203105 -0.9670923457855454 -0.9901638799733582 -0.901497709166317 -0.9490917326887274 -0.9775418434173629 -0.9972548711727299 
0.21584402190903368 -0.9131953771615303 -0.951783762596545 -0.985686236425621 -0.9790136569250666 -0.9969803504744188 -0.9996685857409717 -0.8678834948664051 -0.9495195025051671 -0.9458036215242618 -0.8607079053754336 -0.7806853257789483 -0.7503592917943219 -0.6023233407200809 -0.5863623738505295 -0.47268603886369875 -0.43489222885803175 -0.29950967063464035 -0.22486363564354905 -0.08015804339955711 -0.01206780748031616 0.15498859126085784 0.18536587667977944 0.33252147520127756 0.4062424463972054 0.5489466318411921 0.5504121697267552 0.7068055547481238 0.729869711278932 0.8463489510446961 
0.21808793658256026 -0.9133901047056988 -0.9562317705979247 -0.9857874622189152 -0.979026969489734 -0.9925481360071311 -0.9916344873622858 -0.9567137826979032 -0.9515738122138663 -0.9459301633386092 -0.8623618636680768 -0.7874331156242943 -0.7477017668148448 -0.600649251069479 -0.5834410265633556 -0.48316619941979566 -0.4473665405523973 -0.295225483803907 -0.19959509365517136 -0.08227570390391166 -0.01120357270111736 0.14083947575504316 0.17337447825874436 0.3650218582800612 0.39687862911938193 0.5482455605799765 0.5519953498732316 0.6724767075769941 0.7299586729381626 0.8288782161203848 
0.8862839399853223 -0.9315330176296893 -0.9738063559598593 -0.9874028239217951 -0.9600393931633447 -0.9936538576641403 -0.9972598216033373 -0.9469011857206759 -0.950333007489166 -0.9133064309109024 -0.8593961794800931 -0.7821813261307237 -0.730478796946157 -0.6195274318342793 -0.5507917102338235 -0.43802240424640176 -0.3542062920570129 -0.24244135139172512 -0.15092980884535745 -0.04804238091961019 -0.07713717500028892 0.15650668540788357 0.2063509061497161 0.36765286160249167 0.47152949151179635 0.5629073502615263 0.5873305170417226 0.7171778298347156 0.7716123868544806 0.8486646548063833 
0.21581278508673188 -0.9131953771615303 -0.951783762596545 -0.9855403911047936 -0.9790136569250666 -0.9969803504744188 -0.9996685857409717 -0.8678834948664051 -0.961840746131934 -0.9458036215242618 -0.8675366224610601 -0.7824283033183317 -0.7503592917943219 -0.6023233407200809 -0.5511659446644048 -0.47268603886369875 -0.43489222885803175 -0.29950967063464035 -0.2108429402543557 -0.14209488225014655 -0.010892886245216015 0.15619684811599138 0.2056947643580182 0.33252147520127756 0.4062424463972054 0.5489466318411921 0.5505992633385329 0.6777569948552501 0.729869711278932 0.8463489510446961 
0.21584402190903368 -0.9131953771615303 -0.951783762596545 -0.985686236425621 -0.9790136569250666 -0.9969803504744188 -0.9996685857409717 -0.8678834948664051 -0.9495195025051671 -0.9458036215242618 -0.8607079053754336 -0.7806853257789483 -0.7503592917943219 -0.6023233407200809 -0.5863623738505295 -0.47268603886369875 -0.43489222885803175 -0.29950967063464035 -0.22486363564354905 -0.08015804339955711 -0.01206780748031616 0.15498859126085784 0.18536587667977944 0.33252147520127756 0.4062424463972054 0.5489466318411921 0.5504121697267552 0.7068055547481238 0.729869711278932 0.8463489510446961 
0.2171102432979397 -0.9145419527755485 -0.9562545756098618 -0.9994803022889472 -0.9790142947077367 -0.9952451204200699 -0.9996698329149382 -0.9546870124856597 -0.9535078496097799 -0.9479765207885916 -0.8602214265249611 -0.7886506041446755 -0.7477016151084134 -0.6185115049918859 -0.5840618299740067 -0.43617734853914025 -0.43547227934772564 -0.2964371924860354 -0.22473497502024622 -0.07877460672311536 0.06512058148928315 0.08490911137924137 0.20197541342533698 0.2658589848489227 0.4406889293308573 0.5482519229885864 0.5538364507398136 0.6710732697932801 0.730665184355846 0.8497813756431905 
0.2180183258090886 -0.9145762675716793 -0.9571783266018249 -0.9855365498580202 -0.9860114549661642 -0.9951551054017826 -0.9995764335794421 -0.9270688026882749 -0.96173388060324 -0.947762787618301 -0.8674792037517095 -0.7824324570970309 -0.7531159499678209 -0.6589271539346784 -0.5501056149296479 -0.4375381303260214 -0.43577690434247995 -0.307932930161466 -0.21058273723766857 -0.07959288468699333 -0.01094582070636577 0.15614147685372087 0.20585531298352572 0.36887189965455497 0.439832788061072 0.5634943829354664 0.5837398239236632 0.6771238121945541 0.7295630042281789 0.8319965008536288 
0.21808793658256026 -0.9133901047056988 -0.9562217418834541 -0.9920463521225872 -0.9789310334097282 -0.9926397898816584 -0.9916344873622858 -0.9567137826979032 -0.9515738122138663 -0.9459301633386092 -0.8623618636680768 -0.7874331156242943 -0.7477017668148448 -0.600649251069479 -0.5834410265633556 -0.48316619941979566 -0.35969982811577095 -0.295225483803907 -0.19979720281226673 -0.0486357579170617 -0.01120357270111736 0.14083947575504316 0.2630910025795277 0.3650218582800612 0.4724079654896142 0.511407714269889 0.5519953498732316 0.7039398108411906 0.7299541005436658 0.8287531671298322 
0.2180183258090886 -0.9145762675716793 -0.9571783266018249 -0.9855365498580202 -0.9860114549661642 -0.9951551054017826 -0.9995764335794421 -0.9270688026882749 -0.96173388060324 -0.947762787618301 -0.8674792037517095 -0.7824324570970309 -0.7531159499678209 -0.6589271539346784 -0.5501056149296479 -0.4375381303260214 -0.43577690434247995 -0.307932930161466 -0.21058273723766857 -0.07959288468699333 -0.01094582070636577 0.15614147685372087 0.20585531298352572 0.36887189965455497 0.439832788061072 0.5634943829354664 0.5837398239236632 0.6771238121945541 0.7295630042281789 0.8319965008536288 
0.05202793132647091 0.9277576351047412 0.9591432397890681 0.9492263577583302 0.9810503729612835 0.9495602927088794 0.9984064609378979 0.8309242450623263 0.8275835358448116 0.8876921467114359 0.8606362289316306 0.717821284611784 0.7393389617299815 0.5787777339965038 0.5696093630338985 0.44863329518046174 0.35875300592965653 0.27335770551985733 0.1491116112651698 0.04099265288857151 -0.040658762795574996 -0.09446099234446054 -0.23885558436809462 -0.39894881276159244 -0.44725925519346965 -0.7237710897527011 -0.584417954592141 -0.7232027728792981 -0.712608568172651 -0.9065671010972988 
0.21581278508673188 -0.9131953771615303 -0.951783762596545 -0.9855403911047936 -0.9790136569250666 -0.9969803504744188 -0.9996685857409717 -0.8678834948664051 -0.961840746131934 -0.9458036215242618 -0.8675366224610601 -0.7824283033183317 -0.7503592917943219 -0.6023233407200809 -0.5511659446644048 -0.47268603886369875 -0.43489222885803175 -0.29950967063464035 -0.2108429402543557 -0.14209488225014655 -0.010892886245216015 0.15619684811599138 0.2056947643580182 0.33252147520127756 0.4062424463972054 0.5489466318411921 0.5505992633385329 0.6777569948552501 0.729869711278932 0.8463489510446961 
0.21808793658256026 -0.9133901047056988 -0.9562317705979247 -0.9922323385982027 -0.9898824168195133 -0.9925481360071311 -0.9916344873622858 -0.9567137826979032 -0.9515738122138663 -0.9459230212121104 -0.8623399919906604 -0.7874331156242943 -0.7477017668148448 -0.6196699767988749 -0.5834410265633556 -0.48316619941979566 -0.4473665405523973 -0.2887603709309138 -0.19959509365517136 -0.0472835936138445 -0.01120357270111736 0.1403847958179723 0.09408762189588908 0.3650218582800612 0.4420487175214879 0.5482455605799765 0.5519963178216242 0.6724767075769941 0.7299200161458045 0.8298187737491948 
0.2180183258090886 -0.9145762675716793 -0.9572041801792245 -0.9876901588547665 -0.9860114549661642 -0.9951443701648837 -0.9995826057093339 -0.9271362845646437 -0.9548205813576427 -0.9461638565542779 -0.8610524984861843 -0.7824421420077848 -0.7491504952012664 -0.6196426019105987 -0.5502412996538274 -0.4375381303260214 -0.40702260355814235 -0.29661697307379625 -0.20990380080583454 -0.025866961821433547 -0.01094582070636577 0.16175354045261198 0.20625950436620843 0.3735902344163996 0.471167256909161 0.5642190749639001 0.6094350631709782 0.6747342083290202 0.7714891996282403 0.8486650508908763 
0.2180183258090886 -0.9145762675716793 -0.9572041801792245 -0.9876901588547665 -0.9860114549661642 -0.9951443701648837 -0.9995826057093339 -0.9271362845646437 -0.9512063028714576 -0.9477375094885905 -0.8675229145603793 -0.7824317403073268 -0.7480370012688042 -0.6196426019105987 -0.5502412996538274 -0.4375381303260214 -0.40702260355814235 -0.29649373476876745 -0.1788178534318608 -0.02588935186101629 -0.01094582070636577 0.16175354045261198 0.27782482482985216 0.333865562432105 0.4744390112965001 0.5642190749639001 0.607797683136608 0.6747342083290202 0.7295630042281789 0.8489714024111569 
0.8845414143850735 -0.9145768436715321 -0.9437718379684944 -0.9924744948105281 -0.9861358427034688 -0.9999166277854813 -0.9996735122210201 -0.9548481379226043 -0.9537069264226 -0.864798536601522 -0.8602214265249611 -0.7887946941096259 -0.7490778529554464 -0.6012427453861459 -0.5832836404012658 -0.437570038729232 -0.4391838867668117 -0.29644013755178444 -0.1997487783541828 -0.07877460672311536 0.06512058148928315 0.1560351892703869 0.20634618994464124 0.26657212374894534 0.4406889293308573 0.5634575064456862 0.5840747593088522 0.6572823616885693 0.7306684918068472 0.8144860029391877 
0.21808793658256026 -0.9133901047056988 -0.9562317705979247 -0.9922323385982027 -0.9898824168195133 -0.9925481360071311 -0.9916344873622858 -0.9567137826979032 -0.9515738122138663 -0.9459230212121104 -0.8623399919906604 -0.7874331156242943 -0.7477017668148448 -0.6196699767988749 -0.5834410265633556 -0.48316619941979566 -0.4473665405523973 -0.2887603709309138 -0.19959509365517136 -0.0472835936138445 -0.01120357270111736 0.1403847958179723 0.09408762189588908 0.3650218582800612 0.4420487175214879 0.5482455605799765 0.5519963178216242 0.6724767075769941 0.7299200161458045 0.8298187737491948 
0.2180183258090886 -0.9145762679521099 -0.9437959712512252 -0.9876901588547665 -0.9860114549661642 -0.9950299401529661 -0.9995826057093339 -0.9560716163498574 -0.9512886701976141 -0.9477375094885905 -0.8675229145603793 -0.7887510453656484 -0.7480326844197844 -0.6196426019105987 -0.5832803518774982 -0.4375701538503492 -0.40702260355814235 -0.29649373476876745 -0.1788178534318608 -0.02588935186101629 -0.009372385050925684 0.16175354045261198 0.27782482482985216 0.333865562432105 0.4744390112965001 0.5642190749639001 0.607797683136608 0.6571590840986392 0.7295630042281789 0.8489714024111569 
0.2180183258090886 -0.9145762679521099 -0.9437959712512252 -0.9876901588547665 -0.9860114549661642 -0.9950299401529661 -0.9995826057093339 -0.9560716163498574 -0.9512886701976141 -0.9477375094885905 -0.8675229145603793 -0.7887510453656484 -0.7480326844197844 -0.6196426019105987 -0.5832803518774982 -0.4375701538503492 -0.40702260355814235 -0.29649373476876745 -0.1788178534318608 -0.02588935186101629 -0.009372385050925684 0.16175354045261198 0.27782482482985216 0.333865562432105 0.4744390112965001 0.5642190749639001 0.607797683136608 0.6571590840986392 0.7295630042281789 0.8489714024111569 
0.21582181520477572 -0.9145350967946514 -0.9562545756098618 -0.9925135043599963 -0.9790209981290188 -0.9997193590037543 -0.9996698329149382 -0.954814146800241 -0.9534872580487168 -0.9479810130008882 -0.8713926736960749 -0.7886506041446755 -0.7491198995523731 -0.6012428274474483 -0.5488642895301932 -0.4379903234886345 -0.4391869315785558 -0.28090786191613026 -0.21203327505776343 -0.1390894026090565 -0.015290863967394135 0.08177353595662365 0.20634618994464124 0.2665721212247115 0.4398451422922669 0.5640161440513537 0.5515127832775074 0.6593379479431563 0.730665184355846 0.8485711939685848 
0.2171102432979397 -0.9145764752539428 -0.9571614338470438 -0.9901147211975606 -0.9790209981290188 -0.9994401055863169 -0.9933243457369368 -0.954814146800241 -0.9534872580487168 -0.9479850480088611 -0.8602214265249611 -0.788622613276925 -0.7491288338933758 -0.6012428274474483 -0.5832836404012658 -0.4375677331964524 -0.43576154980447956 -0.29644013755178444 -0.2124547433295698 -0.07877460672311536 -0.01261824548730136 0.11494071057488825 0.20584247679456447 0.2665721212247115 0.4398540394980926 0.5639509208071956 0.5515127832775074 0.677218941698129 0.730665184355846 0.8485711933059962 
0.8846867138321356 -0.9145768459724448 -0.9570986397222407 -0.9924744948105281 -0.9861344017686289 -0.9999466311945233 -0.9995825123893701 -0.9567940978409635 -0.951281086235685 -0.864798536601522 -0.8671492346669191 -0.7824753890513042 -0.7745534463586257 -0.6012427453861459 -0.5502445881775951 -0.43753827165803916 -0.43918182024012825 -0.29644013755178444 -0.1796454918751464 -0.07877460672311536 0.06354714583384308 0.1560351892703869 0.28036879272083154 0.26657212374894534 0.4406889293308573 0.5634575064456862 0.5840747593088522 0.6748574859189502 0.7306684918068472 0.8318706284529235 
0.2180183258090886 -0.9145762675716793 -0.9572041801792245 -0.9876901588547665 -0.9860114549661642 -0.9951443701648837 -0.9995826057093339 -0.9271362845646437 -0.9512063028714576 -0.9477375094885905 -0.8675229145603793 -0.7824317403073268 -0.7480370012688042 -0.6196426019105987 -0.5502412996538274 -0.4375381303260214 -0.40702260355814235 -0.29649373476876745 -0.1788178534318608 -0.02588935186101629 -0.01094582070636577 0.16175354045261198 0.27782482482985216 0.333865562432105 0.4744390112965001 0.5642190749639001 0.607797683136608 0.6747342083290202 0.7295630042281789 0.8489714024111569 
