0.8503537102212857 -0.5373153164849583 -0.7701140130670661 -0.7364041126283567 -0.7526278702776975 -0.8371621640202619 -0.9197817951806361 -0.9665623041949067 -0.8612410307094666 -0.9807019478869274 -0.9824066222317135 -0.9847874863615425 -0.9134975517229944 -0.99604942703334 -0.8833488351182022 -0.8318623333184977 -0.6701020926287832 -0.798931220097099 -0.7736349704675108 -0.6126177969231549 -0.42981472798546017 -0.5118950635554802 -0.13909554395973547 -0.42020333438756263 -0.43155633409000776 -0.01450349426854782 -0.03709537798261142 0.19064145682072278 0.19846858601148976 0.3212362097256861 
0.8503537102212857 -0.5373153164849583 -0.7701140130670661 -0.7364041126283567 -0.7526278702776975 -0.8371621640202619 -0.9197817951806361 -0.9665623041949067 -0.8612410307094666 -0.9807019478869274 -0.9824066222317135 -0.9847874863615425 -0.9134975517229944 -0.99604942703334 -0.8833488351182022 -0.8318623333184977 -0.6701020926287832 -0.798931220097099 -0.7736349704675108 -0.6126177969231549 -0.42981472798546017 -0.5118950635554802 -0.13909554395973547 -0.42020333438756263 -0.43155633409000776 -0.01450349426854782 -0.03709537798261142 0.19064145682072278 0.19846858601148976 0.3212362097256861 
0.008582557128416537 0.4412991256912745 0.4671256557986786 0.9029272906056787 0.6282068932871282 0.8662624163131072 0.7728943947590393 0.8726312392104265 0.8618391614224651 0.9904778523802825 0.9728033311934067 0.9889739189122193 0.9975802867842108 0.9966078851215222 0.9883025550214688 0.9955039511319999 0.937476169819908 0.8212997086429165 0.838611582445656 0.766494610678091 0.7144972052950177 0.4992485238413293 0.5486940694703321 0.3545098404469587 0.3619272548865028 -0.3311390509218903 0.1617490185678253 -0.23919708103862408 -0.05739601084949047 -0.22695496940179855 
0.8503537102212857 -0.5373153164849583 -0.6664402883069891 -0.7818567111093233 -0.7526278702776975 -0.8166820035005178 -0.886305674512179 -0.9665623041949067 -0.8612410307094666 -0.9807019478869274 -0.9788054054252247 -0.9847882467086417 -0.905397299648033 -0.99604942703334 -0.8833487839172163 -0.7618283679567358 -0.7270879416668616 -0.798931220097099 -0.7736349704675108 -0.5322826988005837 -0.4993440386965454 -0.508420906409698 -0.1774431071274695 -0.42020333438756263 -0.43148111452044013 -0.01450349426854782 -0.03709537798261142 0.19064145682072278 0.19846858601148976 0.2667184179668852 
0.33853741619849176 0.44024325048753554 0.46944974287121344 0.5960023035508201 0.6159755435380212 0.8662624163131072 0.772932003044099 0.9891988654288341 0.8608282724740327 0.9185714401120261 0.9729507263065977 0.9889273038207768 0.9977014461365353 0.9922703946152507 0.988426095127049 0.9892836862698937 0.9372930317868224 0.8521598237096973 0.8386071602083196 0.8165624778974488 0.7144972052950177 0.5007557734200045 0.5478394875819501 0.27426867971319735 0.3556766557689376 0.22935111801184704 0.16186385211410453 -0.18546534656969244 0.04644280664749946 -0.22721507609066757 
0.3738185341467695 0.8355236323942837 0.7859722709256791 0.9060179062818519 0.8693500006801301 0.9975557219692103 0.9823634313563452 0.9997693679403308 0.9951942199156821 0.9645529210094254 0.8712664497387991 0.919814033874752 0.902480268385107 0.7923241637165999 0.8242005314559328 0.6421994901630981 0.5803323689628836 0.49291066624356467 0.4391566530929392 0.3102176288674813 0.338625053714091 0.1283417487594969 0.04198324109993409 -0.09482308851643188 0.10546367235472208 -0.2835205924749816 -0.28284880478011765 -0.489633962116014 -0.5770651039411697 -0.697240750088343 
0.04254994340178264 0.8578550243635575 0.9107796863668276 0.9034572083898798 0.8384927162942102 0.9664302718655924 0.9830040610438967 0.9837895906229015 0.9972893338331309 0.9642069466889971 0.8661556465037166 0.8813000974318613 0.9014314565695172 0.7942315451684399 0.8426699858486678 0.6829607410779929 0.6757028501381818 0.41664161545060974 0.43728967242228906 0.325738605124574 0.42755227641826193 0.08168042509932928 0.05011816333899208 -0.13867612818386107 0.1112896231449651 -0.3327968911378973 -0.35357589963750347 -0.48925664296507254 -0.5218091435846972 -0.7396764396149426 
0.3738185341467695 0.8355236323942837 0.7859722709256791 0.9060179062818519 0.8693500006801301 0.9975557219692103 0.9823634313563452 0.9997693679403308 0.9951942199156821 0.9645529210094254 0.8712664497387991 0.919814033874752 0.902480268385107 0.7923241637165999 0.8242005314559328 0.6421994901630981 0.5803323689628836 0.49291066624356467 0.4391566530929392 0.3102176288674813 0.338625053714091 0.1283417487594969 0.04198324109993409 -0.09482308851643188 0.10546367235472208 -0.2835205924749816 -0.28284880478011765 -0.489633962116014 -0.5770651039411697 -0.697240750088343 
0.04254994340178264 0.8578550243635575 0.9107796863668276 0.9034572083898798 0.8384927162942102 0.9664302718655924 0.9830040610438967 0.9837895906229015 0.9972893338331309 0.9642069466889971 0.8661556465037166 0.8813000974318613 0.9014314565695172 0.7942315451684399 0.8426699858486678 0.6829607410779929 0.6757028501381818 0.41664161545060974 0.43728967242228906 0.325738605124574 0.42755227641826193 0.08168042509932928 0.05011816333899208 -0.13867612818386107 0.1112896231449651 -0.3327968911378973 -0.35357589963750347 -0.48925664296507254 -0.5218091435846972 -0.7396764396149426 
0.008582557128416537 0.4412991256912745 0.4694548294497777 0.5958507433563998 0.6288793218452218 0.8662624163131072 0.772683368253106 0.9832840974404182 0.9305370626959747 0.9137111000484112 0.962554713042783 0.9889987946644822 0.997698768643232 0.9966078851215222 0.9855626593655366 0.992609743264672 0.9367896731988332 0.8205940417514924 0.8385983555955492 0.8256562768609675 0.7144972052950177 0.5321716315503122 0.5486958500107328 0.3545098404469587 0.3619272548865028 0.20967622557181792 0.1617490185678253 -0.25255658271654763 -0.0603304233052578 -0.30247991801346763 
0.04255067941814447 0.7909937747421646 0.9107796863668276 0.906006843960038 0.9906138128147716 0.9655250026420628 0.9830040610438967 0.9839580195626579 0.9973877383243231 0.9902824734637578 0.8661555621735825 0.8960995952455713 0.9014314088681712 0.7942315451684399 0.8426699858486678 0.6832964301376684 0.6787812256937413 0.4172339373306958 0.4276416064793039 0.3257385943391205 0.42755227641826193 0.0822279206705473 0.05011816333899208 -0.08100118233377418 -0.16823974492425645 -0.3330377516497989 -0.3531993545917418 -0.4792907735381616 -0.5218091435846972 -0.7052189981809773 
0.33998186302988526 0.44129911906160296 0.4694544201738343 0.5958507433563998 0.615787012312545 0.8487899986951519 0.7785580980113278 0.9832840974404182 0.9332313936636997 0.9137111000484112 0.9624804039773242 0.9889958707564397 0.9976980122657275 0.9828788102435709 0.9959705122125266 0.9845781007756479 0.935810942467033 0.8521553972757923 0.8644889450923359 0.7657335473285829 0.7144972052950177 0.4104836355635153 0.552674949151323 0.3589677206428607 0.31065265219514104 0.20967622557181792 0.16211729215322573 -0.08673329974176969 -0.060330417552587556 -0.18966956467647533 
0.37376951892179766 0.8355050023860803 0.788259065721418 0.9278851634358565 0.8693500006801301 0.9975557219692103 0.9814345087367211 0.9997675558210423 0.9951942199156821 0.9645529210094254 0.8712664497387991 0.9243915729954536 0.8972566452593618 0.7923241637165999 0.7358060755053327 0.6421991354342372 0.5799426851419378 0.4939376522019957 0.43794186374620164 0.32507608632428664 0.338625053714091 0.12727572005355703 -0.027825655949621303 -0.0952085856713649 -0.08934828279425269 -0.28352447065726166 -0.33795524465262583 -0.4893014303260643 -0.5292173104231453 -0.6545459213020132 
0.016731188728552115 0.444038671120656 0.5202888875606143 0.6828171130343703 0.7142817433589355 0.830727917270101 0.8335156503566303 0.9569475790244353 0.9305936292099916 0.949432250165933 0.9610112524858839 0.9781684571380515 0.9727653157308307 0.9945496677726956 0.92821000577868 0.9801137800055011 0.9180856513186004 0.8390170671162799 0.8852192855760115 0.6492852177800833 0.6259488088294087 0.4738424353945036 0.48786951876739315 0.23832686819765703 0.3175581595577414 0.14430684854470988 0.0661372164210991 -0.11053743092805352 -0.16751785807360234 -0.3221696362996576 
0.012702734400904012 0.5454357948139369 0.5179266032356568 0.6819967083272371 0.6611561287314309 0.8354807705971271 0.8338852223362864 0.8862100321937618 0.9267724419352703 0.9659092706098714 0.9970847000433072 0.9664059158456157 0.999687165536683 0.9992030583460807 0.9853995731448937 0.8495698167325525 0.9134990670193084 0.8473649314346038 0.8259323550008548 0.7291591652081892 0.6360734237839217 0.6046287743963952 0.48793735020296947 0.23874536635587368 0.3113664244519775 0.06420963216363068 0.06251697846214577 -0.0024013013308313846 -0.15175249133318813 -0.33962372998555235 
0.010338405188494342 0.44052855792793333 0.46989731930552053 0.6828438077817371 0.7025971995130714 0.7672966033451822 0.8338303804185165 0.8281022239342912 0.9300614929824986 0.9484361414759086 0.9613552414418053 0.9666429718119072 0.9977046110876173 0.9991822995895759 0.9992741349144907 0.9756823912699343 0.9349654171381604 0.8523837064459091 0.8386167178930184 0.6729917795512594 0.636082305236904 0.6921043407939509 0.4878461323454701 0.3567242972092799 0.4109976737704067 0.07083927138349298 0.15346837300468402 -0.13083950218689924 -0.06331126705974889 -0.2058041342655701 
0.025375352344809164 0.7625866631951788 0.7715349145390226 0.7982954103013198 0.8514706620930816 0.9792617575485968 0.9427470333562656 0.9785704509589442 0.9994917324387876 0.9934410465021295 0.95964895648047 0.9695229885954229 0.9499143126867758 0.8360845319911868 0.845737466200245 0.7095229442074729 0.757651617681369 0.5135902857660506 0.6100476624294359 0.48013384922764707 0.4650437365837453 0.16767080479924004 0.27225708274065846 -0.0048670614594649615 0.028962207915034968 -0.14613464035135765 -0.1547267621569089 -0.22838748959850028 -0.36857672282597376 -0.5352277403357194 
0.008764670114261824 0.4412991256912745 0.5210742868118825 0.5958430906439341 0.6261753990578396 0.8468826800838993 0.7728941497297442 0.980930108268366 0.9598092507592493 0.9137111000484112 0.9875821112172765 0.9889966624811555 0.997114869334375 0.9996239836741782 0.9882853896321212 0.9846756202993127 0.9160983025265219 0.8450678077429593 0.8388456677470308 0.7657297681968867 0.7144972052950177 0.5004586856908678 0.5528499363247876 0.35324184051276275 0.31186510845857013 0.21055884523876636 0.19574946235335292 -0.1932879270177054 -0.060330417552587556 -0.21399794794514226 
0.026740950385108986 0.8032618688373118 0.7734958832186405 0.8406115196776769 0.8332389869847947 0.8622553990421478 0.9783939148206724 0.9760042541716494 0.9970213137083672 0.9932976694977549 0.9603580851085473 0.9998584072872384 0.9665752181336006 0.9475936545401767 0.8307682642637567 0.7517694366173922 0.7577859773692108 0.5163111681997711 0.5467137706432027 0.4702006874890101 0.3899099821089782 0.28872798679598805 0.21116907533665977 -0.006400879057713287 0.022628329692845922 -0.08533399193479738 -0.27962186999585986 -0.34431180969510067 -0.36706801797629257 -0.547784886740209 
0.03285860410682909 0.7307251063765466 0.7821598182510989 0.840670769908706 0.8675264080287381 0.9867980306119326 0.9644683893547767 0.9831842093404959 0.9996684537917782 0.9879964680705218 0.9639469031837485 0.9696712651731424 0.9033209309722611 0.9598921783015236 0.8373036477511402 0.6818580950866663 0.7369284243492717 0.513559095306014 0.47933725709170705 0.3273238722140788 0.25760926695345693 0.1301441430085911 0.1137895433568252 -0.07722153137535465 -0.08849050592659281 -0.1482277747711184 -0.3283402319867022 -0.4802485213854095 -0.5022858916298463 -0.7005477488422565 
0.8503537102212857 -0.5373153164849583 -0.6680703407872726 -0.7366892425555913 -0.7526278702776975 -0.8371613975729026 -0.8869950660256112 -0.9665623041949067 -0.8612410307094666 -0.9475272205715292 -0.8562568213952528 -0.9848210448819716 -0.905397299648033 -0.99604942703334 -0.8833592238299772 -0.8323213596811727 -0.727197997555462 -0.798931220097099 -0.7736349704675108 -0.6126177969231549 -0.42981472798546017 -0.5084182749538111 -0.17729541281377603 -0.42020333438756263 -0.43212331815157246 -0.01450349426854782 -0.03709537798261142 -0.010892084222577491 0.19846858601148976 0.2667184179668852 
0.03059626860978029 0.8408116128864561 0.7734188021210737 0.8406126273591173 0.8352380500578581 0.8622553990421478 0.9773235134669308 0.9760042541716494 0.9970213137083672 0.9957609716666435 0.993800888020789 0.9998584072872384 0.892117545763198 0.9475936545401767 0.8307682642637567 0.7154583602519999 0.7577859773692108 0.5168709055281463 0.5465859874502192 0.32525039441343634 0.3398822052198966 0.28872798679598805 0.21116907533665977 0.02061706312121939 0.022628329692845922 -0.08533399193479738 -0.2796489076500986 -0.4829083811289504 -0.36706801797629257 -0.5482280825952242 
0.3451695021161081 0.41493111196987165 0.47067505969670176 0.6824655390350928 0.6251824839325815 0.8620463153553629 0.8339008474641271 0.908958281441876 0.8834928735460342 0.963134943629308 0.9623704484518945 0.9875351275829765 0.9999197688793833 0.9965176631105449 0.9880130376801116 0.979139072592447 0.9352156673697899 0.8658629484252227 0.8259323550008548 0.7685233637069044 0.6360839654032617 0.6046287743963952 0.5176552271999754 0.3920366431639477 0.3113685795846074 0.068346556614835 0.06261488176225917 -0.15929482573552456 -0.1432978426017929 -0.26062932522422455 
0.34306440112808334 0.4412991256912745 0.5182500740035674 0.5947495886813905 0.6282563810651741 0.8468826800838993 0.7728943947590393 0.7303113218226069 0.9597915430440399 0.9137111000484112 0.9875816601930099 0.9889967338203329 0.9983260576033803 0.9996239836741782 0.9882853896321212 0.9846780572220863 0.9155623419612378 0.8450678077429593 0.8388456677470308 0.7657297681968867 0.7144972052950177 0.6509580188679243 0.552638470495087 0.32489421713970607 0.31186510845857013 0.21052905695815916 0.196402683740563 -0.1932879270177054 -0.13163949723388874 -0.21399794794514226 
0.010316488259661607 0.4405892884911854 0.46989731930552053 0.6828438077817371 0.7025971995130714 0.7672946278911116 0.8338303804185165 0.8371283249019134 0.9300614929824986 0.9484361414759086 0.9896630453466002 0.9666429718119072 0.9977046850588311 0.9991822995895759 0.9997981686450563 0.9756823912699343 0.9349654171381604 0.8523837064459091 0.8251523184290873 0.6729917795512594 0.6579089870890902 0.475348116217725 0.4878461323454701 0.27630658346598036 0.31137050776764036 0.07083927138349298 0.15346837300468402 -0.17042867670884668 -0.12411606107531596 -0.2058041342655701 
0.3541357827098922 0.5746814757702317 0.5600356723424322 0.6916256089823456 0.7885201428674584 0.8639793828565375 0.9166600376730052 0.9961853546069288 0.9859129900643891 0.9523790126190009 0.9935468717970514 0.9655960016641696 0.9363526147432325 0.9033521534841663 0.9590260426967562 0.8413544254358113 0.8761985541472129 0.6607513963993931 0.6516429534641416 0.6477322812470229 0.5142944577234726 0.48366973222028664 0.3814446453565168 0.18780197385120873 0.04769490592597855 0.040072935008370184 0.06603661710063553 -0.1868190780241536 -0.2361324694907039 -0.4936794179939454 
0.35034519373555056 0.5453671930304809 0.5181941844622577 0.6557826301577404 0.654919844061447 0.8351240865948323 0.83388524145568 0.9069263848104812 0.9648209713636632 0.9532052126903954 0.9967507832669239 0.9658530227671479 0.9999542478342506 0.9995910723183984 0.9662652495509044 0.8362688820880341 0.9357300793512435 0.7814555229766363 0.8334242323238961 0.7283131797646225 0.6360815622154545 0.604732642140035 0.48743756280993805 0.24668056615661632 0.32227864604494005 0.0780402119511095 -0.012614635734578328 -0.17550837476939352 -0.23017080360269349 -0.3565790818826277 
0.008731910711417686 0.4352116835173586 0.46957977890157077 0.5960023035508201 0.6282017887020204 0.8328537725449146 0.7898745661932228 0.985198484436114 0.9546283596914368 0.9628137036762334 0.9676989334328266 0.9889933276560081 0.9985010592954977 0.9980339826999554 0.995769248177141 0.9845781007756479 0.9343392039156136 0.8523171684992574 0.8387653744714184 0.8269196972835023 0.7144972052950177 0.5850098085392034 0.5526824104913323 0.27543166526751267 0.311213868852084 0.20953315701404376 0.1079072065558618 -0.19051637023022586 -0.06026226991475816 -0.22785083560244174 
0.03842632508361137 0.7995407669059158 0.8041075146831435 0.8629871502466363 0.9904797268231434 0.979019643073559 0.9353704859850837 0.9839576177040573 0.9954606821474695 0.9932066193140239 0.8659863913420908 0.9556836414843792 0.8974222049549172 0.8121062916594189 0.8441256728922428 0.6832970032137746 0.6096301417278238 0.42120395012648587 0.4255370291363099 0.3268527770455598 0.2688651794938362 0.08210207192391017 0.0013547661556081517 -0.07988225098883134 -0.08896128879719464 -0.28369992706847796 -0.35281857141931067 -0.5036493768232551 -0.5218063786459901 -0.7052037631173504 
0.0408183454731017 0.8456157455255683 0.9126805132148597 0.9037072924581667 0.8506953955417866 0.9661484758872289 0.9830194094227137 0.9836968457322735 0.99546614900822 0.9904637921624561 0.971032471170227 0.9710177095048468 0.9013918998455506 0.8117295558988629 0.8243313773213825 0.6834051546590966 0.5511395994758411 0.5244654411384908 0.4831766732593416 0.32500678997185417 0.3699374642492968 0.04483646768023852 -0.15534180355867366 -0.08100119295107962 -0.16277259054952742 -0.28353074536944844 -0.5270429432261298 -0.47614785485622285 -0.5440684940531362 -0.700306881539285 
0.008582557128416537 0.4412971378337806 0.4694548294497777 0.5958573848272648 0.6150101537771374 0.8662624163131072 0.7835247040734216 0.9879838330724409 0.9305370626959747 0.9179934733651861 0.962554713042783 0.9889320347844972 0.9991011359288681 0.9966078851215222 0.9855556459489776 0.992609743264672 0.9368095529170514 0.8522772371303461 0.8385983555955492 0.7641909232370775 0.7144972052950177 0.49920577101411995 0.5486958500107328 0.2735711631928458 0.3618868253256768 0.22854934381611372 0.1617490185678253 -0.19192359478115648 -0.0603304233052578 -0.30247991801346763 
0.013212916180621514 0.5423587580192001 0.5179394425341907 0.6819746574345963 0.6611561287314309 0.7608170716369889 0.8338829875077703 0.906881048105149 0.8834928735460342 0.9633314172296104 0.9970936565301419 0.9661828176300581 0.999687165536683 0.9961003377516632 0.9643415712626153 0.979139072592447 0.913382827921462 0.8474594110739129 0.8259470325387385 0.7291591652081892 0.6360698494922135 0.6046287743963952 0.48793735020296947 0.23874536635587368 0.3113664244519775 0.06222087421926266 0.06251697846214577 -0.17074647841448853 -0.14227974271482557 -0.3565339584809005 
0.029107044189382175 0.8032618688373118 0.7734958832186405 0.8400234541306446 0.8332500065100863 0.8616664613309668 0.9768725525246055 0.9143958023407575 0.9966452745911933 0.9933050931267344 0.9602917328374021 0.9990935864766103 0.9665752181336006 0.9475936545401767 0.8305196154095641 0.7085967409890866 0.7577859670784929 0.6035835494864973 0.5467137706432027 0.4702006874890101 0.3899099821089782 0.25812923981133207 0.21116907533665977 -0.006425653060998213 0.022628329692845922 -0.15786330973534926 -0.17217012196688558 -0.2283844993110372 -0.36706801797629257 -0.5477852115813933 
0.3663435240541546 0.7777224138432179 0.7706107846744332 0.8362958401591633 0.8666563270535717 0.9792299850466043 0.9421202026319712 0.9783317970384212 0.9972698482440945 0.987330139355983 0.9602842882541748 0.9696857061637822 0.9482963129648576 0.8653102894821911 0.766938208530906 0.7058890393640253 0.7581859904969852 0.4922853635027267 0.5625564914559723 0.42003348940098423 0.25982560870540344 0.16588045847420407 0.129423464147953 -0.00573339412044991 -0.07507658269562023 -0.2754517846374331 -0.257433104810254 -0.5050226589376122 -0.5220811649639054 -0.6206395473044936 
0.03842632508361137 0.7995407669059158 0.8041075146831435 0.8629871502466363 0.8722003604439014 0.979019643073559 0.9353704859850837 0.9836175848206716 0.9954606821474695 0.9932066193140239 0.8803192975423546 0.9556836414843792 0.8974222049549172 0.8117871717053874 0.734341554854485 0.6831309255353176 0.61018216406058 0.42120395012648587 0.4255370291363099 0.3268527770455598 0.2688651794938362 0.1235252709933708 0.004078802646845875 -0.052301561169307724 -0.16507983321556619 -0.28369992706847796 -0.3604134727532637 -0.4752190631476192 -0.5215221048240549 -0.7030377256356929 
0.8503537102212857 -0.5373153164849583 -0.6664402883069891 -0.7364041126283567 -0.7526278702776975 -0.8371613975729026 -0.8861499942211314 -0.9665623041949067 -0.8885466374376444 -0.9807019478869274 -0.9788054054252247 -0.9847882467086417 -0.905397299648033 -0.99604942703334 -0.8833487839172163 -0.7618283679567358 -0.7270879416668616 -0.798931220097099 -0.7736349704675108 -0.6126177969231549 -0.42981472798546017 -0.508420906409698 -0.15552317475814395 -0.42020333438756263 -0.43148111452044013 -0.01450349426854782 -0.03709537798261142 -0.014472108962908153 0.19846858601148976 0.2667184179668852 
0.027999859992635993 0.7282807979311452 0.7756740707965223 0.8407267650235329 0.8344975366677839 0.8622429790790184 0.9562551391756384 0.9909493880653194 0.9970163157123965 0.9939276231298756 0.9631822351473532 0.9998529527518514 0.9624827323124269 0.9475556232591901 0.8250018497978516 0.852820024742671 0.7577680573566998 0.51632063961264 0.5613844188727778 0.3708642257944553 0.36974217501234313 0.2882904924422985 0.2111691853059263 -0.004412383574296193 0.023305044926857296 -0.162613591197754 -0.14579214211065736 -0.344306919199873 -0.37527251834434533 -0.5478981607644231 
0.01609637043964421 0.4085648350562048 0.5179263399896973 0.6547682773387539 0.7269098186663909 0.8620463153553629 0.8339522167063539 0.9156765087826471 0.9230280687041266 0.9657492014909608 0.9879794006684621 0.9911645030654931 0.9998947736667837 0.9991865168988899 0.9855911226727347 0.9793878130110975 0.9151276664533693 0.847361182877818 0.7432760176435524 0.7685269281276095 0.6360694855446568 0.5517731393082663 0.41002964710534584 0.2378694408857665 0.3115465700808335 0.23049739009554698 0.06902597007007795 -0.17060223633600594 -0.24107329896156196 -0.3163508562894525 
0.0425506421272406 0.8467048111655862 0.9107796863668276 0.8907461077062057 0.9895786100225228 0.965554009854076 0.9878758656620146 0.9836968457322735 0.9973877383243231 0.9910411596412392 0.8661556309137515 0.9553743467043899 0.9014301970532296 0.7938766291707455 0.8362928986995841 0.6423350123780178 0.6701807855319933 0.41784450174501025 0.5419796477972885 0.3257385943391205 0.3300008493221188 0.12383584112152504 0.05011816333899208 -0.2636118806129639 -0.2556636798684217 -0.332822397761758 -0.5657155987507196 -0.48935788458927554 -0.596321696187837 -0.7048737360078957 
0.013221625766692084 0.4150787958737884 0.5179396542474772 0.6767332596400328 0.6607931902490054 0.7600391281989368 0.8338830666499051 0.9089539074722464 0.893690595072807 0.963134943629308 0.9966776804852135 0.9655889241962704 0.9998952953015949 0.9965625019976937 0.9643415712626153 0.979139072592447 0.913382323697852 0.8474588507563112 0.82565562066916 0.6734573109710766 0.634266198336984 0.5695152429439625 0.4093721983431513 0.39392398130819584 0.3113711892411916 0.12001894626917972 0.06261488176225917 -0.16965078643869752 -0.14359100315852144 -0.35535554746581616 
0.3493441376190679 0.5445598814837352 0.5658019571125846 0.6822902662743494 0.7371778747434119 0.8468512175329624 0.8383843706987543 0.9578462921899861 0.9618708568791428 0.9530183180195371 0.9902119724053358 0.9618242477089717 0.9729147367696699 0.9917016371204255 0.9829973749468561 0.9732531701910929 0.9343024042447441 0.8523845682309492 0.8253267741595008 0.6738493230730112 0.5438759961296777 0.48417143733331325 0.4907865119897916 0.23865243185972512 0.3176695561813533 0.06802161539400102 0.06900414356541226 -0.1708529294955297 -0.23963136297368803 -0.3251717261329064 
0.036171189143619345 0.8002314668306877 0.7837871327111385 0.8380312248618528 0.8657888190037024 0.9867129882504728 0.9569031922051099 0.9486653931677754 0.9909982204244292 0.9936380727071247 0.8698373603671634 0.9751780992312294 0.9024347959316572 0.8117871717053874 0.8243584107549329 0.6836573268297328 0.6020563245319233 0.49810828019872755 0.4185136334304248 0.3047938019431192 0.33643972910880426 0.12967795578771021 -0.04592774766748717 -0.07474070904220642 -0.10569156135720773 -0.28360272328109337 -0.3597246294395016 -0.4893012496649898 -0.5312123119441511 -0.7000443256454214 
0.37233968812481266 0.800259717736107 0.8645439750022506 0.9285311475024375 0.879861463434541 0.9656706146496569 0.9568160592483783 0.9486653931677754 0.9909968294745218 0.9930717080742705 0.9390286255858795 0.9717718803847635 0.9024349806485984 0.8117871717053874 0.824406078165931 0.6422392618686074 0.6020388663519018 0.5200129599382444 0.4185136334304248 0.32500795418313655 0.33643972910880426 0.12967795578771021 -0.04592774766748717 -0.052275797818030594 -0.08923850302240935 -0.28360272328109337 -0.3597246294395016 -0.45500080620815364 -0.5279558615752276 -0.6216058688736856 
0.04254771881633718 0.8454992362261841 0.7756863472370329 0.9060179062818519 0.9906401622194071 0.9655250026420628 0.9830940607228636 0.9836968457322735 0.9914318685936226 0.9910411596412392 0.836168042638799 0.9553743467043899 0.9005228883130288 0.7938629714672528 0.8472904775312838 0.6832965130831652 0.6766638230255764 0.4995967559743884 0.5420577368435381 0.31302565723442793 0.3300008493221188 0.12340678065637217 0.05011816333899208 -0.0810025309580755 -0.1701868513329915 -0.3330377516497989 -0.4758066777741224 -0.5343354951375872 -0.5215587644838111 -0.6976363387438547 
0.0354133857540094 0.7804108564441492 0.7820383940435075 0.9089196463487953 0.8661849779357935 0.9675840820164785 0.945584100928967 0.9181935248646744 0.9970534212025846 0.9932625501839442 0.9543034931982902 0.999783199856637 0.9508498575062551 0.8112440950132274 0.786574610851629 0.7071894748516516 0.6202015323002308 0.4934277780811416 0.5126163008247114 0.37643665011371985 0.36983667401451015 0.17650712197403612 0.10233344345546569 -0.04596225501162224 -0.1817022233882859 -0.2821399763111858 -0.33831714368228044 -0.49108875320061024 -0.5311093837211301 -0.5349804614935846 
0.3649859914717573 0.8394906216102576 0.781953170447207 0.8400406182628173 0.8678238986763713 0.9709763323192138 0.9405431285359648 0.996836502033935 0.9966443338821787 0.9958464405621827 0.964725929272204 0.9705358720227668 0.8964287967557484 0.7938471793364332 0.8453049827615686 0.7085826459270629 0.6931396440082239 0.5168638511171711 0.5455181612321585 0.3241843479375032 0.33957513702264647 0.13008546906636953 0.13553286125945024 0.021405493635110386 -0.08417318702428034 -0.1501176860692479 -0.3579486886594067 -0.4706624228606703 -0.44078530629889223 -0.5642344664031002 
0.01640999284391057 0.545351781655308 0.5179342457466906 0.6799275787487342 0.7118991024318837 0.8625423058714512 0.8382586246153348 0.906881048105149 0.9674212845653009 0.9528709467420504 0.9970936565301419 0.9661828176300581 0.999920161402207 0.9918942226428658 0.9646500797667006 0.979139072592447 0.913382827921462 0.8519267118938412 0.8261408727908491 0.7291591652081892 0.629873781102223 0.6046287743963952 0.48793735020296947 0.2388989796546062 0.3113664244519775 0.06799288459569584 0.06251697846214577 -0.17074647841448853 -0.14227974271482557 -0.3565339584809005 
0.3686923230759058 0.8470151361856972 0.7719982099102823 0.9141188913932071 0.8533706292393342 0.9898023235794011 0.9455258855971297 0.9964006737277683 0.9973088921312714 0.9902745780624297 0.9871310645541538 0.9687613989712452 0.9032151721230001 0.8019038098779805 0.7773631218507058 0.6860100273780767 0.613209473097889 0.6102279076892154 0.46174212441929485 0.3198201474001125 0.2526216078228579 0.17631927866195019 0.12950110940500553 -0.04925703493288719 -0.08539970846917033 -0.21938161403039458 -0.33531806350370863 -0.5052605542347433 -0.5436474012824755 -0.6211149917950396 
0.02800719581451855 0.7322514969895322 0.7756740707965223 0.8403283564222659 0.853418659997406 0.8622430403713958 0.9557723370805681 0.9785157732066385 0.9981903047822536 0.9938757799865436 0.9631823106828143 0.9998564708634309 0.9006339630579135 0.9495530496895878 0.8246173996475072 0.747047200226093 0.7577680573566998 0.51632063961264 0.5613844188727778 0.3758450588901486 0.3656342361136349 0.21478206909545583 0.2111691853059263 0.15525087384551153 0.02168589904884912 -0.15786292701241086 -0.14579214211065736 -0.3465705655006167 -0.5039272571039394 -0.5478020245688636 
0.026738587998726672 0.7625866631951788 0.7715349145390226 0.7986337608922031 0.8514706620930816 0.9816217679960971 0.9423468346386409 0.9787850277304516 0.9994917324387876 0.9934410465021295 0.9597519923437752 0.9695452685438403 0.9664777843059513 0.834696353589068 0.8306049682269123 0.7095229442074729 0.7576541337963977 0.5162549114102548 0.6100476624294359 0.48013384922764707 0.4650437365837453 0.16767080479924004 0.27225708274065846 -0.0048670614594649615 0.025418578928371065 -0.14613464035135765 -0.15845606761427913 -0.22869829893378416 -0.38130127646455253 -0.5352277403357194 
0.010338405188494342 0.44128984042785246 0.46989731930552053 0.6828438077817371 0.6142230215273053 0.7672966033451822 0.7852494092417787 0.9875602197066716 0.9300614929824986 0.9484361414759086 0.9625808003601385 0.9666429718119072 0.9977043097507537 0.9966602039860545 0.9845800624856764 0.9757451647194275 0.9349654171381604 0.8522686215760178 0.8385990924762262 0.6729917795512594 0.636082305236904 0.4738737008567598 0.4878461323454701 0.3567242972092799 0.4109976737704067 0.07083927138349298 0.15346837300468402 -0.13099266142209035 -0.06331126705974889 -0.2058041342655701 
0.03384045796644053 0.8009607387176142 0.7708409806954419 0.8392723581238193 0.8667263086602313 0.9792299850466043 0.9421202026319712 0.9856915372933683 0.9972687648174349 0.9990701543440181 0.9602796497170427 0.9756236846919816 0.9170077952382598 0.7972276707037131 0.769626747805483 0.7063490862278675 0.6245634191875464 0.5199090320640117 0.5610006647267568 0.3040880822136203 0.33850730439694204 0.16560788724552106 0.13021344837181967 -0.002785892113007442 -0.07514215308026943 -0.25097952264255285 -0.2840557791126426 -0.5050226589376122 -0.45847868940965075 -0.6206395473044936 
0.3430646424370229 0.4413029200015754 0.4694544201738343 0.5958507433563998 0.6282068932871282 0.8487899986951519 0.7728943947590393 0.9832840974404182 0.9305298350442153 0.9137111000484112 0.9623513060194347 0.9889967413035976 0.9976980466262364 0.9965737104799665 0.9882853896321212 0.9845781007756479 0.9352394143111417 0.8521770684659213 0.8385983555955492 0.7657296781693306 0.7144972052950177 0.49935043271936075 0.5530148872043754 0.2649210995650951 0.31187489032081916 0.20967622557181792 0.12114090297046805 -0.19556314488972693 -0.060330417552587556 -0.21399794794514226 
0.0408183454731017 0.835739265702188 0.8624499583440285 0.9328715366343303 0.8691423442270159 0.9967342180197468 0.9829653390729381 0.9486010700454709 0.9952042500704725 0.9651371833656506 0.9657028005586928 0.9741704849474366 0.9014155625204663 0.7945823712765112 0.8243313773213825 0.6822909021430117 0.5792417607865075 0.49329662754699655 0.4834937909801083 0.32500001861981775 0.3388363267222662 0.12913148527960622 -0.04431648743036938 -0.051864272702609085 -0.19489118272249703 -0.28351611680552324 -0.3562013276713496 -0.4892916134040477 -0.5279254846595547 -0.6999957160896997 
0.032654582156043416 0.7485553936746188 0.7823601796170593 0.8400084465571698 0.8541709231756643 0.9669186983491994 0.9548977119340567 0.995365664188944 0.9965237648691342 0.9932406787081987 0.9647553761441323 0.9997394300389912 0.9488104078193699 0.9596373487749381 0.8361309729542683 0.7096248867242994 0.6848993950928791 0.516594282678331 0.5619982060873899 0.3357544030442887 0.3883819524070311 0.2144062582731135 0.137339720370857 -0.04856692002650481 -0.07550837789091602 -0.15786292701241086 -0.3579316268410675 -0.43929101017297534 -0.5095725420466528 -0.5642361930322722 
0.33998210433882475 0.4413029133719039 0.4694544201738343 0.5958507433563998 0.615787012312545 0.8487899986951519 0.7785580980113278 0.9832840974404182 0.9332313936636997 0.9137111000484112 0.962353771860059 0.9889958782397043 0.9976980122657275 0.9828788102435709 0.9959705122125266 0.9845781007756479 0.935810942467033 0.8521555787990108 0.8644889450923359 0.7657334573010268 0.7144972052950177 0.5026336955203126 0.5530513658606115 0.3578697244274868 0.31066243405739014 0.20967622557181792 0.16174951653752948 -0.08673329974176969 -0.060330417552587556 -0.21399794794514226 
0.0408183454731017 0.8580033584628839 0.8621619596363994 0.8394087415103392 0.8659980967684825 0.9661484758872289 0.9830194094227137 0.9331408203770205 0.9909775673751494 0.9904512748066094 0.8661579298283438 0.97504802395683 0.9013918998455506 0.7945632884804694 0.716540813238021 0.6836514339412687 0.5936183351122646 0.4318325861407465 0.4334105183183474 0.32500677892307367 0.336643948651355 0.12920024349136944 -0.041963338391567295 -0.051864272702609085 -0.16530791004053458 -0.2850155138674992 -0.4498447750454504 -0.5048006670161811 -0.5215290494289639 -0.6999957160896997 
0.026738587998726672 0.7625866631951788 0.7715349145390226 0.7986337608922031 0.8514706620930816 0.9792617575485968 0.9423468346386409 0.9787850277304516 0.9994917324387876 0.9934410465021295 0.9597519923437752 0.9695452685438403 0.9664777843059513 0.834696353589068 0.8306049682269123 0.7095229442074729 0.7576541337963977 0.5162549114102548 0.6100476624294359 0.48013384922764707 0.4650437365837453 0.16767080479924004 0.27225708274065846 -0.0048670614594649615 0.02859255977781438 -0.14613464035135765 -0.15845606761427913 -0.22869829893378416 -0.38130127646455253 -0.5352277403357194 
0.036061471600234846 0.800209111723774 0.8645439750022506 0.8380312248618528 0.8657888190037024 0.998948838888651 0.9568160592483783 0.9486653931677754 0.9909982204244292 0.9937368893936734 0.8698373603671634 0.9751784321629513 0.9024347959316572 0.8117871717053874 0.824406078165931 0.6836573268297328 0.6020388663519018 0.4974972835544771 0.4185136334304248 0.32500795418313655 0.33643972910880426 0.12967795578771021 -0.04592774766748717 -0.05228311963187846 -0.08923850302240935 -0.28360272328109337 -0.3597246294395016 -0.4893012496649898 -0.5279543931323017 -0.7000443256454214 
0.014700200840793766 0.4082304144504609 0.5181959714389057 0.6828693291570236 0.7139676334584979 0.7707749695855614 0.8464794528938234 0.8160681917736193 0.9689548786665425 0.9483849143375848 0.9902701760612295 0.9666363433708925 0.9999171266365287 0.9982916074243225 0.9893506128108661 0.9758077347070531 0.9190795008307977 0.8524057527853002 0.8232031638426728 0.7678492411080863 0.6304155542554604 0.501860594136892 0.4873050368323084 0.2753833216147612 0.3178598057225343 0.07093809543495908 0.06805287206069374 -0.1924990868410282 -0.12274358868825502 -0.35272081830223273 
0.3430115612298588 0.4445608021026079 0.47064200895292585 0.5960023035508201 0.6162668320158792 0.8662624163131072 0.7778689970912606 0.9986453748203804 0.8608282724740327 0.9134586707180024 0.9675598893690662 0.9889289382977333 0.997728518684113 0.992061351775384 0.9883798257169316 0.9743272918420269 0.9185521020561693 0.8524017965600531 0.8387654015728481 0.826158918029717 0.7144972052950177 0.5007557734200045 0.5478427649804881 0.4600548306742901 0.3559115112138201 0.22935111801184704 0.1950565872059007 -0.1932475299670714 -0.0603300670977039 -0.2291984304912581 
0.3476682733643453 0.4124313987459014 0.5193190436741176 0.6818503469707939 0.7137017918682336 0.8468558242259158 0.8472897343997867 0.9568679905201736 0.9933544091230091 0.9625201294352637 0.9879218767933118 0.9743819655209367 0.9971009878675007 0.9996897874755897 0.9853381448952532 0.9106628211598824 0.9152914279142255 0.8451157209717888 0.8274573732313022 0.7036928425806946 0.640431838163061 0.5014608444387296 0.4583765614872159 0.3232841299941883 0.3115539935322047 0.22931342392824441 0.1584787446775059 -0.1645119535294204 -0.062025430255922664 -0.29473031600848293 
0.34306440112808334 0.4412991256912745 0.4694544201738343 0.5958507433563998 0.6282068932871282 0.8487899986951519 0.7728943947590393 0.9832840974404182 0.9305298350442153 0.9137111000484112 0.9624779381367 0.9889967338203329 0.9976980466262364 0.9965737104799665 0.9882853896321212 0.9845781007756479 0.9352394143111417 0.8521768869427027 0.8385983555955492 0.7657297681968867 0.7144972052950177 0.4072003727625635 0.552638470495087 0.26601909578046895 0.31186510845857013 0.20967622557181792 0.12150867858616429 -0.19556314488972693 -0.060330417552587556 -0.21399794794514226 
0.36980762869630135 0.7789511127773752 0.7824712263036425 0.8454756950052608 0.8678135209698339 0.9794155010688571 0.9919674757584274 0.9819359876057254 0.9973604879125407 0.9874708198329059 0.9504821061752813 0.9732581821391907 0.899363995274059 0.8103844048765433 0.8355762379990495 0.6831051575722964 0.6126926267628621 0.49361451978477777 0.42627427897231707 0.3250692607510932 0.2611057720140013 0.1752586584539833 -0.04003897167636464 -0.06403632698638817 -0.18049709583179646 -0.2775066713676155 -0.33331887072474553 -0.45244526260803797 -0.5215019064726689 -0.7016841518411607 
0.014700200840793766 0.4084445111152365 0.4708240619102626 0.6828693291570236 0.713701709197316 0.7672817983810385 0.838195931924655 0.955865634051618 0.9686710271123689 0.9483849143375848 0.9902701760612295 0.9666429875166546 0.9999171266365287 0.991945448686103 0.9893506128108661 0.9758077347070531 0.935115325350073 0.8523842080129967 0.8253592647287248 0.6737399040110748 0.6304155542554604 0.5016505307218777 0.48781473459025826 0.2753914170565996 0.3113724275670647 0.07093570025672288 0.06806573728911045 -0.17040977703974197 -0.12274358868825502 -0.20649255683854406 
0.34770249399021536 0.5402078847026652 0.5193254690436013 0.6818593386864896 0.7137017918682336 0.7384452948879429 0.8468285957142614 0.9568679905201736 0.9902833077329949 0.9625201294352637 0.9902483531002078 0.9891930414022667 0.9971009878675007 0.991926622693699 0.9776092944728445 0.91163233254789 0.9152914279142255 0.8451129385590963 0.8259501270164302 0.7037165673651741 0.6404128859241404 0.5014608444387296 0.4906598202198002 0.3232841299941883 0.3115434206059219 0.22931342392824441 0.06900632218852645 -0.19311366769692698 -0.20811558225951401 -0.31799022341077526 
0.026025901665295958 0.762878837103899 0.7705451558816797 0.8390928275774128 0.8693081982309385 0.9792617575485968 0.9427470333562656 0.9785699739097771 0.995433799161449 0.9886643424408287 0.9632249386100813 0.969751107406971 0.9481859164052803 0.8360845319911868 0.8455301588395557 0.7047821826747466 0.7729011479801976 0.5135523920687972 0.6100476624294359 0.48013384922764707 0.4650437365837453 0.1766392946559105 0.27225708274065846 -0.0048670614594649615 0.028962207915034968 -0.14613464035135765 -0.16749062423534689 -0.22838748959850028 -0.36820096206406716 -0.5479033864438176 
0.3649859914717573 0.7825159797749107 0.7822728175126126 0.8400406182628173 0.8678238986763713 0.970799114807307 0.941901235353919 0.996836502033935 0.9966443338821787 0.9871477358663489 0.964725929272204 0.9705358720227668 0.8990204382884865 0.7945239962656554 0.8453049827615686 0.7085826459270629 0.6931396440082239 0.5172056302086009 0.5455181612321585 0.33642935029823445 0.39150755166802576 0.25766611241442433 0.12763079001055094 -0.0048452694207903645 -0.0846913111577409 -0.1481300372408441 -0.3579486886594067 -0.29659717116489737 -0.511538364243824 -0.5642344664031002 
0.3649859914717573 0.7645083851791854 0.7822728175126126 0.8400406182628173 0.8678238986763713 0.979033907829847 0.9405623626802508 0.9768766776785472 0.9966443338821787 0.9871619951931905 0.964725929272204 0.9705358720227668 0.8990204382884865 0.7948642050201434 0.8453049827615686 0.7085826459270629 0.693685939913648 0.5172056302086009 0.6066319258398432 0.47892991370444415 0.39150755166802576 0.25766611241442433 0.12056748282816862 -0.0048452694207903645 -0.0846913111577409 -0.14611816145172565 -0.3579486886594067 -0.30014406970262764 -0.5068834040407257 -0.5642344664031002 
0.015196549946064758 0.5423587580192001 0.5179394425341907 0.682464248185081 0.68731787515183 0.7608170716369889 0.8339010867122622 0.9088565695306434 0.8834928735460342 0.9633314172296104 0.9970936565301419 0.9661828176300581 0.999687165536683 0.9961003377516632 0.9643415712626153 0.979139072592447 0.9136497507360859 0.8474594110739129 0.8259325368650688 0.7287087157097409 0.6360844718768233 0.6046287743963952 0.48793735020296947 0.3860145678811292 0.3113685616633774 0.06834867086633238 0.06251539809304238 -0.17074647841448853 -0.14227974271482557 -0.3565339584809005 
0.37233968812481266 0.800259717736107 0.7824434060072287 0.9292522076967475 0.879861463434541 0.9656706146496569 0.9568160592483783 0.9486653931677754 0.9909685621946017 0.9930650565824837 0.8726169088147433 0.9671064543029003 0.9024776644395369 0.8117871717053874 0.8243942985931842 0.6422392457328573 0.6020388663519018 0.5189788609259366 0.41795103912503456 0.32500733075157956 0.33859488222977907 0.12967795578771021 -0.04592774766748717 -0.052275797818030594 -0.08853322814764593 -0.3137470589599536 -0.3614486295202491 -0.4881933156605904 -0.5279558615752276 -0.6216058688736856 
0.0408183454731017 0.8580033584628839 0.8621619596363994 0.8394087415103392 0.8659980967684825 0.9661484758872289 0.9830194094227137 0.9331408203770205 0.9909775673751494 0.9904512748066094 0.8661579298283438 0.97504802395683 0.9013918998455506 0.7945632884804694 0.716540813238021 0.6836514339412687 0.5936183351122646 0.4318325861407465 0.4334105183183474 0.32500677892307367 0.336643948651355 0.12920024349136944 -0.041963338391567295 -0.051864272702609085 -0.16530791004053458 -0.2850155138674992 -0.4498447750454504 -0.5048006670161811 -0.5215290494289639 -0.6999957160896997 
0.0425506421272406 0.858529559106283 0.9107796863668276 0.9036892983748237 0.9905517075285186 0.9660292222574932 0.9830940607228636 0.9331386337265645 0.9973877383243231 0.9910411596412392 0.8661556309137515 0.9553743467043899 0.901430423472913 0.7945752908782985 0.847287400472312 0.6822815820347736 0.5765089854701121 0.4944482362949311 0.284950561107427 0.32500749857792416 0.33899533613841276 0.12383584112152504 0.05314080682932174 -0.0810025309580755 -0.16982680497613428 -0.332528826737125 -0.498238614362688 -0.5048631473291731 -0.5280413673079416 -0.7046498023871132 
0.8503537102212857 -0.5373153164849583 -0.6664402883069891 -0.726185005752479 -0.7526278702776975 -0.7932441264485757 -0.886305674512179 -0.9665623041949067 -0.8612410307094666 -0.9807019478869274 -0.9788054054252247 -0.9847882467086417 -0.905397299648033 -0.99604942703334 -0.8833487839172163 -0.7618283679567358 -0.7158393863922918 -0.798931220097099 -0.7736349704675108 -0.5322826988005837 -0.4993440386965454 -0.508420906409698 -0.1774431071274695 -0.42020333438756263 -0.43148111452044013 -0.01450349426854782 -0.03709537798261142 0.19064145682072278 0.19846858601148976 0.22874145250054212 
0.026025901665295958 0.762878837103899 0.7742535636902816 0.8390928275774128 0.8693081982309385 0.9792617575485968 0.9427470333562656 0.9991728715395246 0.9954645459264423 0.9899271520723932 0.9632393216099215 0.9719096814991824 0.9672778106551719 0.8361370649605919 0.8455301588395557 0.6421948030701039 0.756650690008575 0.540314709926254 0.6100476624294359 0.47533795761468045 0.4650437365837453 0.21934838776412804 0.24104721868096818 0.026494372300721887 0.028962207915034968 -0.27644538132056923 -0.15467972002907857 -0.22838748959850028 -0.366762805822412 -0.5391535139207024 
0.37376951892179766 0.8355050023860803 0.788259065721418 0.9278851634358565 0.8693500006801301 0.9975557219692103 0.9814345087367211 0.9997675558210423 0.9951942199156821 0.9645529210094254 0.8712664497387991 0.9243915729954536 0.8972566452593618 0.7923241637165999 0.7358060755053327 0.6421991354342372 0.5799426851419378 0.4939376522019957 0.43794186374620164 0.32507608632428664 0.338625053714091 0.12727572005355703 -0.027825655949621303 -0.0952085856713649 -0.08934828279425269 -0.28352447065726166 -0.33795524465262583 -0.4893014303260643 -0.5292173104231453 -0.6545459213020132 
0.014473364664432976 0.4082304144504609 0.5181959714389057 0.6805119574069829 0.713701709197316 0.8645720626597239 0.8382436468881231 0.955865634051618 0.9686242967018694 0.9536846014693131 0.9902344063320743 0.9661916864262933 0.9999171266365287 0.991945448686103 0.9893506128108661 0.9758113783638687 0.9351151229902845 0.8522643593789179 0.8350387116623404 0.7678492411080863 0.6302395451478577 0.5018399305803886 0.4066450866513526 0.23874030242372873 0.3178598057225343 0.06831035988568837 0.06806573728911045 -0.1755084956350843 -0.18541990432673755 -0.3594869735663262 
0.36980762869630135 0.7789511127773752 0.7824712263036425 0.8437162563906502 0.8678135209698339 0.9872663247519461 0.9919674757584274 0.9812439381110605 0.9973604879125407 0.9876162676183695 0.9504821061752813 0.9732581821391907 0.899363995274059 0.8685190710156745 0.830984828753314 0.6870936951856038 0.757824672310591 0.49361451978477777 0.5173827987796128 0.3250692607510932 0.3130626990902915 0.1752586584539833 -0.04003897167636464 -0.06403632698638817 -0.18046072320869525 -0.2775066713676155 -0.33331887072474553 -0.45244526260803797 -0.5215019660899843 -0.6220376890968147 
0.014473364664432976 0.4082304144504609 0.5181959714389057 0.6805119574069829 0.7534954789357106 0.8645720626597239 0.8382436468881231 0.9569567262829279 0.9686242967018694 0.9536846014693131 0.9902344063320743 0.9618259868034856 0.9999171266365287 0.991945448686103 0.9893506128108661 0.9758113783638687 0.9184334132948002 0.8664110595500698 0.8350387116623404 0.7006673474932108 0.6302395451478577 0.39264752936862607 0.4066450866513526 0.23874030242372873 0.31022172271265985 0.06831035988568837 0.06806283422920284 -0.1756450193013544 -0.16789153130552975 -0.35887457642085235 
0.0425506421272406 0.858529559106283 0.9107796863668276 0.9036892983748237 0.9905517075285186 0.9658080789687292 0.9830940607228636 0.9331386337265645 0.9973877383243231 0.9910411596412392 0.8661556309137515 0.9553743467043899 0.9014301780594416 0.7938629714672528 0.847287400472312 0.6832965130831652 0.6771136981805035 0.41664161545060974 0.43385093428864807 0.32573834443177085 0.3327011045063505 0.12383584112152504 0.049246293951094186 -0.0810025309580755 -0.1701868513329915 -0.33304348617837337 -0.498238614362688 -0.5048631473291731 -0.5215587644838111 -0.7046498023871132 
0.026025901665295958 0.762878837103899 0.7705451558816797 0.8390928275774128 0.8693081982309385 0.9792617575485968 0.9427470333562656 0.9785699739097771 0.995433799161449 0.9886643424408287 0.9632249386100813 0.969751107406971 0.9481859164052803 0.8360845319911868 0.8455301588395557 0.7047821826747466 0.7729011479801976 0.5135523920687972 0.6100476624294359 0.48013384922764707 0.4650437365837453 0.1766392946559105 0.27225708274065846 -0.0048670614594649615 0.028962207915034968 -0.14613464035135765 -0.16749062423534689 -0.22838748959850028 -0.36820096206406716 -0.5479033864438176 
0.36207959903769227 0.72513346254845 0.7754471625455639 0.8407283751792833 0.8521341565407025 0.9710291660439391 0.9560493804614577 0.8704825693919647 0.9981985086556769 0.9961699904396875 0.9631823106828143 0.9998526505016523 0.9502462164791206 0.7924295364590989 0.845913839453078 0.8532163235783907 0.7596467790937474 0.5167714537919476 0.4879744750934799 0.3758450588901486 0.37173622996406414 0.16714767827826615 0.21116918409866411 0.03989595287715075 0.023322679253952264 -0.15786292701241086 -0.14579214211065736 -0.3110742684614365 -0.43068150810758643 -0.547371147778899 
0.34770249399021536 0.5402078847026652 0.5193557557913319 0.6818593386864896 0.7137017918682336 0.8658689503841244 0.8381047765709109 0.9568679905201736 0.9682193855665185 0.9625201294352637 0.9902484793167663 0.9891930414022667 0.9971009878675007 0.991926622693699 0.9891677346324681 0.9098464167070089 0.9152914279142255 0.8946699679918005 0.8344726179179454 0.701325771553925 0.6404128859241404 0.5014608444387296 0.4076662106944557 0.3232841299941883 0.2068091039397969 0.06822019686539171 0.06900632218852645 -0.25225165908682534 -0.1852698800385104 -0.31799022341077526 
0.36207959903769227 0.72513346254845 0.7754471625455639 0.8407283751792833 0.8845586627550673 0.9710291660439391 0.9560493804614577 0.8704825693919647 0.9981985086556769 0.9961699904396875 0.9631823106828143 0.9998526505016523 0.9502462164791206 0.7924295364590989 0.845913839453078 0.8532163235783907 0.7596467790937474 0.5167714537919476 0.4879744750934799 0.3758450588901486 0.37173622996406414 0.16714767827826615 0.21116918409866411 0.03989595287715075 0.023322679253952264 -0.17393009822044556 -0.14579214211065736 -0.3110742684614365 -0.43068150810758643 -0.547371147778899 
0.03257844219004002 0.7485553936746188 0.7823620829951793 0.9083218844414774 0.8539495939327185 0.9669186983491994 0.9548977119340567 0.9923677491026887 0.9965237648691342 0.9932625310534787 0.9593283541904544 0.9997822142056985 0.9508747367335384 0.9596373487749381 0.7872208808974265 0.7096241196759558 0.6848993950928791 0.5165942815516136 0.5619982060873899 0.33638068689803047 0.3699484817992422 0.1758065107686141 0.10244207093692248 -0.04588113429780847 -0.07550837789091602 -0.16780403997771648 -0.3579316268410675 -0.3896575278421669 -0.5093530635712209 -0.5329815815669549 
0.03384045796644053 0.7318242470238941 0.7820517153851125 0.8392723581238193 0.8887753404306433 0.9669186983491994 0.9127899008453724 0.9783317970384212 0.9970534212025846 0.9865636068603365 0.9602796497170427 0.9488145184078636 0.9517984148576277 0.8117804058354315 0.7701579621971663 0.7059988515782498 0.7576265644471045 0.515678146094021 0.5623164936351454 0.37695286255868965 0.39028638211041466 0.16654831070677906 0.12947915527477544 -0.006257400941648575 -0.08993702813387305 -0.15786292701241086 -0.28621984283427576 -0.43183409651190163 -0.5030877655071199 -0.5500174479199621 
0.34770249399021536 0.5402078847026652 0.5193557557913319 0.6818593386864896 0.7137017918682336 0.8658689503841244 0.8381047765709109 0.9568679905201736 0.9682193855665185 0.9625201294352637 0.9902484793167663 0.9891930414022667 0.9971009878675007 0.991926622693699 0.9891677346324681 0.9098464167070089 0.9152914279142255 0.8453288586176896 0.8344726179179454 0.701325771553925 0.6404128859241404 0.5014608444387296 0.4076662106944557 0.3232841299941883 0.3115434206059219 0.06822019686539171 0.06900632218852645 -0.25225165908682534 -0.1852698800385104 -0.31799022341077526 
0.03384045796644053 0.7314542342645708 0.7706107846744332 0.8392723581238193 0.8667054457458986 0.9792299850466043 0.9421202026319712 0.9783317970384212 0.9972687648174349 0.987330139355983 0.9602796497170427 0.9696857061637822 0.9482963129648576 0.7972276707037131 0.7703755908024242 0.7058890393640253 0.7513096794762381 0.5134585013268649 0.5624906392260653 0.327271992412056 0.25982560870540344 0.16560788724552106 0.129423464147953 -0.004844029652315989 -0.07507658269562023 -0.14809221960829677 -0.2837562807030973 -0.5050226589376122 -0.5028524847310218 -0.6206395473044936 
0.36980762869630135 0.7789511127773752 0.7824712263036425 0.8437162563906502 0.8678135209698339 0.9872663247519461 0.9919674757584274 0.9812439381110605 0.9973604879125407 0.9876162676183695 0.9504821061752813 0.9732581821391907 0.899363995274059 0.8685190710156745 0.830984828753314 0.6870936951856038 0.757824672310591 0.49361451978477777 0.5173827987796128 0.3250692607510932 0.3130626990902915 0.1752586584539833 -0.04003897167636464 -0.06403632698638817 -0.18046072320869525 -0.2775066713676155 -0.33331887072474553 -0.45244526260803797 -0.5215019660899843 -0.6220376890968147 
0.34770249399021536 0.5402078847026652 0.5193557557913319 0.6818593386864896 0.6281621014155224 0.8620728183278149 0.8381047765709109 0.9571991610349643 0.9682193855665185 0.9858873773606678 0.9628519325381224 0.9891930414022667 0.9999140829613565 0.991926622693699 0.9891677346324681 0.9098464167070089 0.9152914279142255 0.8453288586176896 0.8344726179179454 0.7037138929722241 0.6404128859241404 0.4951072013770465 0.5193962839899949 0.3232841299941883 0.3113639095832826 0.06822019686539171 0.0623756348053506 -0.16935706525320754 -0.18466602694718026 -0.2598607062222856 
0.01650033410875657 0.4435178470167109 0.518185357586792 0.6805119574069829 0.713701709197316 0.8645720626597239 0.8382436468881231 0.955865634051618 0.9335006784516562 0.9529590833960911 0.9902344063320743 0.9785896304413072 0.9999171266365287 0.991945448686103 0.911017584511953 0.9757658635044388 0.9356173751854172 0.8520001790970403 0.835193065379925 0.7678492411080863 0.6261200379914341 0.5000663083308303 0.49066023350950755 0.2389020657483545 0.3178598057225343 0.14418269618582702 0.060229232855714465 -0.1755084956350843 -0.23123906892784524 -0.32357176721414266 
0.0408183454731017 0.8545456975170918 0.8610798820408428 0.8394459148830891 0.8675328749915583 0.9662570581275558 0.9830194094227137 0.933613540803298 0.9909775673751494 0.9903819005996881 0.8661579298283438 0.9696341402775233 0.9013918998455506 0.7945632884804694 0.716540813238021 0.6836514339412687 0.5936183351122646 0.4318325861407465 0.4328947639576049 0.32500677892307367 0.336643948651355 0.13025959946669885 -0.041963338391567295 -0.07749954317308953 -0.09234133694042414 -0.2850155138674992 -0.4498447750454504 -0.5046430808316305 -0.5215290494289639 -0.6999844902216257 
0.3649859914717573 0.8435976305615466 0.781953170447207 0.8400406182628173 0.8677699371437245 0.9885231873639668 0.9404810789391441 0.996836502033935 0.9966443338821787 0.977331569871655 0.964725929272204 0.9705358720227668 0.8960310291968202 0.9152800085644521 0.8240085429559979 0.7085826459270629 0.6931396440082239 0.5168637955559975 0.5621366041419263 0.3241843479375032 0.33957513702264647 0.13008546906636953 0.13553286125945024 0.021405493635110386 -0.08417318702428034 -0.1501176860692479 -0.3579486886594067 -0.47056269954285534 -0.5128740239506824 -0.5646584221710147 
0.3686923230759058 0.8470151361856972 0.7819095872650258 0.8412317695611642 0.8886220198659418 0.9680273347141058 0.9455258855971297 0.9811776969360669 0.9973088921312714 0.9864423081779721 0.9873135890640491 0.9687613989712452 0.9033802275358895 0.8017802519042154 0.7774164686259419 0.6864895131579296 0.613209473097889 0.5151189076807376 0.5620936785727072 0.3758763958178357 0.25082414301334394 0.17631927866195019 0.12947933901665393 -0.04925703493288719 -0.08539970846917033 -0.21938161403039458 -0.2876441979884585 -0.5052605542347433 -0.5436474012824755 -0.6194744737613239 
0.0425506421272406 0.8454992362261841 0.9072738114464506 0.9038429884754623 0.9757544776531466 0.9655206843058097 0.9830940607228636 0.9490298867099072 0.997499850488828 0.9930924405053603 0.869834837306888 0.9553743467043899 0.7894395688041613 0.7938629714672528 0.847287400472312 0.6536339998070914 0.6022722261569985 0.41664161545060974 0.42589863106207954 0.32574479205332396 0.36564390418702364 0.12383584112152504 -0.1579756130586391 -0.0810025309580755 -0.17054985689013744 -0.282091104420836 -0.4976446489264874 -0.5050746222774589 -0.5215587644838111 -0.7035981985801512 
0.016731188728552115 0.5445598814837352 0.5198178224657217 0.6822902662743494 0.7142817433589355 0.8328818458511409 0.846684566423041 0.9558564867931252 0.9732994824248148 0.9737262795676846 0.989954795794019 0.9661899473317793 0.9727653157308307 0.9945496677726956 0.92821000577868 0.9801137800055011 0.9170911964080251 0.8392102505704836 0.6958095450803957 0.7701794833861355 0.7192138217920834 0.5043523109584611 0.4906668814556906 0.23832686819765703 0.3175591184926814 0.14569317411809388 0.0661401194810067 -0.19326525571860043 -0.18504623109481017 -0.3227820334451314 
0.37233968812481266 0.800259717736107 0.7824434060072287 0.9292522076967475 0.879861463434541 0.9656706146496569 0.9568160592483783 0.9486653931677754 0.9909685621946017 0.9930650565824837 0.8726169088147433 0.9671064543029003 0.9024776644395369 0.8117871717053874 0.8243942985931842 0.6422392457328573 0.6020388663519018 0.5189788609259366 0.41795103912503456 0.32500733075157956 0.33859488222977907 0.12967795578771021 -0.04592774766748717 -0.052275797818030594 -0.08853322814764593 -0.3137470589599536 -0.3614486295202491 -0.4881933156605904 -0.5279558615752276 -0.6216058688736856 
0.035517201478162994 0.8485248052425985 0.8622294440607798 0.9085486656443005 0.8661849779357935 0.9443864227150147 0.9460099321733682 0.9181578356525246 0.9972532809852521 0.9932600726351725 0.9601896669441341 0.999783199856637 0.9508498575062551 0.8112440950132274 0.786574610851629 0.7074185530631525 0.5936018210351915 0.43528851310977984 0.4337596085602705 0.37643665011371985 0.36983667401451015 0.17650712197403612 0.10233344345546569 -0.04596225501162224 -0.1817022233882859 -0.28502136696544267 -0.34042812761153035 -0.49031382556636294 -0.5311093837211301 -0.5349804614935846 
0.010316488259661607 0.4405892884911854 0.46989731930552053 0.6828438077817371 0.7025971995130714 0.7672946278911116 0.8338303804185165 0.8371283249019134 0.9300614929824986 0.9484361414759086 0.9896630453466002 0.9666429718119072 0.9977046850588311 0.9991822995895759 0.9997981686450563 0.9756823912699343 0.9349654171381604 0.8523837064459091 0.8251523184290873 0.6729917795512594 0.6579089870890902 0.475348116217725 0.4878461323454701 0.27630658346598036 0.31137050776764036 0.07083927138349298 0.15346837300468402 -0.17042867670884668 -0.12411606107531596 -0.2058041342655701 
0.34306440112808334 0.4412991256912745 0.4694544201738343 0.5958507433563998 0.6282068932871282 0.8487899986951519 0.7728943947590393 0.9832840974404182 0.9305298350442153 0.9137111000484112 0.9624779381367 0.9889967338203329 0.9976980466262364 0.9965737104799665 0.9882853896321212 0.9845781007756479 0.9352394143111417 0.8521768869427027 0.8385983555955492 0.7657297681968867 0.7144972052950177 0.4072003727625635 0.552638470495087 0.26601909578046895 0.31186510845857013 0.20967622557181792 0.12150867858616429 -0.19556314488972693 -0.060330417552587556 -0.21399794794514226 
