0.702525907115903 0.7711846694844384 0.8647800199053886 0.9004455526613241 0.9580473436280635 0.9630483470274538 0.9949359534487169 0.9979737953253295 0.9904497397780906 0.988057257980349 0.9703168485868179 0.9446939550356865 0.9099435824485264 0.8642380866368113 0.7584632114146524 0.7162411194717239 0.6895309427055694 0.5477381760998676 0.4533488380626021 0.36526438337671174 0.2516398458486502 0.1765369057159721 0.05465016772131077 -0.06550914029781955 -0.14883746213436383 -0.23715269468185832 -0.3678330714958312 -0.45674230206150895 -0.5668776438102815 -0.6195477408240195 
0.702525907115903 0.7711846694844384 0.8647800199053886 0.9004455526613241 0.9580473436280635 0.9630483470274538 0.9949359534487169 0.9979737953253295 0.9904497397780906 0.988057257980349 0.9703168485868179 0.9446939550356865 0.9099435824485264 0.8642380866368113 0.7584632114146524 0.7162411194717239 0.6895309427055694 0.5477381760998676 0.4533488380626021 0.36526438337671174 0.2516398458486502 0.1765369057159721 0.05465016772131077 -0.06550914029781955 -0.14883746213436383 -0.23715269468185832 -0.3678330714958312 -0.45674230206150895 -0.5668776438102815 -0.6195477408240195 
0.02826089825280126 0.6993289678469179 0.773734841971566 0.8255187538594233 0.9063530671075595 0.9309600533727508 0.9751873294672008 0.9973791326976548 0.9882035381933272 0.9982665516602695 0.9864584452481157 0.9491590463715046 0.9429412178841954 0.8636158878872174 0.8798714537323364 0.7703532411310031 0.6933140653392519 0.5533027107341235 0.5771861133048574 0.46490081072741546 0.36027570380481255 0.26173321098680313 0.1696935576487186 0.078635765170557 -0.00263475692694096 -0.15563975704332472 -0.1932253098837961 -0.4382610461160665 -0.3895721677467647 -0.45008636466334895 
0.36022382631783684 0.7053260316950118 0.773358894627486 0.878638276648561 0.8895454240406696 0.9178035826775247 0.975217472143078 0.9973659526888039 0.9997926302687588 0.9989889708977865 0.9817950467878469 0.9593314904241846 0.9426053012131045 0.8620373908156768 0.8783460671990078 0.7977567010979412 0.6933166714601325 0.6503082775027587 0.577163871117992 0.4218720609568265 0.3576565220659052 0.2515308627739683 0.237647843241079 0.07858256959171359 -0.0025467237205943558 -0.13666667013255293 -0.19551840051368793 -0.31142320790593403 -0.3875643081261084 -0.559981545153002 
0.04005574981928551 0.7790957041073283 0.8644616182698027 0.9172187737756036 0.955379721549585 0.9847776053784025 0.9862292342051576 0.9918979717227312 0.9912286548021901 0.9632743348591806 0.9874655430802652 0.9455083689079368 0.8707057714130284 0.8108080494811789 0.7649697535242211 0.6443488776299757 0.6376358693416468 0.5097142036122355 0.4351224127944526 0.3308965021605044 0.22454438711241143 0.09572927390783326 -0.041190272780565966 -0.06802050515315712 -0.1930114156222624 -0.3675698416778252 -0.36494051485788886 -0.5204036330614357 -0.6837345327276136 -0.7063355217761786 
0.37028370768483043 0.7899573828507571 0.8647992531027112 0.8893161372394066 0.9355035086057663 0.9700712228998505 0.9948917032066709 0.9979900559251825 0.9925303457816359 0.9840809277143815 0.9756840557239459 0.9733464075979992 0.910063954106362 0.8641630185197482 0.7574654359076425 0.717259476035154 0.5766312902266046 0.5344074534283584 0.4343231048016004 0.3546567623353355 0.23229122909088842 0.13852687984382273 0.005851314283903886 -0.06671770003309695 -0.08736274218561887 -0.23689106928098982 -0.24817181470101368 -0.4501380045471011 -0.5648502196752272 -0.6495731146652215 
0.6961610102157416 0.7055459713935942 0.7597276497853499 0.8234865875527831 0.9064377758865825 0.9529560236259798 0.970064617111378 0.9977027507947683 0.9917630147429248 0.9980557627118203 0.9699431970592223 0.9657563247142577 0.9423710134939712 0.8824335376117729 0.8299488137961335 0.7927916118248824 0.6928416524591223 0.5523295040777366 0.5736563062937231 0.4232956053582157 0.3512767006062218 0.260365634166741 0.19109276054114213 0.07915671720439935 -0.06490234305231113 -0.15377458545163092 -0.25612276167115233 -0.31076409366656804 -0.4374641519616037 -0.555645739602688 
0.029176978399206188 0.6985584263086473 0.7734853951024718 0.8235389270708922 0.9060256415273115 0.9309825687660627 0.9332532459309589 0.9976606896127785 0.9882005533442003 0.9994812829294295 0.9870021865044548 0.9430645550113284 0.9444173385414657 0.8630719273722581 0.8297105642372399 0.7703287597838913 0.7143391477155998 0.5826581806556883 0.5771373949306081 0.48956247591797153 0.3577824698423943 0.2613898479431823 0.16970819921001962 0.04406528295300219 -0.038422495184602876 -0.1526043021762486 -0.2556122254954841 -0.35237387390718866 -0.43502822265206975 -0.5549084365274142 
0.02826089825280126 0.6993289678469179 0.773734841971566 0.8030519462080828 0.9063530671075595 0.9309592627848146 0.9751873294672008 0.9973650875458634 0.9878800844509961 0.9982665516602695 0.9710016940421718 0.9686163110148236 0.9429412178841954 0.8636158878872174 0.8798714537323364 0.7977730773297201 0.6933140653392519 0.5533027107341235 0.5771368102443297 0.46490081072741546 0.3604432439698824 0.28379629647329285 0.1582701306281074 0.078635765170557 -0.00263475692694096 -0.1364600733574427 -0.1932253098837961 -0.4382610461160665 -0.3886418435478312 -0.5548506266338248 
0.36296583742995536 0.6985584263086473 0.7852670576744933 0.8247050048125205 0.9060256415273115 0.9309826400899922 0.9332532459309589 0.9976606896127785 0.9882005533442003 0.9536589864946994 0.9870021865044548 0.9490565583858351 0.9444173385414657 0.863647821476553 0.8297105642372399 0.7703287597838913 0.7141748448437673 0.5821592552269065 0.5771839867399124 0.48956247591797153 0.35780991668726875 0.2617438185709362 0.16970819921001962 0.044389369982448426 -0.038422495184602876 -0.15549296752966354 -0.2556122254954841 -0.44094518322471166 -0.43502822265206975 -0.5535368262488103 
0.03715664414109069 0.7923957845872417 0.864756402234708 0.8999236974588597 0.924540807929884 0.984709089126364 0.9961697010578486 0.9742260186827518 0.9912912823742152 0.9839769099140817 0.9702849993511876 0.9457220836907357 0.8701601819319157 0.8052232506873336 0.7581460624770205 0.7148236332680474 0.6904848260992376 0.5486750595929797 0.4350597344154866 0.35533584714762534 0.23031560115824212 0.1373568870067997 0.055038980252696025 -0.0680333529288065 -0.13134082796436827 -0.23689110929607315 -0.3262724521976547 -0.4402601040811684 -0.608466089599062 -0.6495684709153229 
0.031243792865229977 0.6982261091266462 0.7895107949802084 0.8036081209750067 0.8894069642896656 0.9309521043115334 0.9743825592440095 0.9973254297547708 0.9856569094412979 0.9991352713892686 0.9883942850972697 0.9455523464575456 0.9221805299972367 0.8966008137218203 0.8347537726112211 0.7965697122112303 0.6811125774707723 0.6909947128023733 0.5113900395147127 0.4223114341287298 0.35779434444456454 0.25493497579567687 0.1517220972572139 0.07904806203926115 -0.08831717080458892 -0.17069017296322117 -0.2815680081302708 -0.36626881759597085 -0.48402073997078626 -0.5598685382058785 
0.03026403631613253 0.6996860775360623 0.774039131584215 0.8240649626378846 0.8895773497178059 0.9309736887337539 0.9861189115727713 0.9963529267451717 0.9875411979772168 0.9687103052939227 0.9891293474698681 0.9656762107612469 0.9272025010002035 0.9147758813047311 0.8337935101849123 0.7982032754219449 0.693567944045462 0.6513204307713066 0.5762712979092532 0.4238208179208933 0.3577788851891596 0.2838165688440709 0.15173412978368894 0.07490904894309335 -0.06475848340583656 -0.10599359680393419 -0.2565917582093674 -0.3495461136738337 -0.4882931209486679 -0.5526073031367986 
0.0335141837029266 0.7345049724566824 0.7962961443992819 0.8921650221011411 0.9187920929910225 0.9288241860108415 0.9748619860160793 0.9980371777844662 0.9918311217656195 0.9938752853630902 0.9702927381399659 0.9517416523395211 0.9235409005122652 0.8655975759395287 0.8078001194674103 0.7982459694657831 0.6757686535818062 0.5521551915408852 0.5114182515765058 0.4663488648915719 0.32306905032006744 0.17741753451009412 0.1040723229703967 -0.020294378952719058 -0.08923805154333186 -0.24617725407052268 -0.2982664300229885 -0.43228775786094537 -0.49300254011147054 -0.6422898643784272 
0.37028370768483043 0.7924485947571667 0.8647992531027112 0.8893161372394066 0.9355035086057663 0.9700712228998505 0.9948917032066709 0.9979900559251825 0.9925303457816359 0.9840809277143815 0.9756840557239459 0.9733464075979992 0.910063954106362 0.8641630185197482 0.7574654359076425 0.717259476035154 0.5766312902266046 0.5344074534283584 0.4343231048016004 0.3546567623353355 0.23229122909088842 0.13852687984382273 0.005851314283903886 -0.06671770003309695 -0.08736274218561887 -0.23689106928098982 -0.36507920642474967 -0.4501380045471011 -0.5648502196752272 -0.6495731146652215 
0.03258794286197253 0.7367477026523536 0.7965055826204361 0.8799248710141226 0.8996077171883369 0.9288646256946094 0.9746032884082582 0.973779636378388 0.991566706769679 0.9821084374906022 0.9702677623207799 0.9429213200442356 0.9235601591494195 0.8641957591749937 0.80921880810285 0.8014850868801906 0.6757383920147468 0.5507761645190097 0.5118958376088666 0.4245765774278812 0.2934539172485612 0.1773029268012572 0.06826004662632244 0.0449272562820717 -0.10132043305252289 -0.21731693915760772 -0.3258360343399883 -0.36985534238508505 -0.4920993895893612 -0.5927819952881854 
0.0302376331413088 0.7468481742125493 0.7887064477558402 0.8136521575997285 0.8947926704701885 0.9309503984308647 0.9720015990398195 0.9778477142318323 0.985704417142938 0.9152078514400998 0.989633436624455 0.9593805424911187 0.942935164517679 0.8608086926706513 0.8337981978815517 0.7980360461270335 0.6934337252298223 0.6290646603482041 0.533216108897739 0.39888453917867217 0.3581375048856211 0.2605909792877651 0.15170514198582888 0.07918172807428137 -0.07530400216890269 -0.21931207408783987 -0.25565356507434467 -0.31826939086611344 -0.4398524938565243 -0.5433023678807021 
0.03884330147876455 0.7796546943103027 0.8644566382511697 0.8905952364977536 0.9579115887923829 0.9848162682229005 0.9949284998740389 0.9954174645433549 0.9925541622228357 0.9833789971495878 0.9956010733923181 0.973839864525266 0.8679505859657298 0.8050506434709431 0.757484384674085 0.7571650306454012 0.5668699177534302 0.5352240293680023 0.4253791282994438 0.3526549796501988 0.19526569804476643 0.09088305710846398 0.024949850381378806 -0.06760984982494507 -0.22960920357520337 -0.2610535768257052 -0.3768290805722831 -0.521566516065753 -0.5662113541672547 -0.6679185745622991 
0.7010888895691125 0.7545082163391845 0.7974046538259341 0.8919362515711842 0.9581746315056765 0.9486815595434421 0.9750636977635702 0.9773419843234059 0.9931483542232257 0.9936164081646925 0.970307366679623 0.9421156280034378 0.9062876105979245 0.8638815709881319 0.7557853835683445 0.7403507356846488 0.6757677112723146 0.5894178481092022 0.5114173828172612 0.39865247789667163 0.2654244752838112 0.17748173666747136 0.10292929600795434 -0.020648773514111898 -0.13274424390963627 -0.2461335250649111 -0.3072107372661494 -0.43218945353410343 -0.4838528151996375 -0.595269481807688 
0.6988116274320227 0.7068667042757983 0.7737024487613321 0.8667749379744726 0.8872382683093537 0.948297894492469 0.9722171792700912 0.9917219945091289 0.993045741872397 0.9886572885850085 0.9868140266149319 0.9649698194319912 0.9208094854219637 0.8822616533994769 0.8360328325692479 0.7953457157246558 0.692858761640232 0.6511221536103313 0.5071881203709567 0.42285381015061774 0.3513124842387265 0.24985077740928605 0.06987391155837552 -0.02148167396830908 -0.10289017817959425 -0.19425653330773363 -0.25581916242973457 -0.4300033156341528 -0.48332543198832284 -0.5583176738893897 
0.36867595837092476 0.7734036066208393 0.8643282602343326 0.8890058767957166 0.9473346496080136 0.9469710335209579 0.9948795246395532 0.9913345591595332 0.9925303457816359 0.984107803981745 0.9705019864912259 0.9429218875659128 0.9296148467861913 0.8541796698065398 0.76575069390526 0.7162417554891082 0.6747932016142792 0.5492764609766988 0.5082249172585036 0.36326008234214013 0.1925270874156404 0.18131483885555924 0.05493003305699833 -0.02092853396047632 -0.08718171998784455 -0.23687308476626187 -0.38745743089964635 -0.43853508483822173 -0.5478548797963987 -0.6499731725094353 
0.03910968902301019 0.7818076363274826 0.8650710682096651 0.8903052875454992 0.9579115887923829 0.9847090351219043 0.9751790472254991 0.9954174645433549 0.9938082479417977 0.9999909465249115 0.9948962639431065 0.9437337715372777 0.8703061762598797 0.8050506434709431 0.7581522517300758 0.6389922975214027 0.6814189706616444 0.49510693659699834 0.42093092241370744 0.3526549796501988 0.1912960784692409 0.10045591058971215 0.04069907577623654 -0.06803297494418903 -0.19097212529702454 -0.28116870200548316 -0.3664927262568722 -0.45874205801788326 -0.6099458615901547 -0.6681089749942164 
0.366394552326513 0.7367477026523536 0.7965055826204361 0.8799248710141226 0.8998309660620037 0.9288646256946094 0.9746026469814517 0.973779636378388 0.9993798938403597 0.9720163910763002 0.9702380318349348 0.9464626897422375 0.9235601591494195 0.8641957591749937 0.8232572546705405 0.707504000303675 0.67573858469883 0.5491466106855964 0.5118958376088666 0.40880310432153394 0.2934539172485612 0.18020239377890804 0.06579388765806034 0.0449272562820717 -0.10133959316549548 -0.21731693915760772 -0.3258360343399883 -0.43809762253318013 -0.4927123679284579 -0.5927819952881854 
0.030239073130746346 0.6999328990288002 0.788523324303889 0.8030519462080828 0.8894197254636356 0.9309506672951623 0.9743841325715875 0.9973651057526205 0.9924548626239411 0.9988478098586288 0.9896302843166269 0.9591190499241287 0.9429454705411352 0.8636642086211104 0.8337671792743526 0.7980864173567095 0.6934424689484584 0.6502985869162528 0.5771368102443297 0.4653394917360071 0.35812842607616047 0.2595726923560559 0.15174594367622463 0.07918066060781949 -0.0753225329174695 -0.21740157149159417 -0.25577566771134086 -0.3572857878270605 -0.48300104244672226 -0.54303253200577 
0.03910968902301019 0.7818076363274826 0.8650760097744319 0.8903052875454992 0.9580180545639214 0.9847090351219043 0.9751858428430864 0.9985856992628518 0.9924112510339981 0.999717023291496 0.9948962639431065 0.9738387348557913 0.8712466571775855 0.8048570277207303 0.7575498844144909 0.6389922975214027 0.5791855396935726 0.49496152272211463 0.42093092241370744 0.3526549796501988 0.1912960784692409 0.09566695807184786 0.04069907577623654 -0.06803297494418903 -0.19097212529702454 -0.2610535768257052 -0.3664927262568722 -0.5248646296776054 -0.5632028512027967 -0.6681089749942164 
0.36411002692443784 0.7055012417821963 0.7888211515911079 0.8782740397620419 0.9000003699376783 0.9309593781756146 0.9744688463764061 0.9913608666823436 0.9670388222984057 0.9898853033307493 0.9698569217726493 0.9585821232578059 0.9191806616752483 0.8641020829396158 0.8337944215739169 0.7952115247901872 0.6814058196622599 0.6503104178299514 0.5136797658815843 0.424049288891492 0.36062689122564384 0.2564401589107054 0.13699353299692266 0.07982290148517934 -0.08908723635155812 -0.16570713675318316 -0.28191147841168124 -0.36821436470945224 -0.48302393740105604 -0.5600606383439932 
0.032251203529897673 0.7056520140970828 0.7913689596075297 0.8243124586719923 0.8995546493307829 0.9882023143580884 0.9750843004154156 0.9915086982838085 0.9947038852818703 0.9927666738862838 0.970398099708457 0.9837902599311398 0.9292236330067964 0.8636334352957192 0.835612922440784 0.7700468860015202 0.6748875179479783 0.560226131565975 0.5133444086131863 0.42402513824719934 0.3258283107160969 0.24542143781978384 0.1276268695193647 0.0792042870668993 -0.08728278105612207 -0.19493517829208 -0.2966627390099888 -0.34620603267496947 -0.494233540331022 -0.5908120673290236 
0.0370571623569351 0.7923957845872417 0.8648009661288413 0.9001382705698358 0.9474033154575543 0.9847145978405585 0.9961087907467259 0.9916628752542703 0.9912252907026593 0.9839769099140817 0.9690648791273887 0.9417382478014268 0.9115827922225096 0.8641085406320627 0.7584674974945347 0.7162416968927388 0.6904848260992376 0.5477597280171067 0.4357261650415624 0.35533584714762534 0.2319944191410484 0.1373568870067997 0.0549429096608591 -0.0680259769970436 -0.13134165728756172 -0.23688988068240902 -0.36657987808490583 -0.4402601040811684 -0.5656209483654866 -0.649587697974684 
0.6972999265366868 0.7057240142589932 0.7504609225725984 0.8263103397407534 0.9064433210157867 0.9501708739974808 0.9734574009567769 0.9914430743437337 0.9812452825688264 0.9743671286406639 0.9891773279136714 0.9839891707137847 0.9276115225478117 0.8820226565171281 0.8294823873599922 0.7979498309026707 0.7128484228196357 0.6513318550535345 0.5771422245351675 0.4252947979061342 0.35833988813849754 0.2542085100583769 0.17393403284995332 0.04502721578690898 -0.07543091739864147 -0.153857903000177 -0.2567023765042355 -0.34388913807751076 -0.48398035200860695 -0.5536723917396285 
0.034081387769490185 0.7390335776173779 0.8488143431324614 0.8668599064256339 0.9233036859587642 0.9984973475531038 0.9959096723026677 0.9966928088803779 0.9946673971810697 0.9988935653155373 0.9874327582116774 0.9885113917915709 0.9073692513761091 0.8661370619265493 0.8271621212231857 0.7467905938601435 0.6534805609835979 0.5488164877836557 0.5097598842730994 0.39755568963037397 0.313921822347193 0.17749506687804623 0.0662901739492252 -0.02093038858040847 -0.12965501868153492 -0.21970389274577118 -0.3259455982636136 -0.4390531550865781 -0.5156137623458481 -0.559403081045125 
0.0302376331413088 0.7468481742125493 0.7887064477558402 0.8136521575997285 0.8947926704701885 0.9309503984308647 0.9720015990398195 0.9778477142318323 0.985704417142938 0.9152078514400998 0.989633436624455 0.9593805424911187 0.942935164517679 0.8608086926706513 0.8337981978815517 0.7980360461270335 0.6934337252298223 0.6290646603482041 0.533216108897739 0.39888453917867217 0.3581375048856211 0.2605909792877651 0.15170514198582888 0.07918172807428137 -0.07530400216890269 -0.21931207408783987 -0.25565356507434467 -0.31826939086611344 -0.4398524938565243 -0.5433023678807021 
0.03132955164675852 0.7053199896081778 0.7897018362565338 0.8401204748795301 0.9030830143608327 0.9309521043115334 0.9744169510714482 0.9940252368905621 0.9856569094412979 0.9979475652277587 0.9865073198692416 0.9754412102757901 0.9221805299972367 0.8841056323345283 0.8347309920422196 0.7787673437086422 0.6819903058251962 0.6503101249177925 0.5769269262703813 0.4218694708852854 0.35866554310416504 0.25493497579567687 0.17481122588199902 0.07904351451175773 -0.08831717080458892 -0.16849071214392278 -0.22585885421258173 -0.3662775639224135 -0.48397872851118406 -0.5598679794964189 
0.36640335991748174 0.7051819466496293 0.7886436707706064 0.8783219195984571 0.8694902853027345 0.9609587377647681 0.9748249025632922 0.9772872949405642 0.9941355929121328 0.9934225791175588 0.9700891103610461 0.9486118095760159 0.9232647969574661 0.8642081716214606 0.8358341873969216 0.7154224366444593 0.6734948429252399 0.5625070060657793 0.513960331333982 0.4117950851677718 0.25610309057147557 0.1801730326530052 0.09164166698804903 -0.017840155061773763 -0.09033829071829375 -0.1870227876145194 -0.3236917342905438 -0.4300623495726393 -0.5106341312702352 -0.5585986499782948 
0.03558766770432885 0.7869037347420629 0.7882292976546188 0.8890073538350015 0.9564941918748116 0.9633882133354944 0.9942893821884552 0.9982237899158238 0.9920675485665975 0.9939127120119788 0.9708249544399263 0.9429214067908457 0.9028263666959693 0.8646188732388932 0.7612890568889809 0.7167147951301678 0.6744709455101655 0.5492764801015669 0.5079976553926016 0.3971731831645813 0.2541342889731696 0.1763404941969164 0.05474139764679411 -0.02414115918580391 -0.1307380408000821 -0.23687588458211134 -0.3694577938075657 -0.43546553930833815 -0.547952406819838 -0.5987550669567799 
0.6999340308096018 0.7386751836753331 0.8513101553185756 0.8667512039093498 0.93144989768971 0.9486897023993921 0.9965945987038354 0.9916796915906451 0.9986624201999938 0.9817992277446161 0.996227082430157 0.9485793801244274 0.9202853861574578 0.8640898862169454 0.8228548336766094 0.746697786049573 0.6658147991518292 0.5821281750105733 0.5097451080939004 0.4019231743341436 0.35266696777646 0.18124295333015292 0.06643528136382254 -0.020927423981512715 -0.10252449605820933 -0.19429493732702663 -0.2985928297755248 -0.4302162845714695 -0.5103565319487551 -0.5594588319849289 
0.035077276658521304 0.7458754783524008 0.8059151894852529 0.8793931617844272 0.9301226669755897 0.9856955084974418 0.9988566489414406 0.9732197748627102 0.99435322964736 0.9850540742420112 0.9699682148811103 0.940154721527452 0.9184673788993614 0.8637275533034896 0.7923831029467521 0.7469469224907257 0.6458316609963883 0.5332386812212089 0.45396254783638235 0.38847177109771674 0.2726001314401549 0.17740710234872736 0.06538359946328397 -0.03511577195583553 -0.1320857879095001 -0.32274874605800474 -0.324258865456943 -0.43761263076919 -0.547890360030235 -0.591689878487008 
0.36296583742995536 0.7053260316950118 0.773358894627486 0.878638276648561 0.8898364331421794 0.9308652290520629 0.975215757341585 0.9972734270961974 0.9997926302687588 0.9989889708977865 0.9864578720303664 0.9592144831966284 0.9426053012131045 0.9011339855615835 0.8249605903768034 0.7970740125725247 0.6934054385340566 0.6503082775027587 0.5764053982421619 0.4218720609568265 0.3576504384490665 0.25378194263889414 0.17566943501682827 0.07465207067450975 -0.06940032197483302 -0.16786103802093472 -0.25620917924488035 -0.3086804311444393 -0.4839806093195399 -0.5599061799119827 
0.702525907115903 0.7714880470720098 0.8644289334662001 0.8997048191575869 0.9571013489300206 0.9856511621761482 0.9922053198046699 0.9979162843693471 0.97213837161502 0.9951049241600842 0.9707337356732597 0.9434810477495083 0.9115712640110103 0.8642380866368113 0.7584545866062524 0.713794300512 0.6462774328670007 0.5511149205023042 0.45429111571207487 0.36244236546414826 0.2589730388445436 0.1765369057159721 0.05465886224222128 -0.06729452191054094 -0.14883746213436383 -0.2614023523381357 -0.36901697603573325 -0.45590895182096036 -0.5667801168762848 -0.670306352861215 
0.035077276658521304 0.7458754783524008 0.8046063979592452 0.8792847653750473 0.9301226669755897 0.9856955084974418 0.9988566489414406 0.9729307382149226 0.99435322964736 0.9880538830041952 0.9699682148811103 0.940154721527452 0.9184673788993614 0.8637275533034896 0.7923831029467521 0.7480544722778683 0.6446902911830106 0.5492611688339871 0.45396254783638235 0.38847177109771674 0.25311958143417346 0.17740710234872736 0.06538359946328397 -0.03511577195583553 -0.13219049047061082 -0.2320023482948496 -0.324258865456943 -0.43761263076919 -0.547890360030235 -0.6197874449279623 
0.03440295040728522 0.746491719141397 0.8404004401748387 0.8793604540320089 0.9301226669755897 0.9856955084974418 0.9988566489414406 0.9777277638704802 0.9942920572893866 0.9934555147334772 0.969977368186175 0.940154721527452 0.9184263602653602 0.8637275533034896 0.7923831029467521 0.7472943002697662 0.6458316609963883 0.548948263925153 0.455589105138212 0.39853768952582846 0.2540854858369274 0.17740710234872736 0.06538359946328397 -0.03493187319533122 -0.1320846262063978 -0.32274874605800474 -0.324258865456943 -0.43761263076919 -0.547716502732556 -0.5913565096220379 
0.36853974732909983 0.7760212576380436 0.8647728561145542 0.8890058767957166 0.9315709041183794 0.9469710335209579 0.9948826251502815 0.9913345591595332 0.9925643846604406 0.9932152823879751 0.9705031630575403 0.966067566159565 0.923560065207682 0.8642409851921191 0.7556074156250141 0.7158853942485833 0.6747932016142792 0.5492970786162406 0.4533916703994877 0.36347748263254237 0.2573111918264188 0.1776170280927116 0.06408541269642945 -0.020556572613872417 -0.11339141661151722 -0.23362650353125178 -0.33005302171937917 -0.4388386780614792 -0.5475753344934537 -0.5925372697101136 
0.03904675506754176 0.7818076363274826 0.8644567383885867 0.8903052875454992 0.9580909790641855 0.9847090351219043 0.9751858428430864 0.9987467393839933 0.9924112510339981 0.9275840787708973 0.9948962639431065 0.9738403200443744 0.8712466571775855 0.8048570277207303 0.757530753298476 0.6389922975214027 0.5791782406400483 0.5101740343611175 0.42102051595926643 0.33297521733413776 0.19159776639788845 0.09566459961760929 -0.038737369948475917 -0.06803380858717371 -0.19097212529702454 -0.2610535768257052 -0.3664927262568722 -0.5248646296776054 -0.5632033662590981 -0.7080758255817918 
0.04005574981928551 0.7788757497173547 0.8644513083358598 0.9174149484256106 0.955379721549585 0.9843121732162584 0.9750087300684771 0.9736485604433056 0.9911898379914097 0.9650304626500164 0.9874655430802652 0.9447697730586038 0.8707057714130284 0.8108080494811789 0.7649697535242211 0.7151817932533157 0.5642832532906821 0.5097142036122355 0.42527639022531066 0.3308965021605044 0.22454438711241143 0.09572927390783326 -0.04318941995032662 -0.06802050515315712 -0.19321556124378322 -0.3675698416778252 -0.36494051485788886 -0.5204036330614357 -0.6837345327276136 -0.7063275418717024 
0.0370571623569351 0.7923957845872417 0.8648009661288413 0.9001382705698358 0.9474033154575543 0.9848163345463677 0.9968976886515281 0.9916628752542703 0.9912252907026593 0.9820094237241787 0.9690648791273887 0.9734675139736437 0.9115827922225096 0.8641085406320627 0.7574867481851663 0.7162416968927388 0.5760470777955907 0.5344643008253654 0.4257874763823202 0.35533584714762534 0.2319944191410484 0.1385437448296762 0.0549429096608591 -0.06802584010702845 -0.13034023965758368 -0.23688988068240902 -0.36657987808490583 -0.4402601040811684 -0.5656209483654866 -0.7008932472206459 
0.36296583742995536 0.6985584263086473 0.7852670576744933 0.8247050048125205 0.9060256415273115 0.9309826400899922 0.9332532459309589 0.9976606896127785 0.9882005533442003 0.9536589864946994 0.9870021865044548 0.9490565583858351 0.9444173385414657 0.863647821476553 0.8297105642372399 0.7703287597838913 0.7141748448437673 0.5821592552269065 0.5771839867399124 0.48956247591797153 0.35780991668726875 0.2617438185709362 0.16970819921001962 0.044389369982448426 -0.038422495184602876 -0.15549296752966354 -0.2556122254954841 -0.44094518322471166 -0.43502822265206975 -0.5535368262488103 
0.36564321415456225 0.731682106204723 0.7938381110878593 0.8782817836068163 0.9064584485469973 0.9298310813401688 0.9745669467736632 0.9945493943222206 0.9941927455982116 0.9913237586513868 0.9656805093527673 0.9485484513893946 0.9232133460589178 0.8645926420844233 0.824644200337529 0.7961529780329816 0.6736771317408511 0.6511410505617881 0.5112170933676624 0.4215234463929436 0.32748880795820384 0.24149747979354544 0.12704081243722765 0.044764874149959194 -0.0891292148765363 -0.19554045662814468 -0.2562623087682603 -0.4332486175955113 -0.4943876617776013 -0.5533211847079308 
0.03444248463301014 0.7464900871064662 0.8400653245370165 0.8807658049498832 0.9303705935428673 0.9476718273217659 0.994885251889662 0.9777053065074687 0.9942914898466062 0.9932000318472346 0.9705047027224556 0.9401526086311247 0.9096381294833444 0.86403366333324 0.7657737832367153 0.7150485223783878 0.6641366448760907 0.549510764551518 0.5102263371745769 0.39795374910170495 0.2542761269862262 0.17777277373746936 0.0651004707919691 -0.017937905586247815 -0.13164110387589223 -0.2372142749027671 -0.3298849499639924 -0.4390519146912749 -0.5157584277099693 -0.5548081450955078 
0.36296583742995536 0.6983829831007647 0.7797548924223052 0.8245711629705059 0.9060256415273115 0.9313785216584051 0.9991783722221291 0.997664643884161 0.9814107924680221 0.9728431619041625 0.9891971310513955 0.9847402782294372 0.9444173385414657 0.8823199295759532 0.8297105642372399 0.7693204057339673 0.714194892717827 0.5808860989641591 0.5317582710769441 0.48734577182370253 0.3578091760178997 0.26118749502721667 0.16971198370553323 0.07856639053691604 -0.03855033321313106 -0.15549296752966354 -0.2556122254954841 -0.44264491867422984 -0.43502822265206975 -0.53380213933813 
0.6961563136862892 0.6996949517966105 0.7935358824222785 0.8168858218100106 0.8897109536337007 0.9309676817298324 0.9743662711269676 0.997811311646747 0.9923595211522157 0.998222530559924 0.9986303551232907 0.9426936636379825 0.9492547731112191 0.8975275004204324 0.8250208073466317 0.7965581197504819 0.6743498342363643 0.6500092398355016 0.574695507887848 0.424140391534479 0.3580031959105134 0.26003764053393474 0.189031219921117 0.07485857826308866 -0.06340612655329733 -0.1549338978972427 -0.22732408719823552 -0.3498552135817425 -0.4880755944903041 -0.553768206222654 
0.36743905030470897 0.7335676971025642 0.8076421531446775 0.8801872874413519 0.9289618524172083 0.9305068670167623 0.9855912217633237 0.9849499024811235 0.9992660349691099 0.9857923876173276 0.9702217499522587 0.9464096950876052 0.9236645695495516 0.8629339512002384 0.8230439567672055 0.7056632493654521 0.6748264586470982 0.5353505444664619 0.4595679218420063 0.35813817019435584 0.2909599516968878 0.17997907313158545 0.0682221219914622 0.04186640935585318 -0.10141109335641373 -0.22931358064226665 -0.30525051224929695 -0.4372688438471262 -0.5060719525241932 -0.6066659674467476 
0.04005574981928551 0.7918089667524904 0.8644513083358598 0.8918870198193738 0.955379721549585 0.9706129213183796 0.9981884508871314 0.9987442440517608 0.9924605243841556 0.9626032320329619 0.9874655430802652 0.9734837168085947 0.8712641967484118 0.8108080494811789 0.7575321950405134 0.7173819345889512 0.5768786759799512 0.5097142036122355 0.42527639022531066 0.3323508723371834 0.2247233394571754 0.09572927390783326 -0.041021785444058045 -0.06802050515315712 -0.19624529291586537 -0.3675698416778252 -0.36494051485788886 -0.5115382000353441 -0.5634213622723269 -0.6465361548544856 
0.6997277884477686 0.734392073294829 0.7896731329472507 0.8921650221011411 0.9017061290127085 0.9295920665196477 0.9748751260915199 0.993938369748263 0.9951016996789147 0.9702169870045255 0.9883484455344215 0.9429453175317198 0.9233628511613119 0.8641291790769825 0.8056295785096842 0.7698212787060359 0.6748927490850696 0.5506450467515883 0.5095682184319866 0.39929309577179084 0.3279019398619021 0.17998132858653493 0.12796557975471473 -0.02062243963485042 -0.07651174076853887 -0.2462737769751764 -0.2982578395185794 -0.443177934350224 -0.4929436393075963 -0.5424704233595244 
0.6999340308096018 0.7365112689934772 0.8097657858061341 0.8780752596761284 0.9312943826266248 0.9305071526695179 0.9744780976059442 0.9916796915906451 0.9987926077456226 0.9817992277446161 0.9865835449989696 0.9485808702312932 0.9202853861574578 0.8641020829396158 0.8221022103792757 0.7069892000048218 0.66558654413618 0.5352998933884761 0.5115749377945988 0.4024284790160033 0.36068910749579963 0.18124295333015292 0.11273388402322468 -0.020927423981512715 -0.10285140996457108 -0.22935753711205825 -0.2974703051822836 -0.4307376557169029 -0.510461448579835 -0.6192967907045731 
0.7010888895691125 0.7472236859937521 0.8184157636460044 0.8998001469953597 0.9183839003660823 0.9284263417784878 0.9849836534988464 0.9780801900451371 0.9926175198312568 0.9715036996228812 0.9702924268749737 0.9449543851682308 0.9235410813076268 0.8656530129480147 0.7760979615020468 0.758422435972756 0.6745292426094898 0.5493440290398998 0.5111447299600316 0.3965214215010727 0.26194935521841517 0.1774993522417982 0.0716480308313812 -0.02092651248217976 -0.08642970806451608 -0.24592173279093482 -0.3283713995410596 -0.4389897987167385 -0.5082973907084359 -0.6437732779829433 
0.6972999265366868 0.7055485710511108 0.7738947658068409 0.8280534877165047 0.8906249973983285 0.9302125405213578 0.9734574009567769 0.9977825751200209 0.9812452825688264 0.9743671286406639 0.9777399497272977 0.9847464298708711 0.9274463454342565 0.8822627758271664 0.8360793629031227 0.7969414768527467 0.7128684706936953 0.651154361484019 0.5317165088721992 0.4241516419995212 0.3514416222549662 0.2536521865146574 0.15133800790546983 0.07920423634137659 -0.07543091739864147 -0.1979029321616003 -0.2567023765042355 -0.343445641627028 -0.4839860095977977 -0.5342726282695274 
0.36753501732717997 0.7365430354483818 0.8390959284974708 0.8922463954732353 0.9239225397674488 0.9860848680512814 0.9957861279680893 0.9944754067908833 0.9500136796534391 0.9701841244013082 0.9993382797588896 0.9460124330421661 0.9237576623149918 0.8654162679142693 0.8078398438162315 0.72930744769938 0.6835100102009648 0.549080711652999 0.5111962097359161 0.4083831874274233 0.32838585877620996 0.17998135649767413 0.11254505377227299 -0.020613382097552767 -0.08929959205215648 -0.24337731973777163 -0.3255761510398233 -0.43714775662959254 -0.4929743703336811 -0.5928510147822741 
0.03682258450798216 0.77683874122821 0.8644771625140925 0.9184287567785523 0.957082430855239 0.984993847894831 0.9963570223703981 0.9947496973748735 0.9724723517350596 0.9835536922184545 0.9692384228713582 0.9743821292733996 0.8706691592893149 0.8132954616443523 0.7526284982008626 0.6563503780636696 0.6460211039747811 0.49352645292607955 0.4344398130464265 0.39620454466985006 0.2524997183857467 0.09674055858674625 0.040331666108959614 -0.01717406370289158 -0.18960795553515272 -0.2600069880325414 -0.3830550212691002 -0.5254191680186456 -0.5711416945619552 -0.6258243958299352 
0.035588109268887225 0.746491719141397 0.7889303344764942 0.8886859637267023 0.9301226669755897 0.9856955084974418 0.9988566489414406 0.9777277638704802 0.9941828799787484 0.9934555147334772 0.969977368186175 0.940154721527452 0.9184263602653602 0.8637275533034896 0.7923831029467521 0.7154029449531081 0.6458316609963883 0.548948263925153 0.454243870688734 0.39853768952582846 0.25408622169165823 0.1763346388228672 0.07941641257977992 -0.03493187319533122 -0.1320807235704338 -0.2323673556829448 -0.324258865456943 -0.43761263076919 -0.547716502732556 -0.591774345444248 
0.035077276658521304 0.7458754783524008 0.8046063979592452 0.8792847653750473 0.9301226669755897 0.9856955084974418 0.9988566489414406 0.9729307382149226 0.99435322964736 0.9880538830041952 0.9699682148811103 0.940154721527452 0.9184673788993614 0.8637275533034896 0.7923831029467521 0.7480544722778683 0.6446902911830106 0.5492611688339871 0.45396254783638235 0.38847177109771674 0.25311958143417346 0.17740710234872736 0.06538359946328397 -0.03511577195583553 -0.13219049047061082 -0.2320023482948496 -0.324258865456943 -0.43761263076919 -0.547890360030235 -0.6197874449279623 
0.36298603152968023 0.7055403975766305 0.7937192889795722 0.8782738924338742 0.9064433210157867 0.9304503834443384 0.9737551522494337 0.9947834401521017 0.9815593589788639 0.9957809088046823 0.9697737839050707 0.9651612043535667 0.9197274677055658 0.8818832670141241 0.824693821276051 0.7961664151817243 0.6812465961297911 0.6508243009138032 0.57999605626197 0.4241516419995212 0.3866782742969853 0.26040544600193144 0.19112940989840632 0.07915539139386647 -0.015874909900443546 -0.153857903000177 -0.25606174543292026 -0.3086804311444393 -0.48396515235264487 -0.5339377048289483 
0.03361785080064797 0.7459522963850502 0.808273314606318 0.8890465727719861 0.9006056011694236 0.9890438464926185 0.9751828033085421 0.9913373735932028 0.9946357278243015 0.9891164099566565 0.9699506512041973 0.9429329083196206 0.9236310285972841 0.8642317799877152 0.8353769758279631 0.708406241721269 0.6734928037790472 0.5496724336220222 0.513739618277388 0.4011185560395571 0.3156387089541611 0.18016647009816364 0.08817312071854264 -0.022099982346894274 -0.08904238213092268 -0.2303560906894417 -0.2981825545948326 -0.43810179474459665 -0.5092759074977539 -0.5596897816548065 
0.0370571623569351 0.7923957845872417 0.8648009661288413 0.9001382705698358 0.9474033154575543 0.9848163345463677 0.9968976886515281 0.9916628752542703 0.9912252907026593 0.9820094237241787 0.9690648791273887 0.9734675139736437 0.9115827922225096 0.8641085406320627 0.7574867481851663 0.7162416968927388 0.5760470777955907 0.5344643008253654 0.4257874763823202 0.35533584714762534 0.2319944191410484 0.1385437448296762 0.0549429096608591 -0.06802584010702845 -0.13034023965758368 -0.23688988068240902 -0.36657987808490583 -0.4402601040811684 -0.5656209483654866 -0.7008932472206459 
0.035077276658521304 0.7458754783524008 0.8059151894852529 0.8793931617844272 0.9301226669755897 0.9856955084974418 0.9988566489414406 0.9732197748627102 0.99435322964736 0.9850540742420112 0.9699682148811103 0.940154721527452 0.9184673788993614 0.8637275533034896 0.7923831029467521 0.7469469224907257 0.6458316609963883 0.5332386812212089 0.45396254783638235 0.38847177109771674 0.2726001314401549 0.17740710234872736 0.06538359946328397 -0.03511577195583553 -0.13390270566789297 -0.32274874605800474 -0.324258865456943 -0.43761263076919 -0.547890360030235 -0.69318061033713 
0.36867595837092476 0.7734036066208393 0.8643282602343326 0.8890058767957166 0.9473346496080136 0.9709475568850147 0.9960916083698428 0.9913345591595332 0.9925303457816359 0.984107803981745 0.9687533035380074 0.9429218875659128 0.9230100400364389 0.8642427295351338 0.7619837392401256 0.7162417554891082 0.6747932016142792 0.5492764609766988 0.5082249172585036 0.36326008234214013 0.2563555332811114 0.18131483885555924 0.05493003305699833 -0.020990599438957595 -0.08718171998784455 -0.23687308476626187 -0.38745743089964635 -0.43853508483822173 -0.5478548797963987 -0.6499731725094353 
0.03682258450798216 0.7768167634598103 0.8644770771934773 0.9184287567785523 0.957082430855239 0.984993847894831 0.9963570223703981 0.9947496973748735 0.9724723517350596 0.9835536922184545 0.9700593252401364 0.9743821292733996 0.871270792618204 0.8641619233447614 0.7517241785330986 0.6567128678184264 0.6460211039747811 0.49352645292607955 0.43442324282571065 0.3962659463420181 0.2524997183857467 0.17741365918600538 0.040331666108959614 -0.01717406370289158 -0.18959957284573212 -0.2610483382957063 -0.3830550212691002 -0.4590451849425637 -0.5711416945619552 -0.6217740362572748 
0.03682258450798216 0.77683874122821 0.8644771625140925 0.9184287567785523 0.957082430855239 0.984993847894831 0.9963570223703981 0.9947496973748735 0.9724723517350596 0.9835536922184545 0.9692384228713582 0.9743821292733996 0.8706691592893149 0.8132954616443523 0.7526284982008626 0.6563503780636696 0.6460211039747811 0.49352645292607955 0.4344398130464265 0.39620454466985006 0.2524997183857467 0.09674055858674625 0.040331666108959614 -0.01717406370289158 -0.18960795553515272 -0.2600069880325414 -0.3830550212691002 -0.5254191680186456 -0.5711416945619552 -0.6258243958299352 
0.03361785080064797 0.7459522963850502 0.808273314606318 0.8896616757622672 0.9006056011694236 0.9890438464926185 0.980432984480339 0.9969869936641379 0.9946357278243015 0.9891164099566565 0.986661423050134 0.9429329083196206 0.9236310285972841 0.8642317799877152 0.8353769758279631 0.7437445425416946 0.673602751039644 0.5496724336220222 0.5137358645522709 0.4011076291454545 0.3156387089541611 0.1814590025734749 0.0652464786503234 -0.022099982346894274 -0.12886792874559347 -0.2303560906894417 -0.2981825545948326 -0.43810179474459665 -0.5092759074977539 -0.5891023716564548 
0.032251203529897673 0.7340840737937115 0.788742999755092 0.878274260869025 0.8999666947113858 0.9303482564029913 0.9735382240396041 0.9918519698970447 0.9966940692333871 0.9927838714905312 0.9702792435117075 0.9473459078649256 0.9439442124368672 0.8640840681528742 0.8333181766060355 0.7962722294335453 0.6748278498331894 0.6129685389069993 0.5138176591966793 0.4252293543421928 0.3511772653562262 0.2563181067187185 0.1271138273689386 -0.018950961642785612 -0.08909040310379264 -0.16566417035776285 -0.2774457022905791 -0.43100863416136787 -0.49234065071131405 -0.5425645988656007 
0.36867595837092476 0.7733812127095789 0.8640771834692714 0.8937887346537888 0.9473346496080136 0.9709475568850147 0.9960965660260536 0.9913345591595332 0.9931763753554417 0.984107803981745 0.9687533035380074 0.9429920007747511 0.9230100400364389 0.8642427295351338 0.8056897268374071 0.7162417554891082 0.6747932016142792 0.5492941268131036 0.45447849139006896 0.3630888447457423 0.2563555332811114 0.18131483885555924 0.04525126716861059 -0.020990599438957595 -0.08718171998784455 -0.23619080778634688 -0.38745743089964635 -0.43853508483822173 -0.5169292714676492 -0.6499731725094353 
0.039079315647286034 0.7796546943103027 0.8644566382511697 0.8905952364977536 0.9579115887923829 0.9848162682229005 0.9949284998740389 0.9954174645433549 0.9925541622228357 0.9833789971495878 0.9956010733923181 0.973839864525266 0.8679505859657298 0.8050506434709431 0.757484384674085 0.7571650306454012 0.5668699177534302 0.5352240293680023 0.4253791282994438 0.3526549796501988 0.19526569804476643 0.09088305710846398 -4.2355523158117E-4 -0.06760984982494507 -0.22960920357520337 -0.2610535768257052 -0.3768290805722831 -0.521566516065753 -0.5662113541672547 -0.6679185745622991 
0.6999340308096018 0.7365112689934772 0.8109787996322786 0.8792982661925434 0.9326918047541529 0.9463766703525622 0.9957668297284755 0.99128897893368 0.9980045183029458 0.9696079765661467 0.9704791360969309 0.9485808702312932 0.9237172375814303 0.8642491748822009 0.8221022103792757 0.7160835128886021 0.6748106582696847 0.5352998933884761 0.5118450982341617 0.4025572663042392 0.36068910749579963 0.18124295333015292 0.11238916262245736 -0.020927423981512715 -0.10125711814557666 -0.23376576032940571 -0.2981787642474191 -0.4307131846612859 -0.546138857077921 -0.5585708337667071 
0.03682258450798216 0.7768167634598103 0.8644770771934773 0.9184287567785523 0.957082430855239 0.984993847894831 0.9963570223703981 0.9947496973748735 0.9724723517350596 0.9835536922184545 0.9700593252401364 0.9743821292733996 0.871270792618204 0.8641619233447614 0.7517241785330986 0.6567128678184264 0.6460211039747811 0.49352645292607955 0.43442324282571065 0.3962659463420181 0.2524997183857467 0.17741365918600538 0.040331666108959614 -0.01717406370289158 -0.18959957284573212 -0.2610483382957063 -0.3830550212691002 -0.4590451849425637 -0.5711416945619552 -0.6217740362572748 
0.6961563136862892 0.6996949517966105 0.7743330755625998 0.8184309809517899 0.8897109536337007 0.9309685295125109 0.9743838698208146 0.997811311646747 0.9923595211522157 0.9453967633509264 0.9986303551232907 0.9426320532056766 0.9492547731112191 0.8975275004204324 0.845934485072219 0.7965581197504819 0.6743498342363643 0.6500092398355016 0.574695507887848 0.4236920373974775 0.3580031959105134 0.2600364550632555 0.1517680726114611 0.074956065256138 -0.06340612655329733 -0.09439992848567985 -0.22843224244933205 -0.3498552135817425 -0.4880755944903041 -0.553768206222654 
0.36753501732717997 0.7365430354483818 0.8390959284974708 0.8922463954732353 0.9239225397674488 0.9860848680512814 0.9957861279680893 0.9944754067908833 0.9500136796534391 0.9701841244013082 0.9993382797588896 0.9460124330421661 0.9237576623149918 0.8654162679142693 0.8078398438162315 0.72930744769938 0.6835100102009648 0.549080711652999 0.5111962097359161 0.4083831874274233 0.32838585877620996 0.17998135649767413 0.11254505377227299 -0.020613382097552767 -0.08929959205215648 -0.24337731973777163 -0.3255761510398233 -0.43714775662959254 -0.4929743703336811 -0.5928510147822741 
0.032251203529897673 0.7355872625119649 0.8081516536219407 0.8924831211373725 0.9010130807337488 0.9297508899917756 0.974860778564308 0.9939123934675486 0.9966501659689573 0.9931227290773953 0.969135993644628 0.9551097080504581 0.9426048334872664 0.8629119812227763 0.8357274515394757 0.7822347218265282 0.6748278498331894 0.6219770037674147 0.5086502636836241 0.4244472469328657 0.3544088000416262 0.24777810703787695 0.1271138273689386 -0.004358329900095326 -0.10213023823783178 -0.2156682518084257 -0.2982861221424808 -0.36447121451489617 -0.4838471275072739 -0.5424791766652767 
0.0335141837029266 0.7345637157548671 0.794851714794433 0.8932398040194296 0.9553607033765488 0.9288241860108415 0.974728423866636 0.99429737537361 0.9918012460284336 0.9701073151216671 0.9702194495606302 0.9428988904378063 0.9233738586023575 0.8641319599839582 0.8078001194674103 0.7402944136184735 0.6757941048216055 0.5490849884351382 0.509382684685544 0.40872312589658305 0.32788991754937846 0.17998132858653493 0.1040723229703967 -0.020640417896772185 -0.08940513845339848 -0.24613601870466567 -0.3071776618705834 -0.4604755030736052 -0.4919310897610317 -0.5410248467419662 
0.035588109268887225 0.746491719141397 0.7889303344764942 0.8886859637267023 0.9301226669755897 0.9856955084974418 0.9988566489414406 0.9777277638704802 0.9941828799787484 0.9934555147334772 0.969977368186175 0.940154721527452 0.9184263602653602 0.8637275533034896 0.7923831029467521 0.7154029449531081 0.6458316609963883 0.548948263925153 0.454243870688734 0.39853768952582846 0.25408622169165823 0.1763346388228672 0.07941641257977992 -0.03493187319533122 -0.1320807235704338 -0.2323673556829448 -0.324258865456943 -0.43761263076919 -0.547716502732556 -0.591774345444248 
0.36404293754812517 0.7055041180874068 0.7448896595617568 0.8778198440637093 0.9000003699376783 0.9373682077953015 0.993223384565432 0.9912065511538285 0.9677093132161315 0.9898853033307493 0.9710440432242534 0.9590780578777582 0.9466474468924228 0.8646023384082238 0.8337944215739169 0.7704678986143675 0.6814078621707629 0.6503104178299514 0.5136797658815843 0.424049288891492 0.36062689122564384 0.26166184753014626 0.13712589473270842 0.04407780619823157 -0.0895316057662543 -0.16570713675318316 -0.2819634736621831 -0.3564387424041142 -0.48302393740105604 -0.5535354712368614 
0.36743905030470897 0.746146238343178 0.8066916381893812 0.8792344493133457 0.927012664118112 0.930148952413759 0.9986951249619909 0.984841858703573 0.9993787999942088 0.9698928084366082 0.9702211886197332 0.9413533238017311 0.9233756224342178 0.8546210748990027 0.8227352280884779 0.7168053247233681 0.6357625274256998 0.5353505444664619 0.4570543661271934 0.3577119506214032 0.2909599516968878 0.17997907313158545 0.0682221219914622 -0.02090100198799228 -0.10078935846394789 -0.22931358064226665 -0.3055107798237029 -0.43714775662959254 -0.5303827063674811 -0.5611026048561933 
0.04005574981928551 0.7795558847702654 0.8644616182691365 0.916266485921671 0.9551708503091801 0.9945827453162447 0.9867217566814065 0.9918979717227312 0.9907455920299212 0.9929734531266771 0.9884903402545996 0.9455083689079368 0.8406370031983484 0.8043274227778525 0.7649697535242211 0.6354400632461834 0.6412407014514603 0.5097142036122355 0.4345242823055702 0.3308965021605044 0.22454438711241143 0.09081676327279858 -0.043850374765558746 -0.05685336343933653 -0.1930520966436761 -0.3675698416778252 -0.4544094376303407 -0.5230212791772341 -0.6855289030064828 -0.706486902418107 
0.03132955164675852 0.7011771969387374 0.7895107949802084 0.8228934746653989 0.9030830143608327 0.9309521043115334 0.9744169510714482 0.9939671561768898 0.9856569094412979 0.9531838737591362 0.9883942850972697 0.9754412102757901 0.9221805299972367 0.8843016777025192 0.8347309920422196 0.7961880286607013 0.6811125774707723 0.6502735381733009 0.5106602574587265 0.45358009563572466 0.35866554310416504 0.23633991800870796 0.15215498458073254 0.07904351451175773 -0.08831717080458892 -0.16849071214392278 -0.2815680081302708 -0.36626881759597085 -0.48402073997078626 -0.5598685382058785 
0.0335141837029266 0.7345637157548671 0.7980302059744167 0.8932398040194296 0.9553607033765488 0.9288241860108415 0.974728423866636 0.99429737537361 0.9918012460284336 0.9701073151216671 0.9702194495606302 0.9428988904378063 0.9233738586023575 0.8641319599839582 0.8078001194674103 0.7402944136184735 0.6757941048216055 0.5342514990471859 0.509382684685544 0.40872312589658305 0.32788991754937846 0.17998132858653493 0.1040723229703967 -0.020640417896772185 -0.08940513845339848 -0.24613601870466567 -0.3071776618705834 -0.4604755030736052 -0.4919310897610317 -0.5410248467419662 
0.032251203529897673 0.705412917084385 0.8081516536219407 0.8790586982823878 0.9324369696118219 0.9320761666132559 0.9735531453515025 0.9939123934675486 0.9966761729676701 0.9927763618605328 0.969135993644628 0.9534294661478652 0.9291745964490461 0.8629191945792712 0.8356148612281888 0.7823515094017455 0.6748278498331894 0.630834105848464 0.456448558070166 0.42483460466432066 0.35464283483448616 0.2476008619308594 0.1271042225249009 -0.004358329900095326 -0.10213023823783178 -0.21599518408676102 -0.2965288235422078 -0.36431470395384263 -0.4838471275072739 -0.5917486738602711 
0.36404293754812517 0.7055041180874068 0.7448896595617568 0.8778198440637093 0.9000003699376783 0.9373682077953015 0.993223384565432 0.9912065511538285 0.9677093132161315 0.9898853033307493 0.9710440432242534 0.9590780578777582 0.9466474468924228 0.8646023384082238 0.8337944215739169 0.7704678986143675 0.6814078621707629 0.6503104178299514 0.5136797658815843 0.424049288891492 0.36062689122564384 0.26166184753014626 0.13712589473270842 0.04407780619823157 -0.0895316057662543 -0.16570713675318316 -0.2819634736621831 -0.3564387424041142 -0.48302393740105604 -0.5535354712368614 
0.6961563136862892 0.6996949517966105 0.7743330755625998 0.8184309809517899 0.8897109536337007 0.9309685295125109 0.9743838698208146 0.997811311646747 0.9923595211522157 0.9453967633509264 0.9986303551232907 0.9426320532056766 0.9492547731112191 0.8975275004204324 0.845934485072219 0.7965581197504819 0.6743498342363643 0.6500092398355016 0.574695507887848 0.4236920373974775 0.3580031959105134 0.2600364550632555 0.1517680726114611 0.074956065256138 -0.06340612655329733 -0.09439992848567985 -0.22843224244933205 -0.3498552135817425 -0.4880755944903041 -0.553768206222654 
0.36743905030470897 0.7465173923545606 0.7896819201203417 0.8792344493133457 0.9033294648419418 0.9308590591467748 0.9990033802640241 0.984841858703573 0.9995651499239767 0.9938016616168067 0.9702211886197332 0.9413533238017311 0.9233756224342178 0.8629961664730813 0.8340132733924557 0.7168053247233681 0.6354020141818186 0.536290411608879 0.4570543661271934 0.3577119506214032 0.2903707584792048 0.17997907313158545 0.059293109258058675 -0.02090100198799228 -0.10078935846394789 -0.22931358064226665 -0.28181694731529583 -0.43929436046961584 -0.5141885511126071 -0.5611026048561933 
0.36564321415456225 0.7343843153913484 0.7896712515427777 0.8934124866882728 0.9060635489963597 0.931272731351621 0.9745669467736632 0.9977329086745689 0.9814442115059447 0.9913237586513868 0.9866450777984793 0.9485484513893946 0.9233491772887332 0.8645926420844233 0.8355401257466671 0.7961525298631306 0.6736771317408511 0.5608233854825846 0.5112170933676624 0.4216401942594911 0.3283089167170156 0.24536688132080248 0.12704081243722765 0.044865623864721954 -0.0891292148765363 -0.19554045662814468 -0.29839928343691274 -0.4307131846612859 -0.4943876617776013 -0.5533211847079308 
0.03884330147876455 0.7796546943103027 0.8644566382511697 0.8905952364977536 0.9579115887923829 0.9848162682229005 0.9949284998740389 0.9954174645433549 0.9925541622228357 0.9833789971495878 0.9956010733923181 0.973839864525266 0.8679505859657298 0.8050506434709431 0.757484384674085 0.7571650306454012 0.5668699177534302 0.5352240293680023 0.4253791282994438 0.3526549796501988 0.19526569804476643 0.09088305710846398 0.024949850381378806 -0.06760984982494507 -0.22960920357520337 -0.2610535768257052 -0.3768290805722831 -0.521566516065753 -0.5662113541672547 -0.6679185745622991 
0.04005574981928551 0.7795558847702654 0.8644616182698027 0.8905896073076821 0.9828175339159169 0.9977236508932993 0.9866459404901208 0.9918979717227312 0.9907455920299212 0.9854027149044979 0.9884930413883197 0.9455083689079368 0.8916260489612617 0.8086599985095151 0.7575602446245396 0.6443488776299757 0.6376358693416468 0.536349273962083 0.4350755623870506 0.3308965021605044 0.19555510562681983 0.09096280547301541 -0.043850374765558746 -0.06733653801277191 -0.23025238348859073 -0.373585398951649 -0.3766534829697819 -0.5204853930309327 -0.6826723372045795 -0.7067088795397677 
0.36564321415456225 0.7343843153913484 0.7896712515427777 0.8934124866882728 0.9060635489963597 0.931272731351621 0.9745669467736632 0.9977329086745689 0.9814442115059447 0.9913237586513868 0.9866450777984793 0.9485484513893946 0.9233491772887332 0.8645926420844233 0.8355401257466671 0.7961525298631306 0.6736771317408511 0.5608233854825846 0.5112170933676624 0.4216401942594911 0.3283089167170156 0.24536688132080248 0.12704081243722765 0.044865623864721954 -0.0891292148765363 -0.19554045662814468 -0.29839928343691274 -0.4307131846612859 -0.4943876617776013 -0.5533211847079308 
0.7010888895691125 0.7472236859937521 0.8184157636460044 0.8998001469953597 0.9183839003660823 0.9284263417784878 0.9849836534988464 0.9780801900451371 0.9926175198312568 0.9715036996228812 0.9702924268749737 0.9449543851682308 0.9235410813076268 0.8656530129480147 0.7760979615020468 0.758422435972756 0.6745292426094898 0.5493440290398998 0.5111447299600316 0.3965214215010727 0.26194935521841517 0.1774993522417982 0.0716480308313812 -0.02092651248217976 -0.08642970806451608 -0.24592173279093482 -0.3283713995410596 -0.4389897987167385 -0.5082973907084359 -0.6437732779829433 
0.36853974732909983 0.7760212576380436 0.8647728561145542 0.8890058767957166 0.9315709041183794 0.9469710335209579 0.9948826251502815 0.9913345591595332 0.9925643846604406 0.9932152823879751 0.9705031630575403 0.966067566159565 0.923560065207682 0.8642409851921191 0.7556074156250141 0.7158853942485833 0.6747932016142792 0.5492970786162406 0.4533916703994877 0.36347748263254237 0.2573111918264188 0.1776170280927116 0.06408541269642945 -0.020556572613872417 -0.11339141661151722 -0.23362650353125178 -0.33005302171937917 -0.4388386780614792 -0.5475753344934537 -0.5925372697101136 
0.36298603152968023 0.7055403975766305 0.7937192889795722 0.8782738924338742 0.9064433210157867 0.9304503834443384 0.9737551522494337 0.9947834401521017 0.9815593589788639 0.9957809088046823 0.9697737839050707 0.9651612043535667 0.9197274677055658 0.8818832670141241 0.824693821276051 0.7961664151817243 0.6812465961297911 0.6508243009138032 0.57999605626197 0.4241516419995212 0.3866782742969853 0.26040544600193144 0.19112940989840632 0.07915539139386647 -0.015874909900443546 -0.153857903000177 -0.25606174543292026 -0.3086804311444393 -0.48396515235264487 -0.5339377048289483 
0.03910968902301019 0.7818076363274826 0.8650710682096651 0.8903052875454992 0.9579115887923829 0.9847090351219043 0.9751790472254991 0.9954174645433549 0.9938082479417977 0.9999909465249115 0.9948962639431065 0.9437337715372777 0.8703061762598797 0.8050506434709431 0.7581522517300758 0.6389922975214027 0.6814189706616444 0.49510693659699834 0.42093092241370744 0.3526549796501988 0.1912960784692409 0.10045591058971215 0.04069907577623654 -0.06803297494418903 -0.19097212529702454 -0.28116870200548316 -0.3664927262568722 -0.45874205801788326 -0.6099458615901547 -0.6681089749942164 
0.04005574981928551 0.7918089667524904 0.8644513083358598 0.8918870198193738 0.955379721549585 0.9706129213183796 0.9749288767878675 0.9987442440517608 0.9924605243841556 0.9626032320329619 0.9874655430802652 0.9734837168085947 0.8712641967484118 0.8108080494811789 0.7575321950405134 0.7173819345889512 0.5768786759799512 0.5097142036122355 0.42527639022531066 0.3323508723371834 0.2247233394571754 0.09572927390783326 -0.041021785444058045 -0.06802050515315712 -0.19624529291586537 -0.3675698416778252 -0.36494051485788886 -0.5247094917531663 -0.5634213622723269 -0.6465361548544856 
0.03361785080064797 0.7459522963850502 0.808273314606318 0.8896616757622672 0.9006056011694236 0.9890438464926185 0.980432984480339 0.9969869936641379 0.9946357278243015 0.9891164099566565 0.986661423050134 0.9429329083196206 0.9236310285972841 0.8642317799877152 0.8353769758279631 0.7437445425416946 0.673602751039644 0.5496724336220222 0.5137358645522709 0.4011076291454545 0.3156387089541611 0.1814590025734749 0.0652464786503234 -0.022099982346894274 -0.12886792874559347 -0.2303560906894417 -0.2981825545948326 -0.43810179474459665 -0.5092759074977539 -0.5891023716564548 
0.37028370768483043 0.7924485947571667 0.8647992531027112 0.8893161372394066 0.9355035086057663 0.9700712228998505 0.9948917032066709 0.9979900559251825 0.9925303457816359 0.9840809277143815 0.9756840557239459 0.9733464075979992 0.910063954106362 0.8641630185197482 0.7574654359076425 0.717259476035154 0.5766312902266046 0.5344074534283584 0.4343231048016004 0.3546567623353355 0.23229122909088842 0.13852687984382273 0.005851314283903886 -0.06671770003309695 -0.08736274218561887 -0.23689106928098982 -0.36507920642474967 -0.4501380045471011 -0.5648502196752272 -0.6495731146652215 
0.03558766770432885 0.7868813408308024 0.8617170763814046 0.8889178061192696 0.9564933586607034 0.9633882133354944 0.996869226819043 0.9919267702433407 0.991750946383285 0.9939127120119788 0.9708249544399263 0.9438091026919061 0.90278379321433 0.8646188732388932 0.8049950444862624 0.7167147951301678 0.6744709455101655 0.549485333869054 0.45425122952416686 0.39700194556818347 0.2541342889731696 0.1763404941969164 0.04506263175840637 -0.02414115918580391 -0.1307380408000821 -0.23619360760219632 -0.3694577938075657 -0.43546553930833815 -0.5170267984910887 -0.5982222311466271 
0.36298603152968023 0.7055086720876131 0.7734446237309291 0.8782738924338742 0.9064918300591932 0.9304503834443384 0.9911346439640063 0.9948075947393193 0.9815593589788639 0.9957809088046823 0.9698789873407511 0.9651612043535667 0.9197274677055658 0.8818832670141241 0.824693821276051 0.7961492886453613 0.6934265982065791 0.6508243009138032 0.57999605626197 0.4241516419995212 0.38647022132012127 0.2598565002097889 0.19112940989840632 0.07501585912442402 -0.015483223306848676 -0.15613823265804622 -0.2565464569468715 -0.3088191237026079 -0.48396515235264487 -0.5338151372210529 
0.6972999265366868 0.7057240142589932 0.7504609225725984 0.8263103397407534 0.9064433210157867 0.9501708739974808 0.9734574009567769 0.9918372710665122 0.9812452825688264 0.9743671286406639 0.9891773279136714 0.9839891707137847 0.9276115225478117 0.8820226565171281 0.8294823873599922 0.7979498309026707 0.7128484228196357 0.6513318550535345 0.5771422245351675 0.4252947979061342 0.35833988813849754 0.2542085100583769 0.15168953428875373 0.04502721578690898 -0.07543091739864147 -0.153857903000177 -0.2567023765042355 -0.34388913807751076 -0.48398035200860695 -0.5536723917396285 
