0.07236748306650169 0.9900838244272274 0.9884764834571347 0.9976475122061595 0.9651061700588951 0.8216955961436914 0.8869755104130993 0.8904713086066802 0.7292326162509085 0.685418352060399 0.5992986846248958 0.39106313263692943 0.3772690690340075 0.3146358041356196 0.21054822862043815 0.06687645071684944 0.0595938806619174 -0.0875029263999073 -0.19433250464466317 -0.18656113861809243 -0.372735370648285 -0.3699616815131409 -0.5349348436928765 -0.5431007163611116 -0.765212491969796 -0.09270138931446115 -0.863901574840167 -0.8619586806143522 -0.9739983053868654 -0.972939913266549 
0.07236748306650169 0.9900838244272274 0.9884764834571347 0.9976475122061595 0.9651061700588951 0.8216955961436914 0.8869755104130993 0.8904713086066802 0.7292326162509085 0.685418352060399 0.5992986846248958 0.39106313263692943 0.3772690690340075 0.3146358041356196 0.21054822862043815 0.06687645071684944 0.0595938806619174 -0.0875029263999073 -0.19433250464466317 -0.18656113861809243 -0.372735370648285 -0.3699616815131409 -0.5349348436928765 -0.5431007163611116 -0.765212491969796 -0.09270138931446115 -0.863901574840167 -0.8619586806143522 -0.9739983053868654 -0.972939913266549 
0.9274999398755047 -0.9231448425792763 -0.8802523201221032 -0.8255634158410007 -0.7467169423450437 -0.6758698325795315 -0.6141611444862276 -0.5343911762826775 -0.44834499156169416 -0.31803941580879286 -0.31232068335307495 -0.10072909454221152 0.018506667784490553 0.08935263204831739 0.15133045233960807 0.30520996237947795 0.357106374966028 0.4945746969605325 0.6498014987334562 0.6469171898960003 0.6166430719779271 0.804429255617152 0.7695697854801724 0.9089966067763592 0.9193094312895845 0.9837450738885216 0.9580913828398713 0.9887140019321857 0.9887175814702701 0.9789143559036554 
0.5691788086405281 -0.9946162172075114 -0.9951022173875411 -0.90341095099871 -0.9902096291737308 -0.8739948771240976 -0.8418134828974712 -0.9732826149755804 -0.819653436030799 -0.7468750351802704 -0.5980698909414989 -0.4347168535024662 -0.4100711809242543 -0.26738416712424107 -0.24613309860287286 -0.15542903926001916 -0.0286126458734025 0.16403752307071623 0.18044762431514713 0.356747732747759 0.3993532856801174 0.5358347706601232 0.5481954568342338 0.7046667062511976 0.7313680043208458 0.87829491366895 0.8552261317548474 0.9227083401728646 0.9100934314295781 0.952438400598544 
0.9029129072971517 -0.9979349456577018 -0.9951022173875411 -0.8955719204765625 -0.9910547952549855 -0.8723961943356909 -0.8418134828974712 -0.8659460579630969 -0.7394205162737919 -0.609277020166955 -0.6265973292573488 -0.46912741624109583 -0.41288832430043965 -0.2694876432362034 -0.24613309860287286 -0.15542903926001916 -0.0286126458734025 0.16403752307071623 0.15877113214691774 0.3541241787677829 0.32511102853971385 0.4376167561093684 0.5669676787575422 0.6597591410296765 0.7474230607822396 0.8772038231613717 0.8636884543313891 0.9238144064595004 0.9549394016047467 0.9963936119563762 
0.5939645338049157 -0.9470045729428075 -0.9354110693843015 -0.8255986596395913 -0.7466304139782342 -0.6730172954448975 -0.6302304774708053 -0.5316540809810792 -0.4307463116807894 -0.31803897192293096 -0.31315416421718445 -0.1279479468468701 0.020330497621145485 0.0962395007379717 0.0274263574072635 0.278254744328455 0.2177106448677555 0.4845526076486752 0.5112633234640438 0.6513709098990816 0.7034911967016214 0.8178914283215722 0.7698162860694978 0.9143677342934435 0.8826539159982486 0.9761171661752813 0.9742233980294889 0.989886537282423 0.99580484787412 0.9784340309246627 
0.07236748306650169 0.9900838244272274 0.9865377289700454 0.9976475122061595 0.9651061700588951 0.8216955961436914 0.8279459664764298 0.8463533336492168 0.8333498802704785 0.685418352060399 0.5507492945374424 0.36044532677456137 0.3772690690340075 0.3080777896838242 0.21054822862043815 0.06687645071684944 0.09206887625227278 -0.0875029263999073 -0.20378333159224776 -0.2832536576310841 -0.5199168790638191 -0.5466772513834571 -0.5224485284394942 -0.6068467610955274 -0.7820464048116738 -0.18663558490339238 -0.863901574840167 -0.8619586806143522 -0.9739983053868654 -0.9514785982691958 
0.2612308966799911 -0.9008164114881337 -0.7964627337890524 -0.8256381352378267 -0.7466290141986965 -0.6759200234838968 -0.6259327183480005 -0.5317164355655941 -0.3374170396189389 -0.3180392566275133 -0.30815148751807564 -0.12806145118599843 0.01832008561936733 0.07529689958138083 0.15345842691000988 0.3049177662750211 0.21782085755805003 0.48158275944528517 0.5064456049315138 0.6746142495324375 0.6166864636038241 0.8074535017975291 0.8216382224026954 0.914056421215949 0.9192907912854337 0.9840628434235027 0.9978190474662223 0.9887133808019655 0.9505761870242571 0.9786047202456919 
0.23716407191610195 -0.9887978222971765 -0.9986204471057666 -0.8936151838445293 -0.9818060792604743 -0.8724273885094675 -0.8715583105633514 -0.8418845609795592 -0.7383095999438887 -0.6017533152468804 -0.5962296260279005 -0.3832761252985752 -0.42817183448239465 -0.2685961832766587 -0.24642897020923413 -0.16340213309249335 -0.0286126458734025 0.15969731944113505 0.18044762431514713 0.3812131978183969 0.36538620562969437 0.4376167561093684 0.5681959038606015 0.7048276534714045 0.7057713550600145 0.8337939787023292 0.8636892097843516 0.9243102683723506 0.9540856626602993 0.9530324774270782 
0.2612308966799911 -0.9008164114881337 -0.7964627337890524 -0.8256381352378267 -0.7466290141986965 -0.6759200234838968 -0.6259327183480005 -0.5317164355655941 -0.3374170396189389 -0.3180392566275133 -0.30815148751807564 -0.12806145118599843 0.01832008561936733 0.07529689958138083 0.15345842691000988 0.3049177662750211 0.21782085755805003 0.48158275944528517 0.5064456049315138 0.6746142495324375 0.6166864636038241 0.8074535017975291 0.8216382224026954 0.914056421215949 0.9192907912854337 0.9840628434235027 0.9978190474662223 0.9887133808019655 0.9505761870242571 0.9786047202456919 
0.23716407191610195 -0.9887978222971765 -0.9986204471057666 -0.8936151838445293 -0.9818060792604743 -0.8724273885094675 -0.8715583105633514 -0.8418845609795592 -0.7383095999438887 -0.6017533152468804 -0.5962296260279005 -0.3832761252985752 -0.42817183448239465 -0.2685961832766587 -0.24642897020923413 -0.16340213309249335 -0.0286126458734025 0.15969731944113505 0.18044762431514713 0.3812131978183969 0.36538620562969437 0.4376167561093684 0.5681959038606015 0.7048276534714045 0.7057713550600145 0.8337939787023292 0.8636892097843516 0.9243102683723506 0.9540856626602993 0.9530324774270782 
0.07236748306650169 0.9900838244272274 0.9865377289700454 0.9976475122061595 0.9651061700588951 0.8216955961436914 0.8869755104130993 0.8463533336492168 0.7292326162509085 0.685418352060399 0.5992986846248958 0.39106313263692943 0.3772690690340075 0.3146358041356196 0.21054822862043815 0.06687645071684944 0.09206887625227278 -0.0875029263999073 -0.19433250464466317 -0.28431264535042655 -0.38018557443982026 -0.3671487380588947 -0.5224485284394942 -0.615588745286264 -0.7756809627341181 -0.09270138931446115 -0.863901574840167 -0.8619586806143522 -0.9739983053868654 -0.9525550628815181 
0.9065688535490692 -0.9859803347635752 -0.999251849462694 -0.9804334545808546 -0.9856954436143622 -0.9208396145017883 -0.8271721616725445 -0.834283015078104 -0.7461950841728926 -0.6093919366773026 -0.6270709489753971 -0.46923317693857824 -0.4181728950335462 -0.23860958538680704 -0.29720382944596624 -0.1648828733837546 -0.027294995847936005 0.15937506173298932 0.17501566213510497 0.3822026327004241 0.36661248998516227 0.5041322903765517 0.5393854664351995 0.6905448751534647 0.702247290293014 0.8053068764557284 0.9216451049798484 0.923769041491301 0.9536954841468669 0.9949602042159252 
0.5843812570320911 -0.9368138103160847 -0.9391782868121111 -0.8255798935075034 -0.7609810627609211 -0.7481870892578779 -0.7526332687213415 -0.6408662399636925 -0.5776358890648382 -0.3996620388430645 -0.3851586761777381 -0.2650716600088603 -0.0415009153579354 -0.07435664087231339 -0.0045529989324448895 0.09353891217561026 0.17391061898455912 0.3962145095614323 0.4031140782136705 0.5625472929707352 0.6036875999389737 0.7167090559507571 0.6942771145934046 0.8823855903557485 0.9153580805706213 0.936769821542874 0.9651604965245311 0.9629691255120959 0.9839391309430886 0.9860242842614705 
0.5761243586508575 -0.8888160200508108 -0.9980325260966826 -0.9973226874330314 -0.9816159338318976 -0.877522549737866 -0.8336641359106636 -0.7145412375536189 -0.7375094043689966 -0.5798746572147833 -0.5963781993111528 -0.3913620689326035 -0.4485305109697358 -0.26883605122807025 -0.17569060927528746 -0.06956598951206441 0.12592021139641302 0.15966167251847815 0.18146369706512444 0.3829498289174267 0.3734612292924451 0.5901907526456031 0.6340058159948373 0.7035818317989354 0.7624305571012697 0.8340535264972673 0.9243884885867615 0.9344271345967996 0.9788244951655006 0.9520957317494813 
0.5940225410018578 -0.9275561301902816 -0.8797522785971731 -0.8251173177465801 -0.7864482539953078 -0.6686116010612466 -0.612757319649274 -0.5339300788937065 -0.4509145285790893 -0.31934608502728007 -0.3162778810102459 -0.1281248078783303 0.005532605213317287 0.08927924174619106 0.20258657484082437 0.27803934852995266 0.3410397457231355 0.48161851141259016 0.5409664499662561 0.6461306593900688 0.6125089521353998 0.7522797849636791 0.8568420256851457 0.9140974507571518 0.9616831584941464 0.9846273013563509 0.9751845063188452 0.9898088043471538 0.9524110004369947 0.9892297339427963 
0.9178252017463139 -0.915108351841179 -0.9339704538642531 -0.8256152818911883 -0.800019027745338 -0.7482207908278485 -0.6675474586080856 -0.5422289705287572 -0.526557921722837 -0.41001846678134607 -0.4517096910781995 -0.24700658695621994 -0.12043672589619384 -0.1452622244065589 -0.00864548075569532 0.12113498847561008 0.1547837701192859 0.3963238585285651 0.41365742626131125 0.5658547096387194 0.6022639547078108 0.726894609536273 0.7138333456211688 0.7891652568290112 0.8761112409766671 0.9096150566775643 0.9662955695412849 0.9627474284450137 0.9838890507491529 0.9859125548023099 
0.5691788086405281 -0.9946162172075114 -0.9951022173875411 -0.90341095099871 -0.9902096291737308 -0.8739948771240976 -0.8418134828974712 -0.8659460579630969 -0.819653436030799 -0.7468750351802704 -0.5980698909414989 -0.4347168535024662 -0.4100711809242543 -0.26738416712424107 -0.24613309860287286 -0.15542903926001916 -0.0286126458734025 0.16403752307071623 0.18044762431514713 0.356747732747759 0.3993532856801174 0.4376167561093684 0.5481954568342338 0.7046667062511976 0.7313680043208458 0.87829491366895 0.8636879714972633 0.9227083401728646 0.9100934314295781 0.952438400598544 
0.5761243586508575 -0.8888160200508108 -0.9980325260966826 -0.9973226874330314 -0.9816159338318976 -0.877522549737866 -0.8340428908409 -0.8655222740596622 -0.6904823052892815 -0.5798746572147833 -0.6256482518191022 -0.3914330293444987 -0.4485305109697358 -0.26584521445240267 -0.17339764473228814 -0.07179643213396465 0.12592021139641302 0.15966167251847815 0.21469873205074105 0.3829498289174267 0.44679771694747034 0.5941028911590677 0.6340058159948373 0.6887812916575371 0.7658269405740973 0.7986252860464343 0.9243884885867615 0.9345499148354158 0.9788244951655006 0.9666207298888908 
0.9260249445090017 -0.9284090804742768 -0.8800566340491808 -0.8255067863407685 -0.7847435192225104 -0.672935359749737 -0.614065420639795 -0.5343911893326424 -0.44874447768251013 -0.3177581144556681 -0.3241423905540455 -0.1279036504430823 0.017352053528762405 0.08932811396797494 0.1464759879705907 0.3048438500069978 0.3407055445794706 0.4417241773244542 0.584309812987446 0.6501812279119084 0.7091421354903927 0.7514688685322339 0.817680144538451 0.9091763909671056 0.9201710246482488 0.9837446662602017 0.9655367483112544 0.9898106188334812 0.9502937850510034 0.9783540987218483 
0.24352180232790663 -0.9977079251032233 -0.9981278657634012 -0.8978379082293314 -0.9637615680979205 -0.8801950434134841 -0.8028810570123939 -0.789848343112043 -0.7185188664747997 -0.6091315717206813 -0.6295808052362901 -0.3864551376239874 -0.4103501948460662 -0.22552323696557344 -0.1988349388717148 0.05858515120823726 -0.023998438612934724 0.16042845328535899 0.23837443290284221 0.35485766403670993 0.47878624465650366 0.5031832621760176 0.6311550659195533 0.7689162425920703 0.7649642553585788 0.8763840845979882 0.9220442366044909 0.9254418427863503 0.9790940161650288 0.9666446417653298 
0.9230020671447003 -0.927573825727526 -0.9396473223446498 -0.8142907430993424 -0.8287714030425275 -0.6758698325795315 -0.6345338797770793 -0.5346981848460483 -0.5042205052678106 -0.318005351536589 -0.32183867673887984 -0.21367058482330417 0.003242594147201496 0.06324288034080669 0.2023182637119908 0.31816825957756373 0.3658394194530902 0.4816311430609764 0.5020717256424277 0.6895517032302755 0.6144299075055997 0.7304963516014902 0.7680860919319654 0.9140194765869896 0.9584104685344655 0.9842731261799625 0.9581830751499544 0.9887249440511744 0.9513303939581782 0.9886901684193786 
0.5934072644769955 -0.9470045729428075 -0.9342313532904902 -0.825600167112632 -0.7638518398682967 -0.6730172954448975 -0.6301756114080493 -0.5340686226137307 -0.4307463116807894 -0.3180075308056227 -0.4212970550950163 -0.12704518405725976 0.018261050047229596 0.0962395007379717 0.0274263574072635 0.2783271082878871 0.364725302075577 0.4845640704357458 0.45251507575588207 0.651462522939276 0.7038136903610076 0.8169910806680996 0.8186424831912689 0.9089779760917013 0.8819336359515575 0.9841046241183474 0.9751723865323907 0.9898075093369655 0.9858280921114778 0.9784340309246627 
0.2418795279651001 -0.976732142943301 -0.9897742138885292 -0.9017679210996765 -0.9679103586738469 -0.8730873553426989 -0.7522440228506242 -0.8396833397632828 -0.6260816579575127 -0.6076147195504973 -0.6260903428454124 -0.3919628897553293 -0.4044010638578525 -0.23819828952280475 -0.17376809513418803 0.05425015318993712 0.14424425380823724 0.08403687938462459 0.2277687538476475 0.3209788022205359 0.44642313198097006 0.5948570124759021 0.5379625136586474 0.7642297955440015 0.7658264917171856 0.8747224837654588 0.9243903338823156 0.9347342998881438 0.954293290030402 0.9666228116880164 
0.5710803464927918 -0.994765715995848 -0.996297920055054 -0.8950395598876143 -0.9902096291737308 -0.8724273885094675 -0.8418561248482471 -0.8659607043481268 -0.7394205162737919 -0.6017533152468804 -0.5980351921201857 -0.4390813404441107 -0.41010709480157315 -0.27037718481258244 -0.2489871428281936 -0.15329609266906918 -0.0286126458734025 0.16403752307071623 0.2111318817624421 0.3541241787677829 0.32222549478815854 0.4661662018790549 0.548228758475929 0.7046667062511976 0.7470427235612345 0.8792283357760177 0.8636884543313891 0.9224722586881956 0.9109446610376791 0.9530324774270782 
0.9178252017463139 -0.9368653144043195 -0.9355167548692503 -0.825579809541009 -0.8004950199397668 -0.7473171972776579 -0.6675474586080856 -0.6408665604252474 -0.526557921722837 -0.4526516664677973 -0.44943216181753093 -0.24700658695621994 -0.1202117423323151 -0.14003296684710154 -0.008651850690414223 0.11753327365854524 0.15274568336100233 0.3963238585285651 0.41389882330319644 0.562548396316539 0.6086224725458677 0.7041874161439801 0.7138563582032619 0.8028092555278531 0.9163691727998843 0.9118435574837943 0.965123706788076 0.9884410010077359 0.9812810188668692 0.9858973078416866 
0.9264715131900458 -0.923128524865403 -0.880313401593411 -0.8255660662360356 -0.7635461488081466 -0.6758303581154256 -0.614065420639795 -0.5343911893326424 -0.4471400290056911 -0.31803959595742287 -0.3209962114891208 -0.1279036504430823 0.017351009426472896 0.08935253360155906 0.14641243345996605 0.3048438500069978 0.3553569260376394 0.4426990412345896 0.6575421179356592 0.6512986860255126 0.7091421354903927 0.8071821080834842 0.8186504965969965 0.9091763909671056 0.9192989129112699 0.9837446798442689 0.9592171464284718 0.9898106188334812 0.9502937850510034 0.9783537339157599 
0.2398683778050786 -0.9976638406355102 -0.9986409278938578 -0.9807840906467201 -0.9856436077174086 -0.9212121689076797 -0.9317838777511201 -0.8009288190539962 -0.7386308749729192 -0.601345128224372 -0.5969142565032928 -0.38391364717009074 -0.4047994386000987 -0.2686524213387011 -0.18551444644719295 -0.16325999624794443 -0.025115160112788144 0.0685636740729843 0.21637067253087858 0.3532331078907466 0.3722933980997616 0.5031500842525217 0.540331952067709 0.7022257802154764 0.7467143271876071 0.833828022030807 0.9010010393119918 0.9242850040058663 0.9279516385247677 0.9567126799625482 
0.5902535423763259 -0.9468808964141474 -0.938748982859348 -0.7902342478815145 -0.7859427430131448 -0.7519688458291531 -0.6309254473979584 -0.5407095423877213 -0.45075614319907764 -0.236856757945618 -0.28669230981139304 -0.14788953524643747 -0.014436131370128454 -0.016073422877539295 0.15213774413693312 0.2584348838197042 0.40856801326580605 0.3750509693467216 0.4931380974305262 0.6872060270889249 0.614259942802113 0.7436114274174828 0.8450198060333803 0.9140971580052725 0.9196511254172509 0.9842684548275582 0.9579725343038725 0.9918535794111891 0.99692493532232 0.9966364503462113 
0.2556091937787764 -0.9491808564674106 -0.938101481383864 -0.8256343169900915 -0.7468585987363062 -0.7542358041600925 -0.6284638128182665 -0.5407467778475237 -0.450545788777007 -0.4784280009582857 -0.30594952458544883 -0.12745037683673308 -0.012840102661250123 0.08513485202505303 0.0313906075088597 0.2602088181516727 0.363658623075554 0.4329627798016403 0.5068107642193855 0.6344474497976044 0.612382151105041 0.7364356807344172 0.8230323425555995 0.8384760933894254 0.9216298871611865 0.9841527596498584 0.9657610679395752 0.9886904301034064 0.9906633921508784 0.996932737895915 
0.5720620959785452 -0.9978419959622493 -0.9951022173875411 -0.8955364161207287 -0.9817987989504067 -0.8724273885094675 -0.8418134828974712 -0.8659460579630969 -0.7394205162737919 -0.5792351679708033 -0.5644735876305025 -0.4390813404441107 -0.4100711809242543 -0.2685961832766587 -0.22661199365152485 -0.09663438193477625 -0.0286126458734025 0.07276718160011869 0.18044762431514713 0.3520406610068685 0.3670061097427981 0.5230340701443192 0.566800639251408 0.702004067896138 0.7472345180042367 0.810342146077425 0.9226908298926519 0.922689130576668 0.9549394016047467 0.9530324774270782 
0.5916070043896571 -0.9479486375473896 -0.9393879323193243 -0.8255069139325544 -0.7467294387035321 -0.6758669914483914 -0.6252052125794573 -0.5345510412845611 -0.5857312427707511 -0.31801052424357684 -0.3219426413047493 -0.12800832233833379 0.003287070744581587 0.07399007975708433 0.1494242905302304 0.28059692437757167 0.3623122903278968 0.48161709970240785 0.5053640406423434 0.6465940464994644 0.7089980379029308 0.7528889562191093 0.8615964000864328 0.9088147605510422 0.9192951973123991 0.9842693861337544 0.9750851983245898 0.9898182812193582 0.9900073689381238 0.9783540987218483 
0.2513982647791202 -0.9369280354369011 -0.9120548693328367 -0.8690459897076965 -0.7875111228040296 -0.7630119037647137 -0.7526332687213415 -0.6408662399636925 -0.5627980299226827 -0.45289539993328204 -0.3796261631170349 -0.2662709723709632 -0.04146528066490122 -0.1411643051051835 0.0077038130142386176 0.11848797097536307 0.17366869955050968 0.39752506774757723 0.4031140782136705 0.5625472929707352 0.4982072661484067 0.724794034687476 0.729782773396459 0.8065229497660221 0.9157786790355686 0.9116211666255253 0.9651604965245311 0.9199510801435299 0.9958401878905226 0.9859181758193375 
0.5902535423763259 -0.9468808964141474 -0.938748982859348 -0.7902342478815145 -0.7859427430131448 -0.7519688458291531 -0.6309254473979584 -0.5407095423877213 -0.45999182456064225 -0.3159440887088105 -0.32225390339154714 -0.1496810939161212 -0.014436131370128454 0.08929173112516811 0.15213774413693312 0.2584348838197042 0.40856801326580605 0.3750509693467216 0.4931380974305262 0.5907670025807563 0.614259942802113 0.7439707782173999 0.8450198060333803 0.9140971580052725 0.9196511254172509 0.9862813511526474 0.9579725343038725 0.9918535794111891 0.9999540723694269 0.9966364503462113 
0.07236748306650169 0.9900838244272274 0.9865377289700454 0.9976475122061595 0.9651061700588951 0.9217367328974595 0.8869755104130993 0.8463533336492168 0.7292326162509085 0.685418352060399 0.5992986846248958 0.39106313263692943 0.3772690690340075 0.3146358041356196 0.21054822862043815 0.06687645071684944 0.05729382923210785 -0.0875029263999073 -0.19433250464466317 -0.28431264535042655 -0.3725648328479732 -0.3671487380588947 -0.5224485284394942 -0.5431007163611116 -0.7760385093057635 -0.09270138931446115 -0.863901574840167 -0.8619586806143522 -0.9739983053868654 -0.9527280181458809 
0.2513982647791202 -0.9150568477529442 -0.9339537851562222 -0.8256153658576826 -0.7862560740382262 -0.7977785263615694 -0.7571190623977399 -0.5412952199062913 -0.5721406582516257 -0.4103714826986071 -0.3822183218775968 -0.26539882969254125 -0.041480508261380056 -0.14524085761914418 -0.008645508365584647 0.11892577867103812 0.2260515385054557 0.39753816827894617 0.4296078565730774 0.5658536062929158 0.6022930453020815 0.7243146278525914 0.7322384011681243 0.9498438960626941 0.8757248055465098 0.9852973400551143 0.96633235927774 0.9632940017057532 0.9840187661263993 0.9889751549210419 
0.9230020671447003 -0.8990245854206169 -0.9396473223446498 -0.8142907430993424 -0.8287714030425275 -0.6758698325795315 -0.6349675293498005 -0.5346981848460483 -0.5040901117520533 -0.3180392307195269 -0.3218263981466262 -0.21367058482330417 0.003287070744581587 0.0622979328837737 0.1557299487080435 0.31816825957756373 0.3658394194530902 0.4816311430609764 0.5019931398094216 0.6894823507916014 0.6144299075055997 0.7304963516014902 0.7695697854801724 0.9168481682019545 0.9561909552833733 0.9842731261799625 0.9580934582315854 0.988712838851798 0.9513303939581782 0.9606381416990544 
0.5728343792470928 -0.9859803347635752 -0.9950383329741362 -0.9804691252266887 -0.9794775940941975 -0.8427273531432727 -0.8271673984366216 -0.7897231866249433 -0.7396168496426305 -0.601868231757228 -0.5968635621028882 -0.43918710114159315 -0.41011322690864926 -0.23800030420836232 -0.29720382944596624 -0.16515205104238254 -0.028322543638287713 0.15937506173298932 0.1807642785348753 0.38222624460704896 0.36661248998516227 0.5048943089751599 0.5395023955038012 0.7052841582375972 0.7667503042751701 0.8024653736429239 0.9216555571499928 0.9226579288414642 0.9536954841468669 0.9515325531385912 
0.23793480301333017 -0.9948175923437103 -0.9951026886147986 -0.8925318858665978 -0.9823764909573914 -0.8831717937887357 -0.8418135092935354 -0.8345245772696599 -0.7353659729314816 -0.6319291141482103 -0.627439913923252 -0.4390813404441107 -0.4171989330599866 -0.3366733134784484 -0.20287817775389583 -0.09603745483106502 -0.02961816350589557 0.09711731540544992 0.18044805140537334 0.39283915015886745 0.3659872326641125 0.5055887736058572 0.5693488268780255 0.7024747574273928 0.7021897782738418 0.8006170560880651 0.9227998846505708 0.9237216482425111 0.919094152750501 0.950483113516307 
0.9065688535490692 -0.9939744016816463 -0.9952980197632613 -0.8938046189611134 -0.980360782661925 -0.9769807970813281 -0.8415986260764378 -0.84150344942644 -0.7396156815480024 -0.6011876458900673 -0.6270581710151001 -0.46914574704016193 -0.4114340165410525 -0.24100270073063196 -0.19956044849586238 -0.16853321187689196 -0.028322543638287713 0.16049632827125043 0.18038569618152303 0.39128671568874196 0.366478568914786 0.5054652672908486 0.5399125642346159 0.7690664887071168 0.7357868863277806 0.8337926751623689 0.9228263490108769 0.9224891881516737 0.9451544111080885 0.994335112393419 
0.2612308966799911 -0.9470580115231745 -0.9349901371416468 -0.8256381352378267 -0.746629664177775 -0.6759200234838968 -0.625697371671057 -0.5316562238970484 -0.42997626181370546 -0.3180075308056227 -0.42098862988499214 -0.12703737325878972 0.01832008561936733 0.07572984466873434 0.1974003665860918 0.2803931391253279 0.26011032693116615 0.48533537415506517 0.5067026530393283 0.6473902076608629 0.7089561336967907 0.8074535017975291 0.8613898371365152 0.908822318670691 0.9192907912854337 0.9840628434235027 0.965119595977837 0.9898841686438278 0.9495870728476326 0.9786035905948297 
0.25691330093161413 -0.9596183439710194 -0.8018875346262968 -0.8254262954965045 -0.7604782111807512 -0.7481398707389637 -0.7273019629639348 -0.5326400635692007 -0.5931623505057722 -0.381059764022314 -0.3796334272367971 -0.24534100511367576 -0.040789011433882756 0.05236672742751461 0.15056195732589894 0.24173556526700016 0.37754530157935123 0.42314183527569377 0.5033982156753083 0.5648849237763348 0.6124431599733662 0.7485852280201558 0.8628853545958057 0.889653814325865 0.9545608515576005 0.9388008282507553 0.9656509728052116 0.9928337199835114 0.9646481834472341 0.9979156581009778 
0.24352180232790663 -0.9977079251032233 -0.9981278657634012 -0.8978379082293314 -0.9637615680979205 -0.8801950434134841 -0.8028810570123939 -0.789848343112043 -0.7185188664747997 -0.6091315717206813 -0.6295808052362901 -0.3864551376239874 -0.4103501948460662 -0.22552323696557344 -0.1988349388717148 0.05858515120823726 -0.023998438612934724 0.16042845328535899 0.23837443290284221 0.35485766403670993 0.47878624465650366 0.5031832621760176 0.6311550659195533 0.7689162425920703 0.7649642553585788 0.8763840845979882 0.9220442366044909 0.9254418427863503 0.9790940161650288 0.9666446417653298 
0.25691330093161413 -0.9589524335445212 -0.8045535310784333 -0.8249349738001698 -0.7582186378649709 -0.7481533694242735 -0.7273019629639348 -0.5326318040182457 -0.452305128215255 -0.4747275915009843 -0.3154011417228145 -0.24541071847128967 -0.03997921938631997 0.05252146705007308 0.15056195732589894 0.24173556526700016 0.39236500186992745 0.42314183527569377 0.5018533872384178 0.5648849237763348 0.6124443241527242 0.7488633825022326 0.8630693263446222 0.9154362315523699 0.953228838120241 0.9387771220086647 0.9653220344313159 0.9952979207110074 0.9646481834472341 0.9896583742299266 
0.5843812570320911 -0.9369222361883468 -0.9391782868121111 -0.8688537889540514 -0.7609810627609211 -0.7481870892578779 -0.7526332687213415 -0.6408662399636925 -0.5786959046295388 -0.4526906972204275 -0.3787890487976265 -0.2650716600088603 -0.0415009153579354 -0.07435664087231339 -0.008645957697815738 0.11886369273114238 0.17391061898455912 0.3962145095614323 0.4031140782136705 0.5625472929707352 0.5045814378216226 0.7247672910623175 0.7326931732011941 0.8822488179790224 0.9157924239633776 0.9115330324963244 0.9651604965245311 0.9629691255120959 0.9956104792992283 0.9860242842614705 
0.5710803464927918 -0.994765715995848 -0.9951688088520089 -0.8950395598876143 -0.9902096291737308 -0.8724273885094675 -0.8418561248482471 -0.8659607043481268 -0.7394205162737919 -0.6017533152468804 -0.5980351921201857 -0.4390813404441107 -0.41010709480157315 -0.27037718481258244 -0.2489871428281936 -0.15329609266906918 -0.0286126458734025 0.16403752307071623 0.2111318817624421 0.3541241787677829 0.32222549478815854 0.4956485093061518 0.548228758475929 0.7046667062511976 0.7470427235612345 0.8792283357760177 0.8636884543313891 0.9224722586881956 0.9109446610376791 0.9530324774270782 
0.26050993511957243 -0.9275561301902816 -0.8797522785971731 -0.8731292925990759 -0.7602648598476671 -0.6703152247827402 -0.612757319649274 -0.5345450098533195 -0.4777975915500543 -0.31934608502728007 -0.3162778810102459 -0.1281248078783303 0.004304352929363989 0.0895067983450097 0.20258657484082437 0.27803934852995266 0.38622408020792215 0.48161851141259016 0.5409664499662561 0.6461306593900688 0.6125089521353998 0.7522797849636791 0.8568420256851457 0.9140974312244394 0.8659571100263727 0.9846273013563509 0.9751845063188452 0.9898088043471538 0.9524110004369947 0.9858839757563763 
0.25691330093161413 -0.9596183439710194 -0.8045535310784333 -0.8275447079041418 -0.7604782111807512 -0.7481533694242735 -0.7273019629639348 -0.5326400635692007 -0.5963451805642827 -0.4747275915009843 -0.3537747299884597 -0.24534100511367576 -0.03997921938631997 0.05236672742751461 0.15056195732589894 0.24173556526700016 0.39236500186992745 0.42314183527569377 0.5018533872384178 0.5648849237763348 0.6124431599733662 0.7488633825022326 0.8628853545958057 0.889653814325865 0.9550940245460198 0.9387771220086647 0.9653220344313159 0.995339583224825 0.9646481834472341 0.9896540304027761 
0.2556174916218464 -0.9491808564674106 -0.938101481383864 -0.8256346453237374 -0.763722253168458 -0.752652396310816 -0.6294325712959702 -0.5411176601913857 -0.450545788777007 -0.4782019967931709 -0.354128553980528 -0.24826712482683838 -0.012271605396412928 0.016147676554089135 0.03946526925632331 0.2615019835054514 0.363658623075554 0.43299809913462617 0.5018462017918803 0.5460646260944134 0.6124402014339417 0.7360309266991838 0.7155836233185402 0.8886290279027691 0.9213024408996028 0.9390091396548647 0.9648594076085271 0.9952330020571148 0.9647337314649166 0.9896807825869729 
0.2430972118809379 -0.976732142943301 -0.9898399107918854 -0.8966511551123761 -0.9679103586738469 -0.8731969509142762 -0.7533903159781449 -0.8418750161842071 -0.7408336247923545 -0.6076147195504973 -0.5960994110596468 -0.3853767335261572 -0.4044010638578525 -0.2387824219946388 -0.17376799540980498 0.05425871379352424 0.14424425380823724 0.08392416260503324 0.2277687538476475 0.32098189214505474 0.4807683828369071 0.5293508539746024 0.5379625136586474 0.7642297955440015 0.7658264917171856 0.8747224837654588 0.9211710913594698 0.923844569165117 0.954293290030402 0.9668824380552333 
0.07236748306650169 0.9900838244272274 0.9865377289700454 0.9976475122061595 0.9651061700588951 0.8216955961436914 0.8869755104130993 0.8463533336492168 0.7292326162509085 0.685418352060399 0.5992986846248958 0.39106313263692943 0.3772690690340075 0.3146358041356196 0.21054822862043815 0.06687645071684944 0.09206887625227278 -0.0875029263999073 -0.19433250464466317 -0.28431264535042655 -0.38018557443982026 -0.3671487380588947 -0.5224485284394942 -0.615588745286264 -0.7756809627341181 -0.09270138931446115 -0.863901574840167 -0.8619586806143522 -0.9739983053868654 -0.9525550628815181 
0.26050993511957243 -0.9275561301902816 -0.8812039625268024 -0.8255619390544751 -0.7464386246190161 -0.6703152247827402 -0.6261335914361909 -0.5344959553986138 -0.501883642543871 -0.33298863991019095 -0.3162778810102459 -0.12813582213092117 0.028865457216556964 0.0895067983450097 0.19989498220392807 0.2613963331618231 0.2670218291407934 0.4815375630600095 0.5066119720417919 0.6425068812221179 0.6119143777599311 0.8076022360518162 0.8616790093983895 0.9141080579068089 0.8659571100263727 0.9834549502657409 0.9510491300078552 0.9898088043471538 0.9524110004369947 0.9796374111120045 
0.9065688535490692 -0.9836595579332877 -0.9950410078696359 -0.9803461120798529 -0.9803227601762684 -0.841081866076124 -0.8271719831333229 -0.8339063182884071 -0.7396156815480024 -0.6093919366773026 -0.6270709489753971 -0.46923317693857824 -0.41293037028483465 -0.23954666630465407 -0.29720382944596624 -0.16515205104238254 -0.028322543638287713 0.15937506173298932 0.17213986079244767 0.38222624460704896 0.366515656774465 0.5048943089751599 0.5394706582011972 0.7188393585042071 0.7667503042751701 0.8031789029979504 0.9216555571499928 0.923769041491301 0.953986191169419 0.994335112393419 
0.2513982647791202 -0.9150568477529442 -0.9339537851562222 -0.8256153658576826 -0.7862560740382262 -0.7977785263615694 -0.7571190623977399 -0.5412952199062913 -0.5721406582516257 -0.4103714826986071 -0.3822183218775968 -0.26539882969254125 -0.041480508261380056 -0.14524085761914418 -0.008645508365584647 0.11892577867103812 0.2260515385054557 0.39753816827894617 0.4296078565730774 0.5658536062929158 0.6022930453020815 0.7243146278525914 0.7322384011681243 0.9498438960626941 0.8757248055465098 0.9852973400551143 0.96633235927774 0.9632940017057532 0.9840187661263993 0.9889751549210419 
0.903650264538951 -0.9856246581001407 -0.9850455993196607 -0.9310021563677142 -0.9715620575328396 -0.8731824555510592 -0.8494547627747382 -0.8414574892399888 -0.7408489394374655 -0.6071757392640462 -0.6192543089051058 -0.3837512588363993 -0.40435286799495046 -0.23953549926656506 -0.24059617258722404 -0.15098776764508343 -0.02819605454257842 0.08390396119301381 0.1727214342633509 0.32084652345042136 0.3715825864937074 0.5043861768051305 0.5671638329221806 0.7193141803669774 0.7015294388213119 0.7555539891772795 0.9228669381746983 0.924145470675015 0.9783674764366762 0.9854111530481918 
0.23692515659614685 -0.9914458757686199 -0.9951022173875411 -0.8944684042831321 -0.9850372171788808 -0.8836006178116985 -0.8419984678950538 -0.8518174120560991 -0.7394205162737919 -0.6275930860152448 -0.6270876360318745 -0.44008023324170187 -0.4097332896083284 -0.26538259691891264 -0.24951562249324277 -0.09631676293691 -0.028284196116339963 0.06883909462440417 0.1804478105729471 0.3840466115230712 0.36673682144824993 0.48164673036099054 0.5692337876650728 0.6722817571073485 0.7021814552650704 0.834601203858299 0.922834567740658 0.9237064251717101 0.9547199687360185 0.9535826594763965 
0.2513982647791202 -0.9368138103160847 -0.9355000861612193 -0.8255798935075034 -0.7867320662326549 -0.7968749328113788 -0.7571190623977399 -0.6399328098027816 -0.5721406582516257 -0.4530046823850584 -0.37994079261692815 -0.26539882969254125 -0.04125552469750133 -0.14001160005968682 -0.008651878300303551 0.11892577867103812 0.22401345174717213 0.39753816827894617 0.42984925361496257 0.5625472929707352 0.6086515631401384 0.7243068154850817 0.7322614137502175 0.9634890227548317 0.9159827373697269 0.987521204918945 0.9651604965245311 0.988987572893422 0.9814107342441156 0.9889599079604185 
0.9178252017463139 -0.915108351841179 -0.9339704538642531 -0.8256152818911883 -0.800019027745338 -0.7482207908278485 -0.6675474586080856 -0.6408665604252474 -0.526557921722837 -0.41001846678134607 -0.4517096910781995 -0.24700658695621994 -0.1202117423323151 -0.1452622244065589 -0.008651850690414223 0.11753327365854524 0.1547837701192859 0.3963238585285651 0.41389882330319644 0.5658547096387194 0.6022639547078108 0.7242263740577888 0.7138333456211688 0.7891652568290112 0.8762210177002323 0.9118435574837943 0.9662955695412849 0.9884410010077359 0.9840486841214982 0.9859125548023099 
0.9065688535490692 -0.9858379183606288 -0.9952980197632613 -0.9945086960866638 -0.9803220777191065 -0.8411757626089627 -0.8415986260764378 -0.8921702525170817 -0.7351074329529615 -0.6093461996988924 -0.6155397987551198 -0.46914574704016193 -0.4128736943565132 -0.23891415828544552 -0.1570682034517854 -0.015071458013700023 -0.028322543638287713 0.15934480351420208 0.18038569618152303 0.3819003680430661 0.3666131379570635 0.5048887006698177 0.5394706582011972 0.6861296200704321 0.7336990760049439 0.8046272422144906 0.9228039862162627 0.9224891881516737 0.98027940878289 0.9949588699786323 
0.9058455856756056 -0.9804837833900826 -0.998349462048072 -0.9038458667618916 -0.9984360049881726 -0.8739302894249795 -0.8338016831353222 -0.8148914334688796 -0.7178226860267826 -0.6016650888627548 -0.5976756740045445 -0.38745289435964486 -0.4487447606513596 -0.23974601979093121 -0.19972830951151155 -0.1507898666077531 -0.03218526158641122 0.1584464208526164 0.18238449944082274 0.3988577748638867 0.3714422385033989 0.5952364017563135 0.6321512806058964 0.6908753544736358 0.7658241983910944 0.8039708756760814 0.9220935070750644 0.9224817541813901 0.9482356225249546 0.9671192124977305 
0.2556091937787764 -0.9491808564674106 -0.938101481383864 -0.8256343169900915 -0.7633586669417401 -0.7542358041600925 -0.6284638128182665 -0.5407467778475237 -0.450545788777007 -0.4784364249838649 -0.3530920508580193 -0.12745037683673308 -0.012847310522567632 0.02817581808952433 0.039648814594037976 0.26163480429739383 0.363658623075554 0.4329627798016403 0.5018971927470104 0.6344474497976044 0.6124425796938718 0.7364356807344172 0.8230323425555995 0.8384760933894254 0.9216298871611865 0.9841527596498584 0.964891984631403 0.9952724279180151 0.9640423765227785 0.9895743353513704 
0.2513982647791202 -0.9149444677655801 -0.9355000861612193 -0.8255803503272365 -0.7985953598630471 -0.7481705351048833 -0.7563841538059415 -0.6408665515258717 -0.5776358890648382 -0.46342793137065913 -0.38025700497458825 -0.24655202677473606 -0.04088469781063342 -0.1412029638559302 -0.008645508365584647 0.12902278557300673 0.1543808132412128 0.39753816827894617 0.4296078565730774 0.44845687412539836 0.6478092840842764 0.7244134265993187 0.7323425401814538 0.8035537084562427 0.9158729606461616 0.9852973400551143 0.9633138826230108 0.9213025044700014 0.9816905693415672 0.9911878829567025 
0.23781137752383869 -0.9948175923437103 -0.9951515137049088 -0.8928611016699787 -0.9823706518892806 -0.876199312694414 -0.8016994328275816 -0.8344133540901965 -0.7353659729314816 -0.6319291141482103 -0.627439913923252 -0.4390813404441107 -0.4167444107287095 -0.3366733134784484 -0.20287817775389583 -0.09583042843158279 -0.02961816350589557 0.09665903941364082 0.18044805140537334 0.35271961592646484 0.36585334520176466 0.5055887736058572 0.631982300303421 0.7022364210663257 0.7021897782738418 0.8006170560880651 0.9227998846505708 0.9237112495131005 0.919094152750501 0.950483113516307 
0.2398683778050786 -0.9976638406355102 -0.9986409278938578 -0.8977514603265135 -0.981960361225115 -0.8015939796065638 -0.82816649642471 -0.8009288190539962 -0.7386308749729192 -0.601345128224372 -0.5969142565032928 -0.38391364717009074 -0.40468760619293864 -0.2686524213387011 -0.18551444644719295 -0.16325999624794443 -0.025115160112788144 0.07288351790441852 0.17259440842264104 0.35304928371859995 0.3722933980997616 0.5031500842525217 0.6309127845795808 0.7022257802154764 0.7467143271876071 0.8341825748125761 0.8850764592922253 0.9242850040058663 0.9279516385247677 0.9563565484031243 
0.25691330093161413 -0.9596183439710194 -0.8018875346262968 -0.8254262954965045 -0.7604782111807512 -0.7481398707389637 -0.7273019629639348 -0.5326400635692007 -0.5931623505057722 -0.381059764022314 -0.3796334272367971 -0.24534100511367576 -0.040789011433882756 0.05236672742751461 0.15056195732589894 0.24173556526700016 0.37754530157935123 0.42314183527569377 0.5033982156753083 0.5648849237763348 0.6124431599733662 0.7485852280201558 0.8628853545958057 0.889653814325865 0.9545608515576005 0.9388008282507553 0.9656509728052116 0.9928337199835114 0.9646481834472341 0.9979156581009778 
0.5916139424499024 -0.8942668466316014 -0.9395959627096118 -0.8255635254627683 -0.7852933922544022 -0.6785089412185715 -0.6143462570475456 -0.5408316501152973 -0.46772691916191866 -0.3181543529457564 -0.3214368423331801 -0.13626769411716808 0.003287070744581587 0.008143640121000634 0.15080839363065932 0.24445474035742648 0.3680076651330974 0.4816169180782233 0.5647659434397415 0.6444574215770511 0.7078856620344737 0.8085577928600527 0.8154460033143757 0.8601819957209753 0.9207164447616718 0.9842724160206723 0.9581508612112021 0.9887263095280014 0.9888021199022224 0.978899653903907 
0.5843812570320911 -0.9368138103160847 -0.9391782868121111 -0.8255798935075034 -0.7609810627609211 -0.7481870892578779 -0.7526332687213415 -0.6408662399636925 -0.5776358890648382 -0.4752093496829273 -0.3851586761777381 -0.2650716600088603 -0.0415009153579354 -0.07435664087231339 -0.0045529989324448895 0.09353891217561026 0.17391061898455912 0.3962145095614323 0.4031140782136705 0.5625472929707352 0.5673701411997603 0.7167090559507571 0.6942771145934046 0.8823855903557485 0.9153580805706213 0.936769821542874 0.9651604965245311 0.9629691255120959 0.9839391309430886 0.9860242842614705 
0.23692515659614685 -0.9914458757686199 -0.9951022173875411 -0.8944684042831321 -0.9817987989504067 -0.8723854703782682 -0.8419984678950538 -0.8914240309899959 -0.7394205162737919 -0.6275930860152448 -0.6270876360318745 -0.44008023324170187 -0.4097332896083284 -0.26538259691891264 -0.24951562249324277 -0.09631676293691 -0.028284196116339963 0.06883909462440417 0.1804478105729471 0.3840466115230712 0.36673682144824993 0.48164673036099054 0.5692337876650728 0.6722817571073485 0.7021814552650704 0.834601203858299 0.922834567740658 0.9237064251717101 0.9547199687360185 0.9535826594763965 
0.572048896094608 -0.994726351143904 -0.9951662128753833 -0.9412505456416557 -0.8194931865218463 -0.8724147816382705 -0.8418135092935354 -0.8339535312316234 -0.7353659729314816 -0.6319291141482103 -0.6274285781814724 -0.4390813404441107 -0.4171989330599866 -0.3634487427289409 -0.20287817775389583 -0.1584175063759244 -0.02960603549847598 0.09501282391609761 0.18044808091572528 0.39283915015886745 0.3659872326641125 0.506102451625268 0.5663487123158614 0.7024747574273928 0.7471408877448557 0.8006170560880651 0.9216358765818342 0.9227003872199322 0.916922554924563 0.950483113516307 
0.9178252017463139 -0.915108351841179 -0.9339704538642531 -0.8256152818911883 -0.800019027745338 -0.7482207908278485 -0.6675474586080856 -0.5422289705287572 -0.526557921722837 -0.41001846678134607 -0.4517096910781995 -0.24700658695621994 -0.12043672589619384 -0.1452622244065589 -0.00864548075569532 0.12113498847561008 0.1547837701192859 0.3963238585285651 0.41365742626131125 0.5658547096387194 0.6022639547078108 0.726894609536273 0.7138333456211688 0.7891652568290112 0.8761112409766671 0.9096150566775643 0.9662955695412849 0.9627474284450137 0.9838890507491529 0.9859125548023099 
0.26050993511957243 -0.9275561301902816 -0.8812039625268024 -0.8255619390544751 -0.7464386246190161 -0.6703152247827402 -0.6261335914361909 -0.5344959553986138 -0.501883642543871 -0.33298863991019095 -0.3162778810102459 -0.12813582213092117 0.028865457216556964 0.0895067983450097 0.19989498220392807 0.2613963331618231 0.2670218291407934 0.4815375630600095 0.5066119720417919 0.6425068812221179 0.6119143777599311 0.8076022360518162 0.8616790093983895 0.9141080579068089 0.8659571100263727 0.9834549502657409 0.9510491300078552 0.9898088043471538 0.9524110004369947 0.9796374111120045 
0.26050993511957243 -0.9275561301902816 -0.8797522785971731 -0.8255619390544751 -0.7602306406824275 -0.6703152247827402 -0.6141672955161652 -0.5345450098533195 -0.5000730023403248 -0.31934608502728007 -0.3162778810102459 -0.1281224217000565 0.028865457216556964 0.0895067983450097 0.20258657484082437 0.2613963331618231 0.3840989555575797 0.48153735001604125 0.4932658339201937 0.6461432241995255 0.6135011817687305 0.8076025898445938 0.8568420256851457 0.9140974312244394 0.8659571100263727 0.9961862150063125 0.9510491300078552 0.9898088043471538 0.9524110004369947 0.9858839757563763 
0.2513982647791202 -0.9368138103160847 -0.9355000861612193 -0.8255798935075034 -0.7867320662326549 -0.7968749328113788 -0.7571190623977399 -0.5412952199062913 -0.5721406582516257 -0.4530046823850584 -0.37994079261692815 -0.26539882969254125 -0.041480508261380056 -0.14001160005968682 -0.008645508365584647 0.11892577867103812 0.22401345174717213 0.39753816827894617 0.4296078565730774 0.5625472929707352 0.6086515631401384 0.726975050963566 0.7322614137502175 0.9634890227548317 0.9158729606461616 0.9852973400551143 0.9651604965245311 0.9632940017057532 0.9812511008717704 0.9889599079604185 
0.5916070043896571 -0.9482165244869494 -0.9395959627096118 -0.8255067863407685 -0.7639056712331104 -0.6758698325795315 -0.6339008746459531 -0.5345487336927998 -0.47406654058160175 -0.31801052424357684 -0.3214456867923741 -0.1279036504430823 0.003287070744581587 0.008143640121000634 0.03896189422451736 0.27788247255922616 0.36633060105792903 0.48161709970240785 0.5642582856640599 0.6512986860255126 0.7078856620344737 0.7514688685322339 0.818672247501242 0.9091884680302442 0.9207164447616718 0.9842724160206723 0.9750851983245898 0.9898182812193582 0.9900073689381238 0.9783540987218483 
0.903650264538951 -0.98550397017184 -0.995157141428734 -0.9244180908967645 -0.9402224535442211 -0.8874949934917282 -0.8279753427766422 -0.8421091701537584 -0.7401720341709016 -0.6074091942175773 -0.5978015042686837 -0.38375302077551976 -0.40492143436419864 -0.23889198517678856 -0.21518336645720687 -0.1509879274622116 -0.02819605454257842 0.07976370478828855 0.15974276094060302 0.30436924221788786 0.37291297963308295 0.5043412778840656 0.5419611422702226 0.6905617352957083 0.7024190719277527 0.7555539891772795 0.9234847964834548 0.9224894924185196 0.9910120153637634 0.9562734466669133 
0.2430972118809379 -0.976732142943301 -0.9898399107918854 -0.8966511551123761 -0.9679103586738469 -0.8731969509142762 -0.7533903159781449 -0.8418750161842071 -0.7408336247923545 -0.6076147195504973 -0.5960994110596468 -0.3853767335261572 -0.4044010638578525 -0.2387824219946388 -0.17376799540980498 0.05425871379352424 0.14424425380823724 0.08392416260503324 0.2277687538476475 0.32098189214505474 0.4807683828369071 0.5293508539746024 0.5379625136586474 0.7642297955440015 0.7658264917171856 0.8747224837654588 0.9211710913594698 0.923844569165117 0.954293290030402 0.9668824380552333 
0.26050993511957243 -0.9275561301902816 -0.8797522785971731 -0.825560805826538 -0.7602648598476671 -0.6703152247827402 -0.612757319649274 -0.5345450098533195 -0.4777975915500543 -0.31934608502728007 -0.3162778810102459 -0.1281248078783303 0.004304352929363989 0.0895067983450097 0.20258657484082437 0.27803934852995266 0.3840989555575797 0.48161851141259016 0.5409664499662561 0.6461306593900688 0.6125089521353998 0.7522797849636791 0.8568420256851457 0.9140974312244394 0.8659571100263727 0.9846273013563509 0.9751845063188452 0.9898088043471538 0.9524110004369947 0.9858839757563763 
0.9264715131900458 -0.9284090804742768 -0.880313401593411 -0.8255067863407685 -0.7639056712331104 -0.672935359749737 -0.614065420639795 -0.5343911893326424 -0.44874447768251013 -0.31800914704380484 -0.32105779834553866 -0.1279036504430823 0.017352053528762405 0.08935261194211809 0.14641243345996605 0.3048438500069978 0.3585702044359906 0.4417241773244542 0.551834145313047 0.6512986860255126 0.7091421354903927 0.7514688685322339 0.8186504965969965 0.9091763909671056 0.9201710246482488 0.9837446662602017 0.9592171464284718 0.9898106188334812 0.9502937850510034 0.9783540987218483 
0.2398683778050786 -0.9976638406355102 -0.9986409278938578 -0.8977514603265135 -0.981960361225115 -0.9040480366307567 -0.82816649642471 -0.8009288190539962 -0.7386308749729192 -0.601345128224372 -0.5969142565032928 -0.38391364717009074 -0.40468760619293864 -0.2686524213387011 -0.18551444644719295 -0.16325999624794443 -0.025115160112788144 0.07288351790441852 0.17259440842264104 0.35304928371859995 0.3722933980997616 0.5031500842525217 0.6404698467817902 0.7022257802154764 0.7467143271876071 0.8341825748125761 0.9010010393119918 0.9242850040058663 0.9279516385247677 0.9563565484031243 
0.5720620959785452 -0.9978419959622493 -0.9949697523305843 -0.9309009861739567 -0.981815490366666 -0.8724273885094675 -0.8416573251544033 -0.8660735735258149 -0.7386611658510659 -0.5803558384650677 -0.6293532787780278 -0.4390813404441107 -0.4100711809242543 -0.2685961832766587 -0.3017668542908847 -0.09663438193477625 -0.0286126458734025 0.084205237494743 0.18044762431514713 0.3520406610068685 0.36714567784651414 0.4376167561093684 0.5661130309135879 0.702004067896138 0.7472345180042367 0.7828683323010442 0.9227079197204219 0.922689130576668 0.9792362021581195 0.9530324774270782 
0.9054484886466 -0.9806069580445452 -0.9983258785568037 -0.8937086248018731 -0.9984360049881726 -0.9120459734724253 -0.8338016831353222 -0.8154176710858451 -0.7184024113655654 -0.579207459125478 -0.6300877850743792 -0.38745289435964486 -0.4484911614037355 -0.23974601979093121 -0.21450779109735327 -0.1507898666077531 0.01901835395442805 0.16070926383847478 0.23815306994186392 0.3988577748638867 0.37230876459750034 0.5952364017563135 0.6321845444386195 0.6887803867805296 0.7658241983910944 0.8039708756760814 0.9220905234981752 0.9225088123510873 0.9482356225249546 0.9671192124977305 
0.26050993511957243 -0.9275561301902816 -0.8797522785971731 -0.8731292925990759 -0.7602648598476671 -0.6703152247827402 -0.612757319649274 -0.5345450098533195 -0.4777975915500543 -0.31934608502728007 -0.3162778810102459 -0.1281248078783303 0.004304352929363989 0.0895067983450097 0.20258657484082437 0.27803934852995266 0.38622408020792215 0.48161851141259016 0.5409664499662561 0.6461306593900688 0.6125089521353998 0.7522797849636791 0.8568420256851457 0.9140974312244394 0.8659571100263727 0.9846273013563509 0.9751845063188452 0.9898088043471538 0.9524110004369947 0.9858839757563763 
0.2513982647791202 -0.9368196095646389 -0.8706503554422074 -0.8257720942611485 -0.7875111228040296 -0.7630119037647137 -0.7526332687213415 -0.6408662399636925 -0.5617380143579822 -0.4754140523957819 -0.38599579049714644 -0.2662709723709632 -0.04146528066490122 -0.1411643051051835 -0.008642225309616565 0.11848797097536307 0.17366869955050968 0.39752506774757723 0.4031140782136705 0.5625472929707352 0.5652401209060945 0.7167357995759156 0.6944665376542674 0.806659722142748 0.9153443356428123 0.9368579556720749 0.9651604965245311 0.9199510801435299 0.9841688375400602 0.9859181758193375 
0.9054484886466 -0.9806069580445452 -0.9983258785568037 -0.8958242313422413 -0.9993730825393502 -0.9120459734724253 -0.8338016831353222 -0.815236295319968 -0.718852249311055 -0.579207459125478 -0.6300877850743792 -0.38470567402839806 -0.4484911614037355 -0.24129878740231386 -0.21450779109735327 -0.1507898666077531 0.01901835395442805 0.16070926383847478 0.1857500546381816 0.3988577748638867 0.37230876459750034 0.5952364017563135 0.6317632971741203 0.7025161076413402 0.7658241983910944 0.8039478658260055 0.9220905234981752 0.9225088123510873 0.9482356225249546 0.9504889362893671 
0.9060289512355458 -0.9806069580445452 -0.9983258785568037 -0.8937086248018731 -0.980645918629862 -0.9120459734724253 -0.8338016831353222 -0.8154176710858451 -0.7184024113655654 -0.6574344568298652 -0.6300877850743792 -0.38745289435964486 -0.4275787272032188 -0.23974601979093121 -0.19911713857566612 -0.1507898666077531 0.01901835395442805 0.16070926383847478 0.23815306994186392 0.3988577748638867 0.37230876459750034 0.5952364017563135 0.6321845444386195 0.6887803867805296 0.7658241983910944 0.7293470764086515 0.9220905234981752 0.9225088123510873 0.9790914630318002 0.9671192124977305 
0.5916139424499024 -0.9481706339241993 -0.9395959627096118 -0.8255067863407685 -0.7852933922544022 -0.6785089412185715 -0.6105389387370062 -0.5407524969170506 -0.47406654058160175 -0.3181543529457564 -0.3214368423331801 -0.1279036504430823 0.003287070744581587 0.008143640121000634 0.15084571983811315 0.2779762037797158 0.3680076651330974 0.48161709970240785 0.5647659434397415 0.6444574215770511 0.7078856620344737 0.7514688685322339 0.8154460033143757 0.8498177802227969 0.9207164447616718 0.9842724160206723 0.9581487525604236 0.9898182812193582 0.9984475381963134 0.978899653903907 
0.2513982647791202 -0.9149444677655801 -0.9355000861612193 -0.8255803503272365 -0.7985953598630471 -0.7481705351048833 -0.7563841538059415 -0.6408665515258717 -0.5776358890648382 -0.46342793137065913 -0.38025700497458825 -0.24655202677473606 -0.04088469781063342 -0.1412029638559302 -0.008645508365584647 0.12902278557300673 0.1543808132412128 0.39753816827894617 0.4296078565730774 0.44845687412539836 0.6478092840842764 0.7244134265993187 0.7323425401814538 0.8035537084562427 0.8953618638380659 0.9852973400551143 0.9633138826230108 0.9213025044700014 0.9816905693415672 0.9889599079604185 
0.5939645338049157 -0.9470045729428075 -0.9137409214100995 -0.8255993155856372 -0.7465803509345357 -0.6758144725120261 -0.6301756114080493 -0.534389757699791 -0.4314444729590303 -0.3180388746303837 -0.313141503495283 -0.1279479468468701 0.018521408534520414 0.08976984990650984 0.0274263574072635 0.2783271082878871 0.2177106448677555 0.4845526076486752 0.5112633234640438 0.6468260485704992 0.7038136903610076 0.8166748038560576 0.8212278750317056 0.9140427693178295 0.8819488753337252 0.9850121867200285 0.9743011459261295 0.9898075093369655 0.99580484787412 0.9870048458925359 
0.26050993511957243 -0.9275561301902816 -0.8797522785971731 -0.8255619390544751 -0.7602306406824275 -0.6703152247827402 -0.6141672955161652 -0.5345450098533195 -0.5000730023403248 -0.31934608502728007 -0.3162778810102459 -0.1281224217000565 0.028865457216556964 0.0895067983450097 0.20258657484082437 0.2613963331618231 0.3840989555575797 0.48153735001604125 0.4932658339201937 0.6461432241995255 0.6135011817687305 0.8076025898445938 0.8568420256851457 0.9140974312244394 0.8659571100263727 0.9961862150063125 0.9510491300078552 0.9898088043471538 0.9524110004369947 0.9858839757563763 
0.5728343792470928 -0.9859803347635752 -0.9950383329741362 -0.9804691252266887 -0.9794775940941975 -0.8427273531432727 -0.8271673984366216 -0.7897231866249433 -0.7396168496426305 -0.601868231757228 -0.5968635621028882 -0.43918710114159315 -0.41011322690864926 -0.23800030420836232 -0.29720382944596624 -0.16515205104238254 -0.028322543638287713 0.15937506173298932 0.1807642785348753 0.38222624460704896 0.36661248998516227 0.5048943089751599 0.5395023955038012 0.7052841582375972 0.7667503042751701 0.8024653736429239 0.9216555571499928 0.9226579288414642 0.9536954841468669 0.9515325531385912 
0.2513982647791202 -0.9368196095646389 -0.8706503554422074 -0.8257720942611485 -0.7875111228040296 -0.7630119037647137 -0.7526332687213415 -0.6408662399636925 -0.5617380143579822 -0.4754140523957819 -0.38599579049714644 -0.2662709723709632 -0.04146528066490122 -0.1411643051051835 -0.008642225309616565 0.11848797097536307 0.17366869955050968 0.39752506774757723 0.4031140782136705 0.5625472929707352 0.5652401209060945 0.7167357995759156 0.6944665376542674 0.806659722142748 0.9153443356428123 0.9368579556720749 0.9651604965245311 0.9199510801435299 0.9841688375400602 0.9859181758193375 
0.5761243586508575 -0.8888160200508108 -0.9980325260966826 -0.9973226874330314 -0.9816159338318976 -0.877522549737866 -0.8340428908409 -0.7153033895510785 -0.6904823052892815 -0.5798746572147833 -0.6256482518191022 -0.3914330293444987 -0.4485305109697358 -0.26584521445240267 -0.17339764473228814 -0.07179643213396465 0.12592021139641302 0.15966167251847815 0.21469873205074105 0.3829498289174267 0.37326358326271153 0.5941028911590677 0.6340058159948373 0.6887812916575371 0.7658269405740973 0.7986252860464343 0.9243884885867615 0.9345499148354158 0.9788244951655006 0.9666207298888908 
0.5761243586508575 -0.8888160200508108 -0.9980325260966826 -0.9973226874330314 -0.9816159338318976 -0.877522549737866 -0.8340428908409 -0.7153033895510785 -0.6904823052892815 -0.5798746572147833 -0.6256482518191022 -0.3914330293444987 -0.4485305109697358 -0.26584521445240267 -0.17339764473228814 -0.07179643213396465 0.12592021139641302 0.15966167251847815 0.21469873205074105 0.3829498289174267 0.37326358326271153 0.5941028911590677 0.6340058159948373 0.6887812916575371 0.7658269405740973 0.7986252860464343 0.9243884885867615 0.9345499148354158 0.9788244951655006 0.9666207298888908 
0.23793480301333017 -0.9948175923437103 -0.9954691354018911 -0.8925318858665978 -0.9824908471273809 -0.8833287255074769 -0.8418135092935354 -0.8345411694908135 -0.7353731547606187 -0.6319291141482103 -0.5958367683513058 -0.4390813404441107 -0.4171989330599866 -0.33658068400409835 -0.17358682743686146 -0.09333339007969454 -0.02961816350589557 0.09773205825183719 0.2276924943451951 0.39053023216248395 0.36278709540820553 0.5060165726830971 0.5698812571073468 0.7029988142700074 0.7021897782738418 0.8006170560880651 0.9227998846505708 0.9237216482425111 0.9549058706363289 0.950483113516307 
0.23692515659614685 -0.9914458757686199 -0.9951022173875411 -0.8944684042831321 -0.9817987989504067 -0.8723854703782682 -0.8419984678950538 -0.8914240309899959 -0.7394205162737919 -0.6275930860152448 -0.6270876360318745 -0.44008023324170187 -0.4097332896083284 -0.26538259691891264 -0.24951562249324277 -0.09631676293691 -0.028284196116339963 0.06883909462440417 0.1804478105729471 0.3840466115230712 0.36673682144824993 0.48164673036099054 0.5692337876650728 0.6722817571073485 0.7021814552650704 0.834601203858299 0.922834567740658 0.9237064251717101 0.9547199687360185 0.9535826594763965 
0.23692515659614685 -0.9914458757686199 -0.9951022173875411 -0.8944684042831321 -0.9850372171788808 -0.8836006178116985 -0.8419984678950538 -0.8518174120560991 -0.7394205162737919 -0.6275930860152448 -0.6270876360318745 -0.44008023324170187 -0.4097332896083284 -0.26538259691891264 -0.24951562249324277 -0.09631676293691 -0.028284196116339963 0.06883909462440417 0.1804478105729471 0.3840466115230712 0.36673682144824993 0.48164673036099054 0.5692337876650728 0.6722817571073485 0.7021814552650704 0.834601203858299 0.922834567740658 0.9237064251717101 0.9547199687360185 0.9535826594763965 
0.2418795279651001 -0.976732142943301 -0.9897742138885292 -0.9017679210996765 -0.9679103586738469 -0.8730873553426989 -0.7522440228506242 -0.8396833397632828 -0.6260816579575127 -0.6076147195504973 -0.6260903428454124 -0.3919628897553293 -0.4044010638578525 -0.23819828952280475 -0.17376809513418803 0.05425015318993712 0.14424425380823724 0.08403687938462459 0.2277687538476475 0.3209788022205359 0.44642313198097006 0.5948570124759021 0.5379625136586474 0.7642297955440015 0.7658264917171856 0.8747224837654588 0.9243903338823156 0.9347342998881438 0.954293290030402 0.9666228116880164 
0.903650264538951 -0.9854765113313788 -0.9951598163242338 -0.9244180908967645 -0.9402224535442211 -0.8858807005983561 -0.8279799274733436 -0.8421091701537584 -0.7401708660762736 -0.6074091942175773 -0.5978015042686837 -0.38375302077551976 -0.40492143436419864 -0.23954688731353557 -0.24009490888271884 -0.1509879274622116 -0.02819605454257842 0.07976370478828855 0.1727948353664048 0.30436924221788786 0.3728161464223857 0.5043412778840656 0.5419294049676187 0.7188562186464506 0.7024190719277527 0.7555539891772795 0.9234847964834548 0.9224894924185196 0.9913025271233683 0.9556673722261151 
0.5720620959785452 -0.9978419959622493 -0.9949697523305843 -0.9309009861739567 -0.981815490366666 -0.8724273885094675 -0.8416573251544033 -0.8660735735258149 -0.7386611658510659 -0.5803558384650677 -0.6293532787780278 -0.4390813404441107 -0.4100711809242543 -0.2685961832766587 -0.3017668542908847 -0.09663438193477625 -0.0286126458734025 0.084205237494743 0.18044762431514713 0.3520406610068685 0.36714567784651414 0.4376167561093684 0.5661130309135879 0.702004067896138 0.7472345180042367 0.7828683323010442 0.9227079197204219 0.922689130576668 0.9792362021581195 0.9530324774270782 
0.2398683778050786 -0.9913802552627649 -0.9986409278938578 -0.9796162681526254 -0.9855990053119548 -0.9212121689076797 -0.9317838777511201 -0.8009288190539962 -0.7386308749729192 -0.6275786502708851 -0.5969142565032928 -0.38391364717009074 -0.4047994386000987 -0.2686524213387011 -0.18551444644719295 -0.16325999624794443 -0.025115160112788144 0.0685636740729843 0.21637067253087858 0.38360013191866393 0.3724351142123574 0.5031500842525217 0.5386182225856453 0.7022257802154764 0.7467143271876071 0.8345984270988617 0.9013979719490594 0.9242850040058663 0.954719298588101 0.9567126799625482 
