2.6620643812334713E-17 1.009941208524209 
2.6620643812334713E-17 1.009941208524209 
0.9983554502175285 0.0050778220743683085 
0.5683189011579828 0.252826720845559 
0.7205147627721534 0.15646092027728067 
0.4045950398074659 0.3732659971518218 
0.8417059139549636 0.09376226817544506 
0.14293189366662468 0.6284937941296677 
0.6028911430993336 0.2290268286856293 
0.01160439169277433 0.9000880009430989 
0.00646012444632188 0.9287969150889809 
0.6828656102952658 0.17882195799797404 
0.26443386198448804 0.49342167800610554 
0.34067654520889235 0.4271619970746255 
0.23904749248031848 0.521784436511863 
0.16879590124656735 0.5955945893788566 
0.8075249843978666 0.10613664061193587 
0.8649552058748221 0.07432963196369043 
0.7479505623969218 0.14034670961675785 
0.03251438109368841 0.8279783501214429 
0.44025637915466476 0.3426117870833702 
0.21123540820369846 0.546505060758502 
0.9026786855934692 0.05471136661509435 
0.45330676721046237 0.33275848301801153 
0.7650048209974989 0.1304044385503759 
0.7835545168598752 0.11964605170416927 
0.7341078190258887 0.1477683089952545 
0.6598585206773888 0.19320415241866198 
0.045762921957699584 0.7954255310795894 
0.8470882030690872 0.08573899835688605 
0.42310433192501257 0.35549870074750073 
0.29927126079498256 0.46011122251792774 
0.6963211321284168 0.17102516019058872 
0.9166179533747094 0.04740867951145073 
0.6212980899434828 0.22458527731944508 
0.06428056639663271 0.754872864432174 
0.075256766924226 0.7333711464410272 
0.48786823941210344 0.31165600254492315 
0.3677356807138515 0.40004433670236933 
0.8039844965430899 0.10815383763629417 
0.5414436889792813 0.27702803167717166 
0.5624008766529046 0.26407049333259314 
0.6522372580838933 0.19740459147424524 
0.2267986038076808 0.5316374094216476 
0.28550865096913147 0.4728251330519778 
0.6394318624827533 0.21475355242994001 
0.30756065774689323 0.4524354645605023 
0.9415880826694029 0.041820537325162895 
0.492047469540366 0.3055858921271302 
0.20235755685999007 0.5667802267992124 
0.4683529693326084 0.3213033955496388 
0.5455229697548665 0.26731650039798427 
0.115951231629066 0.6672846352592566 
9.242936065148588E-4 0.9789877202812884 
0.3806364232282028 0.3890220212347388 
0.945906510696572 0.03252973988029839 
0.9776566009430399 0.016009911107644215 
0.18511526937026937 0.5773255500068555 
0.280340157532019 0.4778757757005454 
0.5286287980604558 0.28794786735121336 
0.16295436608687563 0.6074566696882897 
0.10278369502310378 0.6867539203020123 
2.748701421266455E-4 0.9925371817711026 
0.9861520228084821 0.011786192315380946 
0.09569508443160696 0.70166958773934 
0.8792656395535021 0.0665691175276807 
0.21960937011364545 0.5380865954026909 
0.507427168758797 0.2960351823813252 
0.053940006590675715 0.7766708537638913 
0.42685003121096676 0.35284004822000575 
0.38957021877158104 0.3819881076077355 
0.12215604197973699 0.6571640098678385 
0.037205037241282185 0.8161751505931443 
0.7759733262614632 0.12421958322707234 
0.040726980948556646 0.8066339373291735 
0.061805110447163275 0.7596808924204803 
0.25286182218777264 0.504848881616496 
0.3600187321058348 0.40650389679491056 
0.9651561534339907 0.024489927014841453 
0.6374448254398227 0.21712121039478513 
0.02455382750138646 0.8516237736860597 
0.2003705272758245 0.5696853532570965 
0.9634860195028407 0.030012061795160656 
0.3171299209187038 0.4435362265232925 
0.08295627975447663 0.7233891076774039 
0.32148199739598116 0.43903924728191046 
0.16295436608687563 0.6074566696882897 
0.4656539547154853 0.3233929413567038 
0.8792656395535021 0.0665691175276807 
0.13542570949514632 0.6396884261986419 
0.3600187321058348 0.40650389679491056 
0.25286182218777264 0.504848881616496 
0.0037418916614372216 0.9484047853058057 
0.002314461097574383 0.9606455140315848 
0.5065154010391749 0.2962005870854243 
0.054778693000022666 0.7741669284288688 
0.18511526937026937 0.5773255500068555 
0.12802938352880067 0.6498210172721073 
0.10903878297718345 0.6779080613986559 
0.09046796521627451 0.7058450933140921 
