1.742241298104201E-17 1.0177029194349994 
0.9903487821581332 0.012678477938924949 
1.742241298104201E-17 1.0177029194349994 
0.10444199912075308 0.6913578796003893 
0.07255579676384116 0.7517776128449548 
0.392347158657629 0.38723083148060017 
0.015589396476218875 0.8921798469354181 
0.03752923149352891 0.82430039081704 
0.6098604572031101 0.23514897354681014 
0.6311560506438922 0.21648353641722903 
0.31002224835703945 0.4517498377525802 
0.215993969787749 0.5472712221035128 
5.350347842777992E-4 0.9959997290450133 
0.1215458041817778 0.6640105268856646 
0.22943626574418277 0.5328779221730903 
0.09319394653792747 0.7104487174621622 
0.16286781826644964 0.6097282618800055 
0.20870534468707014 0.5645939667720979 
0.3606552173285048 0.41200939122275054 
0.19489660388177674 0.5723101752889792 
0.7702477383818005 0.13098781946343305 
0.17640534051448845 0.5917493822800477 
0.4672823385253898 0.3268842688538957 
0.6912031871385347 0.1839575098346529 
0.033083525542000995 0.8438022323055422 
0.933779218085684 0.041732673208556975 
0.7521433729882876 0.1439583792644663 
0.07919953916203848 0.7283007538297098 
0.795583466024554 0.12156888141549577 
0.6022524742755864 0.2409264140486253 
0.9180757690409229 0.04853424588044198 
0.8431625501526099 0.09248803789780344 
0.58149645630513 0.2497083792018376 
0.4803038457323131 0.3162782946688419 
0.15489455810468167 0.6168119446634521 
0.7347621541580602 0.14924762043834136 
0.26850396480415273 0.5029143890071507 
0.8697420740669379 0.07674290278963083 
0.019872542514772717 0.8755066312983826 
0.7282393307672487 0.1606837785675712 
0.18300160340022892 0.5846373700666977 
0.05463778373964148 0.7805711830046571 
0.3279153973846184 0.4376107175628963 
0.456561448822197 0.3370291306593642 
0.6972637352323274 0.17294295727068207 
0.30045279135392905 0.46295597207266276 
0.24091585782798702 0.5230948823971995 
0.4370054111150048 0.3465417467403082 
0.9680988614883975 0.025569932164392906 
0.49199332437773374 0.31020640165901875 
0.6585641095174948 0.19924082434519774 
0.373145571330292 0.4029197181272115 
0.5549354837889016 0.26599983062292254 
0.9775109013916274 0.019179470961030152 
0.33103137813767797 0.43564318643028926 
0.008471313583998413 0.9227132054655176 
0.9057544482442486 0.05625837588250601 
0.4252503786175413 0.3584747390508307 
0.5108954790279158 0.29651436030761974 
0.529209181311523 0.2837421277827195 
0.14030067788025463 0.6476625516108785 
0.5024904449160046 0.30249454002809745 
0.25204050687715013 0.5101362227100046 
0.04505286570444686 0.8013822312647023 
0.9016497875467671 0.06566575926034594 
0.05979701589531872 0.7788994046325424 
0.858049571196134 0.08350143667276806 
0.82192738185772 0.10307499277162051 
0.290008998138173 0.47624883542655333 
0.08599459657176 0.721929327852721 
0.5549354837889016 0.26599983062292254 
0.5246544407053981 0.2912178417337295 
0.7650673239672491 0.13647166665636448 
0.5725111216983061 0.2606575506023856 
0.6696970279591444 0.18978301375957946 
0.9477043504460974 0.03447889115197667 
0.13161318890627205 0.6524094942939033 
0.9532001896055937 0.03131887320116849 
0.8139273976750994 0.11128030586640689 
0.4462029124211537 0.3428762990522172 
0.008471313583998413 0.9227132054655176 
0.7976013085837612 0.11526892900823808 
0.42403234816012275 0.36716940688555316 
0.04505286570444686 0.8013822312647023 
0.4108065289557494 0.3723498327076422 
0.3473816019102061 0.4234003485021851 
0.0031918604030076667 0.969752986923806 
0.649501282762697 0.2085197040487774 
0.00518279209892436 0.944594091219974 
0.0048008558153958825 0.9464805842735016 
0.025845636184986476 0.856815381871531 
0.27653296178752285 0.49440675466796574 
0.0031918604030076667 0.969752986923806 
0.3473816019102061 0.4234003485021851 
0.14461233858152311 0.6325787623378709 
0.023514700030077725 0.8612014479178618 
0.8868367882075314 0.0731360251657239 
0.247719345781077 0.5144716524464067 
0.8483429645671613 0.08724037911232098 
0.4108065289557494 0.3723498327076422 
