0.0 1.0141568982443516 
0.9929960872471973 0.012586094864893553 
0.0 1.0141568982443516 
0.892986183677011 0.06407013170688644 
0.5817016194276422 0.24903023046253364 
0.23654272746233096 0.5286253299093803 
0.4301163153794162 0.35208320946580157 
0.1223842391605448 0.6638408493938669 
0.4120504181828704 0.37043105198029214 
0.48575909394576533 0.31590089938469496 
0.03494812269832592 0.8294048488864545 
0.3858977065496211 0.3911013819542596 
0.14944432032221597 0.6250324848293514 
0.1712128945854963 0.5993006098123232 
0.3099050382607889 0.4631229707204389 
0.44931657565142025 0.34158010444244674 
0.919219721869308 0.05012479735797003 
0.060286719670681964 0.76325599496114 
0.21238281754526778 0.5535806989555926 
0.49662679752223743 0.3073463820282414 
0.36850997698129195 0.4054465083205845 
0.9404210979782754 0.03946936130434775 
0.9603665417475696 0.02938722118992597 
0.2889715022995937 0.48159081775719403 
0.6898925468494607 0.18066204779126205 
0.3987165483676126 0.380945491826238 
0.8520591615366891 0.08337734635418124 
0.050520025189018325 0.7904047791963706 
0.8044991405288042 0.11161477185056344 
0.041581986995808645 0.8124402894397622 
0.6266112105466057 0.21851108450784001 
0.026664854114967274 0.852649886524889 
0.5287166721421316 0.2851489420439866 
0.2532893448400234 0.5092345072826586 
0.7125607051540865 0.16564957059878166 
0.1982249085779337 0.5684232603757723 
0.6153451180571285 0.22603193168070435 
0.3244123632024938 0.443029461294213 
0.8255824923754422 0.10058747244037473 
0.7637898727990604 0.13490832150379983 
0.07347607121565272 0.7448787447307952 
0.2946042784863585 0.4659314776849254 
0.0942817625495933 0.708278858143149 
0.463112626682633 0.33174512848018917 
0.3579017331088229 0.41342876691916314 
0.6583957490735748 0.19982824844128705 
0.08135584122450179 0.72974730764876 
0.2715055814973193 0.49120602285924475 
0.699788825329723 0.17309894157376052 
0.10953502321018954 0.684261334150988 
0.34207949001601723 0.426872537786736 
0.7462280705187367 0.1427624951879899 
0.13534895728559482 0.6457030627468171 
0.2661255613831532 0.4966284183983067 
0.18762481406499776 0.5809480885377954 
0.24464081054800724 0.5181641141411459 
0.8411718100653458 0.09233710971834945 
0.7963345392310467 0.1170292339132974 
0.10188415948263038 0.6956661028104079 
0.08683635221612063 0.7200581952302658 
0.6153451180571285 0.22603193168070435 
0.7266823269726947 0.15726632323645195 
0.734647626936787 0.1536877766236263 
0.3278150720712214 0.4405333550174469 
0.8730358987287653 0.07477574968337956 
0.6433055883376202 0.20898544550591236 
0.01162783762152346 0.9088813746506906 
0.514332721864616 0.29406503965732467 
0.9252473926054642 0.044228380212138915 
0.555173091872809 0.2663295419351873 
0.06525782898418148 0.7531163361661972 
0.13448036074736805 0.6468238350864803 
0.048114405342102734 0.7974155899090397 
0.5728376632095845 0.25414961900270633 
0.0029935907166354914 0.9615789504908758 
0.5632150019725515 0.2609735729988043 
0.8718973558689328 0.07648527626933206 
0.3473022785603527 0.42281291260203174 
0.020695757285033506 0.871559437531951 
7.838260560424602E-4 0.9882532540510217 
0.2117500594553392 0.5543888874669223 
0.002462204872606461 0.9687446662676699 
0.6700026963708292 0.19122561621600476 
0.15698640264573321 0.6132372484160431 
0.1608579375695024 0.6082290079912112 
0.7834149538864361 0.12548269171314716 
0.005763194490815082 0.9415753532185397 
0.5409455819577759 0.2758023221629065 
3.2373864580145795E-4 0.9957198616125146 
0.9772720191421229 0.020839852440268453 
0.9735312936159204 0.022751114410911 
0.7571446203995521 0.13938143918421805 
0.008739009128775368 0.9223308243599314 
0.6466301057978548 0.20633279679036606 
0.01626780804317529 0.8897657607037781 
0.8310104161427172 0.09780906429928835 
0.5443498493950296 0.2737353574867593 
0.4626643547457726 0.3321005001604236 
0.515195163130244 0.29389217027827225 
0.9900143659661713 0.013325834733469526 
