0.0 1.0032025202707189 
0.0 1.0032025202707189 
0.9999487125280524 0.0026718502030771882 
0.9999487125280524 0.0026718502030771882 
0.28203684534143103 0.4730776665014469 
0.5731414061825505 0.24615436458402715 
0.7367125476421647 0.14532981280729554 
0.21377338694828973 0.5419598328126511 
0.6048162109507687 0.2256600345311596 
0.9444691885800209 0.03017145053346592 
0.23309492375427163 0.521402669350574 
0.053000100501419886 0.7750586535599047 
0.07787005644184986 0.7237782670803092 
0.20207858082494443 0.5550771394655748 
0.5900410107708218 0.23383242880671729 
0.4057979686205777 0.36677441770566765 
0.4408020561452903 0.33973076322230306 
0.09013892748353614 0.7056055581718187 
0.5160258099473052 0.28593146016857424 
0.06651703877969917 0.7481812814410529 
0.6741575337122637 0.18237963584745798 
0.3071770150349277 0.45006271517662505 
0.7879874568361988 0.1155702115957133 
0.38776295278826584 0.37963042963569216 
0.7665454820411448 0.1275515896808203 
0.025325405659643363 0.8447517084123068 
0.3203603269366736 0.4383550626750742 
0.8601913332201889 0.0756520554893285 
0.015069437447745943 0.8827531169931471 
0.6487421771191297 0.19779282164130157 
0.16451400536260086 0.5986201987394754 
0.0038530568815045574 0.9432865783676359 
0.007942894690395108 0.9140230941129004 
0.2548994805190356 0.49966210585395354 
0.41787007097380746 0.35771565517862486 
0.42932871294538705 0.34904548496964344 
0.9740572618283739 0.016107347775478887 
0.0012150945338711971 0.9705673499098176 
0.4585907293566396 0.3266030949771554 
0.9939215906294725 0.005743058809582021 
0.8770992703495266 0.06721822661950527 
0.033641650221759356 0.8215453461575912 
0.37927070012478986 0.3878180826275279 
0.6957828444772682 0.16971678070910454 
0.33202328806757425 0.4262541615117036 
0.1027606667623607 0.6843898256761626 
0.18033282261515263 0.5815926740370375 
0.6301919303337472 0.20936908384121547 
0.48049599785171576 0.3108763217283967 
0.7152366116564071 0.15706205387932837 
0.12433686352792891 0.6522064673409931 
1.7840834221216541E-4 0.9899136861523131 
0.09705427267511979 0.6912548345007794 
0.7981020200862622 0.11004393780367017 
0.966485792934524 0.019815379546304256 
0.1722617941308759 0.5896783454002277 
0.496853662286438 0.2988663273629317 
0.8852974203820583 0.062136072800918714 
0.018596492852392538 0.8692021790643875 
0.34026528531501543 0.42105462473091404 
0.6301919303337472 0.20936908384121547 
0.7152366116564071 0.15706205387932837 
0.0219496837293173 0.8573625474775018 
0.36764141940247475 0.3977877815943432 
0.6457339405300659 0.1996114570792671 
0.5433881699320858 0.26803268881626435 
0.0028476528124387612 0.952409428886786 
0.11452513502415496 0.6670617389494542 
0.8166610485648218 0.09973755788222233 
0.2615653235131525 0.4910319822412319 
0.1124263519090109 0.6702043874825735 
0.6798788700141982 0.17938617272255922 
0.5492897436866264 0.2628522307952457 
0.8094638154796123 0.10335671652318684 
0.46797313056203477 0.31999703523897666 
0.8285783913605614 0.09153054576365505 
0.48820951833613596 0.3058293920355403 
0.04720626995668603 0.7862368092410443 
0.14399900842784616 0.6249719718128788 
0.5271941692387346 0.277914178192701 
0.7577074593308613 0.13281869361436804 
0.18788141147837775 0.5695925100994793 
0.5314615708576791 0.274986290553388 
0.07031206242703864 0.7396701453443939 
0.6922597319291139 0.17141259825199118 
0.36261695193495647 0.4023083451586734 
0.009832605813814538 0.9061663266813637 
0.3505190790980382 0.4126466519669831 
0.13180492880243788 0.6425722459499965 
0.8978016000279093 0.055527644012101654 
0.8465517511309741 0.0826832298766018 
0.9018415842898522 0.05357062611873511 
0.2615653235131525 0.4910319822412319 
0.1523360628358042 0.6148482499487853 
0.9278583979262742 0.039713131930959905 
0.04021202112584599 0.8053048890484977 
0.9278583979262742 0.039713131930959905 
0.03549700657716523 0.8166050409402927 
0.5492897436866264 0.2628522307952457 
0.8465517511309741 0.0826832298766018 
