0.0 1.007490739979417 
0.8476014731705697 0.08279052030821711 
0.5324052887251658 0.27519212495377976 
0.10985792191702946 0.6746892725753655 
0.6341426729318131 0.20728126524319818 
0.04485574662972053 0.7941677025141414 
0.17127521935928114 0.591145639435315 
0.5557625774269409 0.2625202135408578 
0.6716186811556892 0.18381296274813794 
0.3918072448315353 0.3783856395958961 
0.035891465765502076 0.8157171826849606 
0.20932967761932095 0.5477790719712611 
0.09881431807020717 0.6933075350955985 
0.3479449952526449 0.4151288018437857 
0.4136154471455933 0.3603877939383998 
0.7501750605298287 0.1377547753839993 
0.006505839826220161 0.9265119312903757 
0.6926788963762783 0.17244042961472628 
0.30806487090779366 0.4572039927515916 
0.8301358433673227 0.09235602836089112 
0.3360220443625293 0.42388329702566313 
0.4397301188735371 0.34239371746778885 
0.6169260991494084 0.21815026747993535 
0.2887961172399193 0.46666303404311593 
0.03136246768847695 0.8285751090370076 
0.5141931737901964 0.28810057126369404 
0.584796308897932 0.23901234664614454 
0.25490533561845063 0.4996928438964209 
0.05108489136238133 0.7808358267581995 
0.7844029092377868 0.11840997263896434 
0.08089319559222827 0.7214222478676953 
0.026942061315795546 0.847544743522957 
0.3773924907040091 0.3902052889844527 
0.14074957617420053 0.62992948626436 
0.31090133561490374 0.44673240796312547 
0.4856496762633158 0.30824088896001167 
0.12343851358880001 0.6547658097652325 
0.2226865228293034 0.532332284914049 
0.002700929197974246 0.9558277096719313 
0.14942208821828312 0.6191154569141534 
0.7948907878862999 0.11222745604403345 
0.013813125305403073 0.8937560662006693 
0.7070634158272662 0.1630510237730318 
0.05664742713312884 0.7665856692656012 
0.1973968275067825 0.5612381450128595 
0.5715624460856805 0.24856961778826916 
0.06706834030810438 0.7527018830377402 
0.16038621818273902 0.6044035770274633 
0.7188769656094283 0.1566431515231501 
0.6523253854239812 0.19678019585872267 
4.637925938852372E-4 0.9848977009259745 
0.5948522642124917 0.23274490147726076 
0.770799166405956 0.12613581364688678 
0.0012835277022728159 0.971953694163907 
0.0887680010595504 0.7087039325554754 
0.2665533790364486 0.4895088731050013 
0.4527052228639431 0.3305902500562801 
0.362626379239687 0.40242762442113195 
0.01707339247205636 0.8767346521319123 
0.2665533790364486 0.4895088731050013 
0.41727824137867353 0.3594540634646752 
0.49840213836587 0.30618454656427957 
0.011256785869922757 0.9044073701409917 
0.3251640786232181 0.4387921945950586 
0.3600737250816019 0.40339035571947657 
0.07174491929217747 0.7383771291347593 
0.18591254405232005 0.5737171304270164 
0.008185783385552009 0.9158037459416569 
0.0744102679691594 0.7331436869826232 
0.13089834278609097 0.6442664268320024 
0.3257611984389242 0.43479298308879516 
0.5014235273553372 0.29721324132675253 
0.20128583580647308 0.5575684728942223 
0.770799166405956 0.12613581364688678 
0.09100690766330789 0.7025085554524613 
0.725502039230943 0.15186048596077742 
0.6221670723944811 0.21620296023079766 
0.5948522642124917 0.23274490147726076 
0.06100133262425511 0.7584861409826112 
0.16311135853419612 0.6024876296723243 
0.6990399560012949 0.1682950293369405 
0.2835132546690624 0.4724533344091844 
0.45493335473166735 0.32948408424050174 
0.47395005384192856 0.3163317841799244 
0.821391680106168 0.09823047845021744 
1.9358304120609127E-4 1.001333361493208 
0.5104975270052524 0.2927794917691161 
0.80512407907727 0.10694898833037056 
0.2835132546690624 0.4724533344091844 
0.01886005770937288 0.8702043015061905 
0.4658227843420797 0.32075532185367234 
0.5630625603289781 0.2578095593116956 
0.24641674081358528 0.5082244309250343 
0.24641674081358528 0.5082244309250343 
0.23433891876921772 0.5213233184315584 
0.23433891876921772 0.5213233184315584 
0.4297370337573104 0.349364733798393 
0.4297370337573104 0.349364733798393 
0.1462969217687396 0.6231088730619277 
0.38247163337136325 0.3854936645405643 
