0.9966251817747344 0.010238700126470017 
0.0 1.0147619594805377 
0.11018171112561176 0.6835473196062173 
0.6624887012171544 0.19617861751541857 
0.13984073154242668 0.6393733395204136 
0.575006808103113 0.2527395642581731 
0.8389441919908498 0.0975313065144977 
0.28958803144271983 0.47397847423262784 
0.4601791732664783 0.33216629309423473 
0.44243824933393117 0.34658677948207345 
0.8081382947879914 0.10853131607756981 
0.08871074920785518 0.7152550788031867 
0.2755007027684367 0.4889052370190309 
0.8641833954788444 0.07937827205504781 
5.990684255212098E-4 0.990151275487861 
0.2614914254167668 0.5024401039625457 
0.7837779732557478 0.12183429215444436 
0.4175077341507101 0.3684087407068996 
0.060363030338987746 0.7717750263983785 
0.9825942532213199 0.01921998644713797 
0.12542542173844579 0.6602968494622805 
0.002617078895281566 0.9629155212155466 
0.3337730519216768 0.4382171961536419 
0.42619673807268343 0.3572780810722767 
0.31894741221356226 0.4502720570622652 
0.3560555101923832 0.4176411434106 
0.7187043412826428 0.16660205873047046 
0.2128582594240504 0.552238022996189 
0.9636197547951318 0.02737332729196467 
0.8974469450902134 0.060564089245141374 
0.366382339318502 0.40581387345898334 
0.34329762061831337 0.4277255939623635 
0.06803843888462469 0.7514714292196342 
0.8215435857931483 0.10098521203568515 
0.3973844369369416 0.3796112168493114 
0.05182545691812662 0.7859922391367126 
0.9303676249356495 0.04480833317486873 
0.886501251446575 0.06752206383109857 
0.12183620917788865 0.6699871775016167 
0.756013691034624 0.14207334084971146 
0.009782695953003406 0.9156860816781953 
0.6494914217232466 0.20589418894198283 
0.16479490239713027 0.6092312330367545 
0.1975152613716485 0.5664391275275342 
0.0056821954859004025 0.9392615037138909 
0.6938911304909415 0.1763680914740517 
0.03345326568880404 0.8307313520973475 
0.9459521780520734 0.03550135138330404 
0.6173758875953754 0.22504371483033273 
0.7042628331205045 0.17236920385936963 
0.5487363723615581 0.27185065093064587 
0.6303221160822032 0.21890012821090274 
0.8725170009474011 0.07544599945394079 
0.4779070434923686 0.3222917259996648 
0.7312905156464623 0.1557629593433644 
0.017122387340458164 0.8844392001247025 
0.9143145290171231 0.052309641273840544 
0.5193436315370951 0.2898911979588722 
0.17885575743051332 0.5918679948848855 
0.5860811978067887 0.24432681037503431 
0.026902422384033033 0.850371219314639 
0.49887492707935366 0.306246503393028 
0.16867389415249764 0.601222612440963 
0.4921885899658185 0.31026723718629917 
0.02087737162163275 0.8719449530659803 
0.6938911304909415 0.1763680914740517 
0.1523898968813211 0.6218454230546528 
0.5353252867620111 0.2811806435154993 
0.20146595437591175 0.5658495549313346 
0.5097607985729622 0.29639830366246406 
0.5487363723615581 0.27185065093064587 
0.30912065638804553 0.4593153688786616 
0.24841885989835405 0.5156162970069088 
0.2224410924272168 0.543159020419028 
0.7434392496894923 0.14619808877138504 
0.013332898399328386 0.9008226943283706 
0.23893547402387105 0.5227265548186599 
0.18577033491659822 0.5862547590152447 
0.005047008654402385 0.9471012289700687 
0.37940081458338654 0.3945021432281691 
0.608645446975284 0.2319864231849864 
0.4804409168411991 0.3184250614650023 
0.027824504656251442 0.8469974894076826 
0.9519837196881035 0.03165506598957618 
0.7699150413879524 0.1347101246078309 
0.1523898968813211 0.6218454230546528 
0.07301462949440521 0.742280884298618 
0.30912065638804553 0.4593153688786616 
0.37727510187331315 0.39594093402636127 
0.5941007558874627 0.2397994504417133 
0.04734034834923001 0.8000760405707541 
0.08729267675849832 0.7176352147668984 
0.9215671616188844 0.05159837580591876 
0.7734582343491947 0.12757511372691194 
0.5390749406601001 0.2800244538159974 
0.04564656263393713 0.8040928781295869 
0.6010618686787679 0.23508308504292402 
0.03822616369881049 0.8220462081321767 
0.7378650956436292 0.1519981042072081 
0.2331733292428728 0.5295576886890067 
