2.9798513660219057E-4
2.47916856534989E-4
2.555291823259983E-4
2.3442036064193198E-4
2.5758726072646753E-4
2.1121331091033225E-4
3.8951942860153887E-4
2.1953267515014332E-4
2.8454815243764267E-4
3.7785616821731967E-4
2.891033407666092E-4
1.844846000661635E-4
1.9403810915356596E-4
2.848005535593674E-4
2.8703617005262986E-4
1.948087879188597E-4
1.9896663606313735E-4
2.402795708198834E-4
1.8881592466946022E-4
2.007601066404011E-4
1.85506726712052E-4
2.8072974128649905E-4
2.0511508247549572E-4
2.4424114603535354E-4
2.201322599061711E-4
2.508596127475713E-4
1.86477130966348E-4
2.196907666854475E-4
1.904823724790987E-4
0.0011767145485730918
