0.4014771676757039
0.3821349485398926
0.464907586671892
0.46557908137925014
0.4648121329535825
0.42069570064540013
0.4263046565640974
0.48497291957680155
0.425737601922282
0.41229722437125804
0.40804801564291227
0.38538961959738666
0.40927695816656184
0.4438244188470468
0.40171244697562813
0.43776768755087947
0.4776926349545803
0.4607155400956818
0.44643642007325424
0.4737833136302846
0.3901718211640902
0.4019170405555805
0.41608794522732495
0.4451890973882275
0.4218410695811048
0.4592486185116702
0.4275768910358072
0.4802890428465967
0.43941340065083817
0.4975111329982315
