0.0 2.2077402412750931E-4 -7.240634012958687E-4 2.6665562835761505E-4 9.759638891833308E-5 -8.819026824616667E-4 -8.609432644483284E-5 0.0010313646167111447 -5.585824900190705E-4 0.0011119467033143798 
0.0 2.2077402412750931E-4 -7.240634012958687E-4 2.6665562835761505E-4 9.759638891833308E-5 -8.819026824616667E-4 -8.609432644483284E-5 0.0010313646167111447 -5.585824900190705E-4 0.0011119467033143798 
0.9999487125280524 2.206904371261133E-4 -7.231656835096228E-4 -0.001745884082742506 6.828138699393481E-5 -9.940469495492666E-4 -1.5193476175687752E-4 9.428520138755139E-4 -4.678365614928723E-4 9.706279087856309E-4 
0.9999487125280524 2.206904371261133E-4 -7.231656835096228E-4 -0.001745884082742506 6.828138699393481E-5 -9.940469495492666E-4 -1.5193476175687752E-4 9.428520138755139E-4 -4.678365614928723E-4 9.706279087856309E-4 
0.28203684534143103 3.94113244442476E-4 -8.71657217851137E-4 -0.0016619354507473628 1.8994097551843173E-4 -0.0011545802119674905 -8.601869148257335E-5 0.0010001453745159398 -3.814137406938224E-4 9.709425721150801E-4 
0.5731414061825505 3.829747507215887E-4 -7.605357669557728E-4 -0.0016574073232417353 1.677274610197113E-4 -8.836558470921743E-4 -8.27565162681198E-5 0.001016749174388223 -5.582521344171423E-4 9.519188178317816E-4 
0.7367125476421647 2.2254685072789002E-4 -7.641709757102702E-4 -0.0017017477107863065 1.8993362793474764E-4 -8.937929165035398E-4 -7.023537499414248E-5 0.0014400254870927261 -8.576174401968307E-4 9.480098197222159E-4 
0.21377338694828973 3.6721374134080057E-4 -8.048830738628407E-4 -0.0016576346461531382 9.304283360743748E-5 -8.768767867853814E-4 -8.793414008775942E-5 9.561660682848014E-4 7.566651819408067E-4 0.0011383610590121314 
0.6048162109507687 2.2073372256193132E-4 -8.395345717742776E-4 -0.0016819555809227664 1.7794250868334265E-4 -9.812964034652265E-4 -7.628441884340072E-5 9.493701754880955E-4 7.498322209456472E-4 9.489536783534619E-4 
0.9444691885800209 6.955918988869027E-4 -7.960476296863169E-4 3.477289244450411E-4 9.955131955096124E-5 -8.716812079269888E-4 -8.609432644483284E-5 0.0010311269806702764 -9.500951057446827E-4 9.7899243037931E-4 
0.23309492375427163 2.0510905616272012E-4 -8.048830738628407E-4 -0.0016583910149764215 9.304283360743748E-5 -8.768767867853814E-4 -5.241976682867156E-5 9.561660682848014E-4 7.566651819408067E-4 0.0011383610590121314 
0.053000100501419886 2.207256181782744E-4 -8.352585481961812E-4 -0.001666468643493705 1.7652714855666247E-4 -9.397605018999876E-4 -7.035209609938769E-5 0.0011258624569302393 -7.60232234824817E-4 0.0011191376905862122 
0.07787005644184986 2.2077402412750931E-4 -7.960476296863169E-4 2.6665562835761505E-4 9.759638891833308E-5 -8.819026824616667E-4 -8.609432644483284E-5 0.0010311269806702764 -5.585824900190705E-4 0.0011120591229240757 
0.20207858082494443 2.294378239782406E-4 -8.20488132575392E-4 -0.0017562975861999367 8.861172553839124E-5 -8.470582466766597E-4 -8.62887287249804E-5 0.001199563279166217 7.864783368116632E-4 9.57048434258284E-4 
0.5900410107708218 2.2948834203938482E-4 -7.699548886500077E-4 3.990397936112207E-4 1.7847087909483723E-4 -8.528592115032677E-4 -6.255325108033008E-5 9.83173298589391E-4 -4.944382599712917E-4 0.0011279995220265264 
0.4057979686205777 3.7078309405896853E-4 -8.246179427693183E-4 -0.0017591435852666328 8.207061676901149E-5 -8.822074029832956E-4 -9.971700288804859E-5 9.388261905251394E-4 7.392931082280948E-4 9.531665961797931E-4 
0.4408020561452903 2.529206706128122E-4 -8.357737291189894E-4 -0.0017566391912037336 6.857531903971495E-5 -8.94162453472245E-4 -7.707671372691223E-5 0.0012180899071055757 -7.522003208279003E-4 4.665493688096007E-4 
0.09013892748353614 3.7824530168836454E-4 -7.969546419939195E-4 -0.0017581613662234887 1.9104802888048313E-4 -0.0011597531691942648 -5.210918155698646E-5 0.0013374542099080604 8.634453192069686E-4 9.47166564063512E-4 
0.5160258099473052 4.4045289060407473E-4 -8.037065923896024E-4 -0.0017581615524114838 1.6808387017894723E-4 -8.74074750918736E-4 -5.283417697786849E-5 0.001452171129535195 8.320101312818427E-4 9.565654332481576E-4 
0.06651703877969917 6.754655622119648E-4 -0.0011560140333059339 -0.001756894223329287 1.5611909716954918E-4 -0.0016029382995891846 -1.6121468207069836E-4 9.428430534355555E-4 -4.7440917887859723E-4 4.785514008593562E-4 
0.6741575337122637 2.3089169696549034E-4 -0.001114320006309953 -0.0016398196016857863 1.717167705346844E-4 -8.946090921292976E-4 -8.67143644968646E-5 0.0010260021384767796 -5.393613202872903E-4 0.0011100615364496081 
0.3071770150349277 3.6441158027161595E-4 -8.048830738628407E-4 -0.0017486782125253515 9.222284515902478E-5 -8.491056513813426E-4 -7.073269931966092E-5 9.026290883598541E-4 -9.129306248470434E-4 0.0011383610590121314 
0.7879874568361988 3.8070051042419655E-4 -7.940782655787581E-4 -0.0016611832518250845 2.2496095852687445E-4 -0.0011058896465347581 -6.508017478892356E-5 0.0010573827983843757 -7.568412680524362E-4 9.460450719563967E-4 
0.38776295278826584 3.642678874944816E-4 -8.751543173133512E-4 3.4258229828137217E-4 2.1096459551727995E-4 -8.436312902805558E-4 -1.512755571344109E-4 9.460786852263736E-4 8.107808274098744E-4 9.709648788831891E-4 
0.7665454820411448 6.889453383024102E-4 -8.355652637995139E-4 -0.001755282540773653 9.001151474683313E-5 -8.905394821332657E-4 -7.084628651745038E-5 0.0012252706248809635 -5.500353898322853E-4 -2.291928923755956E-4 
0.025325405659643363 3.6724521571814483E-4 -0.0010723496257018577 4.002058087923374E-4 1.7524597253534108E-4 -0.0010398050638181844 -8.438538454663176E-5 0.0010604600347144501 -5.585824900190705E-4 0.0011604543966871432 
0.3203603269366736 2.163985795824521E-4 -8.355491896224607E-4 -0.001749494503463049 7.808783786677448E-5 -0.0010321310157874477 -9.108705054598874E-5 8.973617289088793E-4 -8.654520383339811E-4 0.0011161466198645685 
0.8601913332201889 3.7790316086482273E-4 -7.918215466117904E-4 -0.0016611872358511795 9.541362829098161E-5 -8.435060807200922E-4 -6.365826264169697E-5 0.0011341295236330109 -7.580803297391954E-4 0.0011083120254822385 
0.015069437447745943 2.5429757843313907E-4 -8.093719397393987E-4 -0.0016609605356594128 1.9807525912496295E-4 -8.828423006357689E-4 -1.574398991899911E-4 0.0012220054924959047 8.443486518132069E-4 9.474733358637395E-4 
0.6487421771191297 4.4178736828860883E-4 -8.42482732192729E-4 -0.0016884255528469396 1.6566291562244333E-4 -0.0010852556457874446 -1.579467183783759E-4 9.812439158790056E-4 -9.382780616399123E-4 -1.5017632092707682E-4 
0.16451400536260086 3.687991861077635E-4 -8.048830738628407E-4 -0.0016592700294587191 9.304283360743748E-5 -8.768767867853814E-4 -5.1514815199815795E-5 9.568288934059284E-4 7.566651819408067E-4 9.454777315460532E-4 
0.0038530568815045574 3.807473183094305E-4 -8.040339212399543E-4 -0.0017581615524114838 1.746086073645818E-4 -8.415980220806126E-4 -6.229445759135738E-5 9.480217709475149E-4 7.600444678059384E-4 9.459160662098559E-4 
0.007942894690395108 2.2077402412750931E-4 -7.988936170052975E-4 2.6665562835761505E-4 9.759638891833308E-5 -8.819026824616667E-4 -8.609432644483284E-5 0.0010313646167111447 -5.585824900190705E-4 0.0011119476843983365 
0.2548994805190356 1.8395470912697985E-4 -8.844487945434957E-4 -0.0016611447609558656 1.7604296115984307E-4 -0.0011548887892902998 -8.61409159663492E-5 0.001007205917865 -8.989283554973297E-4 9.509198676412063E-4 
0.41787007097380746 3.716657784612402E-4 -7.243387647885888E-4 -0.0017639673743415488 8.207061676901149E-5 -8.806259610062063E-4 -9.172795779610756E-5 0.0012972969702915809 7.392931082280948E-4 9.725214360300799E-4 
0.42932871294538705 3.7006760663367636E-4 -8.040339212399543E-4 -0.0017582456171932725 1.7404989149911044E-4 -9.827405909777053E-4 -6.111398790700035E-5 0.0012996894560763108 7.60056114917585E-4 9.481763007606741E-4 
0.9740572618283739 4.2317259177302385E-4 -8.048094053194895E-4 -0.0017493868418787554 1.7867718864629333E-4 -0.0010292198276663784 -5.948461593297007E-5 0.0010579940399315783 -4.81064697934394E-4 0.0011290554352195704 
0.0012150945338711971 2.2077507260454907E-4 -7.221084489080773E-4 -0.0017671360716431032 2.1336519623838232E-4 -8.819869886193523E-4 -9.154291194755291E-5 9.428503796070336E-4 -5.662343490180728E-4 0.0011181437842873723 
0.4585907293566396 2.2125570515337954E-4 -7.255936393896977E-4 -0.0017914740069436682 9.759638891833308E-5 -8.738043147107792E-4 -8.609432644483284E-5 0.0010305857855689533 -6.242023916759533E-4 0.0011127801100285083 
0.9939215906294725 2.1484683194693217E-4 -7.226866519969602E-4 -0.0016574073232417353 9.173418175446833E-5 -9.950844315162466E-4 -1.5196136375062342E-4 0.0011101934091057042 -5.590218469081889E-4 9.574760970678547E-4 
0.8770992703495266 4.517162346253264E-4 -8.361957879773966E-4 -0.0017563228665806378 1.7701920966445354E-4 -0.0016121847986208737 -7.263981126001436E-5 8.979887629256956E-4 -7.522628334033164E-4 9.595388627901686E-4 
0.033641650221759356 6.952817431641552E-4 -8.058560034261153E-4 -0.0016624279251917656 1.7348391452592E-4 -9.939191812086377E-4 -5.4961721293422056E-5 9.486930778046251E-4 -3.857060906419423E-4 9.711218246161283E-4 
0.37927070012478986 3.6914929497702944E-4 -8.048830738628407E-4 -0.0016592700294587191 9.307794435428145E-5 -8.805827775609772E-4 -8.60121484645562E-5 9.509865802647933E-4 7.566651819408067E-4 9.454777315460532E-4 
0.6957828444772682 3.7824530168836454E-4 -7.969546419939195E-4 -0.001662083718618215 1.8889573468507367E-4 -0.0011597531691942648 -1.5911784515737466E-4 0.0013270717684044132 8.634453192069686E-4 9.47166564063512E-4 
0.33202328806757425 2.1844449037963359E-4 -8.348167025899511E-4 2.703273369703465E-4 1.762583187221272E-4 -8.489603736701938E-4 -7.017656246216059E-5 8.994362928348383E-4 -8.654520383339811E-4 0.001119235784635395 
0.1027606667623607 2.0204540014743063E-4 -8.291793170788266E-4 -0.0017564034397022773 9.014215548127219E-5 -9.925820707060344E-4 -6.255430019589682E-5 9.292895726489667E-4 -9.180433569112205E-4 9.705172604413552E-4 
0.18033282261515263 4.5815184044832656E-4 -8.357709060561717E-4 -0.001756902039078218 4.4813646642241357E-4 -0.0016029842148836723 -1.6121201553301396E-4 0.00146644064983067 -9.271967731902964E-4 4.776843359615376E-4 
0.6301919303337472 4.420252316262896E-4 -7.699340255612101E-4 -0.0016876946937012022 1.785168126037687E-4 -0.0010852556457874446 -1.5844818636900275E-4 9.824285873196229E-4 -9.377191573385327E-4 -1.5017632092707682E-4 
0.48049599785171576 3.7006760663367636E-4 -8.040339212399543E-4 -0.0017581601336671274 1.7404989149911044E-4 -8.742596273140293E-4 -8.580304193543656E-5 0.0012996894560763108 7.600444678059384E-4 9.483324465186158E-4 
0.7152366116564071 2.2226382781453222E-4 -8.205383577435144E-4 -0.0017031710952751596 1.5781849818707056E-4 -8.470764759403542E-4 -6.3889492918026E-5 0.0011222922997712558 -4.93821230430887E-4 4.5976699238517346E-4 
0.12433686352792891 3.7824530168836454E-4 -7.969546419939195E-4 -0.001757931675487696 1.797271225341612E-4 -0.0011587392191671224 -8.332801427129061E-5 9.377843404588282E-4 -5.75262349482582E-4 9.696153903078651E-4 
1.7840834221216541E-4 2.2077402412750931E-4 -7.988936170052975E-4 2.6665562835761505E-4 9.759638891833308E-5 -8.819026824616667E-4 -8.609432644483284E-5 0.0010313646167111447 -5.585824900190705E-4 0.0011119476843983365 
0.09705427267511979 2.2065755772406907E-4 -7.960476296863169E-4 2.6665562835761505E-4 9.759638891833308E-5 -8.933911402780164E-4 -8.625774450329349E-5 0.0010311269806702764 -5.580657260734429E-4 0.0011120618187903841 
0.7981020200862622 6.888924903292313E-4 -7.542268994876776E-4 -0.0017573280792531469 1.5591900102258395E-4 -8.867968198123826E-4 -7.66658447309706E-5 0.0012864665623737227 -5.533659917847086E-4 9.356270832467563E-4 
0.966485792934524 4.2317259177302385E-4 -8.002431260098016E-4 -0.0017493868418787554 1.7643894122137399E-4 -0.0010292198276663784 -5.948461593297007E-5 0.0010579940399315783 -4.81064697934394E-4 9.584788745498313E-4 
0.1722617941308759 6.97304355388413E-4 -8.7919196854041E-4 -0.0016652288950229938 8.276191465406034E-5 -8.470764759403542E-4 -6.329821119039097E-5 0.001123286117643713 -4.90501045696251E-4 0.0011279918481854616 
0.496853662286438 2.1314419581461487E-4 -7.222545685495095E-4 -0.0016620865907669654 2.1280648037291092E-4 -8.819869886193523E-4 -9.374781663645787E-5 0.0012945180647358297 -7.601679980623807E-4 9.455776872728205E-4 
0.8852974203820583 3.8070051042419655E-4 -7.930794069499166E-4 -0.001775267380277115 2.2338962078840245E-4 -8.422881843466274E-4 -6.463378906115607E-5 0.0010450616274587465 -7.568412680524362E-4 9.460450719563967E-4 
0.018596492852392538 2.1844449037963359E-4 -8.353181558340339E-4 -0.001749494503463049 1.762781192935848E-4 -8.866368618931601E-4 -7.007650239700122E-5 0.001138853590350755 -8.654520383339811E-4 9.421795312073197E-4 
0.34026528531501543 3.6895990230808304E-4 -7.542268994876776E-4 -0.001706032674107071 1.5591900102258395E-4 -9.407032091548256E-4 -7.712439107265767E-5 0.0012864665623737227 -8.664708159166624E-4 9.356270832467563E-4 
0.6301919303337472 4.420252316262896E-4 -7.699340255612101E-4 -0.0016876946937012022 1.785168126037687E-4 -0.0010852556457874446 -1.5844818636900275E-4 9.824285873196229E-4 -9.377191573385327E-4 -1.5017632092707682E-4 
0.7152366116564071 2.2226382781453222E-4 -8.205383577435144E-4 -0.0017031710952751596 1.5781849818707056E-4 -8.470764759403542E-4 -6.3889492918026E-5 0.0011222922997712558 -4.93821230430887E-4 4.5976699238517346E-4 
0.0219496837293173 2.1844449037963359E-4 -8.357702781165328E-4 -0.001749494503463049 6.455541394475823E-5 -8.866368618931601E-4 -6.996230441309839E-5 0.001138853590350755 -8.654520383339811E-4 9.421795312073197E-4 
0.36764141940247475 7.177288112053366E-4 -7.544204987953127E-4 -0.0017037208368248526 1.5784907495713276E-4 -8.472984400082843E-4 -8.32983880837479E-5 0.0010458770713634576 -8.656876872562185E-4 9.476851232015594E-4 
0.6457339405300659 4.4178736828860883E-4 -7.699340255612101E-4 -0.0016876946937012022 1.653859377276884E-4 -0.0010852556457874446 -1.579467183783759E-4 9.824285873196229E-4 -9.377191573385327E-4 -1.5017632092707682E-4 
0.5433881699320858 4.5780481335037546E-4 -8.357709060561717E-4 -0.0016514013125915592 4.598713644073287E-4 -0.0016025157624182053 -1.6053622970467235E-4 0.00146644064983067 -9.271967731902964E-4 9.575448106467345E-4 
0.0028476528124387612 3.7390384873550037E-4 -7.598714131939357E-4 -0.0016568490739960527 1.9108072230521707E-4 -8.535566336341945E-4 -1.6616002536240081E-4 0.0012292546634222834 8.913965243599571E-4 9.70292607751446E-4 
0.11452513502415496 3.748462372170563E-4 -7.209130566589169E-4 -0.0017493825410936788 2.1676254575940334E-4 -9.415547612198527E-4 -9.154240706322198E-5 0.0012912732209149893 -8.654520383339811E-4 0.0011216321021164793 
0.8166610485648218 6.868501452971686E-4 -7.563612892934736E-4 -0.001690108034407752 1.838633566361677E-4 -0.0010786370237430801 -8.32983880837479E-5 0.0010458770713634576 8.99925528632876E-4 9.476851232015594E-4 
0.2615653235131525 2.206617649404189E-4 -8.059367041181204E-4 2.6665562835761505E-4 1.7794900019986335E-4 -8.844760924434161E-4 -8.613921000978683E-5 0.001031130485469255 -5.478738100508607E-4 0.0011120591229240757 
0.1124263519090109 7.749199388064792E-4 -7.600638748747345E-4 -0.0016625646470884567 9.558476447004335E-5 -9.347628399743242E-4 -1.5695236546705083E-4 0.0012272634275349186 -8.667356400711891E-4 0.001120569189145661 
0.6798788700141982 1.8413666758888963E-4 -0.0011131745780915614 -0.0016611447609558656 1.7608740606355857E-4 -0.0011548887892902998 -8.61409159663492E-5 0.001007205917865 -8.989283554973297E-4 0.0011088702267790392 
0.5492897436866264 7.086562797818635E-4 -7.859810526485316E-4 -0.0016612942296453336 2.2496095852687445E-4 -0.0011473306157369519 -6.508017478892356E-5 9.499244984278715E-4 -7.568412680524362E-4 0.0011362318183287543 
0.8094638154796123 3.857214583218883E-4 -0.0011550961058354149 -0.0016898033759602106 1.838884689411318E-4 -8.941302105829664E-4 -6.237318697802857E-5 0.0010612332436967691 8.379331093941544E-4 -1.4506407836340694E-4 
0.46797313056203477 3.7006760663367636E-4 -8.040339212399543E-4 -0.0017581601336671274 1.7404989149911044E-4 -8.742596273140293E-4 -8.580304193543656E-5 0.0012996894560763108 7.600444678059384E-4 9.483324465186158E-4 
0.8285783913605614 2.2275780070312318E-4 -8.218956526982838E-4 1.3920365276115434E-4 1.5900747878600852E-4 -9.860516253232714E-4 -8.657219834712168E-5 9.516914449295944E-4 7.707162353706495E-4 9.545530226488864E-4 
0.48820951833613596 4.2502912723030355E-4 -8.039686456028593E-4 -0.0017508891407376629 1.5840249466263738E-4 -8.741324827215814E-4 -6.200282865402389E-5 0.00146644064983067 -0.0010494258106002363 9.480947250962986E-4 
0.04720626995668603 3.695859256078061E-4 -8.025036831461254E-4 3.001417610100604E-4 2.2185289827524241E-4 -8.820341585388647E-4 -8.580304193543656E-5 0.0013004682872185024 8.256643694628213E-4 9.474990398044876E-4 
0.14399900842784616 2.2073372256193132E-4 -8.395345717742776E-4 -0.0016819555809227664 9.83262749094776E-5 -9.812964034652265E-4 -7.656961205025514E-5 9.49526128534529E-4 7.565605912677756E-4 9.489536783534619E-4 
0.5271941692387346 2.5347806345969617E-4 -0.001147071592103067 -0.0017507831190448277 1.783881181233972E-4 -8.940560623553495E-4 -7.763589667526905E-5 9.673483519008973E-4 -8.860515345801718E-4 9.61482458382181E-4 
0.7577074593308613 2.170743540549351E-4 -8.752483917446703E-4 -0.0017671360716431032 2.1336519623838232E-4 -8.460313503446329E-4 -9.154291194755291E-5 9.428503796070336E-4 7.065826707610698E-4 0.0011181437842873723 
0.18788141147837775 7.465733843008913E-4 -8.786975887360942E-4 2.811630580245004E-4 8.215101739506726E-5 -8.470764759403542E-4 -9.787791128388807E-5 0.0011239644292636974 -4.92393684148711E-4 0.0011263362772235992 
0.5314615708576791 2.538122390768412E-4 -0.0011508074466915841 -0.0017599113481993405 9.007646807420174E-5 -0.0011485484711328455 -7.661311197360697E-5 9.528123565443872E-4 6.858594370332099E-4 8.707135003888759E-4 
0.07031206242703864 3.7006760663367636E-4 -8.040339212399543E-4 -0.0017581615524114838 1.746086073645818E-4 -8.740761651854084E-4 -6.229445759135738E-5 9.480217709475149E-4 7.600444678059384E-4 9.481763007606741E-4 
0.6922597319291139 3.792841541485516E-4 -7.855427231231718E-4 -0.001663604543705407 6.856710529331719E-5 -0.0010355784246877592 -1.5877624222202413E-4 9.484314557818674E-4 8.298439882796275E-4 0.0011007031493157108 
0.36261695193495647 3.687319701532015E-4 -0.0011485582353695587 -0.001749815924707327 1.832926586060426E-4 -9.341934961114269E-4 -6.9746803921036E-5 0.001286296753411482 -8.660733931404325E-4 5.28423353740146E-4 
0.009832605813814538 2.0121294137741248E-4 -8.723501822131636E-4 -0.0017486377607759962 1.8994097551843173E-4 -8.74449095065711E-4 -7.020197164986198E-5 9.573694599878017E-4 7.507397042328336E-4 9.709425721150801E-4 
0.3505190790980382 3.687319701532015E-4 -8.02265527556831E-4 -0.001749815924707327 1.7836249889919601E-4 -9.413677800312236E-4 -7.724801458873105E-5 0.001286296753411482 -8.654520383339811E-4 0.0011216453113206816 
0.13180492880243788 3.7824530168836454E-4 -7.969546419939195E-4 -0.0017581613662234887 1.9104802888048313E-4 -0.0011597531691942648 -5.210918155698646E-5 0.0013374542099080604 8.634453192069686E-4 9.47166564063512E-4 
0.8978016000279093 2.529206706128122E-4 -7.855188556180173E-4 -0.001663459149115989 6.857531903971495E-5 -8.94162453472245E-4 -7.707671372691223E-5 0.0011275341869535834 -7.568047116595472E-4 0.0011060358781992572 
0.8465517511309741 2.2795507855274347E-4 -8.324426472036382E-4 -0.001755282540773653 9.001163959509075E-5 -8.925078835041177E-4 -8.607730821762228E-5 0.0012252706248809635 -5.293865352566265E-4 -2.291928923755956E-4 
0.9018415842898522 7.0654264440394E-4 -7.858894056949352E-4 -0.0016623946783210534 9.178128247862089E-5 -8.825557242565733E-4 -6.36493816397521E-5 0.0011292651505331282 -7.568253340851043E-4 0.0011112780593899184 
0.2615653235131525 2.206617649404189E-4 -8.059367041181204E-4 2.6665562835761505E-4 1.7794900019986335E-4 -8.844760924434161E-4 -8.613921000978683E-5 0.001031130485469255 -5.478738100508607E-4 0.0011120591229240757 
0.1523360628358042 7.114754580053247E-4 -0.0011616143613368485 -0.0017597254873503386 1.9095104096590802E-4 -8.431744420227867E-4 -1.6139351275182962E-4 9.661417773175133E-4 -6.877280482613145E-4 9.79830569360208E-4 
0.9278583979262742 2.2275166368088204E-4 -7.991165496014422E-4 -0.0017141153292781668 1.6006524243050133E-4 -8.90247010510207E-4 -8.683719546958138E-5 0.001254515197301214 -5.507625231876122E-4 9.496267744415231E-4 
0.04021202112584599 4.2070455454159227E-4 -8.001908208275769E-4 -0.0017513954273596487 1.564475640300092E-4 -8.421194982632574E-4 -6.200282865402389E-5 0.00146644064983067 -6.92197608691832E-4 9.742573932568494E-4 
0.9278583979262742 2.2275166368088204E-4 -7.991165496014422E-4 -0.0017141153292781668 1.6006524243050133E-4 -8.90247010510207E-4 -8.683719546958138E-5 0.001254515197301214 -5.507625231876122E-4 9.496267744415231E-4 
0.03549700657716523 2.1396858268293465E-4 -7.544204987953127E-4 -0.0017037208368248526 1.5784907495713276E-4 -8.472984400082843E-4 -8.32983880837479E-5 0.0010455170521679762 -8.656876872562185E-4 9.421736232680584E-4 
0.5492897436866264 7.086562797818635E-4 -7.859810526485316E-4 -0.0016612942296453336 2.2496095852687445E-4 -0.0011473306157369519 -6.508017478892356E-5 9.499244984278715E-4 -7.568412680524362E-4 0.0011362318183287543 
0.8465517511309741 2.2795507855274347E-4 -8.324426472036382E-4 -0.001755282540773653 9.001163959509075E-5 -8.925078835041177E-4 -8.607730821762228E-5 0.0012252706248809635 -5.293865352566265E-4 -2.291928923755956E-4 
