0.9999927675003794 4.659085753325377E-5 3.101383124289309E-4 -0.001391875910510152 -4.421677118820746E-4 -3.6879866094766855E-4 -0.0019440308252496995 -2.3185884221606066E-4 5.325334172955565E-4 -4.247059604971185E-4 
0.0 3.507415603693331E-4 3.3244016729722266E-4 0.001179627693981775 -2.692019426004607E-4 -3.058174360860772E-4 -0.001944704575582385 -2.0861684033113363E-4 -2.5934457520455938E-5 -7.259243149965468E-4 
0.0 3.507415603693331E-4 3.3244016729722266E-4 0.001179627693981775 -2.692019426004607E-4 -3.058174360860772E-4 -0.001944704575582385 -2.0861684033113363E-4 -2.5934457520455938E-5 -7.259243149965468E-4 
0.2828592737630141 3.5150666352352174E-4 6.885253975777579E-4 0.001115114985888194 -2.399790079482726E-4 -3.950238262660628E-4 -0.0019410961441709768 -5.279485070230874E-4 -3.601636812851794E-5 0.00167001307979337 
0.5917677093361113 2.7832492498027547E-4 7.691099277908938E-4 0.0010747642724549538 -7.067130094863817E-4 -2.866798505875443E-4 -0.0019518524981992007 -3.1751704254887644E-4 7.487804779879232E-5 -6.099418960710401E-4 
0.783376461643603 4.149619466963444E-4 7.033497800580752E-4 -0.0014236613062754474 -5.657338195540706E-4 -3.954686700064303E-4 -0.001927596894645535 -5.026771931289373E-4 -2.8163004899540356E-5 -8.565360005502242E-4 
0.5620868229674543 7.524852295304101E-5 7.950064219800256E-4 0.0011930846244409344 -4.4434594875641074E-4 -2.823573011955943E-4 -0.0019511740939277147 -2.9131766558850963E-4 -3.943018298721275E-5 -6.140342669512335E-4 
0.003161537766049591 2.8235049168971954E-4 6.780213076678055E-4 -0.0012094714041462717 -4.5736740707929364E-4 -3.381680886239463E-4 -0.0018332085679256054 -2.879840017711021E-4 -2.5934457520455938E-5 -7.259243149965468E-4 
0.8024310152504861 4.0841626515582355E-4 6.841013009438005E-4 -0.0012317790841451706 -4.5690843674361063E-4 -3.4035388324213763E-4 -0.001940827536384184 -2.8037426928946834E-4 6.435170983971276E-5 -7.87558059010419E-4 
0.6677773814734438 8.52199134657343E-5 6.825630415704156E-4 0.0010455086528015666 -4.361831606819621E-4 -3.7003672089059724E-4 -0.001942706964139088 -2.3187135285404693E-4 5.181207209707142E-4 -5.954230680123716E-4 
0.006796484204755045 3.5074987695006316E-4 6.816591902945534E-4 0.00117550811948632 -2.552978518639666E-4 -2.828810203325836E-4 -0.0019410997009713074 -5.152370375029456E-4 -2.5934457520455938E-5 -7.259243149965468E-4 
0.7301954858044336 2.87338330908566E-4 2.652359354559495E-4 0.0010194966110118554 -4.3527539804665276E-4 -3.210381361127828E-4 -0.001925085793679072 -2.511759393312077E-4 5.370701315356811E-5 -5.953853644078665E-4 
0.3320769701771422 1.7482782170804106E-4 8.042988083710489E-4 -0.0015330074718610462 -6.999817216680068E-4 -3.100264715217182E-4 -0.0019515669494638503 -1.9576379154951878E-4 1.120676170123703E-6 -5.948705544552632E-4 
0.42363392711518655 7.977605859207019E-5 6.787251678274341E-4 9.718420972537872E-4 -2.6769682490077333E-4 -4.0754709662339447E-4 -0.0019448647276016338 -2.1338172282027692E-4 -5.290936878639732E-5 -6.405261509128437E-4 
0.6918620743219095 7.4229766442247E-5 2.6715304405114203E-4 0.0013587017205952874 -4.434008765667633E-4 -3.7054042177028465E-4 -0.0019431015126106653 -2.3110804690660333E-4 3.375469666801591E-5 -4.1329834158381607E-4 
0.014715673930245254 3.5141760016413104E-4 7.169592088782053E-4 0.001115114985888194 -2.5551640964823033E-4 -3.086318868557841E-4 -0.0019410961441709768 -5.279485070230874E-4 -2.5550774977123183E-5 -5.766809854141056E-4 
0.021071071189681212 4.135219323540541E-4 6.875358132346946E-4 0.0012225036718849164 -5.606039679902659E-4 -3.9492930807503697E-4 -3.457500008536489E-5 -5.056568747485319E-4 -2.399459690821504E-5 -8.565360005502242E-4 
0.7605784807124937 4.0841626515582355E-4 6.643184065504294E-4 -0.0012317790841451706 -4.249928576397585E-4 -3.4035388324213763E-4 -0.0019412440410150537 -2.8037426928946834E-4 6.430889210547667E-5 -9.282438619204087E-4 
0.32022333243268086 3.5078744502232257E-4 7.039070041640206E-4 9.766504051910414E-4 -4.309130999569629E-4 -3.9946360651252935E-4 -0.0019524027889690728 -5.194545640240483E-4 7.194788420852356E-5 -6.102067537758741E-4 
0.16821060730998844 2.709380274489481E-4 2.810289394829926E-4 -0.0013518140929773713 -7.079550611001605E-4 -3.349703431582374E-4 -0.001952335599037384 -2.917175429253134E-4 6.630730201644518E-5 -6.721916472450745E-4 
0.8797230274982148 8.001195504317153E-5 7.676382513965237E-4 -0.0012821154310953785 -3.596943240661392E-4 -3.2898252384452E-4 5.543247289225379E-5 -3.6356796381014863E-4 7.199283581990821E-5 -8.390998420794185E-4 
0.3488983923878903 2.466329456196657E-4 7.653161590809853E-4 -0.0011768354770910843 -6.403287867007717E-4 -2.88121540252094E-4 -0.0018635922745604539 -2.0419000216270728E-4 -8.832944707112394E-5 -5.771670986226596E-4 
0.03341255736682741 4.149619466963444E-4 6.875358132346946E-4 0.0012225036718849164 -2.694299144395351E-4 -3.9492930807503697E-4 -0.0019523372958490926 -5.056568747485319E-4 -2.5787650478463677E-5 -8.581273500338003E-4 
0.02606523693022761 2.688966398591194E-4 2.8011299457442326E-4 0.0011831648364205938 -7.130160028041776E-4 -3.3136332369891483E-4 -0.0019451445576473799 -2.9123795023121627E-4 -5.307290449600699E-5 -6.734674079787188E-4 
0.7501335262690644 8.685490589008119E-5 6.787120799243479E-4 0.0010703104541523569 -5.590624516375563E-4 -4.078442725677499E-4 -0.0019397528484986178 -2.2107761921125201E-4 7.751976879286276E-5 -4.2938097659838944E-4 
0.011112645166672014 2.7116370404420514E-4 6.805491953952575E-4 0.0012202285937792275 -2.7457900885528223E-4 -2.833622205010116E-4 -0.0019249492538493725 -5.272749749948789E-4 -5.525389792490443E-5 -7.711091879966824E-4 
0.11955410422087948 2.7116370404420514E-4 2.865329429506694E-4 0.0012289688228782 -2.83506551245183E-4 -2.833622205010116E-4 -0.0019438359839225798 -5.271460056858433E-4 5.363154234477627E-4 -7.711091879966824E-4 
0.531430010626463 8.738834476154978E-5 6.828573893223975E-4 -0.0012850797715214463 -6.38259250787053E-4 -3.998135634736446E-4 -0.0019535768263158003 -2.8517842045013746E-4 6.902256751328058E-5 -7.038887996026914E-4 
0.13798956272112045 7.924343962810741E-5 6.746255820696558E-4 -0.0012314570506081462 -2.3688945748360547E-4 -3.3179954393851605E-4 -0.0019508018395611683 -5.113377484095485E-4 2.7854572745114144E-5 -7.259124709924034E-4 
0.8206726877949667 3.1887508194188555E-4 6.779908612915241E-4 0.0010541603762038352 -4.3780545796602766E-4 -3.9567938477337247E-4 -0.001924805068440693 -3.6640439589782307E-4 7.301721362426145E-4 -5.543058638729871E-4 
0.06500607128783892 2.7093559822385596E-4 7.327071374009747E-4 -0.0013301539482899656 -0.0018726133268885644 -3.614131325015419E-4 -0.0019524922886669527 -2.183261494714616E-4 3.4959543966471526E-5 -4.461019190903056E-4 
0.23789042792191617 3.507676888433507E-4 3.126988986110406E-4 9.9985229398686E-4 -4.287393527027207E-4 -3.3040505284371815E-4 -0.0019504083107826254 -3.1722884080115745E-4 -4.744223363510955E-5 -0.0010238902098014802 
0.3578745372705797 8.201466020282778E-5 6.786954080602131E-4 9.648194469100422E-4 -6.387299833419857E-4 -3.058720934773968E-4 -0.0019513313968290234 -2.210705915139323E-4 9.27513883586604E-5 -6.099077565720422E-4 
0.6200080447205568 2.7373002929260607E-4 7.565240763526832E-4 -0.0011779202342761177 -3.596943240661392E-4 -4.083746270392411E-4 -2.0541470504172412E-5 -3.6356796381014863E-4 7.199283581990821E-5 -8.390998420794185E-4 
0.37141639979145635 2.8584437664512166E-4 2.858819391599846E-4 0.00104491024420584 -4.4177990984467166E-4 -3.3047063052575804E-4 -0.00194275759533689 -5.174316699413943E-4 5.180941370940863E-4 -5.954409185060683E-4 
0.2911160515656641 3.594799049804504E-4 3.3071928972590986E-4 -0.0013498157769274665 -6.956398738186325E-4 -2.7846142717805506E-4 -0.0019426862832786394 -2.06082615644211E-4 -4.520701043132883E-5 -6.428349235467891E-4 
0.38935375614039724 3.501515448497222E-4 6.657047656316836E-4 9.634626948604949E-4 -6.387299833419857E-4 -3.058720934773968E-4 -0.0019513313968290234 -2.0972607809049867E-4 -5.307290449600699E-5 -6.099077565720422E-4 
0.8955441960308232 5.015290961672807E-5 2.8626367644302766E-4 -0.0012002464416920663 -6.043234661831262E-4 -2.8977550127819293E-4 -0.0019396821601252905 0.00136871625167785 -2.390492587378272E-5 -7.988368401507615E-4 
0.9197070041845569 2.6971280676359475E-4 2.8587367669309323E-4 0.001158155326858222 -4.4180647146080214E-4 -3.3259856861093425E-4 -0.0019411087637126326 -2.2468321130054799E-4 5.7449392101878735E-5 -6.397636892117242E-4 
0.8417577104096552 3.507415603693331E-4 3.38841087094487E-4 9.59925552421676E-4 -2.692019426004607E-4 -3.058174360860772E-4 -0.0019508325066801497 -2.0861684033113363E-4 -2.5934457520455938E-5 -6.199245520407837E-4 
6.899377814393245E-4 2.5735322546622527E-4 7.564061060715765E-4 0.0012335044153169022 -4.4318449166014354E-4 -3.956888806869127E-4 -0.0019513907169563145 -2.3283707550323548E-4 9.209548244979672E-5 -5.541423215891539E-4 
0.6817407158512747 2.4061451031026212E-4 3.572337699594898E-4 0.0012090399710247262 -7.056703853452504E-4 -3.357092664922822E-4 -0.001944745553854083 -2.0988494334591218E-4 8.723857725837335E-5 -4.458108173276021E-4 
0.6464293765420909 5.9727341807745986E-5 2.8816650927962923E-4 0.0010740166859699346 -6.031337991183847E-4 -2.8678630871189153E-4 -0.0019507373712274998 -3.1637972206166414E-4 7.550371032175013E-5 -7.629895521490111E-4 
0.9572427141514471 2.7179422242169744E-4 6.504426083107727E-4 -0.0013542941984042594 -4.543039400800345E-4 -3.6946061444783176E-4 -0.001942959644880188 -2.8509241357166875E-4 3.212044349139802E-5 -3.99454507660171E-4 
0.4070764656797444 1.8029814630938677E-4 2.785020127775215E-4 0.001177773429579386 -2.761089222110731E-4 -3.399517735149358E-4 -0.0019395297346842945 -5.53362628301414E-4 -2.4453925869386863E-5 -7.877547332310435E-4 
0.17693199638378504 3.4930144775013503E-4 2.8630360016346847E-4 0.001007193870470522 -6.404286656024608E-4 -3.354417577324767E-4 -0.0019416923352599791 -3.235029022367532E-4 5.9622351964493825E-5 -6.909884817947182E-4 
0.629190056117187 2.6629468610457965E-4 6.787566586889245E-4 -0.0013355853254665418 -5.795823072035663E-4 -3.9759982883612197E-4 -2.1111496925481722E-5 -3.6356796381014863E-4 7.199283581990821E-5 -4.088638100731935E-4 
0.21707429056450622 8.685490589008119E-5 6.888687714294812E-4 0.0010703104541523569 -2.354892904450206E-4 -4.077514632502162E-4 -0.0019397755112499893 -2.2107761921125201E-4 7.804677010107706E-5 0.0016798009118593176 
0.8612599897163907 3.522844984806875E-4 3.479027926345643E-4 -0.0012931245382287182 -2.8240674833028914E-4 -3.98852126607183E-4 -0.001951606062959369 -2.0866593597102724E-4 -2.453837768259662E-5 -6.199852662625792E-4 
0.10775285531656864 1.8112706755369116E-4 6.841013009438005E-4 -0.0012317790841451706 -4.5705239177641036E-4 -3.4035542668756655E-4 -0.001940827536384184 -2.8250728383868025E-4 -2.40189893686414E-5 -8.594263199587283E-4 
0.03882420773254086 3.514559248774229E-4 7.074709606369151E-4 0.001115114985888194 -2.549081901939597E-4 -3.950238262660628E-4 -0.0019410961441709768 -5.279485070230874E-4 -3.522577904447546E-5 -5.766809854141056E-4 
0.1545174095939486 7.523755330452489E-5 2.9294713635083535E-4 -0.0014815001051782007 -7.089286061297932E-4 -3.354051145732423E-4 -0.0019411087852233366 -2.2449409360864535E-4 5.9622351964493825E-5 -7.265384519265711E-4 
0.9725357827143939 7.062084349076166E-5 6.748268397651349E-4 0.0012335044153169022 -4.434556092554849E-4 -3.9947306892661747E-4 -0.0019513907169563145 -2.3283707550323548E-4 9.37375335363743E-5 -5.523544951996233E-4 
0.5174538181525989 5.103294869008236E-4 2.901433818696369E-4 -0.0012806976734030266 -7.134714358755143E-4 -3.3282436362309134E-4 -0.0019441369159630564 -2.3161366057174848E-4 5.24236849724791E-4 -4.136641370100584E-4 
0.20397919578010573 3.53799647195379E-4 6.907687628321326E-4 -0.0012669096797533496 -5.073262764703375E-4 -3.346146520530544E-4 -0.00195229186229277 -2.2950044266630356E-4 5.265262893591734E-4 -4.3200827300126656E-4 
0.8306727877263915 3.507676888433507E-4 3.1284283711179766E-4 9.9985229398686E-4 -4.272113664262549E-4 -3.304517149536651E-4 -0.0019504083107826254 -3.1715485851340787E-4 -4.744223363510955E-5 -0.0010238902098014802 
0.7147924446953237 3.460812537953982E-4 6.787120799243479E-4 -0.0015385946240688616 -5.590624516375563E-4 -4.078442725677499E-4 -0.0019397755112499893 -2.8912989128387304E-4 5.761226620471892E-4 -4.753077889448995E-4 
0.23054730920318045 5.563996029740741E-4 2.813113174974899E-4 0.0013197740669178208 -7.07696547946755E-4 -3.354417577324767E-4 -0.0019523369692817005 -2.9209874242142416E-4 6.708308220929893E-5 -6.648745499849627E-4 
0.30452595132972193 3.5314355439924997E-4 7.033744217362621E-4 0.0011119509407084627 -2.6991132616497785E-4 -3.7054042177028465E-4 -0.0019432087683117164 -2.1556492451776864E-4 -3.860085211560299E-5 -5.847558706521982E-4 
0.3800383393830067 8.073542377568728E-5 3.3306033470402886E-4 0.0011828705641637666 -2.692019426004607E-4 -3.058174360860772E-4 -0.001944704575582385 -2.0861684033113363E-4 -2.5934457520455938E-5 -6.100149386853872E-4 
0.1855996024048197 6.031516145702274E-5 2.9172950139146254E-4 0.0015252138116834241 -5.625875963757055E-4 -3.420260476905059E-4 -0.001927596894645535 -2.0525563558843404E-4 -2.826869436100735E-5 -6.441200536458585E-4 
0.25357049636953594 7.4229766442247E-5 8.006182770711134E-4 9.530794759595473E-4 -2.726257621626778E-4 -3.065290943518431E-4 -0.0019427443979109073 -2.098319949078966E-4 5.182579891197464E-4 -5.952744755425273E-4 
0.1425856910867122 2.7116370404420514E-4 6.805491953952575E-4 0.0012202285937792275 -2.83506551245183E-4 -2.833622205010116E-4 -0.0019249492538493725 -5.271460056858433E-4 5.363154234477627E-4 -7.711091879966824E-4 
0.4022438364666907 3.464775193925023E-4 3.328074146901579E-4 0.0011858305103061738 -4.388319563165464E-4 -2.829929320773361E-4 -0.0019439975445737557 -2.8101392915625464E-4 5.1480277624878E-4 -4.111640547094299E-4 
0.2512825122962407 7.4229766442247E-5 6.60028582949531E-4 0.0013136538824110723 -3.177495754699662E-4 -3.7054042177028465E-4 -0.0019427417724880074 -2.3463590252727936E-4 5.240419744067175E-4 -4.1329834158381607E-4 
0.0811679575346459 2.68516018118796E-4 7.954513189053541E-4 -0.0014528230170925904 -4.2286335088321224E-4 -3.2710266055414807E-4 -0.0019412536808862564 -2.18082194501189E-4 7.423468727113145E-5 0.0016846283560750016 
0.48336968826715293 1.8029814630938677E-4 2.785020127775215E-4 -0.0012064356971956715 -6.269211805577882E-4 -3.399517735149358E-4 -0.0019395297346842945 -5.529381311999793E-4 -2.446984124028253E-5 0.001629035402632982 
0.9410468278999983 6.384378517767413E-5 2.8630360016346847E-4 0.0013350798601348152 -4.3760495972287416E-4 -3.4195610021011254E-4 -0.001939736408588884 0.0014110697446960442 5.200831391779012E-4 -3.9758987106538644E-4 
0.8562036789798475 3.5119847850238924E-4 6.619421036553642E-4 9.634626948604949E-4 -6.389327324371049E-4 -3.3136332369891483E-4 -0.0019512724887451446 -3.216253489443269E-4 -5.307290449600699E-5 -6.099077565720422E-4 
0.9275883023632412 3.528057214904486E-4 6.828573893223975E-4 -0.0012850797715214463 -6.38259250787053E-4 -4.0075766278427344E-4 -0.0019535768263158003 -3.192405668995354E-4 6.902256751328058E-5 -7.038887996026914E-4 
0.054946722279458626 8.760331377291808E-5 6.787120799243479E-4 0.0010703104541523569 -5.590624516375563E-4 -4.0869756354464294E-4 -0.0019397755112499893 -2.903596704354924E-4 7.804677010107706E-5 -4.0867207310830896E-4 
0.6049076854931865 2.474487460957516E-4 6.86985680832382E-4 0.0010579847298716127 -4.3890519508555645E-4 -3.969059992155827E-4 -0.0019519641920628455 -5.076951620397717E-4 -6.210302310171039E-5 -6.075715858439802E-4 
0.11930198530244855 1.0937402109308087E-4 6.877391448282173E-4 0.0013577849522149366 -4.4849146348858727E-4 -3.9492930807503697E-4 -0.0019518299014263884 -5.211999971373666E-4 5.288230756548973E-4 -8.581273500338003E-4 
0.9725357827143939 7.062084349076166E-5 6.748268397651349E-4 0.0012335044153169022 -4.434556092554849E-4 -3.9947306892661747E-4 -0.0019513907169563145 -2.3283707550323548E-4 9.37375335363743E-5 -5.523544951996233E-4 
0.25357049636953594 7.4229766442247E-5 8.006182770711134E-4 9.530794759595473E-4 -2.726257621626778E-4 -3.065290943518431E-4 -0.0019427443979109073 -2.098319949078966E-4 5.182579891197464E-4 -5.952744755425273E-4 
0.07390392965613107 8.685490589008119E-5 6.787120799243479E-4 0.0010703104541523569 -5.590624516375563E-4 -3.26887028924973E-4 -0.0019397860820854285 -2.2107761921125201E-4 7.804677010107706E-5 -4.7631450177026963E-4 
0.22199984210713758 2.695337798688679E-4 8.048130721008007E-4 0.001000062769690882 -7.024780801350339E-4 -3.1155323674922635E-4 -0.0019410790517699777 -2.178815216795509E-4 7.711751737389154E-4 -5.535132059355355E-4 
0.07036962656999246 2.4645026321496084E-4 8.255659768085715E-4 0.0011119009923806651 -7.068306865256938E-4 -3.3799535335971123E-4 -0.0019518524981992007 -5.48129390148364E-4 5.889926611195569E-5 -5.76313336674013E-4 
0.7147924446953237 3.460812537953982E-4 6.787120799243479E-4 -0.0015385946240688616 -5.590624516375563E-4 -4.078442725677499E-4 -0.0019397755112499893 -2.8912989128387304E-4 5.761226620471892E-4 -4.753077889448995E-4 
0.08591994645092932 3.5192144129606414E-4 7.327071374009747E-4 0.0011635064596322992 -0.0018769890979009611 -3.614131325015419E-4 -0.0019443962655595341 -2.1857564719365602E-4 3.510803470083859E-5 -4.515652556145745E-4 
0.5448660455426455 6.384378517767413E-5 2.8630360016346847E-4 0.0013350798601348152 -4.3760495972287416E-4 -3.4195610021011254E-4 -0.001939736408588884 0.0014451557427236157 5.200831391779012E-4 -3.9758987106538644E-4 
0.05600939189026713 2.74419813068502E-4 3.0884029653160516E-4 0.0011036215893054353 -4.421457581793351E-4 -3.3285555267320935E-4 -0.0019426825112038332 -2.658405948394811E-4 2.3862983074361333E-6 -7.51126981779736E-4 
0.04364893932393264 6.375414921154496E-5 2.9156593638829105E-4 0.0013574916244974955 -4.4441431047899507E-4 -3.4207555695428565E-4 -0.0019397438151419724 -2.0958709841226142E-4 4.885098963644348E-4 -5.82184860663822E-4 
0.15195795876342313 7.523755330452489E-5 2.8630117659512615E-4 -0.0014815001051782007 -7.085732979812255E-4 -3.354051145732423E-4 -0.0019411087852233366 -2.2449409360864535E-4 5.9622351964493825E-5 -6.919716616649639E-4 
0.6428809884108277 2.803662200992785E-4 2.8816650927962923E-4 0.0010740166859699346 -6.031337991183847E-4 -2.8678630871189153E-4 2.7723793373722735E-5 -3.1637972206166414E-4 7.555424722395592E-5 -7.611944107259012E-4 
3.92388053435333E-4 2.466329456196657E-4 7.564551900112297E-4 -0.0011768354770910843 -6.402717052979707E-4 -2.8814785834564574E-4 -0.0018635922745604539 -2.0210570957132965E-4 -4.2489574091423515E-5 -6.441591533905376E-4 
0.3029334208748242 3.808639422182779E-4 6.592883116162316E-4 0.0010271308917718957 -2.6991132616497785E-4 -3.7054042177028465E-4 -0.0019432087683117164 -2.1556492451776864E-4 3.6700973436148E-5 -8.083728188224965E-4 
0.4952919971854238 2.8500240751454676E-4 6.789515077729551E-4 0.0010655491103333525 -5.499864294264518E-4 -4.143320624556185E-4 1.8208526264082035E-6 -2.257875612340792E-4 7.974206556299127E-5 -4.7542255549568805E-4 
0.48336968826715293 1.8029814630938677E-4 2.785020127775215E-4 -0.0012064356971956715 -6.269211805577882E-4 -3.399517735149358E-4 -0.0019395297346842945 -5.529381311999793E-4 -2.446984124028253E-5 0.001629035402632982 
0.09917189770326751 7.062084349076166E-5 6.771669004717066E-4 0.0012335044153169022 -4.4318449166014354E-4 -3.956888806869127E-4 -0.0019513907169563145 -2.3283707550323548E-4 9.37375335363743E-5 -5.541423215891539E-4 
0.9472795479504519 3.507649512270258E-4 7.074709606369151E-4 0.0011744698664993792 -4.566944186613528E-4 -3.951942140061003E-4 -0.0019429460507472518 -5.450867232128375E-4 3.173831735001885E-5 -5.744220215813574E-4 
0.20021726934022455 3.535625359359271E-4 2.8630360016346847E-4 -0.001138272028172509 -4.37445050051895E-4 -3.0657415691365925E-4 -0.001939736408588884 -2.8476400045911545E-4 5.8084964308123724E-5 -7.456943008242497E-4 
0.44845447706575803 2.405059552543046E-4 2.8630360016346847E-4 0.0011169271086694309 -4.35126142765908E-4 -3.327427987445083E-4 -0.0019251915501877364 -2.819807904592456E-4 5.78845608264719E-5 -7.586780778799625E-4 
0.4631819190783372 2.915219752293215E-4 8.067387062539236E-4 9.603710767123764E-4 -7.102799889031755E-4 -3.301437711763841E-4 -0.0019518325666577504 -2.82502946577294E-4 2.9544080055990266E-5 -4.7847385645546903E-4 
0.4952223637851638 2.8500240751454676E-4 6.789515077729551E-4 0.0010655491103333525 -5.499864294264518E-4 -4.1300730390534795E-4 -0.0018036866009555003 -2.257875612340792E-4 9.208955892346874E-5 -4.7542255549568805E-4 
0.5531038127753701 7.85805244792545E-5 7.691099277908938E-4 0.0011723693575010096 -5.460223386348059E-4 -4.0124438982796926E-4 -0.0019410961441709768 -2.2537650817288366E-4 7.463635455992482E-4 -6.915010948027504E-4 
0.8945680471024018 2.6984600958307014E-4 2.8630360016346847E-4 -0.001450173483160433 -4.37445050051895E-4 -4.0789350146779187E-4 -0.001939671698754243 0.0013859033591813457 -2.270456276511249E-5 -7.855110568188158E-4 
0.09130353594483909 2.464927529296205E-4 8.267052061130481E-4 -0.0012086260708774146 -7.017906646577172E-4 -3.408964490508748E-4 -5.832343412826599E-5 -5.553617467884508E-4 5.818383816118001E-5 -5.77560357168047E-4 
0.4365742001446449 4.067164886960245E-4 2.8816650927962923E-4 0.0010740166859699346 -4.360716207929408E-4 -2.8678630871189153E-4 -0.0019502083986488413 -3.1637972206166414E-4 -2.584863909404597E-5 -7.629895521490111E-4 
0.4579260547038544 3.451744012247388E-4 8.110485082145187E-4 0.0010164418137385456 -7.102799889031755E-4 -2.85578659019493E-4 -0.0019515973241321836 -2.82502946577294E-4 2.878391005323321E-5 -4.767367293363096E-4 
