0.9995988970519086 3.8966587511317407E-4 1.8448259345749823E-4 -4.4919125061724293E-4 -4.121428602551954E-4 -6.745993530580384E-5 -0.0023637895002823137 2.8435131574921754E-6 0.0010548075844275852 1.1655359665223582E-4 
0.0 1.2942466830697763E-4 3.884254804282141E-4 -0.0023446783573422875 -2.842145817032151E-4 -1.1378577272467988E-4 -0.0023337215903816914 -1.0558224762135566E-4 0.001049497488475009 1.309179080949064E-4 
0.16716112028579844 6.320980332135579E-5 4.4178061302429513E-4 -0.002343374154963693 -4.033529895608188E-4 -1.1344133557127678E-4 -0.0026736262647203057 -2.836197368334805E-4 0.0010580293882557826 1.6629738792112224E-5 
0.2997925771180332 1.6868116421314396E-4 3.344223008153692E-4 -0.0023498172205867595 -3.6763277562990357E-4 -1.1724738922983712E-4 -0.002024706032586566 2.2579966383241812E-4 0.0014289414776331862 1.3621437538173552E-4 
0.4340350241798937 1.3020974392233405E-4 3.6099844802432854E-4 -0.0023433836181189424 -4.1558445632202003E-4 -1.2987867726269495E-4 -0.00247787974757381 1.891041234878848E-4 0.0010340320420191501 1.3655750519340798E-4 
0.05433426410485365 1.2794121431524655E-4 3.414301056043012E-4 -0.002341703414100526 -3.3409117319229976E-4 -1.9710746341208978E-4 -0.0020061895783294514 -3.543322928976938E-6 0.0010354187836050172 3.3489626112038335E-4 
0.3185534763453638 1.2760367540454138E-4 3.340607211419086E-4 -0.0024135031708652156 -3.6714292397741275E-4 -3.6590449805957665E-5 1.3800186628318647E-4 1.2983677701845807E-4 0.0010369920457652052 1.426313575663791E-4 
0.750069470623381 3.8966587511317407E-4 4.2166828795901307E-4 -4.4919125061724293E-4 -4.121428602551954E-4 -6.745993530580384E-5 -0.0023740298852128233 3.0026834636008148E-6 0.0010557341496156023 1.1655359665223582E-4 
0.6269574036182972 1.309496999303386E-4 3.8961430817259035E-4 -0.0023448627375501916 -3.972235293552667E-4 -5.58967978162078E-5 -0.002334860891143153 -1.0958643293047881E-4 0.0010559706506569227 1.3714767491712233E-4 
0.14781057264744119 1.7797928994127646E-4 4.317162977839697E-4 -0.002361069214218328 -4.129167183295757E-4 -2.027322836705995E-4 -0.0020127276967464884 5.095675283686298E-5 0.0010414861332225993 3.240164639461026E-4 
0.4105095209103944 1.3020974392233405E-4 3.6099844802432854E-4 -0.0023433836181189424 -4.1558445632202003E-4 -1.2987867726269495E-4 -0.00247787974757381 1.891041234878848E-4 0.0010340320420191501 1.3655750519340798E-4 
0.725679647176015 1.2902848078714227E-4 3.4547086951994846E-4 -0.0023447015998826056 -2.9147186611938174E-4 -2.721879928907725E-5 -0.002368805159201685 1.8918577435122515E-4 0.0010431065805247396 4.6463699767574084E-4 
0.5418628400880832 1.6717149716078696E-4 3.3773401684911863E-4 -5.767175006383229E-4 -3.593073359011251E-4 -1.8415696610635577E-4 -0.002376587655265351 1.2929332689060264E-4 0.0013898884750796787 1.0973724411028374E-4 
0.04351280718117739 7.955452770626881E-5 4.1130778443630836E-4 -0.0023419215040527846 -3.9943470255580585E-4 -1.175985586676415E-4 -0.002361097565075523 3.0591833075686295E-4 0.0010364286695344336 1.4004276984853304E-4 
0.194891523323876 1.3045643676521778E-4 1.8478515083397533E-4 -0.0023630085462185003 -4.0950290500913855E-4 -3.46864306533194E-5 -0.002006335472623479 3.0908286496398034E-4 0.0010370447743118488 1.428891350353853E-4 
0.6505234726184803 1.3021137395770232E-4 3.6141155733973986E-4 -0.0023433815461667423 -4.050363958741793E-4 -1.233044414503057E-4 -0.0019374430484112347 7.796607793366593E-5 0.001057010980451805 1.1322543270639224E-4 
0.6004386316038135 1.2942466830697763E-4 3.883820870034654E-4 -0.0023446813481242217 -3.7099711706576607E-4 -1.1406892521471862E-4 -0.00233661421139053 -1.0958933642079579E-4 0.0010437091716028048 1.4836907786510816E-4 
0.018918851036119448 8.109721598851822E-5 4.2939813804236194E-4 -0.0023420944798852017 -2.8745410095894734E-4 -1.3374561673496461E-6 -0.001908409754587376 2.180690826299064E-4 0.001056522537576663 4.4051871642438996E-4 
0.8221024767291409 4.1870253437064763E-4 4.2391349608388647E-4 -0.0023418166888368847 -4.127161726297854E-4 -2.686781999442071E-5 -0.0020147952215182844 5.095675283686298E-5 0.0010423183376744188 1.6769738968995046E-5 
0.06424708345190909 4.2336595499595177E-4 3.898529882649521E-4 -0.0023446016501699066 -3.6736101593164264E-4 -1.2934912091552167E-4 -0.0027366633635331782 4.1067119106756865E-5 0.0010558743938599493 4.7727508124631056E-4 
0.20944838650103784 1.2922065651004496E-4 4.315826243894443E-4 -0.002345435466012487 -4.070697317566311E-4 -1.984093254965515E-4 -0.001982964309208216 -1.1093939771230226E-6 0.0010585624080601992 8.694049249718961E-5 
0.671415162503715 1.3011907914994974E-4 4.01431478479401E-4 -0.002343186383673356 -4.0503134471730866E-4 -1.298669408183966E-4 -0.00199834706214144 7.796607793366593E-5 0.0010570508024520273 1.1379315208165546E-4 
0.7963533784237242 1.248591597443114E-4 4.02643832400839E-4 -0.0023504548641190325 -4.0557480234855654E-4 -1.4112711770699837E-5 -0.0026767465948734203 2.1079516034102887E-4 0.0010696146475927374 1.708188814399593E-4 
0.7158781198587736 1.2144244549590477E-4 4.1827334575380486E-4 -0.0023580851745381407 -2.8902210643336223E-4 -3.3643318302945934E-5 -0.0023431217753465106 1.8918577435122515E-4 0.0014083086990253407 1.3705032739695246E-4 
0.9624870958572496 1.3008107718960761E-4 1.8327697838053348E-4 -0.0023424432431266456 -4.094978397838813E-4 -3.349239342699369E-5 -0.0020026429497063255 3.116752688729133E-4 0.0010370447743118488 1.428891350353853E-4 
0.24699525532830113 1.6868006848572172E-4 1.957915134413791E-4 -0.0023436421734143492 -3.289863837476318E-4 -1.1087562198140895E-4 -0.0023410746416832546 -3.0421980450619603E-6 0.001035551822150995 1.6532539690870704E-4 
0.35447367714885436 1.2948563051491517E-4 4.252165109519201E-4 -0.0023636315425403574 -3.3321639278500217E-4 -1.1521802920347776E-4 -0.0026660950413938404 3.16639259431512E-4 0.0010373948374842897 1.461380443638729E-4 
0.2805657116227588 1.694192094757581E-4 3.6099844802432854E-4 -0.002343170180822776 -4.1558445632202003E-4 -1.266115476669192E-4 -0.00245631730661751 3.2346200426748995E-4 0.001034161237215615 1.403359535741059E-4 
0.11951426548275634 1.7558938894791335E-4 4.239411501202629E-4 -0.0023453733969394873 -3.678226078844056E-4 -3.778877624027128E-5 -0.0019892768560636582 9.224909484838563E-5 0.001064797980460705 2.1691540700909722E-4 
0.23180610715937133 1.302139411770638E-4 3.189361055677969E-4 -0.0024135031708652156 -4.1424056796073743E-4 -3.6590449805957665E-5 9.178884574450252E-5 1.2983677701845807E-4 0.0010369920457652052 1.4253731026065612E-4 
0.9188897863850565 1.5929930232858706E-4 3.6220545394196664E-4 -0.002342244092339179 -4.023990167840436E-4 -3.656520025362699E-5 -0.002358655995120413 1.2754012842320712E-4 0.0010586297145776307 3.374930523238922E-4 
0.334101115492461 1.5219310394440062E-4 4.026627129239767E-4 -0.002341906108475706 -4.0311992960176526E-4 7.005159451623089E-5 -0.002682547611782594 2.97577194501981E-5 0.0010434076733487692 4.0102323902045797E-4 
0.6800771619579525 1.3008299022526288E-4 3.8961430817259035E-4 -0.0023448627375501916 -3.972235293552667E-4 -7.755885035791388E-6 -0.0023331759806707562 -1.0958643293047881E-4 0.0010352542218229311 1.3714767491712233E-4 
0.6378229214311862 1.309496999303386E-4 3.8961430817259035E-4 -0.002344680848944501 -3.965994881357374E-4 -5.578884127685245E-5 -0.002334860891143153 7.609334491694188E-5 0.0010559907997089097 1.3714767491712233E-4 
0.03432563907985825 1.652998715909563E-4 3.2986904493262944E-4 -0.0023459332012054366 -4.134930758365036E-4 -1.246992972091121E-4 -0.0024427852795107694 1.3267595255209982E-4 0.0010696435202239118 1.1126228303784372E-4 
0.95095899549362 1.670796621965084E-4 3.29846044048495E-4 -0.0023415753345588683 -4.14638510042379E-4 -1.8827895549577097E-4 -0.0026684535274724163 6.523339319027177E-6 0.001036489888314108 1.3363305378645747E-4 
0.18303495622420185 1.3008107718960761E-4 1.8327697838053348E-4 -0.0023424432431266456 -4.1093585097725906E-4 -3.349239342699369E-5 -0.0024582405077221868 3.116752688729133E-4 0.0010370447743118488 1.4823209420717614E-5 
0.3417401004929983 1.3013209056468133E-4 4.257471985583161E-4 -0.002343228742774231 -4.0459384772211155E-4 -1.1623409671513701E-4 -0.00199834706214144 3.193287693481028E-4 0.0010570508024520273 1.4593680510653078E-4 
0.02772207608011825 1.7168945252910188E-4 4.2680256515626434E-4 -0.002344090896806252 -4.0501128028778993E-4 -1.1762882620735247E-4 -0.002342586008715498 7.420779884335097E-6 0.0010668227565595377 1.4220977352331403E-4 
0.00862784527031285 1.5971071612657503E-4 3.6220545394196664E-4 -0.002361909219508171 -4.0234381008812586E-4 -3.9831635979022984E-5 -0.002356870782037415 1.245443284231849E-4 0.0010584907457066796 3.4345880606727694E-4 
0.3862968049599925 1.6871421805478501E-4 1.9722975175651803E-4 -0.0023631044881202955 -3.360175812376921E-4 -3.57115624423798E-5 -0.002705992495835023 -1.2837178959614596E-4 0.0010370447743118488 1.4118109647057577E-4 
0.09256456859199491 7.94479959145011E-5 4.291992264151126E-4 -0.002342078449244808 -3.9943470255580585E-4 -1.1760915046033743E-4 -0.002361097565075523 2.877715168284087E-4 0.0014317094601382016 3.967255324372051E-4 
0.07152204396439238 1.291095852467488E-4 3.298840984188093E-4 -0.0023619805098710543 -4.1434771368469866E-4 -6.503709032460665E-5 -0.0018345836509296334 -5.498679372407242E-6 0.001055203099024799 5.491075330798763E-5 
0.0024448442667654446 1.2794121431524655E-4 3.414301056043012E-4 -0.0023417996790399366 -3.3409117319229976E-4 -1.2660860836278208E-4 -0.0020061895783294514 -3.543322928976938E-6 0.0010353055364593791 1.35527438806612E-4 
0.3723554595636324 1.6761929707522947E-4 4.016728061066986E-4 -0.002346276435489641 -4.0548465124485943E-4 -1.3041933158350273E-4 -0.0019974557541180926 1.2975532151380465E-4 0.0010371335800678394 1.73781825498495E-4 
0.12758660231132174 1.291498143558349E-4 3.2992657314769757E-4 -0.0024135031708652156 -4.1434771368469866E-4 -1.299986345572953E-4 6.960418976623855E-5 -5.498679372407242E-6 0.0010369920457652052 1.309090736706082E-4 
0.3671450591873485 1.7222646651539694E-4 3.7062062619879133E-4 -0.002350761342573443 -2.865419613418214E-4 7.47589740050317E-5 -0.0026252893981577163 1.3286482567262777E-4 0.0010460592177134005 3.560487445221924E-4 
0.9815768107419973 1.2645444824276668E-4 3.3609430251284724E-4 -0.0024204178278060097 -4.0213307730920715E-4 -2.065432343837084E-4 -0.0027135262301614346 3.2351622881002956E-4 0.0010492619753832185 3.3135798165517865E-4 
0.4640631931085767 7.643598926608289E-5 2.9676207252992147E-4 -6.099409105646038E-4 -4.1658981068717503E-4 -2.9108596184476705E-5 -0.00205847477056795 1.894867804744003E-4 0.001045106269433566 2.2079427436486683E-4 
0.03773037788228324 7.854277331616915E-5 3.391350903501837E-4 -0.0023630357633674932 -2.886701770102046E-4 -6.406187466428293E-5 -0.002025559699910704 4.67033751028841E-5 0.0010688452102494282 1.0971225306846905E-4 
0.011685745866940989 1.4818445705203426E-4 3.6634827680855715E-4 -0.0023445079205835664 -4.017082296378252E-4 -3.3703646269917734E-4 -0.0024600909600646244 1.4054627388091685E-6 0.0014183156425707191 4.1814759861263836E-4 
0.5811516323095001 1.7184101768716957E-4 4.183888241294024E-4 -0.002357879759365286 -3.562804715828703E-4 -3.379728372215775E-5 -0.002338423043151273 3.21509829203403E-4 0.0010465956785721024 1.648663445427444E-4 
0.13852542269604198 1.4714436530871653E-4 3.2989287083843276E-4 -0.0024135031708652156 -4.1442509403090253E-4 -1.293406934584512E-4 7.362533092018808E-5 1.3327365759780742E-4 0.0010369920457652052 1.309090736706082E-4 
0.5574172907333542 3.778094781124392E-4 3.38922366678252E-4 -0.002358189299766623 -3.28992846901844E-4 -4.004403653810584E-5 -0.0023392583553561693 2.8126932140241093E-4 0.001035218211224029 1.379768080230267E-4 
0.593204939249144 8.079084688666808E-5 4.033940888566604E-4 -0.0023633453440929514 -2.886701770102046E-4 -6.406187466428293E-5 -0.002025559699910704 4.690553136890425E-5 0.0010688452102494282 1.0971225306846905E-4 
0.4014941577539334 1.4808091154810767E-4 3.884143093946959E-4 -0.0023612459989625517 -2.8466526784524276E-4 -3.303197925379753E-4 -0.0027395003979001024 -2.9983586579427566E-4 0.001069995146497785 1.0507716832981853E-4 
0.5574172907333542 3.778094781124392E-4 3.38922366678252E-4 -0.002358189299766623 -3.28992846901844E-4 -4.004403653810584E-5 -0.0023392583553561693 2.8126932140241093E-4 0.001035218211224029 1.379768080230267E-4 
0.9114548850097932 1.5088054641299462E-4 2.958092534030039E-4 -0.002345749077209898 -3.969323488971169E-4 -1.2471587914362266E-4 -0.0044286730558870365 1.4033395977483494E-4 0.001043457459803016 1.3393589844852409E-4 
0.695884028321387 7.40071107174985E-5 4.2306505135542493E-4 -6.047423349413828E-4 -3.9814531048781924E-4 -6.152860183645822E-5 -0.002734255121416673 2.1947700047324206E-4 0.001401172767673356 1.2942195957194632E-4 
0.522703409400898 1.5955778688083187E-4 3.615253493370099E-4 -5.767175006383229E-4 -4.0053849822782145E-4 -1.8415696610635577E-4 -0.0023588610828529193 1.2929332689060264E-4 0.0014015598684668598 1.0973724411028374E-4 
5.503059545181161E-4 4.196069610219944E-4 4.322720266576037E-4 -0.002339274255038317 -4.0817970050802273E-4 -1.2793770708252456E-4 -0.002011013210550064 3.29887114904218E-5 0.001044981184282617 4.716701289953419E-4 
0.46403394829131117 7.916397037672186E-5 3.4459584820850674E-4 -0.002344891649097625 -2.9509040605737676E-4 -4.578576463616073E-5 -0.0018124986018313578 1.2673705628147596E-4 0.0010483729282480115 2.3522314377170245E-4 
0.4483235919444718 1.6858763128688238E-4 3.344277713336844E-4 -0.0023514343144663964 -3.676519567427925E-4 -1.1722751035053311E-4 -0.0020241763942567127 2.3270558745570587E-4 0.0010520213580376843 3.2182290469455797E-4 
0.7930694656642034 1.694192094757581E-4 4.028986189115177E-4 -0.00234343542663561 -4.1558445632202003E-4 -1.267593814700211E-4 -0.0026812230195809666 3.2215491075112865E-4 0.0010330338221951462 1.403359535741059E-4 
0.4842636187184079 7.916397037672186E-5 3.464107877116482E-4 -0.002344891649097625 -4.1346455235758377E-4 -4.578576463616073E-5 -0.00236867602639836 1.2673705628147596E-4 0.0010483729282480115 3.282166291716916E-4 
0.8553915121475832 8.043194046410745E-5 4.033940888566604E-4 -0.0023633453440929514 -2.886701770102046E-4 -6.406187466428293E-5 -0.002025559699910704 4.690553136890425E-5 0.0010688192986619046 1.0971225306846905E-4 
0.07553276836919415 1.303377698757065E-4 4.231326576221497E-4 -0.0023227761536297013 -2.9294820664266773E-4 -6.071776594607566E-5 -0.0018809927661800187 -2.8103160217040875E-4 0.0010300274564068992 3.210235419229235E-4 
0.8397414443826264 1.2949095867410604E-4 4.02643832400839E-4 -0.0023504548641190325 -4.0557480234855654E-4 -1.4112711770699837E-5 -0.0026767465948734203 2.1079516034102887E-4 0.0010565607895207088 1.708188814399593E-4 
0.9350239817717335 1.5615768045340174E-4 3.280363158438196E-4 -0.002323492111157481 -2.920923247502845E-4 -6.071776594607566E-5 -0.0018809927661800187 2.2520231481235154E-4 0.0010278083411803234 3.210235419229235E-4 
0.005858572509050258 1.4807721824000946E-4 4.237420286417152E-4 -0.002349655621029432 -3.9901834218777075E-4 -1.1762882620735247E-4 -0.002342586008715498 2.191646656966275E-4 0.0010553277361869382 3.981704070552554E-4 
0.5811516323095001 1.7184101768716957E-4 4.183888241294024E-4 -0.002357879759365286 -3.562804715828703E-4 -3.379728372215775E-5 -0.002338423043151273 3.21509829203403E-4 0.0010465956785721024 1.648663445427444E-4 
0.3932611045321084 1.6871421805478501E-4 1.9727949842180876E-4 -0.0023434872519547483 -4.1063779272241033E-4 -3.57115624423798E-5 -0.0027117598179308925 -1.179252330935587E-4 0.0010370447743118488 1.4118109647057577E-4 
0.1841846842552447 1.3021346784084582E-4 3.6109363324532596E-4 -0.0023433746640376344 -2.950597924761986E-4 -1.3060851347686288E-4 -0.0018586143297688448 1.9014462383334715E-4 0.0014106950124412932 -0.0014686016073693498 
0.9859128522167556 1.2645444824276668E-4 3.3609430251284724E-4 -0.0024204178278060097 -4.0213307730920715E-4 -2.065432343837084E-4 -0.0027135262301614346 3.2351622881002956E-4 0.0010492619753832185 3.3135798165517865E-4 
0.695884028321387 7.40071107174985E-5 4.2306505135542493E-4 -6.047423349413828E-4 -3.9814531048781924E-4 -6.152860183645822E-5 -0.002734255121416673 2.1947700047324206E-4 0.001401172767673356 1.2942195957194632E-4 
0.8832194258604004 3.959340846915997E-4 3.293511064558259E-4 -0.0023454407608040034 -4.032556737130573E-4 -1.1352219184590592E-4 -0.0026849229195513623 2.7453931907424345E-4 0.001058239989599697 1.4288326619568123E-4 
0.44747087605481056 1.2979938390530668E-4 3.4099964370193174E-4 -0.002344881127740685 -2.9194550218928543E-4 -1.2513371126854377E-4 -0.0023421162196532595 7.516826576956668E-5 0.0010520213580376843 3.2590488703843816E-4 
0.8301768081613401 1.2911155275670594E-4 3.38618084514013E-4 -0.002351232994548995 -4.036296951107976E-4 -1.1344133557127678E-4 -0.0023716073213938646 -1.288859171414522E-5 0.0010580293882557826 1.6629738792112224E-5 
0.1344300231335982 1.4778547480425355E-4 4.227050588170529E-4 -0.002341723786669626 -3.678137463284246E-4 -3.778877624027128E-5 -0.002463661314562585 6.37087061774095E-5 0.0010647771544195757 -4.047116138420053E-5 
0.2772688150950341 1.6844257178454133E-4 3.6099844802432854E-4 -0.002343170180822776 -4.1558445632202003E-4 -1.2987867726269495E-4 -0.0024586871659869657 1.8991099437396455E-4 0.0010340320420191501 1.3655750519340798E-4 
0.511020448794311 1.2311923544432236E-4 3.29846044048495E-4 -0.0023421216164937497 -4.14638510042379E-4 -1.9222172908370824E-4 -0.0026757778988264697 6.523339319027177E-6 0.001036544317535923 2.3738478795872517E-4 
0.8904247331490205 1.6522287133511132E-4 4.230211317186948E-4 -0.002364003590569418 -4.121069518141751E-4 -6.705528372315222E-5 -0.001784473139092442 2.7477244054873053E-4 0.0010582923346327616 7.266751281978946E-5 
0.8488138845683622 1.2951229154493872E-4 3.4083102021269316E-4 -0.002344891968481287 -3.668214224039506E-4 -1.1218498220199999E-4 -0.002362363036506504 4.00437982292289E-5 0.0010558743938599493 4.7727508124631056E-4 
0.21756721095829593 1.3022114138652057E-4 3.6197885412898726E-4 -0.0023431874973338534 -4.1558445632202003E-4 -1.2987867726269495E-4 6.0775023881281176E-5 2.4328647711777433E-4 0.0010452990252098175 1.3660983631538643E-4 
0.26569103002357136 1.4714436530871653E-4 3.2989287083843276E-4 -0.0024200420785670533 -4.1442509403090253E-4 -3.6062972792219026E-5 7.362533092018808E-5 2.463249758546704E-4 0.0010369920457652052 1.3119648409206261E-4 
0.02777877413956071 1.4756833038728388E-4 4.2490837103271507E-4 -0.002344090896806252 -3.35021729985825E-4 -1.1762882620735247E-4 -0.002342586008715498 2.1606702170613636E-4 0.0010704396506433114 3.981704070552554E-4 
0.1020063525988269 1.4807721824000946E-4 4.237420286417152E-4 -0.0023435284720581787 -3.403644866706879E-4 -1.1762882620735247E-4 -0.0023382233562907026 2.191646656966275E-4 0.0010553277361869382 1.7373953119972536E-4 
0.4842636187184079 7.916397037672186E-5 3.464107877116482E-4 -0.002344891649097625 -4.1346455235758377E-4 -4.578576463616073E-5 -0.00236867602639836 1.2673705628147596E-4 0.0010483729282480115 3.282166291716916E-4 
0.522703409400898 1.5955778688083187E-4 3.615253493370099E-4 -5.767175006383229E-4 -4.0053849822782145E-4 -1.8415696610635577E-4 -0.0023588610828529193 1.2929332689060264E-4 0.0014015598684668598 1.0973724411028374E-4 
0.015425941096279538 7.242138880668165E-5 4.322720266576037E-4 -0.002323173265787496 -4.0817738926818156E-4 -1.2764958904043557E-4 -0.002011013210550064 3.0836153495469645E-5 0.0013905392568388068 1.4517461351137086E-4 
0.998397431644645 1.6761106938466744E-4 1.8450113550701235E-4 -0.0023415771391701624 -3.7174619205426507E-4 -1.1420216637549302E-4 -0.0023543546340622735 1.7717783425150117E-5 0.0010433472639781514 1.3544328131606008E-4 
0.1020063525988269 1.4807721824000946E-4 4.237420286417152E-4 -0.0023435284720581787 -3.403644866706879E-4 -1.1762882620735247E-4 -0.0023382233562907026 2.191646656966275E-4 0.0010553277361869382 1.7373953119972536E-4 
0.21756721095829593 1.3022114138652057E-4 3.6197885412898726E-4 -0.0023431874973338534 -4.1558445632202003E-4 -1.2987867726269495E-4 6.0775023881281176E-5 2.4328647711777433E-4 0.0010452990252098175 1.3660983631538643E-4 
0.0019077043583702463 1.3052934931846098E-4 3.896153226880149E-4 -0.002345130425913148 -2.855732865565938E-4 -3.2530397634932666E-6 -0.001908409754587376 2.180690826299064E-4 0.0010495411680314752 1.3110116432829672E-4 
0.7774987134002468 1.248591597443114E-4 4.02643832400839E-4 -0.0023504548641190325 -4.0557480234855654E-4 -1.4112711770699837E-5 -0.0026767465948734203 2.1079516034102887E-4 0.0010696146475927374 1.708188814399593E-4 
0.9370427960447096 1.5615768045340174E-4 4.231326576221497E-4 -0.0023227761536297013 -2.920923247502845E-4 -6.071776594607566E-5 -0.0018809927661800187 -2.780399072815804E-4 0.0010304824593779655 3.210235419229235E-4 
0.1110571408713033 1.4563303128138473E-4 4.0310754089753644E-4 -0.0023494874903884607 -3.6753259552231744E-4 -2.2691158409094593E-4 -0.002382805424688917 6.068066819536074E-5 0.001023586566057187 1.6590983922197948E-4 
0.1110571408713033 1.4563303128138473E-4 4.0310754089753644E-4 -0.0023494874903884607 -3.6753259552231744E-4 -2.2691158409094593E-4 -0.002382805424688917 6.068066819536074E-5 0.001023586566057187 1.6590983922197948E-4 
9.330254655281478E-4 1.6871421805478501E-4 1.9731083917928083E-4 -0.0023631044881202955 -3.360175812376921E-4 -3.57115624423798E-5 -0.0026758538056834576 2.1403240442413195E-4 0.0010497295132878715 1.4108056737185522E-4 
0.7648259569029389 4.009344427406093E-4 4.20735021778545E-4 -0.0024201705817474837 -2.807267823246287E-4 2.1278028764955514E-5 -0.0023912317897125538 2.736152473270765E-4 0.0013708953192168737 4.966187305163939E-4 
