0.0 0.001248990130872623 -4.698069712294463E-4 -4.783737151328767E-4 1.3626441826723187E-4 -3.85353865098891E-4 1.3882358328228656E-4 4.299826041702678E-4 4.144102770332252E-4 -5.926678206854186E-4 
0.9976341029962997 0.0012837359705865669 -5.624726478583121E-4 -2.8243771980535884E-4 -1.954201281814387E-4 -2.980874788727184E-4 2.9274411195855923E-4 5.101976523589714E-4 4.6919910926562016E-4 -6.613015309737056E-4 
0.90430139532636 -0.003733953098536728 -0.0010683743519987324 -2.8681986676117944E-4 -2.3359332328666516E-4 -2.8889795586779907E-4 0.0014816579743453487 4.293302958205524E-4 4.270241637101859E-4 -6.618022415685852E-4 
0.18882769511042322 0.0011006981838189815 -5.795248123737364E-4 -2.8496685075301615E-4 8.206391270551202E-5 -2.72787469968074E-4 -0.0011595141752045366 3.5181106775755846E-4 4.261171418042787E-4 -5.833599217649909E-4 
0.34698031714459854 0.0011067934090861374 -2.9731625088523235E-4 -5.037248129596924E-4 1.4758995815777635E-4 -4.626667324581351E-4 5.125445790711465E-4 3.6908803499709745E-4 4.175273109737531E-4 -5.919329400485665E-4 
0.07046353400512795 0.0011889161746679072 -2.9282539815902705E-4 -5.034578596147769E-4 1.4666308636751525E-4 -4.873439733685535E-4 0.0015529820863283026 7.255519472714098E-4 4.6065611121763513E-4 -6.595173893530437E-4 
0.523551343032022 0.001205997697568992 -0.0010717318796451634 -4.795374757218589E-4 -4.051286904724801E-5 -3.124737056148016E-4 2.628705569867898E-4 4.8708758183333453E-4 4.8810954396686984E-4 -5.206916180116775E-4 
0.21396043417504756 0.0013139042018868517 -6.877838707903129E-4 -3.0074808437422623E-4 1.7994591727756132E-4 -2.950434012898813E-4 2.582745729556342E-4 7.47050450269252E-4 4.959941306433434E-4 -5.959685135888554E-4 
0.5469553636520357 0.0010936734932112835 -4.833462988923206E-4 -4.923888339795324E-4 -2.8607141492121004E-5 -3.093236624823419E-4 2.595146276545394E-4 4.5228035609706725E-4 4.890131100942568E-4 -5.93703919503828E-4 
0.7916863231352422 0.0015373354947264507 -7.482164338389228E-4 -4.89811003728125E-4 1.580565753242937E-4 -3.541639696697485E-4 0.0015314209440684403 3.701442248375417E-4 3.8778443411650426E-4 -6.348193441042466E-4 
0.36529303966357124 0.0012479208180633532 -3.185867425114053E-4 -4.8074499314242243E-4 1.2792898970379215E-4 -5.546069732208847E-4 4.4954289500019574E-4 3.7050984821746695E-4 4.161415155386022E-4 -6.614778474080658E-4 
0.9596513355173211 0.0011050853767707507 -2.9067591001247684E-4 -4.938147131265351E-4 2.3387515793271582E-4 -3.6209596768844185E-4 3.2898152584753983E-4 3.635905680836801E-4 4.243399515891172E-4 -6.585171522543195E-4 
0.6000132006604993 0.0012479208180633532 -3.185867425114053E-4 -4.8074499314242243E-4 1.2792898970379215E-4 -4.060951771676904E-4 4.1414563499307986E-4 3.7061588976205806E-4 4.161511327337344E-4 -6.556555102453069E-4 
0.26494040269085994 0.0012245452177890265 -7.094456520779519E-4 -5.107036474381253E-4 -2.3573869034339978E-4 -2.7135723265794587E-4 2.4131629605509238E-4 3.6360072563311236E-4 4.607718997031842E-4 -5.835346870730816E-4 
0.43983993141565947 0.0014425297095489575 -0.0011789465771646292 -3.8071892035733017E-4 2.100779276557595E-4 -2.9222920700291245E-4 1.9822452458895685E-4 7.513966361621734E-4 4.2464730904075187E-4 -6.342951107193689E-4 
0.9307600812098922 0.0011162901759139462 -3.0411613414773654E-4 -2.8933176789473373E-4 1.250689003199639E-4 -4.02989501342833E-4 2.9030373732839805E-4 7.830663008628553E-4 4.7154726042409505E-4 -5.922086234009286E-4 
0.230379175927571 0.001246018451272974 -3.0197859295077437E-4 -4.764346486669628E-4 1.354364810684981E-4 -3.85353865098891E-4 1.3882358328228656E-4 4.3342433448960866E-4 3.9286594262751467E-4 -5.886311115723891E-4 
0.5108011115756612 0.0010491801753081654 -4.698565972222344E-4 -2.865273742989451E-4 7.006499659863589E-5 -4.549859822381246E-4 3.3259699328501197E-4 3.7368800002445554E-4 3.9409463310193795E-4 -5.887003406371837E-4 
0.2845195335094342 0.0010134644350704377 -0.001067545652085779 -4.953830088408595E-4 7.006499659863589E-5 -3.084343574622008E-4 0.0016033900029618182 4.549469763395804E-4 3.99987574165158E-4 -5.842021488306963E-4 
0.005267930409691257 0.001248990130872623 -5.095373222871655E-4 -4.783737151328767E-4 -3.9609655030699345E-5 -3.158189173871914E-4 2.072689640154156E-4 4.8708758183333453E-4 3.9409082023080514E-4 -5.928467997453308E-4 
0.762384520146334 0.0012245452177890265 -9.16744460684168E-4 -3.800972236041539E-4 1.820433183808499E-4 -2.921332080031595E-4 2.06646487144867E-4 4.946906769144417E-4 4.5659045998646135E-4 -6.345076884073989E-4 
0.3316242869985668 0.0012251726616510593 -5.564414535031856E-4 -5.042107578092924E-4 1.468314113716652E-4 -4.0341525407510895E-4 2.5476245414611027E-4 5.06361254303524E-4 4.579905881686623E-4 -5.919472738070593E-4 
0.619169840459935 0.0012377240550916415 -3.191409511049104E-4 -4.861865816053754E-4 2.0582339003932408E-4 -3.801646421867223E-4 4.1414563499307986E-4 3.693612656860487E-4 4.161511327337344E-4 -6.556555102453069E-4 
0.42843707195696923 0.0010134644350704377 -0.001039502238653998 -4.939417226847308E-4 1.7987120560453883E-4 -3.3919084892029366E-4 0.0015926898449998934 4.5391525402382904E-4 3.99987574165158E-4 -5.842021488306963E-4 
0.9381400975001145 0.0011122293638532277 -2.960555306618694E-4 -5.027651753791219E-4 1.7154986695788627E-4 -4.626667324581351E-4 3.3062118952629095E-4 3.6908803499709745E-4 4.1768408310936074E-4 -5.919329400485665E-4 
0.6311775785423979 -0.0035226883953814164 -5.147739714770472E-4 -3.9707684537972575E-4 -1.7700791269752042E-4 -2.9399507822428184E-4 0.0013220403155435067 3.682526170091359E-4 4.599269693273072E-4 -6.575419728342201E-4 
0.45704478200037335 0.001386114304734697 -2.896870917392395E-4 -5.051851433734602E-4 2.100788717813973E-4 -2.548700017796649E-4 0.0015712356284542698 4.547255405864082E-4 4.1637979227277276E-4 -6.342951107193689E-4 
0.023365524463010073 0.0011889161746679072 -4.500527292694508E-4 -5.034578596147769E-4 1.4666308636751525E-4 -4.8455740964287804E-4 4.284203514977657E-4 3.4956364851618075E-4 4.608471131238022E-4 -6.595173893530437E-4 
0.6854995048481354 0.0012254864113037099 -4.964884091192267E-4 -5.107036474381253E-4 -2.4505004107572514E-4 -2.7681251278702875E-4 1.9188200681947152E-4 4.9132891393475E-4 3.9302360601416744E-4 -5.153040395210731E-4 
0.4762501230678119 0.0012647428398928518 -2.9125854767548506E-4 -2.9806952972307685E-4 1.3101282242535857E-4 -4.0412453180322305E-4 -0.0011650112280661281 4.831873718870241E-4 3.9872912489015807E-4 -6.396337957410072E-4 
0.4152427690805299 0.0011962010092639247 -5.283859771249276E-4 -4.979175710075212E-4 2.0583615268819942E-4 -4.034231576623531E-4 1.3707484883911743E-4 7.258500012866664E-4 4.6045629195385284E-4 -6.257503294005325E-4 
0.009457669053091838 9.343989640637738E-4 -3.0642132225005875E-4 -3.916883812340232E-4 1.720072237691459E-4 -2.906536143096041E-4 0.0011938437015593007 3.642962164704089E-4 3.9249447729525514E-4 -6.572352088299866E-4 
0.881050739808918 0.0011962010092639247 -5.283859771249276E-4 -4.967519899378328E-4 2.0583615268819942E-4 -4.0341525407510895E-4 1.561331046134604E-4 7.258500012866664E-4 4.6045629195385284E-4 -6.252378917431112E-4 
0.15840649895700726 0.0010496601363329141 -3.091550367823033E-4 -2.640217429676078E-4 2.0440478443520884E-4 -2.767566328458635E-4 2.4102568148214363E-4 4.761475726818117E-4 4.244258177199978E-4 -6.585247773325839E-4 
0.4961108376917076 0.0012634515296399825 -4.831644120091129E-4 -4.918704205036437E-4 -2.3279154039056502E-4 -4.018378238177036E-4 3.3106426582877344E-4 4.510310400887308E-4 3.922580476748231E-4 -5.830517282889575E-4 
0.6607834142411211 0.0012505038889224621 -4.698069712294463E-4 -4.783737151328767E-4 1.3626441826723187E-4 -3.85353865098891E-4 2.5260725680387484E-4 4.299826041702678E-4 4.144102770332252E-4 -5.923362520823785E-4 
0.9875125346400623 -0.00348674195094779 -7.29246313731566E-4 -2.9201462877429766E-4 2.0257190690085175E-4 -2.915507867061498E-4 -0.0010234460250185793 3.557204396152531E-4 4.6492920734982404E-4 -5.888873923816383E-4 
0.1249259166759547 -0.0030419354821372103 -1.7422714222136869E-4 -2.993517607203323E-4 1.6746242167608327E-4 0.001338358961235879 -9.947974582085314E-4 7.555786724558264E-4 4.5976450052966707E-4 -5.902249041722051E-4 
0.0012285997373399499 0.0011830153306312972 -5.734312910250546E-4 -4.7832777263387074E-4 2.0595672393903709E-4 -3.1545610520997667E-4 1.3834201947977585E-4 4.888976572628095E-4 4.733836858653771E-4 -6.242489323708954E-4 
0.7283219825103684 0.0012491452023989966 -5.09756404248153E-4 -4.783737151328767E-4 1.2883717834127645E-4 -3.158189173871914E-4 2.072689640154156E-4 3.644761170640848E-4 4.7249409205905114E-4 -5.884351327645229E-4 
0.395439456292894 8.917206451059916E-4 -0.0010589189873171363 -5.064821878401829E-4 -2.2589181036026732E-4 -2.72787469968074E-4 1.6519701809041096E-4 4.5070385779857387E-4 4.7652280677106673E-4 -5.92633029792261E-4 
0.6957610183266006 0.002124912709901887 -5.211456850402927E-4 -3.944951241315979E-4 -1.6425573062783263E-4 -2.9848319257583434E-4 2.6088948315690927E-4 3.71236985411617E-4 4.8483197904801645E-4 -5.178234751801395E-4 
0.40857218678065194 -0.0034781561518625534 -0.0010223740724162093 -2.8068628400465426E-4 2.100779276557595E-4 -2.8947228344058734E-4 2.40969271816255E-4 4.5261120025214994E-4 4.5790728823057143E-4 -6.342951107193689E-4 
0.1395453242727757 -0.0030419354821372103 -1.7173979000973264E-4 -4.834644440549154E-4 1.6746242167608327E-4 0.0014179848539956998 -9.947974582085314E-4 5.145979434940148E-4 4.5993765270158137E-4 -6.561887616651676E-4 
0.09279654682397954 0.0010743837190107918 -3.078734831961058E-4 -4.936760693334901E-4 1.814449890184611E-4 -4.038701430745132E-4 2.616087304387295E-4 4.788139226294092E-4 4.1622735093510305E-4 -6.377370503416277E-4 
0.13339664603829665 -0.0030419354821372103 -1.7422714222136869E-4 -4.834644440549154E-4 1.6746242167608327E-4 0.001338358961235879 -9.947974582085314E-4 5.145979434940148E-4 4.5976450052966707E-4 -5.902233484760274E-4 
0.48945769431241826 0.0010134644350704377 -0.001067545652085779 -4.918981148090718E-4 7.006499659863589E-5 -4.021915826431217E-4 0.0016033900029618182 4.549754612757329E-4 4.251935759077166E-4 -5.841945486529937E-4 
0.11533120970457404 0.0010595629758220586 -3.120128828476447E-4 -5.037248129596924E-4 1.3492398503787888E-4 -2.9285710602373595E-4 4.7969156376403526E-4 3.6908803499709745E-4 4.175273109737531E-4 -5.916183162595739E-4 
0.01720107688349254 -0.0035441109972340003 -5.837240785684009E-4 -4.938172123691554E-4 -4.624937106085881E-5 -2.7367495763383205E-4 -0.0011591247968417522 4.544629578397896E-4 4.2585640891856406E-4 -5.831215261997321E-4 
0.2578199930977713 0.0012837359705865669 -5.55770584176519E-4 -2.8307433564425563E-4 -2.1743036969147243E-4 -4.028113648266795E-4 1.4508710799307836E-4 5.150218133931786E-4 4.1610572550510543E-4 -5.9220675230842E-4 
0.16766214296768764 0.001349082177516993 -5.733388114578848E-4 -3.03924343760485E-4 1.3395149284238574E-4 -2.881720737246376E-4 2.8974556375867765E-4 4.320378745292871E-4 4.2621960952014115E-4 -6.572340555361699E-4 
0.08341441498155208 0.0012059428831845051 -0.0010663567614193155 -4.795374757218589E-4 -4.051286904724801E-5 -3.120405300364477E-4 2.5850653025565485E-4 4.8708758183333453E-4 4.8810927182815333E-4 -5.206916180116775E-4 
0.20519430891058954 -0.0034443364875902565 -2.6043184685086996E-4 -4.955434320702939E-4 1.8018062236896452E-4 -2.691561579158442E-4 4.806479662864646E-4 3.69291133949605E-4 0.0011090462173948092 -5.955101542710568E-4 
0.011086752151985874 9.343989640637738E-4 -3.0642132225005875E-4 -3.916883812340232E-4 1.720072237691459E-4 -2.904537745812531E-4 1.8753082486532967E-4 3.642962164704089E-4 3.9249447729525514E-4 -6.572488549534676E-4 
0.5798235849496574 -0.0030360553378305038 0.003465070186949522 -4.831184107639897E-4 -3.371492541968473E-5 -3.221869675436971E-4 3.009795893920898E-4 4.933870491677824E-4 4.597555943755621E-4 -6.260664496470296E-4 
0.38896801812844173 8.917206451059916E-4 -7.39138281372057E-4 -5.065272058373891E-4 2.0152019950144247E-4 -3.513691438289316E-4 1.6519701809041096E-4 -0.00349978406787453 4.1937792294514047E-4 -6.348230929916004E-4 
0.5879425676891589 9.343989640637738E-4 -3.0642132225005875E-4 -3.898975850347759E-4 1.720072237691459E-4 -2.906536143096041E-4 0.0011938437015593007 3.7200819499575506E-4 4.162221307906679E-4 -6.572220521396037E-4 
0.14560666805973643 0.0011646749697678213 -5.71295878127317E-4 -4.937642797913822E-4 1.2847234493947485E-4 -3.0721407837596326E-4 3.267646311545392E-4 4.320378745292871E-4 4.2654211574859216E-4 -6.548614109508739E-4 
0.16766214296768764 0.001349082177516993 -5.733388114578848E-4 -3.03924343760485E-4 1.3395149284238574E-4 -2.881720737246376E-4 2.8974556375867765E-4 4.320378745292871E-4 4.2621960952014115E-4 -6.572340555361699E-4 
0.10352677629948596 0.001087953552445944 -2.9450020747764905E-4 -2.998475989686649E-4 1.0079127076661474E-4 -2.950434012898813E-4 2.4102568148214363E-4 4.75334739941911E-4 4.265275011708165E-4 -6.585247773325839E-4 
0.2508070351907479 -0.003445731400364787 -3.0800342063644153E-4 -4.945240497384271E-4 2.043793288009679E-4 -2.769243368694969E-4 4.806479662864646E-4 3.6623798959649936E-4 4.5239808219546486E-4 -5.88488647576296E-4 
0.8773195458334562 -0.0030419354821372103 -4.988249518453135E-4 -4.834644440549154E-4 2.2582340293380218E-4 0.001338358961235879 -9.947974582085314E-4 5.145979434940148E-4 4.587248258585306E-4 -5.928267803205232E-4 
0.6451991328445794 0.0011996942819392977 -4.1602478228137756E-4 -5.557886673135855E-4 1.3104000441903013E-4 -4.0425819806517695E-4 2.6252303066445196E-4 5.06361254303524E-4 4.899617375702451E-4 -6.582421516119787E-4 
0.8224281079956851 0.0015574214604147988 -7.439051853365437E-4 -4.905408611285437E-4 2.057188920277903E-4 -3.540165010186245E-4 4.242382286708252E-4 3.6558837446571085E-4 4.195362783398983E-4 -6.351659655647877E-4 
0.15344283351615845 -0.0034963662483663924 -3.0323968140406974E-4 -2.891267642693226E-4 1.2847234493947485E-4 -3.0721407837596326E-4 3.3109052192433765E-4 4.320378745292871E-4 4.250174225669149E-4 -5.112304802401055E-4 
0.10828466651945239 0.0012257975087994633 -7.118309478245603E-4 -5.037448230792643E-4 1.289409858136824E-4 -2.8769411135786E-4 4.7969156376403526E-4 3.6908803499709745E-4 4.175273109737531E-4 -6.303758238506825E-4 
0.08341441498155208 0.0012059428831845051 -0.0010663567614193155 -4.795374757218589E-4 -4.051286904724801E-5 -3.120405300364477E-4 2.5850653025565485E-4 4.8708758183333453E-4 4.8810927182815333E-4 -5.206916180116775E-4 
0.30323581324637217 0.0011067934090861374 -5.875459210468036E-4 -2.9304149041418524E-4 1.5087847494536154E-4 -4.0733956818109554E-4 2.590059781527045E-4 3.6857493353264603E-4 4.1945685748594896E-4 -5.920778463465922E-4 
0.06199053076324396 0.0011426624015103606 -4.8430043091104817E-4 -3.877141040757605E-4 1.7146432745441764E-4 -2.904210615349985E-4 0.0011938437015593007 3.6412544470236296E-4 3.994885640942272E-4 -5.830088801079E-4 
0.0543601204912203 0.001313908632825747 -6.877838707903129E-4 -3.0074808437422623E-4 2.0626716618990266E-4 -2.950434012898813E-4 2.582745729556342E-4 7.578654432221883E-4 4.881305171370054E-4 -6.588169459380983E-4 
0.19774350936117488 0.001349082177516993 -5.733388114578848E-4 -3.1861517642283284E-4 1.3395149284238574E-4 -2.881720737246376E-4 2.8974556375867765E-4 4.320378745292871E-4 4.137164601394144E-4 -6.576998594281393E-4 
0.325547288370319 -0.0033173640956642605 -5.880843418117772E-4 -4.7732221917365505E-4 -1.7852649745428748E-4 -4.041455289855727E-4 4.5023444293708066E-4 3.6717909010828545E-4 4.262884399671186E-4 -5.191027112952151E-4 
0.09899805674555695 -0.003534782922566879 -1.574461193984766E-4 -5.016999088155386E-4 1.683586588786278E-4 -3.506582212857869E-4 3.315505074606141E-4 3.635905680836801E-4 4.253796262602537E-4 -5.903203183725035E-4 
0.030692463635871636 0.00133231761500727 -4.793233588798682E-4 -4.91854162567097E-4 -4.208562347080271E-5 -3.074821833036909E-4 0.001483646926257434 3.733933507342867E-4 4.13811131526988E-4 -6.541925204043479E-4 
0.669324877024757 0.0010735285390288771 -5.673773437636155E-4 -3.0074808437422623E-4 2.0924086528348486E-4 -4.046254248823657E-4 2.6258712902516024E-4 7.578654432221883E-4 4.881305171370054E-4 -6.587901186655745E-4 
0.8428275873613509 -0.003534782922566879 -4.8204392902242136E-4 -5.016999088155386E-4 2.2671964013634672E-4 -3.506582212857869E-4 3.315505074606141E-4 3.635905680836801E-4 4.243399515891172E-4 -5.929237502169992E-4 
0.799061175636476 0.0015362698664257018 -7.565786341372172E-4 -4.909054878726738E-4 1.5770249915523057E-4 -2.8837291728893563E-4 2.2783177658786499E-4 4.306674954993323E-4 4.712257438930399E-4 -5.904256410004995E-4 
0.030692463635871636 0.00133231761500727 -4.793233588798682E-4 -4.91854162567097E-4 -4.208562347080271E-5 -3.074821833036909E-4 0.001483646926257434 3.733933507342867E-4 4.13811131526988E-4 -6.541925204043479E-4 
0.037516343618058 0.00131626917623477 -3.191409511049104E-4 -3.1115890137701526E-4 1.8753613507049431E-4 -3.4953215056770793E-4 -0.0015494372200378853 3.655542705150631E-4 4.60689899944135E-4 -6.557570003850664E-4 
0.04169553435774498 0.00133231761500727 -4.793233588798682E-4 -4.91854162567097E-4 -4.208562347080271E-5 -3.074821833036909E-4 0.001483646926257434 3.733933507342867E-4 4.13811131526988E-4 -6.541925204043479E-4 
0.23637493039011304 0.001248990130872623 -4.698069712294463E-4 -4.782917490918106E-4 1.354364810684981E-4 -3.85353865098891E-4 1.3882358328228656E-4 4.299826041702678E-4 4.144102770332252E-4 -5.886311115723891E-4 
0.02072011648792682 0.00133231761500727 -4.790150156761852E-4 -4.91742168795233E-4 6.33121577639344E-5 -3.4833700817193556E-4 0.0015251220938549313 4.951910566054295E-4 4.13811131526988E-4 -6.542709458171749E-4 
2.7251522160309793E-4 0.001258339398492704 -5.095373222871655E-4 -4.788612611183615E-4 -3.9609655030699345E-5 -3.158189173871914E-4 2.072689640154156E-4 4.870162554247166E-4 3.942030026041529E-4 -5.928467997453308E-4 
0.7410607972601531 0.0013633533131782144 -4.4613326241191097E-4 -4.758959048247398E-4 1.9015569920059934E-4 -3.105381431647575E-4 3.2353919158867154E-4 5.049193878004555E-4 4.1380141840427313E-4 -5.927947509424659E-4 
0.6451991328445794 0.0011996942819392977 -4.1602478228137756E-4 -5.557886673135855E-4 1.3104000441903013E-4 -4.0425819806517695E-4 2.6252303066445196E-4 5.06361254303524E-4 4.899617375702451E-4 -6.582421516119787E-4 
0.30987334579176656 0.0011065122738410768 -5.71295878127317E-4 -4.937642797913822E-4 1.5106404279476585E-4 -3.0780050099050516E-4 3.267646311545392E-4 4.320378745292871E-4 4.19440154815698E-4 -6.548599232824732E-4 
0.01792334849368482 0.0011021186966224162 -6.877838707903129E-4 -3.0074808437422623E-4 2.0626716618990266E-4 -2.950434012898813E-4 2.595085047609962E-4 7.603114596709257E-4 4.890205034888548E-4 -6.588169459380983E-4 
0.8454336882909306 0.0010306796370179038 -4.820483221463239E-4 -4.996752472609754E-4 1.301899355329407E-4 -3.8314849904115696E-4 3.274713344392524E-4 3.568362094125556E-4 4.732863291458547E-4 -5.928392494391348E-4 
0.060258036716976666 9.343989640637738E-4 -3.0642132225005875E-4 -3.877141040757605E-4 1.7146432745441764E-4 -2.904210615349985E-4 0.0011938437015593007 3.6412544470236296E-4 3.9249447729525514E-4 -5.83009673984188E-4 
0.8580284333460579 -0.003534782922566879 -5.020703604988975E-4 -4.782368737453285E-4 1.3331700439189742E-4 -3.506582212857869E-4 3.315505074606141E-4 4.927025793632831E-4 4.243399515891172E-4 -5.928419573479153E-4 
0.5608874917787858 0.0012275894838372481 -7.178922301613586E-4 -5.06977607554608E-4 1.2960171999278677E-4 -2.8769411135786E-4 4.7969156376403526E-4 3.6908803499709745E-4 4.175273109737531E-4 -6.323138737712547E-4 
0.24713208885035554 -0.003733953098536728 -0.0010683743519987324 -2.8685176781332206E-4 -2.1753013333255318E-4 -2.8889795586779907E-4 0.0014816579743453487 4.293302958205524E-4 4.270241637101859E-4 -6.618022415685852E-4 
0.5827254575439258 -0.0030360553378305038 -4.087309645591625E-4 -4.834001279735275E-4 1.4794050424451176E-4 -4.8173814042608125E-4 2.807245242261266E-4 4.933870491677824E-4 4.6064034787164643E-4 -6.260664496470296E-4 
0.7410607972601531 0.0013633533131782144 -4.4613326241191097E-4 -4.758959048247398E-4 1.9015569920059934E-4 -3.105381431647575E-4 3.2353919158867154E-4 5.049193878004555E-4 4.1380141840427313E-4 -5.927947509424659E-4 
0.004374624018573969 -0.0035226883953814164 -5.143096337301048E-4 -4.753366670223305E-4 1.428109901034609E-4 -2.9399507822428184E-4 0.0013840748759194423 4.2898162770034503E-4 4.599269693273072E-4 -5.930926806177937E-4 
0.4657849826647896 0.001281422779267034 -0.001164377317999181 -2.8312124985142937E-4 2.092723969132682E-4 -4.0441965057749763E-4 2.633107109501664E-4 7.576351413910574E-4 4.5626915493672375E-4 -6.587901186655745E-4 
0.5580650087270477 0.0012504254337181758 -5.098852636564615E-4 -4.7837326607584146E-4 1.2895944520402975E-4 -4.054526632988538E-4 2.6088948315690927E-4 4.8708758183333453E-4 4.8819940982677335E-4 -5.200084240818871E-4 
0.3758023748734325 0.0011812718549087566 -2.9731625088523235E-4 -4.780300236803702E-4 2.0629840598043964E-4 -4.578813524299765E-4 5.117955769661111E-4 3.6908803499709745E-4 4.1817902111624305E-4 -5.919329400485665E-4 
0.8103322072260728 -0.0033569304737884895 -4.902519684948127E-4 -4.945986121451639E-4 -2.4733778743908614E-4 -5.944319709623468E-4 4.4304237750648694E-4 4.6658198384657396E-4 4.5910006346546627E-4 -6.553742149147415E-4 
0.7184670794362825 0.0012265551758297354 -5.147457699879201E-4 -4.991769638932461E-4 -1.5083503837580128E-4 -2.9399507822428184E-4 4.5134115479576335E-4 3.682526170091359E-4 4.6083035405639907E-4 -6.575419728342201E-4 
