1.083363546912331E-17 -1.9162108733654636E-4 0.0013872916580647753 6.322494244331365E-4 -0.002498503279158004 0.002166000352899847 0.0016071222262794118 5.400608787193189E-4 -0.0016052335452556605 -8.645311181668299E-4 
0.9999234406462475 -1.5466002304176821E-4 0.0012600181506111565 7.625806350501134E-5 -0.0016585083668557918 0.0021628086120917918 0.0013778435125133103 5.472428587092522E-4 -0.0016116914016619482 -8.51757969591888E-4 
1.083363546912331E-17 -1.9162108733654636E-4 0.0013872916580647753 6.322494244331365E-4 -0.002498503279158004 0.002166000352899847 0.0016071222262794118 5.400608787193189E-4 -0.0016052335452556605 -8.645311181668299E-4 
0.19687472277929957 -1.4024237226759569E-4 0.0012410199262614966 6.08320307036064E-4 -0.001669636142804919 0.0021979502509095524 0.0015255586576717684 2.3269548750385135E-4 -0.0017415657854842476 -0.0011826620301678447 
0.9535102313498925 -2.1658973218983713E-4 0.0012650656777155704 6.100129340847619E-4 -0.0025369580822634198 0.0021655704367364494 0.0013601008372164426 5.832516685433516E-4 -0.0015971248541775558 -0.001041490580995341 
0.27488599936070235 -2.009152446180145E-4 0.0014434096363928825 0.00113329236985037 -0.0017253829150240601 0.0022003178255569637 0.0015332640333601748 5.723278737487277E-4 -0.0017971188363911802 -0.0010606783969177528 
0.026008204073300734 -2.2081998604863676E-4 0.0012422865189515118 -6.261507202866268E-6 -0.0020652202443885944 0.0021665350825670446 0.001443148905171425 5.090779137746341E-4 -0.0015961338510758847 -8.398999487263045E-4 
0.3592706155044627 -1.4024237226759569E-4 0.0012410199262614966 6.075201297373328E-4 -0.0016465819323240284 0.0021979502509095524 0.0015255586576717684 2.3269548750385135E-4 -0.0017415657854842476 -0.0011826620301678447 
0.4901719351801692 -5.749149961427809E-4 0.001578555498356348 5.696463296260024E-4 0.0017984476954278736 0.002165975941550737 0.0015808254701852292 5.82498790560648E-4 -0.001782538708917188 -0.0010793394458913279 
0.03668200560697634 -1.4298564407225166E-4 0.001376538525725512 5.899112983678086E-4 0.0021217215984662688 0.002200366182587618 0.0014476309154260215 2.192894093015765E-4 -0.0016016333290732802 -8.554746415579067E-4 
0.17999897523057806 -1.9183822496854212E-4 0.0014465545898347944 6.32158497811734E-4 -0.0017253829150240601 0.0021663224756040874 0.0014495125739336216 5.188182110519135E-4 -0.0018115867092799946 -0.0010590800344790923 
0.11517634132844201 -1.9366012402504483E-4 0.0014456020834039027 6.337921279417523E-4 -0.0017253829150240601 0.0022011892885403276 0.0014495125739336216 5.202937729598594E-4 -0.0018115867092799946 -0.0010604718386473305 
0.048581890610881695 -1.9449670787580163E-4 0.0012427972144540102 5.986113722183166E-4 -0.0017374033703848294 0.002201523773091238 0.0013694910388211612 5.090634092008067E-4 -0.001607368069535299 -0.0010610964831928979 
0.39507993395287805 -1.480872722457863E-4 0.0012582430010788198 6.314128867054922E-4 -0.0019945549548613046 0.002164927455002986 0.0013832453635474785 5.142628679757528E-4 -0.0016001830553000365 -8.503640766184185E-4 
0.1539549895074218 -1.5916695698937392E-4 0.0012695328325630817 5.607009342810565E-4 -0.0016903124359982024 0.002164247838693605 0.0013684845244614065 5.032890954742192E-4 -0.0018017111645080453 -0.0010480468585320622 
0.2923681391097069 -3.7945417668358567E-4 0.001340293743291545 5.688203827872863E-4 -0.002541080344876184 0.0021927221129406987 0.0015258665620863701 2.3467342752474127E-4 -0.0016129506531648195 -8.361642345066964E-4 
0.3443802238408005 -2.3361084182418283E-4 0.0013952170311922014 5.983711779758563E-4 -0.002453778646247155 0.00219248637609352 0.0015841052141656214 2.0653092623652827E-4 -0.0017483738925188402 -0.0010511192970577956 
0.07706072664126738 -1.5845799149285007E-4 0.0013872608522733437 6.319301790791564E-4 -0.00244376289885277 0.002197870444969727 0.001432605776610542 5.086620725017759E-4 -0.001739736892931048 -0.0010354774143311273 
0.9810204893163795 -2.4178340153568483E-4 0.0012584937834833857 6.087647554858767E-4 -0.0020007733949544888 0.0021907544159076604 0.001379144882214463 5.138184435025956E-4 -0.0016187500288185508 -0.001042017304478893 
0.5238220544028278 -2.099227569207702E-4 0.0013813557202047024 6.420332753591248E-4 0.001370621055035275 0.0021653018878416124 0.0015762262977865548 2.0802239466483302E-4 -0.0016021782047569218 -0.001048697840676489 
0.17133703580461196 -2.381818483858991E-4 0.0014418064522088352 5.984655558855547E-4 -0.002433470973867385 0.002165196003753426 0.0013369600955030728 4.948076949565677E-4 -0.001596152825425715 -8.407969345387495E-4 
0.9288832020369259 -1.586489289711217E-4 0.0013831320008284864 5.794418095783149E-4 -0.0024769799549675072 0.0021813654387870273 0.0015882772379685883 5.063737066591592E-4 -0.001606348266860384 -0.0010533878974061596 
0.13689841245086454 -1.4467573690200698E-4 0.0012680858498077296 6.100949478044763E-4 -0.002488036802537482 0.002163246573074113 0.0015118490668754995 2.4606463273652414E-4 -0.0018013008525119025 -0.0013267043715493765 
0.3112058773835773 -2.4827704107721594E-4 0.0014447026622360433 6.34932420591246E-4 -0.0016079050193703378 0.002161697581062903 0.0014468116951060323 5.750461755822116E-4 -0.0018011914847815777 -0.0010528009656120341 
0.09914724827634838 -1.4024237226759569E-4 0.0012410199262614966 4.019824832491561E-5 -0.0024717025082211953 0.0021981728637225097 0.0015254091618972661 2.3269548750385135E-4 -0.0016043283412902874 -0.0011826620301678447 
0.13689841245086454 -1.4467573690200698E-4 0.0012680858498077296 6.100949478044763E-4 -0.002488036802537482 0.002163246573074113 0.0015118490668754995 2.4606463273652414E-4 -0.0018013008525119025 -0.0013267043715493765 
0.22793166293408296 -1.9183822496854212E-4 0.0014465545898347944 6.32158497811734E-4 -0.0017253829150240601 0.0021663224756040874 0.0014495125739336216 5.188182110519135E-4 -0.0018115867092799946 -0.0010590800344790923 
0.4577645938756408 -2.1689368285878486E-4 0.0013409880093833938 5.998908442888414E-4 -0.002476983354260501 0.00219248637609352 0.0014416699489884013 1.9805652990150194E-4 -0.00161466766962199 -0.0010487058656586275 
0.6310313115139026 -2.2137899112122648E-4 0.0013837833884940338 7.065631439867647E-4 -0.0023450033883171445 0.002165596291621488 0.001526307153014908 5.328136358037021E-4 -0.0016051694319403282 -0.0010798530465210726 
0.9081328285300445 -1.435099428838175E-4 0.0013424897058205677 3.5247319675656575E-5 0.001698409337752053 0.002163816562975618 0.0013817529183424689 5.0076634061981E-4 -0.001621355920133104 -0.0010483317184890406 
0.57889598723399 -2.0533913994739413E-4 0.0012684518209111438 6.198079653392973E-4 -0.0016862938248651106 0.0021639954174726412 0.0013683168999827071 5.561150194861133E-4 -0.0016185119153159858 -0.0010719685167958212 
0.6149740979677757 -2.2145242037645003E-4 0.0012680089980864303 5.847360981163402E-4 -0.0016444428619347073 0.0022196089478088345 0.00152522782757011 2.2638320156235665E-4 -0.001619528086973282 -0.001069587344244493 
0.6552024972485013 -2.2145242037645003E-4 0.0012680089980864303 5.847360981163402E-4 -0.0016444428619347073 0.0022196089478088345 0.00152522782757011 2.2638320156235665E-4 -0.001619528086973282 -0.001069587344244493 
0.5642236249505204 -5.805112244675075E-4 0.0012641479740457397 2.7507190060767993E-5 0.0014547302225861643 0.0021653498381361807 0.0014455292878782066 5.708219446930199E-4 -0.0016042735130466857 -0.0013388831484983353 
0.7187007382434386 -3.348999378805893E-4 0.001379099038591306 6.461663148747568E-4 0.0016191877487560804 0.002164366381575618 0.0015779229855675044 1.9840339161837577E-4 -0.001607598617216226 -0.0010544136775536507 
0.04103549801478705 -2.406810959948291E-4 0.001379046764036832 6.007697095217486E-4 0.0014921341615515523 0.002198187058043488 0.0013537834311251168 2.238457778444925E-4 -0.0016052216762083367 -0.0010536093394729767 
0.0013818143976421435 -2.0678880321197728E-4 0.0013624777952227917 5.944494881522336E-4 -0.0016806956640513808 0.002163871005528099 0.0015983203006211726 5.414935398029178E-4 -0.0019322561570416447 -8.42005100214753E-4 
0.11252888196063196 -1.9369334994007005E-4 0.0013872916580647753 6.338336879499862E-4 -0.00172458793717933 0.002201221076110124 0.0015923939644231612 5.404401611151031E-4 -0.0016054121917036266 -8.645311181668299E-4 
0.8753228211304644 -1.397728095129504E-4 0.0015870764815074704 5.753952968152469E-4 0.0016610547253696625 0.0021984422337517026 0.0015991924988198584 5.087975448052201E-4 -0.0016233510277602538 -8.397829697386692E-4 
0.5917201654911327 -2.0550031238458603E-4 0.0013933257707846856 0.0011372894065781183 -0.0017253829150240601 0.0022011788332048352 0.0014500240724445665 5.320981100020043E-4 -0.0017971188363911802 -0.0010606783969177528 
0.705044113326287 -1.397728095129504E-4 0.0015870764815074704 5.753952968152469E-4 0.0016610547253696625 0.0021984422337517026 0.0015991924988198584 5.087975448052201E-4 -0.0016233510277602538 -8.397829697386692E-4 
0.6045522015753425 -3.722033155757153E-4 0.0014513501704279939 4.1519672361680065E-5 -0.0022463087933071307 0.002181021362167041 0.0015257615367929628 5.067456089337368E-4 -0.001610989053039068 -0.0011789259167233786 
0.01418670734102348 -2.2030210515848697E-4 0.0013914987823174514 5.937020681178279E-4 -0.002542427843859124 0.002165238059444321 0.0015264050967025132 5.194893157276908E-4 -0.0016107603757991912 -0.0010535135978202534 
0.2452494562873608 -3.3227853147671814E-4 0.001376817816543088 6.476152995825201E-4 -0.00238586354638311 0.002164366381575618 0.0015767670771779912 5.027920793840523E-4 -0.0015957295655633938 -0.0010865935807948008 
0.326076985617264 -2.3497382205865997E-4 0.0013952170311922014 5.962759725175028E-4 -0.0016424770667340714 0.00219248637609352 0.0014506054744254377 2.0653092623652827E-4 -0.0016044330800947203 -0.0010491005057697252 
0.509676634426781 -1.4257994095069783E-4 0.00137143080332423 5.749407515249955E-4 0.0021217215984662688 0.002162829342458878 0.0015221467197088273 2.14095355722182E-4 -0.0017989984746252762 -0.0010704439712666976 
0.939144822443933 -2.385830269902599E-4 0.001582243125860103 5.428539417591781E-4 0.0014550314416690389 0.002161731385949831 0.0014515356942662384 5.72899797181638E-4 -0.0016069345572476469 -0.0010534893470744676 
0.004062064581627056 -1.9497456777293253E-4 0.0012451021438670776 6.034859415008801E-4 -0.002463492885337863 0.002182025885292321 0.0014497435343199794 5.049875382289607E-4 -0.001601037670282296 -8.078726409889266E-4 
0.15853016021814254 -1.5916695698937392E-4 0.0012598708310757195 6.29958486216983E-4 -0.001775565872935473 0.0021626044866383375 0.0014321486788660103 5.083816584543783E-4 -0.0018015982503480636 -0.001078634246672533 
0.5395056253633618 -2.485765178326706E-4 0.0013872461771146096 6.322496833746267E-4 -0.0016069539281599507 0.002161734051643762 0.0013698077199599359 5.03270790301284E-4 -0.0016069359311346888 -8.723546199410913E-4 
0.6853295713771038 -2.206239807848905E-4 0.0012680185158907423 3.6862073684072706E-5 -0.0016642236766009726 0.0021637378186180013 0.0013698624191280275 5.032699666189898E-4 -0.0018012105794721002 -0.0010466272042561563 
0.44602153608183637 -2.3972687328664764E-4 0.0013463601462134138 5.939013459048016E-4 9.218527856414693E-4 0.0021925013031073694 0.0014510915390648228 2.1087454608186766E-4 -0.0018164531180014495 -8.783885353583684E-4 
0.8898888712775328 -1.9449670787580163E-4 0.0012427972144540102 5.986113722183166E-4 -0.0017374033703848294 0.002201523773091238 0.0013694910388211612 5.090634092008067E-4 -0.001607368069535299 -0.0010610964831928979 
0.013040512967672002 -1.5446536247228597E-4 0.0013914987823174514 5.937020681178279E-4 -0.002542427843859124 0.002165238059444321 0.0015264050967025132 5.194893157276908E-4 -0.0016107603757991912 -0.0010532972711561487 
0.7463390205111938 -3.7427389644125575E-4 0.0013512516371375963 6.087647554858767E-4 -0.0020007733949544888 0.0021627210616626496 0.0014475334146105494 2.0071693583060646E-4 -0.0016191153308929079 -0.0010555293168190765 
0.37930004390818933 -2.4355621373722852E-4 0.0012410199262614966 6.336584186486265E-4 -0.0025320789496474606 0.0021653199580876268 0.0014210263552645241 5.070599470441228E-4 -0.001602563008606109 -0.0010358742789209232 
0.05773906968318365 -1.9124850778157174E-4 0.0013411527238015176 6.076056628502547E-4 -0.0016678980129958935 0.0021605634527962106 0.0015954690133226136 1.9443832423617245E-4 -0.0016111420145673335 -8.424751225036435E-4 
0.21778855583838008 -2.1913422982377872E-4 0.0012422865189515118 -6.261507202866268E-6 -0.0021497911049406394 0.0021656707205957903 0.0014489172701202817 2.2031926756756846E-4 -0.001793197433770828 -8.463242369589041E-4 
0.8225433750024953 -5.914766192018317E-4 0.001267961022683529 6.094576083069805E-4 -0.0017632791103712004 0.0021626307759028563 0.001592208099683127 2.316357263352147E-4 -0.0018016316423029536 -0.0010868858004826206 
0.087499290251172 -1.9531831528285022E-4 0.0012524858587753894 6.34932420591246E-4 -0.0016079050193703378 0.0021621638814084128 0.0014468116951060323 5.776558582500703E-4 -0.0016240404682397733 -0.0010528009656120341 
0.33271059015418797 -1.9600739402267058E-4 0.0013952170311922014 5.982688755292468E-4 -0.0024529777583636 0.00219248637609352 0.001577444266135859 2.0653092623652827E-4 -0.0016075652761313862 -0.0010511192970577956 
0.25909538953413247 -1.55171415770879E-4 0.0013841450722143175 5.818875167565243E-4 -0.0016692911530163878 0.0021637811635182606 0.0013787196943617957 5.424331901777791E-4 -0.0016042174793825248 -0.0010466742783672908 
0.7956729313855677 -1.435099428838175E-4 0.0013424897058205677 3.5247319675656575E-5 0.0018073552961333996 0.002163865323918729 0.0013824317988212602 5.0076634061981E-4 -0.001605217674263104 -0.0010479788802849812 
0.6944559284558873 -1.4380233463690063E-4 0.001268031197951509 6.339864360578813E-4 -0.0025722444220619887 0.0021636437000606126 0.0013682220440791922 5.044331835624157E-4 -0.0016101529940629573 -0.0010466272042561563 
0.8640461130664137 -2.457254452678801E-4 0.0013634105375816908 5.962133613893819E-4 -0.0024469875514835674 0.0021825570922713003 0.0015974793508737224 2.1181223763633617E-4 -0.0017983245880363982 -0.0010487058656586275 
0.7594226186770826 -2.0599329481696242E-4 0.001376797366867587 7.76107913224417E-6 0.0013949346296435344 0.002181463465472597 0.0014488994207954443 5.040264975586542E-4 -0.0016043680722351223 -8.041053759149416E-4 
0.4727989189464852 -1.5834101200475745E-4 0.0012771312582764583 6.785813695584419E-4 -0.001642936932022679 0.0021924984650621153 0.001351103879843475 5.059335283736929E-4 -0.0018047856101404117 -0.00107457037503027 
0.5533590734362615 -2.0937407919216462E-4 0.0013813557202047024 6.428298319158358E-4 0.001370621055035275 0.0021653018878416124 0.0015762262977865548 2.0802239466483302E-4 -0.0016052332307934937 -0.001070147324618172 
0.7818966828341625 -2.4060206514639134E-4 0.0013800698293967718 5.702833841114717E-4 -0.0025422472455310647 0.0021650847518080154 0.00152657674867299 2.11361362102709E-4 -0.0016151624090858707 -0.0010477851245204615 
0.731509043748822 -3.771372559384086E-4 0.001339103939416288 0.0011453590141402908 -0.0017054791167663088 0.002192145354299394 0.001363977345785165 1.8535972828853076E-4 -0.0016230616105022834 -0.00104619863625357 
0.9848463704872831 -1.54097630385549E-4 0.0012577013204017682 7.141323197146205E-5 -0.002502650239783028 0.0021628086120917918 0.0014493756288586042 2.2344108958907182E-4 -0.0016113707282401429 -0.001054300069937377 
0.0049470949932997055 -1.5834101200475745E-4 0.0012771312582764583 6.785813695584419E-4 -0.001642936932022679 0.0021940562914940197 0.0015284458957648107 5.059335283736929E-4 -0.0016206092767137132 -0.00107457037503027 
0.4744706247481288 -2.431721024755935E-4 0.0012410199262614966 6.786730517633287E-4 -0.001674581447003472 0.0021926653307008663 0.0014224481232359386 5.070792257600094E-4 -0.0016057874847079665 -0.0010358742789209232 
0.09402372004176487 -1.9366012402504483E-4 0.0012607870264122866 3.66289512365866E-5 -0.001665646842941436 0.002199374374081443 0.0014494573130013316 5.198689984824709E-4 -0.0016239289785962624 -8.722978762080769E-4 
0.8981083516472133 -1.9124850778157174E-4 0.0013411527238015176 6.076056628502547E-4 -0.0016678980129958935 0.0021605634527962106 0.0015954690133226136 1.9443832423617245E-4 -0.0016111420145673335 -8.424751225036435E-4 
0.25909538953413247 -1.55171415770879E-4 0.0013841450722143175 5.818875167565243E-4 -0.0016692911530163878 0.0021637811635182606 0.0013787196943617957 5.424331901777791E-4 -0.0016042174793825248 -0.0010466742783672908 
0.008144401624520459 -2.2130045447017898E-4 0.0014452568191948409 6.319301790791564E-4 -0.0024851401068536746 0.0021644770594017133 0.0015163739883536991 5.111105423123947E-4 -0.0017973583997378101 -0.0010796239135498163 
0.0013818143976421435 -2.0678880321197728E-4 0.0013624777952227917 5.944494881522336E-4 -0.0016806956640513808 0.002163871005528099 0.0015983203006211726 5.414935398029178E-4 -0.0019322561570416447 -8.42005100214753E-4 
0.0210646117847057 -1.5931730343422435E-4 0.0015943903526083405 5.835022742600498E-4 -0.002402600960816675 0.002163797081224894 0.001576099095456123 5.106630388139691E-4 -0.0016106792579723018 -8.395361879218377E-4 
0.6717710350321623 -6.13768322423286E-4 0.0013671750527878728 5.985903950732769E-4 -0.002449416851278691 0.0021643252429527303 0.0015973867528125312 2.0500097311580595E-4 -0.0018005009549973937 -0.001044700415791833 
0.40876571708812953 -1.748538374799343E-4 0.0013769272848198546 6.476152995825201E-4 0.001976058628796356 0.002164366381575618 0.0015767670771779912 5.027920793840523E-4 -0.001614472903194088 -0.0010865935807948008 
0.5119204363822486 -1.5834101200475745E-4 0.0012771312582764583 6.785813695584419E-4 -0.001642936932022679 0.0021924984650621153 0.0015205085733953636 5.059335283736929E-4 -0.0017958498973518915 -0.00107457037503027 
0.06499176321418426 -1.4674870534456928E-4 0.0012410199262614966 6.438176653752385E-4 -0.0017057396944781126 0.002201393427989892 0.0015773949536429656 5.198814866282732E-4 -0.0016043746475901469 -0.0010605315665286877 
0.6703111145076401 -1.951440431096475E-4 0.0013671750527878728 5.967589017317714E-4 -0.002406215066360771 0.0021643252429527303 0.0015749464196570368 1.9304416350238396E-4 -0.0016076368661379003 -0.0010406208683891984 
0.4293881261051271 -1.948276747202441E-4 0.0012451303504778396 5.990234222316397E-4 -0.00248735630182815 0.0021649305477935356 0.0013824492322163343 2.2217288933291262E-4 -0.0016003394244766486 -8.581331988689191E-4 
0.40775945700836064 -1.5967422539424025E-4 0.001363058372310373 5.8138183684092E-4 0.001750778690465714 0.002163853800542798 0.0014331830740063084 5.062109431682822E-4 -0.0016151309680140608 -0.0011856903658217022 
0.850882366138064 -2.0937407919216462E-4 0.001586786291317545 5.827822143853656E-4 0.001370621055035275 0.002165314129359557 0.0015762262977865548 2.0802239466483302E-4 -0.00160510474253846 -0.001070147324618172 
0.06499176321418426 -1.4674870534456928E-4 0.0012410199262614966 6.438176653752385E-4 -0.0017057396944781126 0.002201393427989892 0.0015773949536429656 5.198814866282732E-4 -0.0016043746475901469 -0.0010605315665286877 
0.8400411722891796 -1.9125341294230064E-4 0.0015943903526083405 5.83115040703552E-4 0.001791621303017203 0.002163797081224894 0.0015758197324161126 1.9266107357581835E-4 -0.0016106792579723018 -8.419223230970484E-4 
0.021304902596578714 -1.601815023020528E-4 0.0015886217841762425 6.076056628502547E-4 -0.002433768475684021 0.0021605634527962106 0.0015761210107265928 1.9443832423617245E-4 -0.0016111320660700925 -8.425576748089209E-4 
0.7376375922000712 -3.7427389644125575E-4 0.001345713352264435 6.087647554858767E-4 -0.0017051376787645292 0.002192032832701271 0.0014506856402381225 2.0071693583060646E-4 -0.0016183189587812507 -0.0010718989700305157 
0.2123957061991751 -1.5428542353886342E-4 0.0013293697956122117 6.12433756629007E-4 -0.0025011190211447517 0.0021628886591042824 0.001526888327450965 5.420654854913417E-4 -0.0016184349003710858 -0.001087732280071846 
0.008144401624520459 -2.2130045447017898E-4 0.0014452568191948409 6.319301790791564E-4 -0.0024851401068536746 0.0021644770594017133 0.0015163739883536991 5.111105423123947E-4 -0.0017973583997378101 -0.0010796239135498163 
0.06033031291534707 -1.9449670787580163E-4 0.001267174673001065 6.342800748643576E-4 -0.0025576436608875782 0.002201523773091238 0.0013694910388211612 5.046007752296393E-4 -0.001607368069535299 -0.0010610964831928979 
0.643769177624224 -1.948276747202441E-4 0.0014458903343581425 5.982677116592522E-4 -0.00248735630182815 0.0021627393268470086 0.0013714144543220043 2.0222798200671303E-4 -0.0016074147777095018 -0.0010900520505431354 
0.8325349165625384 -1.9112276654173978E-4 0.0015943903526083405 5.83115040703552E-4 0.0017971887897094416 0.002163797081224894 0.0015758197324161126 1.9251483245600525E-4 -0.0016052393196845868 -8.419223230970484E-4 
0.8109704473220202 -1.5466002304176821E-4 0.0012579470624238995 6.000633886232556E-4 -0.001741582410352572 0.0021638697050490956 0.0014488906372263227 1.8880553113277123E-4 -0.0016088756260898619 -8.34666012460845E-4 
0.2123957061991751 -1.5428542353886342E-4 0.0013293697956122117 6.12433756629007E-4 -0.0025011190211447517 0.0021628886591042824 0.001526888327450965 5.420654854913417E-4 -0.0016184349003710858 -0.001087732280071846 
0.8109704473220202 -1.5466002304176821E-4 0.0012579470624238995 6.000633886232556E-4 -0.001741582410352572 0.0021638697050490956 0.0014488906372263227 1.8880553113277123E-4 -0.0016088756260898619 -8.34666012460845E-4 
0.765220146438377 -2.0608410762218565E-4 0.0012422865189515118 7.042737456596481E-4 0.001464765716415282 0.0021655466462474006 0.0014497195113396088 1.9945673712920382E-4 -0.0016047194011467789 -0.0010424359471229857 
