4.458248342735527E-17 -0.0016569418814970222 -2.955368662077891E-4 0.0011045693789894936 -1.6241730842873588E-4 8.469333934209746E-4 0.0013249899414289952 -5.306312204257638E-4 -0.0017231443728552588 -0.0010499208327780225 
0.9916948905544944 -0.0016484818487270934 -5.656531299641606E-4 0.0015565953927010787 -6.756962852438972E-4 -4.1238357861193934E-4 0.001349024605638474 -6.326602582249092E-4 -0.0017295652507296254 -0.001071881370994835 
4.458248342735527E-17 -0.0016569418814970222 -2.955368662077891E-4 0.0011045693789894936 -1.6241730842873588E-4 8.469333934209746E-4 0.0013249899414289952 -5.306312204257638E-4 -0.0017231443728552588 -0.0010499208327780225 
0.32490193892327784 -0.0016599188485246538 -7.624849237398758E-4 0.0014809945297475965 -7.324836529361638E-4 -0.0017306235808732956 0.001419531686399644 0.001050241431037263 -0.0016217626038966997 -0.0011663889061157935 
0.2797407171281187 -0.0016675395977700264 -3.11769527145922E-4 0.0015725551541340864 -7.241724103608485E-4 -2.6627213130626785E-4 0.001347110900380926 -5.697400612333994E-4 -0.0016224098891217545 -0.0012614572605281434 
0.7693385295841696 -0.0016579642205638188 -6.174217078864682E-4 0.0011214133855830893 -6.697823699290538E-4 -3.274762228644868E-4 0.0013484176616174364 -7.718471375352601E-4 -0.0017657634951594961 -0.0010719530863673588 
0.35284672981841386 -0.0017749465711212901 -2.93544273543937E-4 0.001522765777255033 -1.625079427383874E-4 8.673136506654257E-4 0.0014185408581695446 -7.367058631642039E-4 -0.0017655837058500308 -0.0011150490793861664 
0.3972006189629965 -0.00165811629172638 -7.152492306064842E-4 0.001168832999510457 -2.2089597489162682E-4 -5.113601091798312E-4 0.0013621650953992562 0.0010408923520628115 -0.0017657790790109183 -0.0010501875538649307 
0.5309520828125022 -0.0016556922650084512 -6.206244675952582E-4 0.0011727485010741157 -2.6014842228350144E-4 -0.0016701097482878392 0.0013072366137663251 -6.384940354654051E-4 -0.0016125098986699547 -0.0010486162235822905 
0.8716047191013061 -0.0016710711205330704 -3.015446114105574E-4 2.6395446163555835E-5 -1.9833365321921518E-4 -3.115590815289433E-4 0.0013481824615854147 -6.42200227267351E-4 -0.0016748323403292214 -0.0010486526067250857 
0.3299030146402502 -0.0017783937654494786 -6.17774894378906E-4 0.0011976543025525215 -1.7539633324108726E-4 -3.2278090634229445E-4 0.0014219899845235805 -7.651982663607999E-4 -0.0016183049720779738 -0.0010478732320166365 
0.8862807725377055 -0.0016682518799701587 -7.152492306064842E-4 0.001168832999510457 -6.807971935470433E-4 -0.001397994948623722 0.0013621650953992562 0.0010408923520628115 -0.0017661402295433073 -0.0010718766561325602 
0.9722763907932306 -0.0016675395977700264 -7.251886159751887E-4 1.791814363078122E-5 -6.914408178569889E-4 -0.001395242998943571 0.0016375365694070924 -5.457080541323408E-4 -0.001621957131944286 -0.0011633045878513056 
0.006777854188187547 -0.001817788839834136 -5.894327637251517E-4 0.0011488919253886188 -1.5965769027149237E-4 0.002249458253189964 0.0013192969506616785 -6.539744233553308E-4 -0.0017655366185486481 -0.001073079513479866 
0.020164901306248262 -0.0016594822512861916 -6.195235454333112E-4 0.0011658130266766634 -7.324519808159459E-4 -3.0045795711176534E-4 0.001405129387849465 0.0012696530399489592 -0.0016222099366812453 -0.0010497301254151306 
0.38087575612401414 -0.0016460476618746663 -7.637255117013107E-4 0.0011796103051896095 -2.049888906332065E-4 0.002340313463903713 0.0014513287257044557 -7.412967392962647E-4 -0.0016139098244051997 -0.0010708326741734845 
0.0745519117872106 -0.0018200328333155245 -5.774039290492833E-4 0.001888735370669436 -2.1922885931961272E-4 -0.0016948420257086906 0.0013490525914135142 0.0015746414493453859 -0.0017263782973388853 -0.0010453708807356594 
0.421673259529233 -0.0016630484413878194 -3.8805087906512557E-4 0.0012930685070837457 -7.246595973059594E-4 -2.5533128005965057E-4 0.0013471268547020263 -6.342870135170209E-4 -0.0017192778399335348 -0.0012774845206446974 
0.003486448047782642 -0.0018119748816305006 -6.186356164453854E-4 0.0015070849924622787 -6.726177167391925E-4 -0.0017071021300512858 0.0016301437886234221 -7.628349181024809E-4 -0.00161801975424117 -0.0012618708961566335 
0.2585435508473015 -0.0016502476684178108 0.0036233867512812197 0.0015459512248657066 -1.855970119482408E-4 0.002339992775630546 0.0016694109965793291 -7.413368527565956E-4 -0.0016138976767583898 -0.00104749103263776 
0.6141942520592576 -0.0017970984336433404 -6.394648531691026E-4 0.0011443173828858122 -2.649998759095062E-4 -0.0014843428396483622 0.0013845636786688855 -6.582800192526154E-4 -0.0017658762331903715 -0.0010489609374535749 
0.7023262495589471 -0.001812086878911364 -5.975052321196279E-4 8.819247852659081E-5 -2.113813085509806E-4 -0.001398710315980755 0.00145746546423288 0.0015298342222890356 -0.0016185537799180067 -0.0010727011504908105 
0.26963197149268525 -0.0017764356209217273 -4.025096962134963E-4 0.0015586752136228258 -1.3177397083971056E-4 -0.002421594618049559 0.001377992751445659 -7.395392376246337E-4 -0.0016156452496589964 -0.0012634949459978946 
0.9070231460802141 -0.0016574266790284555 -6.205993509598054E-4 0.0011545901011224447 -6.897466557136476E-4 8.001775246269043E-4 0.001405927469012167 -8.315536863377835E-4 -0.001764428445577619 -0.001164516404092669 
0.4716638525825919 -0.001667945755238854 -6.212879094252134E-4 0.0015683779671142636 -6.60112760896769E-4 -2.6887243256479184E-4 0.0013082355136459461 -6.848801976435613E-4 -0.0017236333805780155 -0.0010492076855151606 
0.10417599907849062 -0.0016726855827213212 -7.311516901184457E-4 1.8268204439181117E-4 -7.003403951854631E-4 -0.001408792278009597 0.0013475054560894636 -5.704911782877199E-4 -0.0016171805571445449 -0.0011144873275959115 
0.4113847035165412 -0.0016579361780476962 -3.402727392446505E-4 0.001547845237603905 -1.636551352358758E-4 -4.7551179912949497E-4 0.0013862074150098956 -7.776556914392278E-4 -0.0017213884374693742 -0.0010524037094016819 
0.5623485052499669 -0.001778785693653147 -3.552566075162325E-4 0.0015605743682912596 -2.5556829839901553E-4 -2.1295007648944835E-4 0.0013477046993383014 0.0012320402698288904 -0.0017241405494940296 -0.001116348080620229 
0.1886995369762448 -0.0018189103258905656 -6.394648531691026E-4 0.0011464619266618255 -7.24999307748802E-4 -0.0014988452023756839 0.0013216843684274056 -6.287444705859268E-4 -0.0016267701406965326 -0.0010578245874587344 
0.5954443793629963 -0.0016580843284356018 -6.158921858246556E-4 0.0018504832420611008 -6.967294468830528E-4 -3.2800168606247253E-4 0.001347277476268131 -5.556896157175297E-4 -0.0017649064969179292 -0.0010718766561325602 
0.038730271862844834 -0.0018121297007365408 -5.076813136159985E-4 0.001563705632193361 -1.5186776516261548E-4 -3.4516153214545907E-4 0.0013225050039538167 -5.926823396691589E-4 -0.0017231857041743038 -0.0010482682973437943 
0.11524610711532346 -0.00165234178656459 -1.4822022773504956E-4 7.680261523064914E-5 -6.810058432821772E-4 -0.0014011865852847421 0.0013470681312793267 0.0016643547702198415 -0.0016222733895198268 -0.0010490972517270246 
0.952290284596139 -0.0017758806546072329 -4.5142979171457133E-4 0.0015550303863809953 -1.8017137851721607E-4 -0.0014098391539776386 0.0014185408581695446 -7.367058631642039E-4 -0.0016126965372661199 -0.0011643442189007331 
0.8376196553453221 -0.0016688363502076983 -1.560524146416182E-4 0.0010974368091813227 -2.519540763759042E-4 -3.100481445753348E-4 0.0013835143519499273 -7.358441504841028E-4 -0.0017206206750598257 -0.0010492198583128515 
0.03452211645567038 -0.0016687397889219887 -1.5031056095197678E-4 0.0011481650812742799 -6.635038349509133E-4 -0.0013952549878102289 0.0013471192094351987 -6.43232088629774E-4 -0.0016268627005918113 -0.0010609616479905918 
0.046643236430046836 -0.0016530106774195722 -3.5241847623435085E-4 0.0015611197327355837 -3.5768501780343223E-4 -0.0016585710809663167 0.0013490200524342388 -6.409579687298236E-4 -0.0016249926022285871 -0.0010803301771493698 
0.1858654444429252 -0.0016727341234727203 -7.048509331385876E-4 0.0015921495488878195 -2.2303569715981863E-4 -0.001406270135246525 0.0013475151284513523 -6.57656974446813E-4 -0.0017249786902787338 -0.0011587118465688977 
0.2356172400217626 -0.0016611738166553655 -3.8899043506776754E-4 0.0015611874186932653 -6.789646982290954E-4 -1.9249156741908154E-4 0.0013958674714849033 -6.426574277006998E-4 -0.0016078948088804293 -0.0010722914396516178 
0.7394930735719374 -0.00165986027098253 -7.561324051552852E-4 0.001190385830237339 -6.680285586691271E-4 -0.001658879267975371 0.0013590786875412506 -7.988587622556923E-4 -0.0017657558993993759 -0.0010718766561325602 
0.5094069978230185 -0.0016591143235736587 -6.275791455079736E-4 0.0015474084539057746 -7.367252382732793E-4 -2.1197183209544933E-4 0.0013879932957834849 -7.381132864200283E-4 -0.0016152882627279669 -0.001070485052409977 
0.6559597176926346 -0.001670732075834441 -6.066261833688706E-4 0.0014639643110614111 -7.286307543313166E-4 -3.3569239941780976E-4 0.0013304823885557239 -6.967805958897219E-4 -0.0016248507263778762 -0.001263532192111717 
0.7990396919581079 -0.0016688363502076983 -2.9660757760160527E-4 0.001104679979413425 -2.519540763759042E-4 -3.067074877724455E-4 0.0013834593355802663 -7.380315738081764E-4 -0.001675890378628481 -0.0010510603389064115 
0.7480505537150801 -0.0016572176237909949 -7.36382586751164E-4 0.0012430433343618083 -6.678525316959394E-4 -0.001658879267975371 0.0013083573138349459 -7.991007387426692E-4 -0.0017657558993993759 -0.0010718766561325602 
0.5088022557602241 -0.0018062775444436072 -6.174878502343744E-4 0.0015070849924622787 -7.256233938240009E-4 7.758893442106051E-4 0.0016344256445133137 -7.628349181024809E-4 -0.00161801975424117 -0.0012770876788020457 
0.0987333576017913 -0.00166793527091984 -7.642142975789704E-4 0.0018568129849161573 -7.289820851876918E-4 -0.0017733491951306879 0.00135990087649843 -6.384940354654051E-4 -0.0017197526841773066 -0.0010490409210088011 
0.9280999103518087 -0.0016696770731804312 -5.744335099605901E-4 0.0010070034412802676 -1.7772324618593212E-4 -2.0791787589484652E-4 0.0013498704613793763 -5.697023043501601E-4 -0.0017220606538313533 -0.0011666189932413393 
0.09066619064517681 -0.0016556164635864905 -7.484485515876194E-4 0.0015617943876219062 -2.2430286600154566E-4 -0.0016022440087481045 0.0013479099801892464 -6.57656974446813E-4 -0.0017257695596528 -0.0010486477872491964 
0.634321683709393 -0.0017793049395365191 -1.5486284899809266E-4 2.11699849741675E-4 -7.496076658699604E-4 -1.454080885289289E-4 0.0013792223566024228 -5.895109648157296E-4 -0.0017207229268904277 -0.0010625513393765146 
0.14378497865538037 -0.001822926352279021 -2.8290860519956257E-4 0.0015231357540586936 -2.529112716508924E-4 -0.0014805883478528799 0.0013479168277776134 0.0011635080955571362 -0.0016160800765311959 -0.0011141376303519012 
0.9452335947520212 -0.0016703339261156655 -6.192974385911666E-4 0.0015682987971511163 -2.121690674764449E-4 -2.9869438139029875E-4 0.0014070392039260268 -7.68341568086267E-4 -0.0016188616389147255 -0.0012662704369449816 
0.24672365235756816 -0.0016574266790284555 -6.969299970756508E-4 0.0011545901011224447 -6.897466557136476E-4 0.0023540731997888737 0.0014127189334508642 -8.315536863377835E-4 -0.001764428445577619 -0.001164516404092669 
0.056064259059977445 -0.0018173593118800974 -5.930903647311388E-4 0.001508247885973585 -7.368234270598496E-4 -0.0017520947645411243 0.001419531686399644 -8.005932714342848E-4 -0.0016116247365954705 -0.0010498380087305807 
0.12102943313193532 -0.00165234178656459 -1.5132705894419087E-4 7.680261523064914E-5 -6.627170343807879E-4 -0.0014011865852847421 0.0013470681312793267 0.0016643547702198415 -0.001622236715723924 -0.0010523233639897663 
0.6734164709768629 -0.0017793049395365191 -3.18029827916236E-4 7.346382893001556E-5 -7.500208203423727E-4 -1.454080885289289E-4 0.001378826238334415 -5.895109648157296E-4 -0.0017207229268904277 -0.001261679614497814 
0.0015591835922028063 -0.0018122038559150661 -6.066063181747502E-4 0.0011706659060063775 -6.91435872794459E-4 -3.1893708525149373E-4 0.0016329582352449285 -7.423264509862284E-4 -0.001629581067017949 -0.001274719565035218 
0.3693852315105791 -0.0016688363502076983 -7.487040201550174E-4 0.0011728715674928685 -2.082156504657606E-4 -3.067074877724455E-4 0.0013821937385599787 -7.405835032116958E-4 -0.0016163668049598108 -0.001168654012265455 
0.13690743145766843 -0.001822926352279021 -2.8290860519956257E-4 0.0015231357540586936 -2.529112716508924E-4 -0.0015041666533627774 0.0013479168277776134 0.0011635080955571362 -0.0016160760540156168 -0.0037107957928766465 
0.16764335114804602 -0.0017768831868813734 0.0036574046018115333 0.0015643345844066692 -2.548002698264999E-4 7.856227437751461E-4 0.0013996061321038238 -6.76301584927555E-4 -0.0016755646717650835 -0.001048654592508016 
0.4526461985582351 -0.0016675395977700264 -3.11769527145922E-4 7.900881691865098E-5 -7.241724103608485E-4 -2.6627213130626785E-4 0.001347099060977085 -5.697117977998016E-4 -0.0016224098891217545 -0.001263440690024722 
0.634321683709393 -0.0017793049395365191 -1.5486284899809266E-4 2.11699849741675E-4 -7.496076658699604E-4 -1.454080885289289E-4 0.0013792223566024228 -5.895109648157296E-4 -0.0017207229268904277 -0.0010625513393765146 
0.027989593697218318 -0.0016707943994295296 -3.4695097469831365E-4 0.0011742684053322743 -1.786809656058955E-4 7.651421767856889E-4 0.001414895372997172 -7.6131307834872E-4 -0.0017226383133894692 -0.0010477404215706978 
0.5800199052924314 -0.001778785693653147 -1.5522870932379492E-4 0.0014659497570470126 -2.516573108487784E-4 -2.1295007648944835E-4 0.0013477046993383014 0.0012285534557067723 -0.0017241405494940296 -0.001116348080620229 
0.016463340032559254 -0.0016695512288843314 -6.212879094252134E-4 0.0011718951972139926 -1.8244773710185912E-4 -3.007430394789235E-4 0.0013092448276288075 -6.623080220865188E-4 -0.0017236333805780155 -0.0010492076855151606 
0.013963209733566684 -0.0018122038559150661 -6.081012580021477E-4 0.001192215573504115 -6.908380582374732E-4 -0.001507085489632327 0.001611153975576046 -7.417238892891248E-4 -0.001629581067017949 -0.001274719565035218 
0.4575399218421104 -0.001810781889674957 -3.2540419408035905E-4 3.0054806359285503E-5 -7.243998468304969E-4 -2.4224330596951714E-4 0.001347099060977085 -5.654136277058134E-4 -0.001618393217197401 -0.0012634410706571205 
0.542555884792707 -0.0016686033777206773 -7.187416928067557E-4 0.0015584081113003906 -1.8167424837247452E-4 -0.0015037913968595253 0.0014071758847391622 -7.018008792209357E-4 -0.0017186254028963056 -0.0010492076855151606 
0.3624076631925822 -0.001667286027376935 -7.642125604052976E-4 0.001497159472665986 -7.310943139898872E-4 -0.001706398604348285 0.001419531686399644 0.001050241431037263 -0.0016156569126684103 -0.0011662760957029245 
0.8209247792388267 -0.0016688363502076983 -2.9660757760160527E-4 0.001104679979413425 -2.519540763759042E-4 -3.067074877724455E-4 0.0013834593355802663 -7.380315738081764E-4 -0.001675890378628481 -0.0010510603389064115 
0.43787064901388484 -0.00181054020713407 -6.265486095400013E-4 0.0012930685070837457 -7.243998468304969E-4 -2.4224330596951714E-4 0.001347099060977085 -5.654136277058134E-4 -0.001718370025443842 -0.0012634410706571205 
0.6070371220044922 -0.0016696770731804312 -5.723908866761587E-4 0.0010070034412802676 -7.487753441912226E-4 -2.07356484846222E-4 0.0013498704613793763 -5.697023043501601E-4 -0.0017220606538313533 -0.0011169154926068043 
0.7217103464110869 -0.0016507757765459328 -7.513387817202516E-4 0.0011654449957840052 -9.03268504390731E-4 -0.001658879267975371 0.0013116468372785157 -7.719974702264889E-4 -0.0016250023530019358 -0.0010718766561325602 
0.985367769053036 -0.0017792442637489412 -6.17774894378906E-4 0.001205705917206857 -1.7539633324108726E-4 -3.2278090634229445E-4 0.0013184335110743464 -5.892800639177374E-4 -0.0017266193467879393 -0.0010601735672076808 
0.7217103464110869 -0.0016507757765459328 -7.513387817202516E-4 0.0011654449957840052 -9.03268504390731E-4 -0.001658879267975371 0.0013116468372785157 -7.719974702264889E-4 -0.0016250023530019358 -0.0010718766561325602 
0.05017552302242334 -0.0016695512288843314 -6.212879094252134E-4 0.0011718951972139926 -1.8244773710185912E-4 -3.007430394789235E-4 0.0013092448276288075 -6.612200748240376E-4 -0.0017236333805780155 -0.0010510481661087207 
0.12919686131039132 -0.00165234178656459 -1.4822022773504956E-4 7.680261523064914E-5 -6.810058432821772E-4 -0.0014011865852847421 0.0013470681312793267 0.0016643547702198415 -0.0016222733895198268 -0.0010490972517270246 
0.8209247792388267 -0.0016688363502076983 -2.9660757760160527E-4 0.001104679979413425 -2.519540763759042E-4 -3.067074877724455E-4 0.0013834593355802663 -7.380315738081764E-4 -0.001675890378628481 -0.0010510603389064115 
0.14950570079410308 -0.001660679165413118 -2.8055204661956725E-4 0.0015477266213659204 -6.911775104861201E-4 -0.002340700786659518 0.0013476212362697737 0.0010638358242929425 -0.0016757216388228518 -0.0011622303234367158 
0.062391262104869796 -0.0018173593118800974 -5.930903647311388E-4 0.001508247885973585 -7.368234270598496E-4 -0.0017475783657885293 0.0013456561823747184 -8.005932714342848E-4 -0.0016184146592611826 -0.001263075686839716 
0.010327651631945683 -0.0018121297007365408 -5.076813136159985E-4 0.001563705632193361 -1.5186776516261548E-4 -0.0017185268758544427 0.001321046453377018 -6.57656974446813E-4 -0.0017231857041743038 -0.0010482682973437943 
0.48333965826675085 -0.0017783937654494786 -6.17774894378906E-4 0.0011976543025525215 -1.7539633324108726E-4 -3.2278090634229445E-4 0.0014219899845235805 -7.651982663607999E-4 -0.0016183049720779738 -0.0010478732320166365 
0.439904737277291 -0.0018496593454743599 -3.3975337522847474E-4 0.001560765421604413 -3.638247115440597E-4 -2.3452697075305334E-4 0.001347720749201799 0.0014719288249837096 -0.0017223929871959488 -0.0010491323290564279 
0.07884113345444918 -0.0017783051530137766 -6.158700584166315E-4 0.001508941078005331 -1.6731352064612402E-4 -0.002229428822383657 0.001377193887215802 -6.779451597308344E-4 -0.0016180914530485402 -0.0012581248321512457 
0.027989593697218318 -0.0016707943994295296 -3.4695097469831365E-4 0.0011742684053322743 -1.786809656058955E-4 7.651421767856889E-4 0.001414895372997172 -7.6131307834872E-4 -0.0017226383133894692 -0.0010477404215706978 
6.449521286953329E-4 -0.0016569418814970222 -2.959166284943652E-4 0.0011045693789894936 -1.6241730842873588E-4 -0.0016103136121313495 0.0013249899414289952 -5.290199792498862E-4 -0.0017231443728552588 -0.0010806962556481792 
0.5818192302363223 -0.0016580843284356018 -6.151316010094677E-4 0.0018504931518362568 -6.962409089654255E-4 -3.2800168606247253E-4 0.001347277476268131 -5.52669910783248E-4 -0.001764454298200414 -0.0010502259007679658 
0.784966218346842 -0.0016724269308373038 -7.368908613461622E-4 1.9439764904649603E-4 -6.703731604617638E-4 -0.001408792278009597 0.0013475054560894636 -5.704911782877199E-4 -0.0016224098891217545 -0.0010708961619160268 
0.17131598648745544 -0.0016649213564447476 -6.394648531691026E-4 0.0011443173828858122 -7.246424929494751E-4 -0.0023426913704646885 0.001321045602350875 -6.258340998053141E-4 -0.001626351334576604 -0.001048108170741056 
0.062391262104869796 -0.0018173593118800974 -5.930903647311388E-4 0.001508247885973585 -7.368234270598496E-4 -0.0017475783657885293 0.0013456561823747184 -8.005932714342848E-4 -0.0016184146592611826 -0.001263075686839716 
0.672005732050401 -0.0016612208394523084 -3.8899043506776754E-4 0.0015611874186932653 -6.789646982290954E-4 -1.9249156741908154E-4 0.0013973173296101945 -7.709380052064559E-4 -0.0016078948088804293 -0.001072282789207228 
0.6929891772355241 -0.001657183924288571 -6.205993509598054E-4 0.0011545901011224447 -9.079147721030626E-4 8.16384632332968E-4 0.0013589810976109241 -8.315536863377835E-4 -0.0016242905116897615 -0.001164516404092669 
2.733597287610731E-4 -0.0018173593118800974 -6.00157757424864E-4 0.001148079615920514 -7.368234270598496E-4 -0.0017520947645411243 0.001419531686399644 -5.308476518293402E-4 -0.0016105454659663886 -0.0010540070657637265 
0.2261256950644677 -0.0016727595482528758 -6.055902297697734E-4 0.0011478266892669246 -2.2430286600154566E-4 -0.0016007763609445932 0.0014195496923591034 -6.57656974446813E-4 -0.001609124930120462 -0.0010729139356847922 
0.8496924911763808 -0.0016479783066672901 -1.1694671139269298E-4 0.0012153467962980594 -1.848313770962171E-4 -4.1238357861193934E-4 0.001349024605638474 -6.326602582249092E-4 -0.0017249473829028992 -0.0010728651850929528 
0.22018055694113509 -0.001672774206678245 -7.053933427778471E-4 0.0015620922782452525 -2.2430286600154566E-4 -0.0016007763609445932 0.001347514046178088 -6.57656974446813E-4 -0.0017257657492916012 -0.0010731904215520098 
0.27643872704595873 -0.001659006725329439 -6.275791455079736E-4 0.0015468402582588833 -7.366895147491248E-4 -0.0014400178712666504 0.0013871879910718119 -7.381132864200283E-4 -0.0016152414952388242 -0.001034891114641319 
0.2132565809505892 -0.001849641593666008 -5.557784375016686E-4 2.2888434743879328E-4 -3.638247115440597E-4 -0.002311099977157391 0.0013481817112942285 -4.8258177214185864E-4 -0.0016135923263733414 -0.001070212115179263 
0.48816614942028935 -0.0018573126159391127 -6.217120412472085E-4 0.0015656890519146387 -8.81512744061535E-4 4.7607456126965965E-4 0.001300602845190953 0.0010671994275329604 -0.00161687236432113 -0.0012696930239465118 
0.17131598648745544 -0.0016649213564447476 -6.394648531691026E-4 0.0011443173828858122 -7.246424929494751E-4 -0.0023426913704646885 0.001321045602350875 -6.258340998053141E-4 -0.001626351334576604 -0.001048108170741056 
0.15625851836089702 -0.00181426149592647 -7.209179549310439E-4 0.0015215335764412424 -7.316093032362184E-4 7.865901493925864E-4 0.001404402533925541 0.001369119587322455 -0.0016765875475726758 -0.0012767878212265357 
0.7965826450856305 -0.0016688363502076983 -6.308492435992514E-4 0.001104679979413425 -2.519540763759042E-4 -3.067074877724455E-4 0.0013834593355802663 -7.380315738081764E-4 -0.0016265677800439183 -0.0010511179279466053 
