3.049508332861131E-17 -7.45302717760176E-5 -9.753371790225665E-4 -1.0250331602745223E-4 2.6575636930859794E-4 -8.722569097547346E-4 -0.0015651630898249887 -1.789069606103968E-4 1.545694699990718E-4 0.0013983907344709877 
3.049508332861131E-17 -7.45302717760176E-5 -9.753371790225665E-4 -1.0250331602745223E-4 2.6575636930859794E-4 -8.722569097547346E-4 -0.0015651630898249887 -1.789069606103968E-4 1.545694699990718E-4 0.0013983907344709877 
0.9970705992270021 -2.1245600301531827E-4 -9.506623441189343E-4 -1.0494095441982207E-4 7.166874901801415E-4 -0.0014670557171076483 -0.001817602125120582 -3.211438420756533E-4 1.3604762420938146E-4 4.704275770286445E-4 
0.9970705992270021 -2.1245600301531827E-4 -9.506623441189343E-4 -1.0494095441982207E-4 7.166874901801415E-4 -0.0014670557171076483 -0.001817602125120582 -3.211438420756533E-4 1.3604762420938146E-4 4.704275770286445E-4 
0.2757634016772503 -5.57545235787952E-4 -0.0012954429350540946 -3.558161480095382E-5 8.320797412482573E-4 -7.847292860774656E-4 -0.0018579630653402543 -3.2445718227061836E-4 1.3720925270081983E-4 0.0013675278406063127 
0.25278280926968766 -2.063770034042809E-4 -0.0012909200149755638 -1.015919846634172E-4 4.7844340709983003E-4 -7.813389521269788E-4 -0.0017199607730376144 -3.1979827518377197E-4 5.103695904291043E-5 0.0012680112367028978 
0.14137743553817778 -8.05214163088035E-4 -9.853778571293384E-4 -8.602587884386245E-5 4.2853796103169107E-4 -9.06633178917833E-4 -0.0018791332202237662 -2.5074067220281934E-4 -8.878855071205361E-6 0.0013070031479456737 
0.16069479849346302 -1.9570162550461938E-4 -9.840131630997125E-4 -8.635661710111618E-5 2.894103826140551E-4 2.5678693927225183E-4 -0.0018935622496763858 -2.496417102997912E-4 1.4629195981865226E-4 0.0013947977235718326 
0.20165374029442096 -8.886909407022546E-5 -0.0011203498783016203 -9.149409169555053E-5 4.7845287974603967E-4 -7.781828761218675E-4 0.001981285865089652 -2.729661700373865E-4 1.2312622519329596E-4 0.001406123097449525 
0.521278892628618 -5.115305479336363E-4 -9.691376325246125E-4 -9.095365242494389E-5 5.097503248776289E-4 -7.157578880398449E-4 -0.0018443420617721218 -3.2993421183290185E-4 1.2810328407358463E-4 0.0012939173544476094 
0.804388404967159 -1.3826243403187291E-4 -0.0012905257710435997 -1.0377779308027596E-4 5.214472034363448E-4 -7.485024181152812E-4 -0.0018290504498192786 -2.760853561525796E-4 1.368040080156614E-4 0.0013017531982964675 
0.17816731497783406 -1.3466130494295688E-4 -0.0012983576582199763 -5.026780111615392E-5 4.821447136273946E-4 -7.985738697862526E-4 -0.0019140783023220782 -1.789006597179672E-4 -1.628385526199116E-5 0.0012815439378187172 
0.038224631753432214 -5.121270352114181E-4 -0.0010070192632340835 -8.980472283634815E-5 2.7184606472002715E-4 3.37962609006746E-4 -0.0018163318500337851 -5.002531419092771E-4 1.2745749185061645E-4 0.001394502017353908 
0.1206199760571932 -5.666438046870574E-4 -0.0012954429350540946 -3.558161480095382E-5 2.687875708204988E-4 -7.847292860774656E-4 -0.0018628801927209728 -3.2445718227061836E-4 1.3720925270081983E-4 0.0013675278406063127 
0.4964342464282131 -5.053721293299247E-4 -0.0011109209312027816 -2.9987277830341008E-5 2.7686703036246133E-4 -9.119342515782102E-4 -0.0015740765427257328 -1.782920140396347E-4 1.3681170525234922E-4 0.0013039696898971363 
0.9534872286495368 -2.2086910339916304E-4 -0.0011224594752608091 3.8200097796331923E-4 5.044890238777609E-4 -9.94365084570922E-4 -0.0015593683028511884 -3.3058474884822717E-4 1.2636131933842855E-4 0.0013360860772607278 
0.2961800266786421 -2.1314639596195587E-4 -0.001296614157491339 -9.139715775137131E-5 2.737793560010095E-4 -7.88360477321792E-4 -0.0015696866059951452 -3.244023324366244E-4 -1.5906777549688796E-5 0.0013000728948644653 
0.011110715620863687 -7.103672934640581E-5 -0.001021736780442163 -1.0289953371872177E-4 2.3718163532122124E-4 -0.0010839570242522016 -0.0015623797001117286 -3.248995238558385E-4 1.5410617005346747E-4 0.0013011946584915437 
0.017040424606788618 -2.0100116104989938E-4 -0.001120428118599372 -8.167053689592119E-5 4.4314512610073113E-4 -9.064877576282068E-4 -0.0015979047768972408 -3.037760384875952E-4 1.560091837371405E-4 5.032227981046132E-4 
5.492482462282761E-4 -7.618362557983653E-5 -9.840131630997125E-4 -8.635661710111618E-5 2.6573071563980847E-4 2.627742364501002E-4 -0.0018935622496763858 -2.5207060250740987E-4 1.5436490202242194E-4 0.0013947977235718326 
0.8938851919288741 -2.120369580468599E-4 -0.0010058962813975366 -7.974411399583491E-5 7.176515510548153E-4 -0.0015796200417474765 -0.0018146646275687777 -3.218430491932666E-4 1.3640094980640536E-4 4.8698438132665654E-4 
0.7784607983369227 -8.446247217227474E-5 -0.0010168571875619023 -9.139748917687853E-5 8.163261043398937E-4 -8.974640906181519E-4 0.001981285865089652 -2.722731639046267E-4 1.2672546599647776E-4 0.0012971006310437045 
0.8164428030706614 -1.0111170660721618E-4 -9.668545269492991E-4 -9.151499650653004E-5 5.094617752536835E-4 -9.571881653510105E-4 0.001981285865089652 -2.729661700373865E-4 1.267167043685617E-4 0.0014044346639175516 
0.5880859996343807 -2.026858683831868E-4 -0.0011286737391836452 -1.0173215900921142E-4 7.765072152582419E-4 2.1034505971301613E-4 -0.0018595694248602825 -2.4466980816623097E-4 1.4627714603031663E-4 4.909926005524352E-4 
0.5666684796875802 -1.6557767045533833E-4 -9.789502720573518E-4 -1.0999277046189442E-4 5.338837236669506E-4 -7.8061770804547E-4 -0.0018638663493890234 -1.8585975220273843E-4 -1.8389355812345594E-5 0.0012948239743665365 
0.8370604716546338 -5.58952450502626E-4 -0.0012765831507999023 -2.8997680014661927E-5 5.009578081166441E-4 -0.0010499879143018552 -0.0018768328182547135 -1.226001254339558E-4 5.032022649416177E-5 0.0012876605010045063 
0.6923856671559593 -5.349532817381818E-4 -0.0011193958491179212 -4.148512227895485E-5 7.949304458452349E-4 -7.774516853223422E-4 -0.0017395557362627448 -3.336919297593173E-4 7.472407222012193E-4 0.0012458366417301106 
0.8643412025761805 -5.57545235787952E-4 -0.0012818595267425784 -3.0402847803311358E-5 8.268019083429909E-4 -7.83977903625384E-4 -0.0018295467536994894 -3.276524360556008E-4 1.3668103368731372E-4 0.0013097905061054955 
0.007585934629898372 -1.6860002384244075E-4 -0.0011248944765288045 3.603846262926298E-4 2.4609754794985267E-4 -8.470586536027362E-4 -0.0018069997501609179 -1.7871452460667804E-4 1.354915805465998E-4 0.001402302147536741 
0.4231756283509544 -1.9492845035780622E-4 -0.0010169611729057074 -8.782084812024875E-5 5.142246782302456E-4 -8.720401146187051E-4 -0.001567435469998925 -1.912474115664741E-4 1.3125554166628985E-4 4.991866019562318E-4 
0.9257523056205941 -8.384757509237784E-4 -0.0011175226809049619 -4.239360423252916E-5 4.98722377282103E-4 0.002010417628264362 0.0018840539545430567 -2.4980191313352665E-4 -8.896607156189994E-6 0.001299367952566546 
0.04635531636736856 -5.289477447830826E-4 -0.0011219409652301533 -8.741395567688161E-5 8.266646127827745E-4 -8.762557355774223E-4 -0.001557413047881609 -1.9063435601597548E-4 1.258800737788324E-4 4.8478467670037156E-4 
0.14909186035886812 -2.068997426765858E-4 -0.001130638118784287 -1.0178433535251382E-4 8.300993361450959E-4 2.469483204168569E-4 -0.0017199607730376144 -1.7750154305741495E-4 1.0696619822712127E-4 0.0012680170123843778 
0.6324991020558182 -1.7553987997244571E-4 -0.0011131058256521548 -1.0335619633962257E-4 5.266080914032006E-4 -7.348291783348822E-4 -0.0014990926994233379 -3.2992106128185486E-4 -9.707826953576499E-6 0.001362757077604953 
0.7277876247759392 -1.3456613302752866E-4 -0.0012904067217067462 -8.179844716319152E-5 4.856520825609634E-4 -7.764671483952633E-4 -0.0016176187653973544 -3.2615176254585264E-4 5.292837145727091E-5 0.0012673692003451467 
0.00439979754746294 -2.575201553238354E-4 -0.0012831635518448957 -9.671235596883732E-5 4.959272005100131E-4 -9.97639623485615E-4 -0.0018712926665440045 -1.2263041813860594E-4 4.964969952290951E-5 0.0012929975328200803 
0.8483891874706923 -8.486316013117131E-5 -0.0011224612405699459 -7.058963670380242E-5 5.199540196414694E-4 -0.0014090446922289633 -0.0018591168221364746 -3.429346730117255E-4 1.521686084311403E-4 0.0012925111469209807 
0.9856631836237018 -2.1245600301531827E-4 -9.506623441189343E-4 -1.0545927143366276E-4 7.19162012551594E-4 -0.0014670557171076483 -0.0018426349694628862 -3.29987028156883E-4 1.3564347668794795E-4 4.7421010375210286E-4 
0.615677211128383 -7.227897118570076E-5 -9.862583440745163E-4 -1.0986350426161779E-4 2.65065903494188E-4 -8.722569097547346E-4 -0.0015654013464099184 -3.3005207117389783E-4 1.5161810611753177E-4 0.0012952526807731156 
0.6807797322172116 -1.3694251761896617E-4 -9.753371790225665E-4 -1.0410037431569135E-4 4.7646215917159613E-4 -8.720933471199127E-4 -0.001742277422277266 -2.405239238757037E-4 1.3940337027815064E-4 0.0013983907344709877 
0.7622365437909921 -2.109425239546369E-4 -9.581664073664257E-4 -9.146384518839041E-5 2.8269598140412525E-4 -7.877111685811526E-4 -0.001871257211780719 -3.297796324970693E-4 1.278546574345321E-4 0.0012928223326952029 
0.34094803194416645 -1.9035447630357053E-4 -0.0013056818204374735 -8.556402230952543E-5 4.5338796770255023E-4 -7.975657250822584E-4 -0.0019037681448903266 -2.5528254674414693E-4 1.1279682152407489E-4 0.0012968936313883675 
0.22753751857467402 -1.7568831128341724E-4 -0.0011196550649859981 -1.014073782467676E-4 4.805976727126373E-4 1.6669120750741187E-4 -0.0015233827386822794 -2.4061949286226253E-4 3.476645707607153E-7 5.115029883001742E-4 
0.05979013614302942 -1.599111196380572E-4 -0.0012680717586227644 -1.1621898882625725E-4 4.8022715259969623E-4 -7.802953089432411E-4 -0.001872967359045064 -1.2336367701513648E-4 1.491399558720014E-4 0.0012927738865988816 
0.7465785197940094 -2.589278345491632E-4 -0.0012831635518448957 -9.785884544051538E-5 4.927074031469958E-4 -9.988746672500168E-4 -0.0018690978838289117 -1.2386940437977565E-4 4.948999013029886E-5 0.0012929929674559827 
0.5318928485956834 -5.056386033733231E-4 -9.742361252964627E-4 -9.139715775137131E-5 2.676373199338853E-4 -8.695442782379862E-4 -0.0019184550937672963 -3.3121807399577E-4 -1.1622230097700157E-5 0.0013010249010119235 
0.5584836272897531 -1.9570162550461938E-4 -9.840131630997125E-4 -8.635661710111618E-5 2.894103826140551E-4 2.5678693927225183E-4 -0.0018922983571040201 -2.496417102997912E-4 -2.0902429240725806E-5 0.0012941619861962371 
0.46041468499420046 -5.114824549721456E-4 -0.0011025281360923084 -1.0408470779939357E-4 5.216997918689316E-4 -6.7961399531648E-4 -0.0018233218121221045 -2.7107699932279805E-4 1.30409871528467E-4 0.0012923369010017876 
0.6605436898138463 -2.106354838951774E-4 -9.506623441189343E-4 -1.0494095441982207E-4 7.187549329091857E-4 -9.121087104749029E-4 -0.001817602125120582 -3.211438420756533E-4 1.3604762420938146E-4 4.704275770286445E-4 
0.39835982718993734 -1.731623681075414E-4 -0.0011133341663629062 -2.986841727111241E-5 4.7695861063052833E-4 -9.990275310392113E-4 -0.001852084646981201 -1.8159558553926296E-4 5.033141519537278E-5 0.0013908249423295162 
0.9693984474699602 -2.2606956776318574E-4 -0.0011224594752608091 3.8200097796331923E-4 8.015602648327284E-4 -0.0010882052436486246 -0.0015593683028511884 -3.316174778840331E-4 1.4971322109659938E-4 0.0013107852093938645 
0.34753145954345177 -4.94018116555222E-4 -0.0011199298625744957 -1.0434612000717982E-4 4.950024110415511E-4 -7.770588423234991E-4 -0.0018159937273165736 -3.292175221902292E-4 1.3576296636573534E-4 0.0012912395193508573 
0.3261209552170005 -4.947808440430636E-4 -0.0011199131680216623 -7.690722269850925E-5 5.010945140338852E-4 -7.844591397491331E-4 -0.001719006930261267 -1.8470540691779838E-4 7.777299358411953E-4 0.0012475699083329022 
0.3609693775363926 -5.413167725919864E-4 -0.0012996053025215747 -1.0434612000717982E-4 8.130917071662912E-4 -7.771277795754736E-4 -0.0018159937273165736 -3.292175221902292E-4 1.1106666272489923E-4 0.0012912395193508573 
0.030269189566496227 -2.010176979919794E-4 -0.0011204200908561748 -8.141573143035795E-5 4.4314512610073113E-4 -8.762557355774223E-4 -0.001557413047881609 -1.9063435601597548E-4 1.5414963281457935E-4 5.084238874198704E-4 
0.9128562171020722 -7.576083035146577E-5 -9.753371790225665E-4 -1.0250331602745223E-4 4.923426253765559E-4 -8.727437294554522E-4 0.0019433685776926435 -1.7901349612956603E-4 1.5599234066476705E-4 0.0013979748648991312 
0.10177723731969741 -1.3828662216104355E-4 -9.854929579530365E-4 -2.792146658843422E-5 4.8750205575656924E-4 -0.0012154568543818647 -0.001741968676506415 -2.4021052106541006E-4 1.0711073331462451E-4 0.0014378253895083232 
0.441929328135897 -1.7370685901581264E-4 -0.001110630403778564 -2.986841727111241E-5 4.7695861063052833E-4 -7.836556603018316E-4 -0.001852084646981201 -1.8159558553926296E-4 1.498216715444647E-4 0.0013937543093493839 
0.23886059598544745 -1.2976667409354028E-4 -9.863163800537095E-4 -7.747822401774891E-5 4.803770108848579E-4 -7.93389448514201E-4 -0.0017513045765570683 -1.8427914510292444E-4 1.555791596129303E-4 0.0014203306707844575 
0.021723569055310768 -1.9928682332087628E-4 -0.0011204200908561748 -8.141573143035795E-5 4.4314512610073113E-4 -8.759671140749026E-4 -0.001557413047881609 -3.281723652968174E-4 1.545961312614326E-4 5.084238874198704E-4 
0.10681145182369808 -5.505994481473311E-4 -0.0012987651858680682 -2.727205338781549E-5 4.8796595234652416E-4 -0.0012065954828687712 -0.0017191039914824387 -2.40636782880284E-4 7.777299358411953E-4 0.0012650646270567678 
0.6667432070286581 -5.293675081462298E-4 -0.0011092211290460383 -8.727320581549018E-5 2.8318461562480316E-4 -9.117018537474879E-4 -0.0015575794904915147 -1.7615297563744307E-4 1.3679238613804076E-4 0.0013636067049155238 
0.3663269776950061 -1.3972936279173963E-4 -0.0012826871383119379 -1.0155578765934927E-4 7.714850195514328E-4 -7.99530403582505E-4 -0.0018294525908765836 -2.446829497868208E-4 1.367713369455939E-4 5.922866484902762E-4 
0.441929328135897 -1.7370685901581264E-4 -0.001110630403778564 -2.986841727111241E-5 4.7695861063052833E-4 -7.836556603018316E-4 -0.001852084646981201 -1.8159558553926296E-4 1.498216715444647E-4 0.0013937543093493839 
0.4134657982270781 -1.9492845035780622E-4 -0.0010169611729057074 -1.1031830542859085E-4 5.339321499712557E-4 -8.720401146187051E-4 -0.0018734308352215691 -1.912588096579777E-4 1.321544670486266E-4 4.991866019562318E-4 
0.3925916084237919 -1.0765281557591517E-4 -9.863163800537095E-4 -8.257526061099076E-5 2.843994392707141E-4 -7.940653418333709E-4 -0.0017421977175448061 -1.838746686483621E-4 1.2625318517739138E-4 0.0014188793551575469 
0.48865742920852906 -1.3826243403187291E-4 -0.0012918634612348314 -1.0387415451519574E-4 5.21419667708389E-4 -7.428741182304783E-4 -0.0018301004738050717 -2.449296369188028E-4 1.368040080156614E-4 0.0013017531982964675 
0.07455597848048878 -2.1160224831342798E-4 -0.0011286737391836452 -1.0173215900921142E-4 7.725470718126226E-4 2.1034505971301613E-4 -0.0018595694248602825 -1.2611511813264122E-4 1.5060585725858535E-4 4.78102873887182E-4 
0.0665131042486855 -5.289477447830826E-4 -0.0011219409652301533 3.743463577043385E-4 8.76485823454959E-4 -8.762557355774223E-4 -0.001557413047881609 -1.8245425014802553E-4 -8.183130933859538E-6 4.8478467670037156E-4 
0.7377864795840032 -1.9287250666082776E-4 -9.86258814131869E-4 -1.1004562575304386E-4 5.07163876705956E-4 -7.875918028737458E-4 -0.0018643245245207976 -2.4792541051945233E-4 -1.1622260881432076E-5 0.0012924432615721592 
0.7107378391436748 -8.41174113071189E-5 -0.0010097695641477099 3.74790640649603E-4 4.913618690828109E-4 -7.813624499394425E-4 -0.0015696168367107337 -3.2118978481735465E-4 1.363947257918452E-4 0.0013009348466317145 
0.6432156362800998 -1.7553987997244571E-4 -0.0011131058256521548 -1.0335619633962257E-4 5.263758729797936E-4 -7.209480472514618E-4 -0.001455168562021677 -3.2992106128185486E-4 1.2044915034299918E-4 0.0013627689671723482 
0.024654604118938217 -2.2779095721861894E-4 -0.0011224594752608091 3.8200097796331923E-4 8.015602648327284E-4 -0.0010840356411149488 -0.0015593683028511884 -3.2495932077315927E-4 1.4971322109659938E-4 0.0013101309721976976 
0.21713889069462672 -5.237363320141047E-4 -0.0011165341477018574 -3.533712698363252E-5 5.387099866635923E-4 -7.972285801597412E-4 -0.0016509517520689881 -3.298761557749436E-4 -1.8351283275993294E-5 0.001294821127955767 
0.7107378391436748 -8.41174113071189E-5 -0.0010097695641477099 3.74790640649603E-4 4.913618690828109E-4 -7.813624499394425E-4 -0.0015696168367107337 -3.2118978481735465E-4 1.363947257918452E-4 0.0013009348466317145 
0.21713889069462672 -5.237363320141047E-4 -0.0011165341477018574 -3.533712698363252E-5 5.387099866635923E-4 -7.972285801597412E-4 -0.0016509517520689881 -3.298761557749436E-4 -1.8351283275993294E-5 0.001294821127955767 
0.1141669467230267 -7.45302717760176E-5 -9.753371790225665E-4 -1.0250331602745223E-4 2.6575636930859794E-4 -8.722569097547346E-4 -0.0015651630898249887 -1.789069606103968E-4 1.545694699990718E-4 0.0013983907344709877 
0.002547158355388039 -2.615251424156131E-4 -0.0012831635518448957 -2.84975428715928E-5 4.769140674053787E-4 -0.0010076397306154963 -0.001874792442107991 -1.2386940437977565E-4 4.964969952290951E-5 0.0012929929674559827 
0.32108673513016833 -1.2976667409354028E-4 -9.863163800537095E-4 -7.755663589912799E-5 4.803770108848579E-4 -7.93389448514201E-4 -0.001741871615285243 -1.8427914510292444E-4 1.0711073331462451E-4 0.0014203306707844575 
0.3925916084237919 -1.0765281557591517E-4 -9.863163800537095E-4 -8.257526061099076E-5 2.843994392707141E-4 -7.940653418333709E-4 -0.0017421977175448061 -1.838746686483621E-4 1.2625318517739138E-4 0.0014188793551575469 
0.4752170586607972 -2.0304195481402255E-4 -0.0011283659521664094 3.6268868006715424E-4 5.299968135825664E-4 2.0766021193804754E-4 -0.001744444959180629 -3.294505684016575E-4 1.4567750920360843E-4 4.909926005524352E-4 
0.4636147484452907 -2.0995411070519793E-4 -0.0011076898671545001 -8.535534403368464E-5 6.001888987178211E-4 -9.870212140649765E-4 -0.001743021243794602 -3.3025199038386774E-4 1.3516985414494746E-4 0.0012900319711444735 
0.3663269776950061 -1.3972936279173963E-4 -0.0012826871383119379 -1.0155578765934927E-4 7.714850195514328E-4 -7.99530403582505E-4 -0.0018294525908765836 -2.446829497868208E-4 1.367713369455939E-4 5.922866484902762E-4 
0.3037767110366304 -2.4275317902354147E-4 -0.001297437685649508 3.804316380127928E-4 2.7023022481181683E-4 -7.879227909900095E-4 -0.0015593683028511884 -4.489811238404995E-4 -1.1188544709034092E-5 0.0013360860772607278 
0.0895223857038896 -6.409207803341368E-5 -0.0012987655703617007 -1.1013554761711335E-4 4.951645285763224E-4 -0.0011943821535652216 -0.0017215868574541992 -2.471435588142302E-4 8.390339676685658E-4 0.0013983907344709877 
0.18754470707549992 -1.3466130494295688E-4 -0.0012983576582199763 -5.026780111615392E-5 5.231261621009707E-4 -7.985738697862526E-4 -0.00193723841870177 -1.7868916774514983E-4 -1.9302115771595516E-5 0.001302781675691875 
0.5973916468367415 -2.0256414563464984E-4 -0.0012765831507999023 -2.8974021741961446E-5 5.049179515622634E-4 -0.0010550860098256611 -0.0018768328182547135 -2.4242409441336537E-4 4.5991515265893064E-5 0.0013005502276697595 
0.18754470707549992 -1.3466130494295688E-4 -0.0012983576582199763 -5.026780111615392E-5 5.231261621009707E-4 -7.985738697862526E-4 -0.00193723841870177 -1.7868916774514983E-4 -1.9302115771595516E-5 0.001302781675691875 
0.05398476443961539 -1.9183213574073426E-4 -9.745488998090738E-4 -1.0268543751887831E-4 4.929853841318693E-4 -8.449881250258818E-4 -0.0017269348218205474 -3.331851956244339E-4 -5.644495359092479E-6 0.0013603823538408354 
0.7727874706605808 -8.593564185338322E-5 -0.0010095110976665197 3.6897683044404266E-4 7.22118346286525E-4 -0.0015900461594387269 0.001981285865089652 -2.796042894716335E-4 1.266614416307104E-4 0.001293953952898275 
0.028582077093668334 -2.010176979919794E-4 -0.001120428118599372 -8.141573143035795E-5 4.4314512610073113E-4 -9.064877576282068E-4 -0.0015979047768972408 -3.037760384875952E-4 1.5414963281457935E-4 5.032227981046132E-4 
0.08028422642395322 -1.3741356419835394E-4 -0.0011072102982091693 -8.535534403368464E-5 4.7879260596157445E-4 -9.846600219237428E-4 -0.0017367903909313218 -1.2246200549430515E-4 1.5460143680851542E-4 0.0012900319711444735 
0.051813522509293664 -5.127421688729674E-4 -0.001108431194212468 -2.9987277830341008E-5 2.7671589759669204E-4 -9.120630537917862E-4 -0.001894433975783329 -2.5150975219423026E-4 1.5433916608547255E-4 0.0013039696898971363 
0.08381243575867298 -2.1148052556489098E-4 -0.0012765831507999023 -2.8974021741961446E-5 5.009578081166441E-4 -0.0010550860098256611 -0.0018768328182547135 -1.2386940437977565E-4 5.032022649416177E-5 0.0012876605010045063 
0.9608270080833203 -6.93153398909726E-5 -0.001021736780442163 -1.0289953371872177E-4 2.3718163532122124E-4 -0.0010881266267858773 -0.0015623797001117286 -3.3155768096671234E-4 1.5410617005346747E-4 0.0013018488956877104 
0.8797658512161776 -5.198546855794621E-4 -0.0010058962813975366 -8.980472283634815E-5 2.7171724195510264E-4 -0.001517528209763544 -0.0018163318500337851 -5.002531419092771E-4 1.2745749185061645E-4 0.0012636685988799442 
0.5437431323594626 -1.6138908278284228E-4 -9.810710500146001E-4 -1.0159666549340518E-4 4.802878473658539E-4 -8.660300163034244E-4 -0.0015640786372946942 -3.228802818566544E-4 1.3558097751183057E-4 0.0013982586461895354 
0.06989885232461662 -2.1148052556489098E-4 -0.0012831635518448957 -2.8974021741961446E-5 4.8022715259969623E-4 -9.956671796806206E-4 -0.001873469651867978 -1.2386940437977565E-4 4.964969952290951E-5 0.0012876605010045063 
0.8797658512161776 -5.198546855794621E-4 -0.0010058962813975366 -8.980472283634815E-5 2.7171724195510264E-4 -0.001517528209763544 -0.0018163318500337851 -5.002531419092771E-4 1.2745749185061645E-4 0.0012636685988799442 
0.09369009057676878 -5.114824549721456E-4 -9.636561976706027E-4 -9.095365242494389E-5 5.216997918689316E-4 -6.7961399531648E-4 -0.0018443420617721218 -3.2993421183290185E-4 1.2810328407358463E-4 0.0012939173544476094 
