0.0 -1.4653027272459605E-4 -8.758676211266992E-4 -1.340766341254935E-4 -2.724720462021691E-4 8.674359535467092E-4 8.549816570141197E-7 -0.001726853261136999 -1.6681422218965718E-4 -7.010983440344354E-4 
0.9998271370486191 -2.6308845989394614E-4 -0.0012566350740414846 -1.496194656252349E-4 -3.8356043934735827E-4 8.648307668365238E-4 -1.4247685013387323E-4 -0.0017592673877456896 4.987233797231169E-5 -7.17575681254231E-4 
0.746478041833472 -6.167657822917978E-4 -8.724536814978008E-4 -1.3378278814467278E-4 -3.9417058275481646E-4 8.789352683590089E-4 -1.7051545224311743E-4 -0.0017633053423422602 5.472869000437953E-4 -6.898614382573921E-4 
0.7785695828662687 3.616165199689334E-4 -8.75421912280189E-4 -3.444732191060394E-4 -3.465408824698256E-4 8.796420631893641E-4 1.7299228049171007E-6 -0.0017892410039671489 5.137602807122044E-4 -7.028164632326243E-4 
0.9535053934514222 -5.568157081370154E-4 -8.985733899827391E-4 -1.752041115025647E-4 -3.5099515498019545E-4 8.677313201881018E-4 2.9016716479410585E-6 -0.0016877083115329856 -2.3432129758282178E-5 -7.363456792847488E-4 
0.5574390609420613 -3.2712588499577463E-4 -8.414851640151971E-4 -1.756514540469144E-4 -2.5098039134808934E-4 9.985422601188345E-4 3.2283291625864443E-6 -0.0017364490840439011 5.00482808459723E-4 -7.084134297557762E-4 
0.3601052444770495 4.8394006544030945E-4 -9.58095403449887E-4 -1.845957571210343E-4 -2.6031307033177206E-4 0.0016455889695919552 -5.9088215728079966E-6 -0.0017716149271302549 5.837518407594505E-4 -7.264149439299797E-4 
0.17426564638830971 3.3355641241057817E-4 -8.757658967507066E-4 -1.3387584653099067E-4 -3.4633851931710176E-4 8.767577445690031E-4 3.340388425167601E-6 -0.0017618011681804376 -1.6207829229350533E-4 -8.38467683076065E-4 
0.7272491852645513 -5.54183849655283E-4 -5.971617170344747E-4 -1.2434495443662633E-4 -6.14976748863046E-4 8.77108459197163E-4 -7.175190391523427E-6 -0.0016849478513919435 -2.219159780630742E-4 -7.351947649346852E-4 
0.8803765328986904 -2.875615167106313E-4 -8.9848567026371E-4 -1.3379564772408918E-4 -3.9509984362034344E-4 8.665748155580168E-4 -5.9235269621246116E-6 0.0010484779009815174 5.517633473141479E-4 -7.322821548201942E-4 
0.32994529571981546 -4.3599198152959777E-4 -9.601373447399518E-4 -1.3549331355450296E-4 -2.600299213245933E-4 0.0010394558482988605 -1.7383589624783745E-4 -0.0017651951202179803 -7.923474044279239E-5 -7.027250425934465E-4 
0.8179190490286476 -4.1626317650793766E-4 -9.033238904647964E-4 -1.3359810345315283E-4 -5.252399771025187E-4 8.767555124179816E-4 8.289166466413372E-7 -0.0017596854393733157 -1.7547656237851362E-4 -7.042378150176543E-4 
0.08009789363153474 -5.411136692530882E-4 -9.702187545176034E-4 -1.4445085259532901E-4 -3.463049673278376E-4 8.693938174296294E-4 -1.4328719003568153E-4 -0.001785338668609811 -1.6924795827434353E-4 -7.32341903556802E-4 
0.12691095813616493 3.587206719904592E-4 -9.579606232865519E-4 -3.371474332636072E-4 -3.4689947565725015E-4 8.639162731465415E-4 -1.711667459578293E-4 -0.0017650576446844074 -1.780923114608376E-4 -7.011958624545486E-4 
0.028353209025060916 3.7298039377797157E-4 -0.001199177478210095 -7.096887051285776E-5 -6.120231422257484E-4 8.54132468425389E-4 -1.647194038393973E-4 -0.0018413106373818696 5.786813354828412E-5 -8.594410889186406E-4 
0.30828272009757895 -2.079652503424017E-4 -0.0011050231650781071 -1.5082975782986557E-4 -3.3906388093206467E-4 8.833643260730717E-4 -3.626313568171089E-5 -0.0017407914449039403 -2.7428483980704982E-5 -7.097198919196635E-4 
0.6700650985122578 -5.501988333462416E-4 -8.766724066946312E-4 -1.3359810345315283E-4 -5.237277705868247E-4 8.767555124179816E-4 8.473819429485825E-7 -0.0017596854393733157 -1.6359371262086856E-4 -8.463546614846871E-4 
0.9254389502914322 -4.515285809797279E-4 -7.617381033934729E-4 -1.7617699519069564E-4 -3.4774482485974223E-4 0.0010903591952303468 -1.3659104259319306E-4 -0.0019418223204932209 2.0091872110057738E-4 -8.467433679221154E-4 
0.8550062927425998 -4.653764981174956E-4 -9.157828093676251E-4 -2.9913799048005886E-5 -2.8034713938931706E-4 0.0010837611146806397 -1.5050038252237345E-4 -0.0016830466854107743 -3.659942927812488E-5 -7.150148994921159E-4 
0.19565307454662578 -4.399273781901037E-4 -8.416508279113723E-4 -1.340536766334259E-4 -2.578809233511718E-4 9.986036759355172E-4 3.315311445987372E-6 -0.0017617788063518836 -2.593867505213971E-4 -7.354826802845739E-4 
0.10520305139917778 -5.687608240826913E-4 -0.001199177478210095 -7.190581222287127E-5 -0.0016361071658781944 8.54132468425389E-4 -1.647194038393973E-4 -0.0018447917404253078 5.786813354828412E-5 -8.594410889186406E-4 
0.27047199043981346 -2.079652503424017E-4 -9.183422203469415E-4 -3.6588579193403174E-4 -3.386461552028686E-4 8.833410105637185E-4 -3.626313568171089E-5 -0.0017846067980648761 -3.6549624204534176E-5 -7.19778951264513E-4 
0.2797166379461527 -3.3175249500497136E-4 -0.0011141230189145367 -1.4812868037990452E-4 -3.939396926195771E-4 8.797382863666E-4 3.020042179880775E-6 -0.0017613868922466951 -1.9897236510258763E-4 -7.061252467906768E-4 
0.9690973598712824 -1.5156219695851902E-4 -9.604932543660005E-4 -1.495967608425742E-4 -3.7136180099996846E-4 0.0010388015289424363 -1.4406974552817642E-4 -0.0017455057162295317 2.0681395143791698E-4 -7.443057114980944E-4 
0.8961338971688976 -2.927971038901185E-4 -8.750581500435038E-4 -1.3359810345315283E-4 -5.054623749569719E-4 8.767555124179816E-4 8.473819429485825E-7 -0.0017596854393733157 5.306577051683978E-4 -7.321714557211293E-4 
0.15354025032631421 -2.73776147454117E-4 -8.761288694041832E-4 -7.099792241136247E-5 -5.111129720339944E-4 9.877524992874484E-4 -1.4702598634563463E-4 -0.001735630187008203 5.376570500267586E-4 -8.463856188513727E-4 
0.9212184725763481 -2.0788812184756382E-4 -0.0011050231650781071 -1.3424682926283833E-4 -3.658952181402151E-4 8.833643260730717E-4 -3.626313568171089E-5 -0.0017407914449039403 4.192207499561519E-5 -7.097198919196635E-4 
0.48339650671025824 -3.3068692850832596E-4 -8.786264464596879E-4 -1.4816343529212188E-4 -5.36840557440274E-4 8.792763009708634E-4 -1.7051545224311743E-4 -0.0017248602167454234 5.001979603117319E-4 -6.898614382573921E-4 
0.7103272801570215 -4.5604138178627644E-4 -9.827129584998992E-4 -1.757491522231812E-4 -3.470772791909109E-4 8.916651547089206E-4 -4.064838199462789E-5 -0.0019450940714300668 1.0228964832247555E-5 -9.532344218220124E-4 
0.06725171708453886 -5.476343760222029E-4 -9.202715465833719E-4 -1.4424724024388426E-4 -3.4753131834332614E-4 8.645060355272403E-4 2.1219912667105027E-6 -0.001785338668609811 -1.6924795827434353E-4 -7.171937150450008E-4 
0.5193136051239505 -4.1893751837590283E-4 -8.768282883480585E-4 -1.4460045229490053E-4 -3.467136632058315E-4 8.54802631285647E-4 1.0690046899997294E-5 -0.0017600020747939624 -1.537109170629962E-4 -6.984948545228507E-4 
0.5421910686674802 -4.3663320510173233E-4 -9.206548415688135E-4 -1.4424610314663574E-4 -3.4753131834332614E-4 8.823468529823E-4 2.1219912667105027E-6 -0.001785338668609811 1.9072290010647953E-4 -8.479144529570685E-4 
0.14301698747031605 3.5768291956084165E-4 -9.719435671167556E-4 -3.371474332636072E-4 -3.4708903151235265E-4 9.748849592572835E-4 -1.711667459578293E-4 -0.001764917329098517 -1.6759975351944106E-4 -7.011958624545486E-4 
0.23750173604584335 -2.0788812184756382E-4 -0.0011050231650781071 -1.3424682926283833E-4 -3.658952181402151E-4 8.853760314624619E-4 -3.626313568171089E-5 -0.0017407914449039403 4.192207499561519E-5 -7.329053972528395E-4 
0.12047465344093672 -2.6557747670259463E-4 -8.860420253563558E-4 -1.1876535187225917E-4 -3.782426820285898E-4 0.0011087304638804057 -1.4782542551014137E-4 -0.001770791128022111 -2.2391245730668692E-5 -8.699593179765671E-4 
0.3292537085291726 -3.3114960188852896E-4 -7.630068570911977E-4 -1.4671908033157122E-4 -3.5129403094634807E-4 0.0010796081464688953 -1.3891122064236492E-4 -0.00176922094625863 4.992005500319122E-4 -8.497610444840384E-4 
0.10987918068883412 -2.079652503424017E-4 -9.183422203469415E-4 -1.495517812686135E-4 -3.4776941079265813E-4 8.814907469863744E-4 -3.626313568171089E-5 -0.0017407914449039403 -3.6549624204534176E-5 -7.141534978536143E-4 
0.6321790243005193 -4.1666310898194213E-4 -9.022983559582995E-4 -1.480693404975388E-4 -5.259831312964848E-4 0.0011016833981823165 -7.631260135124416E-6 1.4080136633220597E-4 5.240884920595501E-4 -7.032362837924878E-4 
0.4558068360868195 -1.4212905911436602E-4 -8.747935618352422E-4 -1.492472917805713E-4 -4.0446306864604364E-4 8.539319807826454E-4 8.394872543057725E-6 -0.0017414186228711397 7.806027256732062E-4 -7.182501790578968E-4 
0.035484817345081146 3.7298039377797157E-4 -0.0012077451661030632 -7.096887051285776E-5 -6.137526111104634E-4 8.54132468425389E-4 1.5952475893896297E-5 -0.0018413106373818696 5.87462256003825E-5 -8.559890680148463E-4 
0.37647335654703423 -4.2703399994102316E-4 -8.414851640151971E-4 -1.7570271943475262E-4 -3.9426957666879197E-4 8.802707070490485E-4 -1.7414712958967692E-4 -0.0017610487709076557 -1.941143071797582E-5 -7.233244844970569E-4 
0.2192098027356727 -2.913886469631268E-4 -0.0011021460675076458 -1.3106506206823118E-4 -3.945672952967104E-4 0.0010825679318806046 -1.3777664984571212E-4 0.0010168280631345924 -2.5835930541458663E-4 -7.34098176550214E-4 
0.6454214347896974 -4.163601604195254E-4 -8.590747917768849E-4 -1.3452148008266443E-4 -3.507156662629783E-4 0.001099431068279633 -1.4606148036414105E-4 1.4080136633220597E-4 5.23923696840386E-4 -8.455222859216949E-4 
0.018327544550353625 3.580118552262919E-4 -9.600947656687565E-4 -3.444732191060394E-4 -3.4720314393676336E-4 0.0010912859770844672 8.44511974899691E-7 -0.0017282888230770554 4.750703019549688E-4 -7.028164632326243E-4 
0.23202707626209224 4.1214431175268294E-4 -9.702187545176034E-4 -1.435139108853155E-4 -3.463049673278376E-4 8.693938174296294E-4 -1.4328719003568153E-4 -0.001785338668609811 -1.6924795827434353E-4 -7.32341903556802E-4 
0.07173292660322145 -2.927971038901185E-4 -8.750581500435038E-4 -1.3359810345315283E-4 -5.054623749569719E-4 8.644530851802688E-4 2.112178014198174E-6 -0.0017858475495589367 5.306577051683978E-4 -7.321714557211293E-4 
0.9837025668904738 -1.6900461254471116E-4 -0.0012395481346710255 -1.5036034304517494E-4 -3.967542081671061E-4 0.0010004519318243077 -3.628223580681806E-5 -0.0017265371146490058 2.0065735161727108E-4 -7.270892630746113E-4 
0.5018055395032779 -1.4653027272459605E-4 -8.758676211266992E-4 -1.340766341254935E-4 -2.721959029869401E-4 8.674359535467092E-4 8.549816570141197E-7 -0.0017274232898565143 -1.6681422218965718E-4 -6.985278468132473E-4 
0.20804464921843807 -4.3764758799614417E-4 -8.717193678206835E-4 -3.105551964316608E-5 -5.395753051686293E-4 8.803240132817615E-4 -1.3820018318120919E-4 -0.0017617983526603885 7.188291680983045E-4 -8.442288278587345E-4 
0.29660293262555903 -4.344606505197181E-4 -0.0011185454238466733 -3.1874172456942105E-5 -5.32127164612222E-4 0.001093755794824857 -1.67794756711141E-4 -0.0017597502296654408 -1.880531840232563E-4 0.002980808328235225 
0.25267430972490007 -5.474807090271576E-4 -9.206548415688135E-4 -1.4424610314663574E-4 -3.4753131834332614E-4 8.764090369259583E-4 2.1219912667105027E-6 -0.001785338668609811 1.9072290010647953E-4 -7.171559609424094E-4 
0.5837509776234239 -5.511896400820983E-4 -8.766750230593345E-4 -1.3342509717865646E-4 -2.6795920594639016E-4 0.0010027003023974682 -1.6424532735939037E-4 -0.0017897578244093714 2.0413905733206885E-4 -7.365916808093075E-4 
0.014866284835593463 -4.2378043066705466E-4 -0.0013209393042697521 -1.450219236126077E-4 -4.041731957978359E-4 0.0010383033115545352 -1.675510248954653E-4 -0.001728589457431208 -1.6286208575798326E-4 -7.129250028118913E-4 
0.09138032060829704 -1.6167327347717765E-4 -8.370846843445113E-4 -1.7564003040645117E-4 -3.9230015587110015E-4 8.823586527639429E-4 -3.7143269859701595E-5 -0.0017265593373601553 -1.6957910236073948E-4 -8.472124851247881E-4 
0.0036942413884017214 -4.1942901463024496E-4 -9.687393564177433E-4 -1.4410929287653448E-4 -3.235343370841506E-4 9.041464164974177E-4 -1.460832806629718E-4 -0.0017600085168247232 -1.6924795827434353E-4 -8.535593313832903E-4 
0.002461328956273762 -6.626455835154105E-4 -8.752731084318468E-4 -1.7499031253301743E-4 -6.14976748863046E-4 8.773239456088527E-4 -1.0441555233225218E-5 -0.0016856898576135394 -2.219159780630742E-4 -7.392205598602058E-4 
0.7986906921145435 -3.3175249500497136E-4 -0.0011141230189145367 -1.4812868037990452E-4 -3.939396926195771E-4 8.797382863666E-4 3.020042179880775E-6 -0.0017613868922466951 -1.9897236510258763E-4 -7.024953174635244E-4 
0.6211317777375838 3.5766881811479727E-4 -8.840941769500009E-4 -1.498433359810607E-4 -3.4648201349587635E-4 9.695958925686417E-4 -7.128405023401201E-6 0.0010949349759226822 -1.7271707045594898E-4 -7.167975747026026E-4 
0.4126645563813316 -2.079652503424017E-4 -8.760097188114644E-4 -1.5082975782986557E-4 -3.4037466202950744E-4 8.833643260730717E-4 -3.626313568171089E-5 -0.0017407914449039403 -3.6549624204534176E-5 -7.097198919196635E-4 
0.7970608597974367 -3.250441775582128E-4 -0.0011141230189145367 -1.4812868037990452E-4 -3.947621990794742E-4 8.8287838085385E-4 3.020042179880775E-6 -0.0017417387501593349 -2.7907002027514864E-5 -7.024953174635244E-4 
0.3645517267958046 -5.481997772650829E-4 -8.414851640151971E-4 -1.453188366109388E-4 -3.9187891514495457E-4 8.802795993798407E-4 8.895547031981943E-6 -0.0017840680674800766 -1.7451131765699166E-4 -7.233155076177436E-4 
0.5837509776234239 -5.511896400820983E-4 -8.766750230593345E-4 -1.3342509717865646E-4 -2.6795920594639016E-4 0.0010027003023974682 -1.6424532735939037E-4 -0.0017897578244093714 2.0413905733206885E-4 -7.365916808093075E-4 
0.40059968110371497 -5.47416811533865E-4 -9.670830513347153E-4 -1.4392160966240713E-4 -3.4753479151243875E-4 8.759202225195152E-4 -1.638133629745669E-5 -0.001846416912817967 4.375044731843219E-4 -7.293021680953547E-4 
0.2564170611112198 -5.474807090271576E-4 -9.120871536758454E-4 -1.4424610314663574E-4 -3.458018494586111E-4 8.764090369259583E-4 -1.785498884665831E-4 -0.001785338668609811 1.8984480805438116E-4 -7.206079818462038E-4 
0.09133547385652355 -1.6167327347717765E-4 -8.370846843445113E-4 -1.7564003040645117E-4 -3.9436073719978734E-4 8.823586527639429E-4 -3.7143269859701595E-5 -0.0017265593373601553 -2.066936035834767E-4 -8.472124851247881E-4 
0.05727454777605695 -1.779173774159768E-4 -9.680586500208953E-4 -1.3385385824600732E-4 -2.907384685732796E-4 8.690269797479907E-4 -1.4596413974099162E-7 -0.001768803993677523 3.927859752124148E-5 -8.515841458257614E-4 
0.4765158036020243 4.988872873085957E-4 -9.117245907599721E-4 -1.9196252938266602E-4 -5.326041365369622E-4 0.0010837611146806397 -1.4645556244654225E-4 -0.0017450733209275955 6.819132776917237E-4 -7.436526101588645E-4 
0.42431769260138485 -5.862926506651604E-4 -9.670830513347153E-4 -1.307491493653039E-4 -3.477789891779121E-4 8.748893033234592E-4 -1.638133629745669E-5 -0.0018476998659910978 5.345769675952684E-4 -7.283043653050583E-4 
0.16367740784703627 -2.873746757572175E-4 -0.001101779126052782 -3.341373408194877E-4 -3.9317103870603674E-4 9.580912747869084E-4 -1.6536636655093366E-4 0.0010933555250550865 -1.5937507279376107E-4 -6.956103108325019E-4 
0.03846770412024972 -2.8366534540494185E-4 -0.0011947465060763599 -1.4538381412371358E-4 -3.4996424981610554E-4 8.680249070219418E-4 -1.449695362908451E-4 -0.0017595424560274298 -7.205081227401188E-5 -7.177803833614947E-4 
6.833740256810272E-4 -1.7122688686480673E-4 -8.760244636296296E-4 -1.340766341254935E-4 -2.90737441832022E-4 8.765019062637212E-4 8.549816570141197E-7 -0.001727352731865495 -1.707945577181433E-4 -7.174841712598805E-4 
0.7002051874677828 -5.52134504358993E-4 -8.766452943061639E-4 -1.3359810345315283E-4 -2.790164389510728E-4 8.789198390845401E-4 8.473819429485825E-7 -0.0017230771736758393 -1.6683617436752325E-4 -8.463546614846871E-4 
0.051133468885970534 -1.697792915730859E-4 -0.001118447059167977 -1.4847293887615916E-4 -2.6430827539206353E-4 0.0010229127707492552 -3.38101341095779E-7 -0.0017222462459253012 -1.6945025840763622E-4 -7.006608452184006E-4 
3.6935299109752684E-6 -1.4653027272459605E-4 -8.758676211266992E-4 -1.340766341254935E-4 -2.90737441832022E-4 8.674359535467092E-4 8.549816570141197E-7 -0.001726853261136999 -1.668978643194566E-4 -8.432151905014682E-4 
0.6918677253034736 -4.3850966477653635E-4 -8.986765571921747E-4 -1.7522607665713139E-4 -3.6542526383383646E-4 8.676960876684768E-4 6.649762533921064E-6 -0.0017414223834715055 -2.2197233831871832E-5 -7.024592810257314E-4 
0.3889817379323777 -5.358562154731963E-4 -9.670830513347153E-4 -1.444073346558633E-4 -3.4753479151243875E-4 8.759202225195152E-4 -1.638133629745669E-5 -0.001846416912817967 5.7416144941103465E-5 -7.295051958889787E-4 
0.19654563893210358 -4.396484703826042E-4 -8.414851640151971E-4 -1.340536766334259E-4 -2.6185873120196216E-4 9.986036759355172E-4 3.315311445987372E-6 -0.0017618011681804376 -2.593867505213971E-4 -7.354826802845739E-4 
0.8502008456141029 4.8394006544030945E-4 -0.0010844965307909215 -1.8492599516999346E-4 -3.9317103870603674E-4 0.0016455889695919552 -5.9088215728079966E-6 -0.0017716149271302549 5.837518407594505E-4 -6.955030320255627E-4 
0.5043790499505474 -3.3068692850832596E-4 -8.786264464596879E-4 -1.4816343529212188E-4 -4.013820811978377E-4 8.797308431714157E-4 -1.7051545224311743E-4 -0.001704372308095046 5.373210965388555E-4 -6.271719946395495E-4 
0.5170194661942236 3.5766881811479727E-4 -8.768218486650744E-4 -1.4852950215189597E-4 -3.4648201349587635E-4 8.718351121467134E-4 -1.6937606304100173E-4 -0.0017287437838193539 -1.7274949998357912E-4 -8.640167509859328E-4 
0.6100052542451992 -4.163601604195254E-4 -8.590747917768849E-4 -1.4986039765933068E-4 -3.9571666393609545E-4 0.001099431068279633 -3.460455852786945E-5 1.2125721765684767E-4 5.23923696840386E-4 -8.455222859216949E-4 
9.40520354955246E-4 -1.694853984953216E-4 -0.001118447059167977 -1.4687777997001767E-4 -2.6427021713595135E-4 0.0010225381429019575 -4.758492508357131E-7 -0.0017222462459253012 -1.6945025840763622E-4 -7.011173945581939E-4 
0.21347961859852174 -3.2712588499577463E-4 -8.414851640151971E-4 -4.020914962883072E-5 -2.5098039134808934E-4 9.986036759355172E-4 3.315311445987372E-6 -0.0017618011681804376 5.00482808459723E-4 -7.055982035947634E-4 
0.011562455095327967 -1.4212905911436602E-4 -8.675405731025013E-4 -1.6806194387675416E-4 -4.0446306864604364E-4 8.539319807826454E-4 9.179049499272582E-7 -0.0017414186228711397 7.776839509108094E-4 -7.011303162199148E-4 
0.14395358627052574 -2.5518876002418416E-4 -0.0012562216903656608 -1.1932915544947551E-4 -3.6736183929707576E-4 0.0010604061861573884 -1.4601666684846198E-4 2.0457801547075507E-4 1.531462198494732E-5 -7.17477105567629E-4 
0.4428080028409606 -5.775882366164338E-4 -9.670830513347153E-4 -1.307491493653039E-4 -3.477789891779121E-4 8.759480032011458E-4 -1.6062898595545138E-5 -0.001788565006361158 1.8990403167210815E-4 -7.365313282627321E-4 
0.6553461587476372 -5.505987658202461E-4 -8.756468721881343E-4 -1.480693404975388E-4 -5.062055291509379E-4 0.0011016833981823165 -7.612794838817171E-6 1.4080136633220597E-4 5.360549839469946E-4 -7.032362837924878E-4 
0.8383623307026382 -4.396484703826042E-4 -8.20911605923264E-4 -1.340536766334259E-4 -2.720776049293569E-4 9.997559914985195E-4 -3.0226313681525014E-6 -0.0017606229185352666 -2.593867505213971E-4 -7.342025244765765E-4 
0.8919829807852335 -5.476343760222029E-4 -9.202715465833719E-4 -1.4424724024388426E-4 -3.4753131834332614E-4 8.768084627649532E-4 8.571951954609112E-7 -0.00175917655842419 -1.6924795827434353E-4 -7.171937150450008E-4 
0.5976617399769671 -4.289795118683743E-4 -8.829354600719176E-4 -1.4831301171690567E-4 -5.237277705868247E-4 0.0017440440925609408 3.226421406381468E-6 -0.001730821931439246 -1.6357515674672913E-4 -8.463546614846871E-4 
0.006232362065165975 -1.7818029121544169E-4 -7.638248283024089E-4 -1.4709456058018648E-4 -2.6427021713595135E-4 0.0010225381429019575 -4.4646661029021433E-7 -0.001727776000160167 7.783784450501053E-4 -7.184176192865135E-4 
0.1662214365084546 -2.881832833408922E-4 -0.001101779126052782 -3.341373408194877E-4 -3.8798492862358554E-4 9.580912747869084E-4 -1.743642452712286E-4 0.0010933555250550865 -1.5937507279376107E-4 -7.026350164308693E-4 
0.5976816287638473 -4.289795118683743E-4 -8.715674229554501E-4 -1.4852944492721825E-4 -5.237277705868247E-4 8.767555124179816E-4 3.226421406381468E-6 -0.0017215527043568726 -1.6359371262086856E-4 -7.015873704473692E-4 
0.660628026957966 -1.218447673118925E-4 -9.69838307168025E-4 -3.4400564026148157E-4 -2.506940511277085E-4 9.816088743718919E-4 -1.429578422829982E-4 -0.00172647913553285 6.617019893089213E-5 -7.01641929299499E-4 
0.38562992791605777 -6.407634687310439E-4 -8.724347836207042E-4 -1.305025452641173E-4 -3.405252264231998E-4 9.978904637335652E-4 -1.524990538816036E-4 -0.0017274847551873155 -1.582526163871193E-4 -7.284523221126777E-4 
0.40645425916575006 -5.775882366164338E-4 -9.670830513347153E-4 -1.307491493653039E-4 -3.610034271776199E-4 8.759480032011458E-4 -2.717194937262237E-6 -0.001846416912817967 5.345769675952684E-4 -7.283043653050583E-4 
0.04364882313953908 -1.6934248375706065E-4 -9.613641009017509E-4 -1.3212393295951004E-4 -3.610236349043553E-4 0.001024120197913726 -2.8023184836449415E-6 -0.0017222857677692263 -1.6404730050903466E-4 -7.378405606985021E-4 
0.6918677253034736 -4.3850966477653635E-4 -8.986765571921747E-4 -1.7522607665713139E-4 -3.6542526383383646E-4 8.676960876684768E-4 6.649762533921064E-6 -0.0017414223834715055 -2.2197233831871832E-5 -7.024592810257314E-4 
0.010256184917813743 -4.105774858429234E-4 -9.618400067050652E-4 -1.340095503827777E-4 -3.656084599817021E-4 8.923932417324753E-4 -8.488091771945262E-6 -0.0017275269522097703 4.97842530626783E-5 -7.378405606985021E-4 
0.43126333055379684 5.064215745605268E-4 -0.0013052256222671867 -3.366586965731932E-4 -4.0087545313394364E-4 9.970575591071067E-4 -1.1430917588552982E-5 -0.0017623180403196935 5.916085562099447E-4 -7.033439828710093E-4 
