0.0 -4.5303902575900646E-5 -4.477454453296164E-4 -1.1219387284330999E-4 2.1459553416441427E-4 2.9005501295258193E-4 -0.001084950539244964 -7.055143882727451E-4 -7.177186894729969E-4 9.702593596263883E-5 
0.9997889309201384 -4.7041746803030195E-5 -4.202300269941015E-4 -1.2941807457145336E-4 3.140046978090282E-4 7.634565494879324E-4 -0.0011510036066329423 -9.172438007862468E-4 -5.861925110862065E-4 1.4480900629265772E-4 
0.07824200114341795 -9.406650418234223E-5 -4.0509318396768725E-4 -6.5794966340506624E-6 3.1354906652345964E-4 3.331771656174557E-4 -0.0014657753830653781 -8.830511802125979E-4 -7.549843716853449E-4 2.560159013940436E-4 
0.4942534513439293 -9.845222361828696E-5 -5.210686881566536E-4 -1.3444134430446226E-4 7.386693825789415E-4 6.523868551101852E-4 -0.0013505155171241589 -8.808943150085621E-4 -5.849036754027471E-4 1.952221889804785E-4 
0.7393502731743671 1.1857334694909058E-5 -4.17258525047285E-4 -1.2835267858277188E-4 2.9655128759813415E-4 3.0839019147306995E-4 -4.765523582981719E-4 -8.525943211477318E-4 -5.858963682224335E-4 -4.1096318285839875E-4 
0.6742429190229098 -1.0312766454081664E-5 -4.937329680732057E-4 -1.6570652910741235E-4 2.727481998006655E-4 5.65662096026261E-4 -0.0013578359158616965 -7.195601909444527E-4 -5.877679220907112E-4 1.2285666287869499E-4 
0.4635576545319567 -3.391223907705415E-5 -0.0014332433889273249 -8.300828479104909E-5 7.497106920182024E-4 2.85522030005666E-4 -0.0013608691924057604 -8.166138147478348E-4 -7.085533039094184E-4 3.0624793587873193E-4 
0.1616626654757652 2.414841325769109E-5 -4.5333010613345397E-4 -9.562104152323889E-5 6.828180553724634E-4 7.484982267630901E-4 -0.0013500919553640109 -8.627060771103128E-4 -5.750242907401838E-4 1.9607613932407617E-4 
0.7591022678919572 -9.72986426239135E-5 -4.1506711517196493E-4 -1.2826947355567083E-4 2.968524546301643E-4 3.1553240402383033E-4 -0.0013990244780132685 -8.525943211477318E-4 -6.025883784519266E-4 2.39138874271433E-4 
0.06357466440277687 -9.781376578162041E-5 -4.944144273463305E-4 -1.3644798269578454E-4 2.7451800730693616E-4 7.637106303257224E-4 -0.001371209994058015 -9.344786850975819E-4 -5.852666796267277E-4 -2.456076081838419E-4 
0.031446594809274586 -9.853948265817783E-5 -5.077310384683465E-4 -7.724339562125294E-6 3.128274529506322E-4 5.166613444940546E-4 -0.0013882478361385874 -8.504852028556879E-4 -5.792794443912214E-4 1.0284958390118701E-4 
0.7025002538149068 -4.940956102328882E-5 -4.29411855907456E-4 -6.793800232882395E-5 6.967784177541056E-4 7.528638761981994E-4 -0.0013703142185396435 -8.567167141572127E-4 -5.905929158147974E-4 1.4804357433523518E-4 
0.5382444780369662 9.06640460142162E-6 -4.475224994724717E-4 -6.308039307298921E-5 3.00119369849947E-4 5.209542445202556E-4 -5.19107071074871E-4 -8.574607027798088E-4 -5.972640009987311E-4 1.5258623194490083E-4 
0.8674503178285371 -9.552342445686156E-5 -4.975979372694205E-4 -2.4058616397056251E-4 2.6113928945246153E-4 2.841620310737935E-4 -0.0015458665611462925 -8.972740485005601E-4 -5.860194239640786E-4 3.5563339483034306E-4 
0.4405196985335365 2.9682884604422826E-5 -4.8425586425543095E-4 -1.0845686057293895E-4 2.57701039751904E-4 8.835275600742824E-4 -0.001387783959887777 -8.488395425454231E-4 -7.121640113742022E-4 1.4528145544927251E-4 
0.47572896812395216 -1.389973802582086E-6 -4.1347940625675064E-4 -8.599198296736164E-5 7.444833978535767E-4 6.274784484720775E-4 -0.001373008020024484 -9.377429131699291E-4 -7.138798038220152E-4 2.5645870802379025E-4 
0.1724347156265249 -4.387618840018525E-5 -4.5011719084938E-4 -9.059000586489651E-4 2.875546431798448E-4 6.531954191852157E-4 -4.940170560984459E-4 -8.826087994078123E-4 -5.885897858771201E-4 1.1292638907413379E-4 
0.1853594116834182 -1.083490981612885E-5 -4.494623084105738E-4 -1.6740691799189787E-4 2.876884450099043E-4 6.531954191852157E-4 -4.966304945691362E-4 -7.25280539573906E-4 -5.885897858771201E-4 1.238015099468273E-4 
0.5139852059825264 2.1160605924228168E-5 -5.616250083195458E-4 -0.001021656928453462 2.622827260433659E-4 2.697876215522574E-4 -0.001059706682581392 -8.712863121323961E-4 -7.100376251062705E-4 3.565468751789487E-4 
0.04165503961067214 -4.523566682922176E-5 -4.098723681310925E-4 -1.6406845394474487E-4 2.9615548197041235E-4 5.108909573214026E-4 -0.0011411172405997143 -6.936585579276599E-4 -5.852296666637067E-4 1.4663347267638628E-4 
0.951245746691582 8.423880494101509E-6 -4.078905259684468E-4 -1.2796873269315016E-4 2.8750801864221734E-4 2.932046304000652E-4 -5.19124512896296E-4 -8.034419024707413E-4 -5.872641277011645E-4 1.5573415968063464E-4 
0.4129496744853931 -1.0349742126462787E-4 -5.560287415099403E-4 -9.044206466377227E-4 3.261481862805459E-4 7.429298347311663E-4 -0.001382020428695224 -8.823675956915167E-4 -6.320209951761169E-4 1.9361822127468824E-5 
0.7178384643825344 -1.0071596583785139E-4 -5.206939993782686E-4 -1.0312511180505184E-4 2.5996132814941553E-4 5.11424469783069E-4 -0.0012530998387306012 -8.545693387869914E-4 -7.015378535931804E-4 2.5604003686527637E-4 
0.8801865987873008 -4.239078566963177E-5 -4.5162577610672374E-4 -1.2272699655601664E-4 7.942540243933483E-4 7.636788912956424E-4 -0.001336327102000537 -8.543395494379132E-4 -5.95847385695296E-4 1.9711516231884945E-4 
0.8986495544100941 -1.0044443983124874E-4 -5.213038341237659E-4 -1.2827058547059832E-4 3.0854789777387515E-4 3.1478005380060434E-4 -4.6833475377530557E-4 -8.536481997761011E-4 -5.879299023406405E-4 2.1135780425724835E-4 
0.0892250750085265 -4.4069568117849586E-5 -4.523736682035473E-4 -1.303202367108487E-4 1.639137408018624E-4 7.554668962814825E-4 -0.0010992377778592881 -8.821369518127279E-4 -5.95769110105977E-4 1.7629682750387493E-4 
0.24926371239766165 -5.524841051737081E-6 -5.418425006462934E-4 -9.872756097632043E-4 2.959309230511614E-4 5.228797229962273E-4 -5.125559415995933E-4 -8.782723481159267E-4 -5.756525134624036E-4 5.8579031187500264E-5 
0.002985650242079996 3.2539728667869005E-6 -5.565410226211845E-4 -2.418407710516737E-5 3.20443670844529E-4 3.225603317331329E-4 -0.0014507855569395444 -9.0549461770253E-4 -7.616013236262075E-4 2.753714270343436E-4 
0.005294196506880733 1.198513756565362E-5 -6.031794687492195E-4 -1.2348822015280513E-4 3.006872160564435E-4 5.201513538102007E-4 -4.709697786159299E-4 -8.744608949586275E-4 -7.094462724518612E-4 1.0666164894605903E-4 
0.8451728000175871 2.268742931354034E-5 -4.164121055755506E-4 -1.1906786224460588E-4 2.9655128759813415E-4 3.1553240402383033E-4 -0.0018153295255950884 -8.525728057707851E-4 -6.025883784519266E-4 1.240680396506116E-4 
0.10219364334708309 6.341812064308852E-5 -4.54330841754317E-4 -9.011054684274989E-5 3.076624051721154E-4 2.8886313433674685E-4 -0.0010609826818736806 -8.016167220278241E-4 -5.807868840301594E-4 3.571151579501141E-4 
0.29118536574299747 -4.695497173356797E-5 -5.55918498889091E-4 -6.653244695238747E-5 3.328577062304181E-4 7.555690660266915E-4 -0.0013360384131437632 -8.823943686719214E-4 -6.327759940812407E-4 1.4701022862723923E-4 
0.9116141218873911 -4.7041746803030195E-5 -4.0905167168402644E-4 -1.1348642386291724E-4 2.9712009290033223E-4 7.634565494879324E-4 -0.0013884153424534207 -9.171506062164176E-4 -5.862107235791432E-4 2.0965999299683312E-4 
0.8293350723864819 -4.0296242160227345E-5 -4.552049002754408E-4 -1.1726837598575524E-4 2.3225613890140553E-4 8.344913446095535E-4 -0.0014573696284478823 -8.998465763700415E-4 -5.826579173223115E-4 1.4550206331684682E-4 
0.01900557739487274 -3.3698439976883114E-5 -4.290902404087007E-4 -6.670360077258907E-5 7.499003349566337E-4 7.897300380583132E-4 -0.0014586687251433594 -8.582502315782853E-4 -5.977938247617947E-4 1.4357954544562683E-4 
0.013777944507218552 -9.853948265817783E-5 -5.077310384683465E-4 -1.2307220731998724E-4 3.128274529506322E-4 5.169859305936896E-4 -0.0011440850778635767 -8.672435127070942E-4 -7.74127467804497E-4 1.0284958390118701E-4 
0.7765952165512767 -9.543591232273351E-5 -4.5162296198333305E-4 -2.3792119026501873E-4 3.1304228359494823E-4 3.514564448671741E-4 -0.00155532286525688 -9.03602485838217E-4 -7.502822467587008E-4 1.9733498635458941E-4 
0.5246429897101328 -2.871479814073258E-5 -5.711707126858753E-4 -8.606636136494705E-5 7.362791836764873E-4 6.274784484720775E-4 -0.0013353992004149495 -9.359306425407407E-4 -6.326055693708056E-4 1.5276409180260401E-4 
0.9269130965730197 -1.0042249462685932E-4 -4.111547503528738E-4 -5.172129766605232E-5 3.169935630039251E-4 3.0295238470255496E-4 -0.001825540661596359 -6.864465747052127E-4 -6.0530123013849E-4 9.760610927069847E-5 
0.39522816252808823 -9.669795532898158E-5 -5.12789908703651E-4 -1.3600076962908602E-4 2.7052584365790897E-4 5.503195989674018E-4 -0.0010748057503092087 -9.341083440512547E-4 -6.338987382745604E-4 2.057158452762353E-4 
0.30969932195990485 -1.0362884757192641E-4 -5.619631907666698E-4 -5.3507429724441525E-5 3.263243620402712E-4 2.834820228683492E-4 -0.001059706682581392 -8.668467299193762E-4 -7.100465480607108E-4 3.565438827450499E-4 
0.36888517367310547 -7.781628997245204E-7 -4.51841885309269E-4 -1.5386314093029693E-4 2.582732274850382E-4 3.218433418944579E-4 -0.0013571491964868066 -7.242218164610198E-4 -5.873209676307194E-4 1.4606737947698095E-4 
0.9589396450540189 -4.5303902575900646E-5 -4.477454453296164E-4 -1.2795954703922704E-4 2.844741612649419E-4 2.8998714087611217E-4 -0.001070186256182252 -8.044982925335062E-4 -7.211192119744128E-4 1.0100471236131746E-4 
0.02668881343032764 -4.0296242160227345E-5 -4.5180901751339965E-4 -1.246074901196815E-4 1.6101797025858404E-4 5.095952848714067E-4 -0.0014664188188304886 -8.58618089455322E-4 -5.793505011709698E-4 1.45909849829928E-4 
0.008417130622889513 -1.0143831233196324E-4 -4.0796475323723964E-4 -1.1250305710294717E-4 2.1744401114063856E-4 2.9327250247653496E-4 -5.208838872812892E-4 -7.044749978795323E-4 -5.834035835645344E-4 9.867407202184656E-5 
0.30969932195990485 -1.0362884757192641E-4 -5.619631907666698E-4 -5.3507429724441525E-5 3.263243620402712E-4 2.834820228683492E-4 -0.001059706682581392 -8.668467299193762E-4 -7.100465480607108E-4 3.565438827450499E-4 
0.9764324348263068 -4.7041746803030195E-5 -4.203660583181639E-4 -1.2941807457145336E-4 3.140046978090282E-4 7.634565494879324E-4 -0.0011510036066329423 -9.172438007862468E-4 -5.862107235791432E-4 2.0965999299683312E-4 
0.0019140329300632725 2.146252704788051E-5 -4.144601503107984E-4 -1.153880080611202E-4 2.9575295699538716E-4 3.2142076962765175E-4 -0.0010563839205561846 -0.0041657386895784295 -7.08561057965415E-4 1.2425563143724904E-4 
0.14638188743779146 -1.0143831233196324E-4 -4.0796475323723964E-4 -1.2826873129886422E-4 2.1242245825131502E-4 2.9464898864868966E-4 -5.208838872812892E-4 -8.034589021402935E-4 -5.771833055310656E-4 2.5202487021718027E-4 
0.8136882772476217 -4.5294088330879886E-5 -4.4498096120192837E-4 -1.293830411828537E-4 2.6126016043943087E-4 7.469633430560875E-4 -0.0014056276242940492 -7.066921535454639E-4 -5.793338709998592E-4 3.556814434557409E-4 
0.6539264362810309 -9.80461917807973E-5 -5.077310384683465E-4 -1.0773782129313192E-5 3.073652297977109E-4 5.166613444940546E-4 -0.0014671566643144809 -8.56217911066921E-4 -5.874517771912598E-4 1.0254694876731348E-4 
0.42222957377540443 9.06640460142162E-6 -4.475224994724717E-4 -6.308039307298921E-5 3.00119369849947E-4 5.212840563983468E-4 -4.7337652583280857E-4 -8.572862319568402E-4 -5.972640009987311E-4 1.5258623194490083E-4 
0.7971837475529033 -9.845222361828696E-5 -5.210686881566536E-4 -1.3444134430446226E-4 7.389763203850333E-4 6.523868551101852E-4 -0.0013505155171241589 -8.808943150085621E-4 -5.848766994089981E-4 1.952221889804785E-4 
0.34533511695130337 -7.781628997245204E-7 -5.057779010421328E-4 -3.1390390360327525E-4 6.959551962653607E-4 3.218433418944579E-4 -0.0013161086005509539 -7.009012826519332E-4 -5.827092369585804E-4 1.4617091223651473E-4 
0.052540727577861046 -4.827126904106053E-5 -5.095058754704552E-4 -4.924990691213271E-5 3.169891657279013E-4 2.93862841092633E-4 -4.1115186730121E-4 -9.804586697151883E-4 -5.7390545946118E-4 1.0154161179234291E-4 
0.022440729873771336 -3.811322679506518E-5 -4.290902404087007E-4 -6.707390539883269E-5 6.967784177541056E-4 7.897300380583132E-4 -0.0014586687251433594 -8.580411038766095E-4 -5.977938247617947E-4 1.448861393106342E-4 
0.663392415248456 1.2053917756729196E-5 -6.031794687492195E-4 -1.2827565844312233E-4 3.164810820163786E-4 3.001922482348863E-4 -4.891321646989925E-4 -8.083133256121157E-4 -5.779424089489006E-4 5.018169978615781E-4 
0.6034294330520594 -4.53698429492569E-5 -4.449619084051827E-4 -0.001028188765395341 2.622827260433659E-4 6.564415755493626E-4 -0.0010506728158362587 -7.036069279532711E-4 -7.100376251062705E-4 3.540768009101834E-4 
4.237870665189103E-4 -9.76116595982683E-5 -5.210686881566536E-4 -1.3444134430446226E-4 7.34498776996148E-4 6.539018568515654E-4 -0.0013484901606369863 -8.808943150085621E-4 -5.848766994089981E-4 1.952221889804785E-4 
0.14638188743779146 -1.0143831233196324E-4 -4.0796475323723964E-4 -1.2826873129886422E-4 2.1242245825131502E-4 2.9464898864868966E-4 -5.208838872812892E-4 -8.034589021402935E-4 -5.771833055310656E-4 2.5202487021718027E-4 
0.058570625704808504 -4.807148957244513E-5 -4.0866005067373824E-4 -1.1351980639682331E-4 2.97010018274748E-4 3.156340965534384E-4 -0.0013819213416962366 -8.566276878669923E-4 -7.146876234940567E-4 9.891939964905054E-5 
0.784754919185401 -9.543591232273351E-5 -4.4916381690283746E-4 -2.3792119026501873E-4 3.1304228359494823E-4 3.514564448671741E-4 -0.0015458316914656932 -9.03602485838217E-4 -7.502822467587008E-4 2.0697578118108215E-4 
0.28784053029979967 -4.447438026157202E-5 -4.562342360368E-4 -1.2731349159594634E-4 2.1194905922292386E-4 3.4102782850030323E-4 -0.001166752137407541 -9.171548742531038E-4 -5.862147010387792E-4 -4.152510930325822E-4 
0.6034294330520594 -4.53698429492569E-5 -4.449619084051827E-4 -0.001028188765395341 2.622827260433659E-4 6.564415755493626E-4 -0.0010506728158362587 -7.036069279532711E-4 -7.100376251062705E-4 3.540768009101834E-4 
0.5693508512016616 1.2053917756729196E-5 -6.031794687492195E-4 -1.2348822015280513E-4 3.006872160564435E-4 5.189586805326278E-4 -4.81445713531418E-4 -8.614195417657259E-4 -5.972374466728308E-4 1.0666164894605903E-4 
0.11270646780537791 -4.345282130178186E-5 -5.162686682050848E-4 -7.992702892928045E-5 2.575309144009843E-4 5.171744209453903E-4 -0.0013900735042829714 -8.784228845377E-4 -5.790498198698745E-4 1.012538526765127E-4 
0.4318593478705254 3.8899660304275295E-6 -5.052550706250875E-4 -2.0537319679964083E-5 3.0955680323297693E-4 5.184101894451194E-4 -0.0011375748266114598 -9.004612913037869E-4 -5.842478880219885E-4 1.4949789298205132E-4 
0.6265646066019811 -9.892197439228623E-5 -5.213038341237659E-4 -1.2826873129886422E-4 2.8613663354919465E-4 2.9301837611635223E-4 -4.821462021269661E-4 -8.034589021402935E-4 -5.856400070052649E-4 2.5202487021718027E-4 
0.5872900652892582 -2.781886641931508E-6 -5.495085250846129E-4 -1.2805868955975084E-4 2.9589709249561505E-4 5.206271804284803E-4 -0.0010214679134459205 -6.968625658453075E-4 -5.756525134624036E-4 5.8579031187500264E-5 
0.19714957282367523 -1.0583615396346758E-4 7.894623300522387E-4 -8.765537371416973E-5 2.3617403682663093E-4 6.325670438460566E-4 -0.0014060423938884994 -9.52877117685263E-4 -6.382126361622099E-4 1.5674105525002088E-4 
0.12465911748261832 -3.1097131192586665E-5 -4.133042742435637E-4 -8.30748555997641E-5 7.64413769570592E-4 2.85522030005666E-4 -0.001062180490103876 -0.0042003906650747635 -7.085533039094184E-4 3.0624793587873193E-4 
0.012327470496909389 -4.730722315665729E-5 -4.96217279932591E-4 -6.755801872349639E-5 2.942358243809689E-4 3.219804302864891E-4 0.00341150143493816 -8.83908579681061E-4 -7.660262752034869E-4 2.42300296615491E-5 
0.21458738238233016 -9.719063578756381E-5 -4.184591438548779E-4 -1.2398819283251147E-4 2.970569305176994E-4 6.326503779767788E-4 -0.0014050352232346892 -7.109275459716035E-4 -6.38031593447768E-4 2.126629311829532E-4 
0.6265646066019811 -9.892197439228623E-5 -5.213038341237659E-4 -1.2826873129886422E-4 2.8613663354919465E-4 2.9301837611635223E-4 -4.821462021269661E-4 -8.034589021402935E-4 -5.856400070052649E-4 2.5202487021718027E-4 
0.2271244471544287 -1.0583615396346758E-4 -4.184591438548779E-4 -1.2398819283251147E-4 3.083273367245177E-4 6.326503779767788E-4 -0.0014050352232346892 -0.0030194915032381955 -6.38031593447768E-4 2.126629311829532E-4 
0.1271249534943551 -4.7041746803030195E-5 -4.513235744682902E-4 -1.2941807457145336E-4 3.140046978090282E-4 7.634565494879324E-4 -0.0011510036066329423 -9.172438007862468E-4 -5.862107235791432E-4 2.0965999299683312E-4 
0.23777264979575902 -4.786504889757096E-6 -5.495085250846129E-4 -9.872756097632043E-4 2.9589709249561505E-4 5.206271804284803E-4 -0.0010214679134459205 -6.981752242255746E-4 -5.756525134624036E-4 5.8579031187500264E-5 
0.33464103698666964 -1.0652752125466276E-4 -4.5180125601980035E-4 -3.425714182067934E-5 2.6126016043943087E-4 3.567789162448345E-4 -0.0014067373904593163 -9.04048881638809E-4 -5.865477455307214E-4 2.0597171042581984E-4 
0.22792839779858928 1.0049299508903608E-5 -6.031794687492195E-4 -9.943625694391876E-4 2.9946581370901554E-4 6.660555175705861E-4 -4.749564176916646E-4 -8.575566061212828E-4 -5.784000119195778E-4 5.046456900654379E-4 
0.8063021579168302 -4.530184160429962E-5 -4.4498096120192837E-4 -3.425714182067934E-5 2.6126016043943087E-4 2.8833126386884205E-4 -0.0014072974146370413 -7.099494314453058E-4 -5.793338709998592E-4 3.556814434557409E-4 
0.39050300027837564 -9.669795532898158E-5 -5.118052050133479E-4 -1.3600076962908602E-4 2.7071368703299024E-4 5.574618968914335E-4 -0.0010748057503092087 -8.029951368821345E-4 -6.338987382745604E-4 2.057158452762353E-4 
0.1316149588887196 -4.402344974686262E-5 -4.5161317420486095E-4 -1.302890926232419E-4 1.61069375787342E-4 9.226048550048423E-4 -0.0010992377778592881 -8.546449185614458E-4 -5.95769110105977E-4 1.978124516721716E-4 
0.6391329317361613 1.989365734392652E-6 -5.079167931556458E-4 -5.095536343477574E-5 3.169891657279013E-4 2.93862841092633E-4 -4.08011973899683E-4 -9.75023828195466E-4 -7.639786468800104E-4 1.0284958390118701E-4 
0.2646587042402222 -4.447438026157202E-5 -4.562342360368E-4 -1.2731349159594634E-4 2.1194905922292386E-4 3.4102782850030323E-4 -0.0011544430766176454 -9.160718640093459E-4 -5.866444611121534E-4 -4.152510930325822E-4 
0.7090691800514666 -1.1333701019081814E-4 -4.5458828046401716E-4 -9.011054684274989E-5 2.6557426995652423E-4 8.799967120335992E-4 -0.0010486714769812862 -8.027189023228222E-4 -7.141181468668006E-4 2.6073025859138234E-4 
0.2646587042402222 -4.447438026157202E-5 -4.562342360368E-4 -1.2731349159594634E-4 2.1194905922292386E-4 3.4102782850030323E-4 -0.0011544430766176454 -9.160718640093459E-4 -5.866444611121534E-4 -4.152510930325822E-4 
0.9835774675745427 -3.9918976740278975E-5 -4.522500700598984E-4 -1.294415350893525E-4 3.071934591439532E-4 9.111889861272789E-4 -0.001075149102913883 -8.057641846856753E-4 -5.909242121738608E-4 1.5852207883943005E-4 
0.3307992602792918 -1.0652752125466276E-4 -4.5180125601980035E-4 -3.425714182067934E-5 2.6126016043943087E-4 2.8833126386884205E-4 -0.0014067373904593163 -8.024679612194772E-4 -5.865477455307214E-4 3.5546269197213234E-4 
0.8397829477256598 -4.0296242160227345E-5 -4.582740919401883E-4 -1.1726837598575524E-4 2.3225613890140553E-4 8.344913446095535E-4 -0.0014573696284478823 -8.998465763700415E-4 -5.847258989019416E-4 9.821270044059669E-5 
0.537551272789601 -3.3959951109491734E-5 -4.5570881585092337E-4 -6.237913875123417E-5 6.564464395586562E-4 5.158837298083051E-4 -0.001363310751193843 -8.575906823670911E-4 -6.014864642018901E-4 2.61182729725592E-4 
0.3808474048051062 -4.422288483912863E-5 -4.126988122227656E-4 -3.0296423123830527E-4 2.577058788627749E-4 6.653684880164285E-4 -0.001027208940318537 -8.028147357027294E-4 -5.819645498244926E-4 2.7789298596996677E-4 
0.35651885320171967 -6.993482730816399E-7 -5.057779010421328E-4 -3.1390390360327525E-4 6.959551962653607E-4 7.525169354933808E-4 -0.0011525448344556427 -7.009012826519332E-4 -5.827092369585804E-4 1.4617091223651473E-4 
0.1965173843223316 -1.0901226441551308E-4 -5.284223732000604E-4 -7.992702892928045E-5 2.575309144009843E-4 5.171744209453903E-4 -0.0013898005898418159 -8.784228845377E-4 -5.790498198698745E-4 1.55999225899908E-4 
0.04972689186307472 -4.807148957244513E-5 -4.4388922096408404E-4 -1.1351980639682331E-4 2.945241782656126E-4 3.2118741766559006E-4 0.0032550190682669538 -8.583616804755754E-4 -7.146876234940567E-4 9.974629204608477E-5 
0.24417300762607125 -3.5392438422971615E-6 -4.96217279932591E-4 -6.755801872349639E-5 2.959770425749086E-4 3.219804302864891E-4 0.00341150143493816 -8.83908579681061E-4 -5.843609950131868E-4 2.172147609068223E-5 
0.5712720540431282 -4.786504889757096E-6 -5.495085250846129E-4 -9.872756097632043E-4 2.9589709249561505E-4 5.206271804284803E-4 -0.0010214679134459205 -6.981462173887068E-4 -5.756525134624036E-4 5.8579031187500264E-5 
0.6420244515322534 -9.892197439228623E-5 -5.213038341237659E-4 -1.2826873129886422E-4 2.8613663354919465E-4 2.9166105873018713E-4 -4.821462021269661E-4 -8.034589021402935E-4 -5.856400070052649E-4 2.5202487021718027E-4 
0.9262579131210402 -1.0042249462685932E-4 -4.111547503528738E-4 -1.2826947355567083E-4 3.164740208376769E-4 3.032492939184249E-4 -0.001825540661596359 -6.854386049913469E-4 -6.025883784519266E-4 2.6866976813760823E-4 
0.2746521578764586 -4.783527152324626E-5 -5.077310384683465E-4 -7.724339562125294E-6 2.307385451214454E-4 5.166613444940546E-4 -0.0014671566643144809 -9.383966146382345E-4 -5.750902219769491E-4 1.1634981008115208E-4 
0.5693508512016616 1.2053917756729196E-5 -6.031794687492195E-4 -1.2348822015280513E-4 3.006872160564435E-4 5.189586805326278E-4 -4.81445713531418E-4 -8.614195417657259E-4 -5.972374466728308E-4 1.0666164894605903E-4 
