1190.0 13139.0 2979.0 
1161.0 13344.0 3057.0 
1194.0 13135.0 2977.0 
1186.0 13246.0 2909.0 
1212.0 13139.0 2869.0 
1161.0 13344.0 3057.0 
1215.0 13140.0 2858.0 
1249.0 13196.0 2798.0 
1138.0 13524.0 3170.0 
1216.0 13077.0 2882.0 
1176.0 13292.0 3243.0 
1169.0 13323.0 3185.0 
1161.0 13344.0 3057.0 
1222.0 13100.0 2818.0 
1263.0 13059.0 2812.0 
1170.0 13300.0 3251.0 
1243.0 13044.0 3111.0 
1184.0 13070.0 3172.0 
1247.0 13233.0 2803.0 
1198.0 13171.0 2854.0 
1138.0 13537.0 3134.0 
1138.0 13537.0 3134.0 
1157.0 13399.0 3094.0 
1207.0 13141.0 2865.0 
1243.0 13085.0 2849.0 
1139.0 13510.0 3118.0 
1278.0 13185.0 2808.0 
1198.0 13195.0 2828.0 
1198.0 13159.0 2929.0 
1176.0 13292.0 3243.0 
1179.0 13088.0 3155.0 
1263.0 13044.0 3068.0 
1198.0 13166.0 2911.0 
1157.0 13399.0 3094.0 
1185.0 13305.0 2960.0 
1170.0 13260.0 3315.0 
1179.0 13241.0 3014.0 
1159.0 13492.0 2970.0 
1187.0 13122.0 3001.0 
1198.0 13195.0 2828.0 
1170.0 13277.0 3311.0 
1184.0 13082.0 3133.0 
1157.0 13366.0 3114.0 
1145.0 13353.0 3130.0 
1198.0 13162.0 2920.0 
1179.0 13258.0 2989.0 
