1187.0 13452.0 2899.0 
1188.0 13389.0 2919.0 
1162.0 13295.0 3132.0 
1145.0 13367.0 3299.0 
1110.0 14526.0 4475.0 
1143.0 13412.0 3344.0 
1178.0 13165.0 3002.0 
1131.0 13809.0 4070.0 
1138.0 13445.0 3189.0 
1170.0 13303.0 3002.0 
1122.0 14426.0 4352.0 
1177.0 13223.0 3401.0 
1144.0 13528.0 3179.0 
1131.0 14200.0 3921.0 
1122.0 14426.0 4352.0 
1128.0 14444.0 4340.0 
1114.0 14298.0 4361.0 
1154.0 13323.0 3065.0 
1177.0 13179.0 3463.0 
1253.0 13191.0 2743.0 
1131.0 14200.0 3921.0 
1131.0 13809.0 4070.0 
1131.0 13924.0 3989.0 
1138.0 13445.0 3189.0 
1189.0 13247.0 2807.0 
1131.0 14034.0 3959.0 
1150.0 13364.0 3018.0 
1187.0 13532.0 2862.0 
1178.0 13290.0 2989.0 
1161.0 13319.0 3174.0 
1156.0 13335.0 3013.0 
1110.0 14540.0 4378.0 
