1197.0 13184.0 2931.0 
1192.0 13265.0 2977.0 
1161.0 13399.0 3197.0 
1181.0 13352.0 2967.0 
1219.0 13253.0 2913.0 
1197.0 13271.0 2846.0 
1198.0 13266.0 2882.0 
1151.0 14042.0 3766.0 
1183.0 13317.0 3320.0 
1135.0 14035.0 3861.0 
1270.0 13469.0 2761.0 
1229.0 13155.0 2938.0 
1161.0 13350.0 3318.0 
1180.0 13186.0 3430.0 
1183.0 13217.0 3340.0 
1184.0 13353.0 2860.0 
1178.0 13621.0 3062.0 
1195.0 13251.0 3120.0 
1120.0 14164.0 4117.0 
1133.0 13992.0 3901.0 
1122.0 14128.0 4031.0 
1186.0 13231.0 3285.0 
1127.0 14063.0 3997.0 
1178.0 13577.0 3177.0 
1191.0 13266.0 3169.0 
1229.0 13274.0 2762.0 
1180.0 13319.0 3272.0 
1197.0 13184.0 2931.0 
1256.0 13220.0 2893.0 
1125.0 14109.0 4044.0 
1243.0 13103.0 2907.0 
1154.0 13782.0 3602.0 
1249.0 13264.0 2853.0 
1159.0 13726.0 3584.0 
1143.0 13868.0 3956.0 
