1214.0 13172.0 2817.0 
1162.0 13301.0 3284.0 
1176.0 13235.0 3694.0 
1154.0 13373.0 3320.0 
1174.0 13518.0 3223.0 
1171.0 13286.0 3273.0 
1192.0 13234.0 3004.0 
1192.0 13270.0 2948.0 
1235.0 13501.0 2693.0 
1198.0 13447.0 2740.0 
1134.0 14133.0 3928.0 
1180.0 13185.0 3596.0 
1212.0 13260.0 2845.0 
1142.0 13722.0 3334.0 
1146.0 13657.0 3214.0 
1140.0 13769.0 3373.0 
1245.0 13141.0 2764.0 
1184.0 13449.0 2851.0 
1214.0 13517.0 2709.0 
1250.0 13376.0 2698.0 
1192.0 13325.0 2916.0 
1192.0 13254.0 2971.0 
1198.0 13233.0 2869.0 
1177.0 13270.0 3142.0 
1175.0 13294.0 3160.0 
1163.0 13558.0 2932.0 
1192.0 13346.0 2889.0 
1162.0 13592.0 2959.0 
1131.0 13977.0 4078.0 
1135.0 14065.0 3979.0 
1143.0 13564.0 3257.0 
1138.0 13723.0 3626.0 
1250.0 13383.0 2657.0 
1182.0 13533.0 2746.0 
1162.0 13592.0 2959.0 
1179.0 13241.0 3113.0 
1170.0 13311.0 3266.0 
1137.0 13873.0 4025.0 
1146.0 13657.0 3214.0 
1154.0 13367.0 3397.0 
1136.0 14047.0 3942.0 
1131.0 14251.0 3975.0 
1137.0 13989.0 3873.0 
1153.0 13629.0 3179.0 
1190.0 13270.0 2999.0 
1131.0 14016.0 3991.0 
1141.0 13675.0 3574.0 
