1212.0 13246.0 2877.0 
1141.0 13233.0 3510.0 
1142.0 13412.0 3108.0 
1142.0 13326.0 3327.0 
1243.0 13084.0 3142.0 
1179.0 13308.0 3050.0 
1138.0 13514.0 3121.0 
1172.0 13469.0 2970.0 
1194.0 13237.0 2991.0 
1170.0 13436.0 3043.0 
1138.0 13296.0 3415.0 
1184.0 13090.0 3115.0 
1192.0 13406.0 2997.0 
1127.0 13897.0 3695.0 
1131.0 13800.0 3878.0 
1144.0 13327.0 3264.0 
1167.0 13456.0 3032.0 
1255.0 13195.0 2903.0 
1179.0 13121.0 3109.0 
1156.0 13468.0 3054.0 
1131.0 13963.0 3598.0 
1198.0 13300.0 2787.0 
1210.0 13189.0 2915.0 
1263.0 13116.0 3104.0 
1131.0 13800.0 3878.0 
1179.0 13406.0 3025.0 
1184.0 13419.0 2993.0 
1247.0 13240.0 2892.0 
1203.0 13265.0 2897.0 
1178.0 13215.0 3186.0 
1154.0 13266.0 3108.0 
1169.0 13319.0 3069.0 
1140.0 13536.0 3091.0 
1243.0 13129.0 3040.0 
1243.0 13274.0 2865.0 
1129.0 13810.0 3627.0 
1226.0 13157.0 2997.0 
1184.0 13173.0 3028.0 
1269.0 13180.0 2832.0 
1152.0 13296.0 3293.0 
1243.0 13129.0 3040.0 
1286.0 13174.0 2929.0 
1184.0 13222.0 3000.0 
1138.0 13328.0 3134.0 
1142.0 13196.0 3331.0 
1158.0 13249.0 3248.0 
1243.0 13129.0 3040.0 
