0.010239967239229729
0.011375161287735677
0.01253990259483859
0.01477904988034901
0.012967818792789602
0.013025919238585744
0.011478525015035483
0.010118513123486302
0.012688294579144267
0.010868181708544592
0.011750702626173046
0.011456653132132358
0.010524372845301711
0.014364552537905069
0.01140216285886279
0.009059689130248337
0.013195214511434239
0.010139931624782397
0.01018724425950981
0.008891239726207137
0.0070497142809769165
0.01414556185742839
0.010118217425362707
0.009882140484042571
0.011801080775786016
0.009533343604386457
0.014301663473550249
0.009804270546577414
0.009708410405817377
0.009107837794484718
