4 10 18 15 6 17 8 11 14 12 0 9 19 16 5 2 13 7 3 1  
4 10 18 15 6 17 8 14 11 12 0 16 9 1 5 2 7 13 3 19  
10 4 8 15 14 6 11 0 18 13 12 17 1 5 9 19 7 2 16 3  
4 10 18 14 6 15 17 8 11 12 5 0 1 9 13 7 2 19 16 3  
4 10 18 14 6 15 17 8 11 12 0 5 7 9 19 2 1 13 16 3  
4 10 18 15 6 17 8 11 14 12 5 9 19 1 0 2 13 7 16 3  
4 10 18 15 6 17 8 14 11 12 0 9 19 16 5 2 1 7 13 3  
4 10 18 15 6 17 8 14 11 12 0 16 9 19 5 2 7 1 13 3  
4 10 18 14 6 7 8 11 17 12 9 15 19 5 3 13 2 16 0 1  
4 10 18 14 6 7 8 11 17 12 9 15 0 16 19 5 3 1 2 13  
4 15 18 10 6 11 14 0 12 5 7 9 2 1 13 17 3 19 16 8  
10 4 8 15 14 6 11 0 18 19 12 17 1 5 9 13 7 2 16 3  
4 10 18 14 6 17 8 15 12 0 9 11 2 19 16 5 13 7 3 1  
4 10 6 15 18 14 7 0 11 12 8 5 9 19 2 1 17 13 16 3  
4 10 18 14 6 15 7 11 8 0 12 9 5 19 2 17 1 13 16 3  
4 10 18 6 15 14 11 7 8 0 12 5 9 19 1 17 2 13 16 3  
4 10 18 14 6 11 17 8 15 7 0 12 9 19 3 13 16 5 2 1  
4 10 18 14 6 7 8 11 17 12 9 15 19 5 3 1 0 2 13 16  
4 10 18 14 6 7 8 11 17 12 9 15 19 5 2 13 0 16 3 1  
4 10 18 14 6 7 8 11 17 15 0 12 9 13 3 19 16 5 2 1  
4 10 6 15 18 14 17 8 11 12 0 16 9 19 5 2 7 1 13 3  
4 10 18 14 6 15 17 8 11 12 0 16 9 19 5 2 1 7 13 3  
4 10 18 14 6 15 17 8 11 12 0 16 9 19 5 2 7 1 3 13  
4 10 18 14 6 15 0 8 11 19 12 5 9 13 2 17 1 7 16 3  
4 10 18 14 15 6 0 8 11 19 12 5 9 13 2 7 17 1 16 3  
4 10 18 14 6 7 8 11 17 12 9 15 5 19 0 1 2 3 13 16  
4 10 6 18 15 14 17 8 11 12 0 16 9 19 5 2 7 1 13 3  
4 10 18 14 6 7 8 11 17 12 9 15 5 13 0 1 2 3 19 16  
4 10 6 8 15 0 12 9 11 5 2 17 1 7 18 19 13 16 3 14  
4 10 15 6 11 7 18 0 8 19 12 5 17 1 2 9 13 16 3 14  
4 10 18 14 6 15 0 8 11 7 12 5 9 13 2 17 1 19 16 3  
4 10 18 15 5 8 11 0 14 12 7 6 9 19 1 17 2 13 16 3  
4 10 18 14 6 7 8 11 0 15 17 12 9 19 3 13 16 5 2 1  
4 10 18 14 6 7 8 11 17 12 9 15 19 5 2 13 0 16 1 3  
4 10 18 14 6 7 8 11 17 12 9 15 5 13 0 1 2 3 19 16  
4 10 18 14 6 15 0 8 11 19 12 5 9 13 2 17 1 16 7 3  
4 10 18 15 6 14 17 8 11 12 0 16 9 1 5 2 13 7 3 19  
4 10 8 6 15 0 11 9 12 5 19 17 1 7 18 2 13 16 3 14  
4 10 18 14 6 15 7 11 8 0 12 9 5 19 2 17 1 13 16 3  
4 10 18 11 6 15 17 8 14 12 5 0 1 9 13 7 2 19 16 3  
4 15 10 6 11 18 7 0 8 19 12 5 17 1 2 9 13 16 3 14  
4 10 6 15 7 8 11 0 12 5 9 17 1 19 2 18 13 16 3 14  
4 10 18 14 6 11 15 17 12 5 7 9 1 2 13 0 3 19 16 8  
4 10 18 14 6 15 7 11 8 0 9 12 19 5 2 17 1 13 16 3  
4 10 18 14 6 11 17 8 15 12 0 16 9 19 5 7 1 13 2 3  
4 10 6 8 15 0 12 9 11 5 7 18 2 19 1 17 13 16 3 14  
4 10 18 14 6 15 7 11 8 0 1 5 9 19 2 12 17 13 16 3  
