10 6 15 5 11 9 8 0 13 2 7 4 19 12 16 18 17 1 3 14  
10 6 15 4 18 14 11 17 8 12 5 9 19 2 7 0 1 3 13 16  
4 10 6 18 15 17 8 14 11 12 5 9 19 7 2 1 0 13 16 3  
10 6 15 4 18 14 11 17 8 12 5 9 19 2 0 1 7 3 13 16  
10 6 15 4 18 14 11 17 8 12 5 9 19 2 13 16 0 1 7 3  
4 10 6 18 11 17 8 14 12 5 3 15 9 19 2 13 16 0 1 7  
10 6 15 4 18 14 11 17 8 12 5 9 19 2 13 16 0 1 7 3  
10 6 15 4 18 14 11 17 12 7 8 5 9 19 2 1 0 13 16 3  
10 6 15 4 14 11 5 9 8 19 0 12 18 7 2 1 17 13 16 3  
10 6 15 4 18 14 7 11 8 17 12 5 9 19 2 13 16 0 1 3  
4 10 6 18 11 17 8 14 12 0 3 15 9 19 13 16 5 2 1 7  
10 6 15 4 18 14 11 17 8 12 5 9 19 2 0 1 7 3 13 16  
4 10 6 18 15 17 8 14 11 12 5 9 19 2 13 16 0 1 7 3  
10 6 15 4 18 14 11 17 8 12 5 9 19 0 1 13 7 2 16 3  
10 6 15 4 18 14 11 17 8 12 5 9 19 2 7 3 1 0 13 16  
10 6 15 4 18 11 14 17 8 12 0 9 19 3 13 16 5 2 1 7  
10 6 15 4 18 14 11 17 8 12 5 9 19 2 13 16 0 7 3 1  
4 10 6 15 18 14 7 17 8 12 5 9 19 11 2 1 0 13 16 3  
10 6 15 4 18 14 11 17 8 12 5 9 19 1 0 7 2 13 16 3  
10 6 15 4 18 7 11 17 8 12 5 9 19 2 1 0 13 16 3 14  
4 10 6 18 17 8 14 11 12 0 9 15 19 3 13 16 5 7 2 1  
