4 10 6 15 8 17 18 14 11 12 5 9 19 7 1 0 2 13 16 3  
4 10 6 15 8 17 18 14 11 12 5 9 19 7 1 0 2 13 16 3  
4 10 8 6 15 5 18 11 17 12 9 19 7 1 0 2 13 16 3 14  
4 10 6 15 11 5 17 18 14 12 9 19 7 2 1 0 13 16 3 8  
4 10 6 18 14 8 11 15 17 12 9 19 5 2 7 0 1 3 13 16  
4 10 6 18 14 11 8 15 17 12 9 19 16 5 3 0 13 7 2 1  
4 10 6 18 15 7 11 8 17 12 5 9 2 19 0 1 13 16 3 14  
4 10 6 18 15 17 8 14 11 12 5 9 19 16 0 1 7 13 2 3  
4 10 6 15 8 17 18 14 11 12 5 9 19 7 2 1 0 13 16 3  
10 6 4 18 14 11 8 15 17 12 9 19 16 5 0 2 13 7 3 1  
4 10 6 18 14 11 8 15 17 12 9 19 16 5 3 0 13 7 2 1  
4 10 6 18 15 14 7 8 5 9 11 19 17 12 0 1 2 13 16 3  
4 10 6 15 8 17 18 14 11 12 0 9 19 5 7 3 13 2 1 16  
4 10 6 18 15 17 8 11 14 12 5 9 13 16 0 1 7 2 19 3  
6 10 4 18 15 14 5 8 11 17 12 9 19 7 1 0 2 13 16 3  
18 10 6 4 14 8 11 15 17 12 9 19 5 2 7 0 1 3 13 16  
4 10 6 15 11 5 14 18 17 12 9 19 7 1 0 2 13 16 3 8  
4 10 6 15 18 17 8 14 11 12 5 9 19 0 2 7 3 13 16 1  
4 10 6 15 11 5 14 18 17 12 9 19 7 1 0 2 13 16 3 8  
4 10 6 15 8 17 18 14 11 12 5 9 19 16 0 1 7 2 3 13  
10 6 4 18 14 11 8 15 17 12 9 19 16 5 0 2 13 7 3 1  
4 10 6 15 11 5 17 18 14 12 9 19 7 2 1 0 13 16 3 8  
6 10 4 15 7 11 8 0 12 5 9 19 18 2 17 1 13 16 3 14  
4 10 18 15 6 14 7 11 5 17 12 9 1 0 19 2 13 16 3 8  
4 10 6 11 15 5 18 14 17 12 9 19 0 1 7 2 13 16 3 8  
6 10 4 18 15 14 5 8 11 17 12 9 19 7 2 1 0 13 16 3  
4 10 6 15 18 17 8 14 11 12 5 9 19 16 0 2 13 7 3 1  
4 10 6 18 15 17 8 14 11 12 5 9 19 7 13 16 0 1 2 3  
6 10 4 8 15 5 18 11 17 12 9 19 7 1 0 13 2 16 3 14  
