1.538690298127598 0.0 0.0 
0.0 0.0 1.0154147912031615 
1.538690298127598 0.0 0.0 
0.0 1.0484790202449297 0.0 
1.069571171435769 7.653738338313638E-5 2.1412688813404415E-4 
1.3994253788250461 0.17932496264160377 0.0 
1.4859756782432785 0.04854316655173983 0.0 
0.15379563206218166 0.7277944895534952 0.14655013295658556 
0.3948654577040707 0.2210597796464023 0.4181327347643146 
0.04736935397422832 0.254467846453504 0.7591767996982043 
0.42770603808810675 0.372726377156165 0.21954109501020708 
1.0253229753717045E-4 0.25147544773924063 0.8603711879807004 
0.003677082138776814 0.8367405934642408 0.1822420497640741 
0.17277131047033348 0.11516894800062569 0.7303864263827613 
0.455005400291301 0.471095577903071 0.10467419537701302 
0.6123628752907285 0.3404395253484945 0.07012617686606541 
0.007467908878564572 0.2288457598458848 0.836994909936198 
0.7692655097406028 0.27603158932361743 0.026045662971566658 
0.35028265377524 0.2923392579926986 0.3852481337412881 
1.4093425946690188 0.0 0.1291632560268513 
0.3678308381833616 0.35734404618836113 0.29984926268043277 
0.0094859743135545 0.8800473150141817 0.13860553409568246 
0.32824911626486436 0.396560273919148 0.29969813615211416 
0.06840875991302588 0.3674913916515171 0.6246563658215697 
0.004145837137704914 0.677648487377316 0.36747498482909285 
0.23793874339342155 0.4544380408348879 0.3304000410182641 
0.7048472985546831 0.18645393071285168 0.18502585571631724 
0.5426948951932741 0.011161037485842556 0.46871034399310396 
1.4353509425878646E-4 0.021675362394597324 0.9935443655302302 
0.4711010165359996 0.08480220669102484 0.49880530851934846 
0.031005337561515606 0.9643654117946074 0.024778048908684732 
0.0014662374381229633 0.33365052447335675 0.6874584207287928 
0.0734316440276172 0.3590879546095867 0.5869421522347151 
0.9204523655803201 0.025809787451935594 0.0954156532294754 
0.2943309572516624 0.627228112132293 0.13257359010644748 
0.47127332315420717 0.5518234828750181 0.04010666209108479 
0.6733847845988473 0.3458325377215486 9.021199771548691E-4 
0.038052630643539795 0.0723791543321683 0.9053506125588728 
0.5035212803750284 0.40303003360155704 0.10998109272232523 
0.14215722733789884 0.6951628098989268 0.18218501937630868 
0.14685430229014163 0.5548669216449449 0.3388871779439082 
1.1000581970321119E-4 0.22319444380773765 0.8891368091953858 
0.8075938146088281 0.13221378754647076 0.07862495338566089 
0.03221284156564746 0.061553034989464246 0.9224308204156493 
0.8457703871523393 0.011902774519669394 0.19067584066483673 
0.0 0.5192412259772489 0.5329486669429585 
0.35503873658333374 0.03232950905770645 0.6385829683704929 
0.09539991265446356 0.5796885711954337 0.3735796051460877 
0.012211198787221504 1.0294290810255544 0.010651365604259796 
0.009452732012072147 0.7968846792135804 0.2487837671845813 
0.20661709841788897 0.7577599580575293 0.07177195463368118 
0.8343791682273962 0.16155978425833203 0.06342902656703234 
1.0404503841091854 0.0291973247099666 2.1412688813404415E-4 
0.09737299487527569 0.10685990358209997 0.8159158998074322 
0.02553178014706021 1.0007928384928904 0.0 
0.009190733014622001 0.774797626838595 0.26531296041161084 
0.06386941148803203 0.42131361354550917 0.5462472855519046 
0.08459167804661784 0.9261246736240591 0.014019358570021062 
0.5684658010839524 0.006227644542103263 0.5227341418646952 
0.533373773362534 0.005840614022529311 0.5579534144476798 
0.9510556750590511 0.013453045356261928 0.06060063392273623 
0.0850016030070618 0.9306126046944454 0.013986119813660148 
0.30503259323250975 0.4905382149727832 0.216761995368985 
0.6903064601843524 0.20757360528784385 0.17844701951165579 
0.8769945973800857 0.027173331828974027 0.11827694914056634 
0.16518457129728842 0.31289835978385994 0.5763933808982977 
0.17695268891278704 0.5926258881659381 0.25102404217447133 
0.19256674487556555 0.644918361592973 0.18312091782775 
0.13658000598362927 0.44848865042233216 0.44430386445872905 
0.3173461929654147 0.608765605789197 0.08778547598446058 
0.053112202097820735 0.9885280777149552 0.010651365604259796 
0.5864187339229538 0.006424322132903563 0.5045845314348935 
0.21941398281219565 0.8051543970028023 9.068562544522319E-4 
0.516998748484659 0.34599862004764514 0.15499353629789703 
0.16306331526898873 0.32284311689778916 0.5458519027575148 
0.10914729863885203 0.4364371268167782 0.5101426569043278 
0.026013447569650412 0.04160502619027127 0.9609716039263868 
0.8946394111660838 0.01771927321440887 0.16369890976167256 
0.2560213472083166 0.040693974734266856 0.7396039952446004 
0.1642296854377413 0.5347293683523217 0.33354107951455125 
0.028252005493447013 0.5660409781579157 0.4338342744280846 
0.08159309745554397 0.8932956822224073 0.042356978321478236 
0.4188796739010345 0.06857614212846762 0.5318229718881187 
0.25233492858741924 0.04321073202894137 0.7407736565708232 
0.7533504916116092 0.1458703039701365 0.16816974938473822 
0.329135845105011 0.31251354412161075 0.4329127330259315 
0.30310703355628305 0.4960316025124702 0.21773408921511458 
0.9996804029848143 0.018095257473734763 0.007858866420954694 
0.08148040512835021 0.8920619066649021 0.043703446206177034 
0.19041572854566896 0.17038559744730403 0.6546867273170585 
0.9563558921056404 0.00877134043307727 0.06063949539280265 
0.11801212982954075 0.1299765016199233 0.7883902416500993 
0.7533504916116092 0.1458703039701365 0.16816974938473822 
0.026013447569650412 0.04160502619027127 0.9609716039263868 
0.9971138189383045 0.004595481001849072 0.012273039635604534 
0.19757832410953646 0.3623815395930221 0.4559725382961169 
0.035597502986862935 0.058099191624274064 0.9217502363942219 
0.059258729192834786 0.2897810084520987 0.6704220132269855 
0.42185793426996915 0.4864043711788897 0.11018866697527487 
0.13598078380754694 0.7579566918212209 0.1820851255903493 
