0.5021372374359618 0.0 0.0 
2.1594441849381167E-17 0.5186876053203999 0.0 
0.0 0.0 0.5011211910170061 
0.5021372374359618 0.0 0.0 
0.13197679284056968 0.085948245255702 0.286919132774694 
0.14855789771499064 0.34997769240188753 0.002983254555909452 
0.01574505993593976 0.48460198147104727 0.001914809223804329 
0.0018566229706920964 0.12218885451048027 0.3778227904521192 
0.28436229962941767 0.18029321058115758 0.06582016472128722 
1.5794819780167603E-17 0.37938360738308197 0.14492864820437332 
0.45593864277280255 0.030169719007830016 0.02220521523914811 
0.017376741625909194 0.0379696438737378 0.4511901123342841 
0.3084429440445682 0.04255982627235515 0.15546021308291197 
0.027183858803913163 0.017235284656684315 0.4860510884789858 
0.0061685105018318065 0.2348215986091736 0.2600679920050528 
0.10824692499362976 0.36470018230083356 0.03240291804548191 
0.36416198401279887 0.03988557285912448 0.1132690955389248 
0.07859628342745087 0.14505892765901807 0.2805944307834445 
0.15625584738771964 0.04551737887554545 0.3068646601722379 
0.3517595361371455 0.10502032423696502 0.07596756451039452 
0.04748831375152855 0.19384106367103024 0.2658652636790789 
6.95663581264826E-4 0.4631302096109932 0.043128942478265445 
0.16647070539727776 0.31206867334827887 0.02734697450944578 
0.022732498614312487 0.049760308826671186 0.4347706610441799 
0.3852138352037507 0.018394713245885 0.09766374391698077 
0.32970379412930606 0.06201957676918819 0.10981418194095367 
0.47038430197782916 0.005736416482186813 0.02544196053143539 
0.27164858819004734 0.03358034929553097 0.19845151104631698 
0.007782409737507483 0.5101765719974705 0.0 
0.05133339459398194 0.03610219355759817 0.41414416291677897 
0.11717829150326704 0.2760525605887791 0.10836758606525584 
0.1717480264209382 0.32196162458409205 0.007323111479435044 
0.10650487996689492 0.2684380186326696 0.12669001993127166 
5.3647366412005226E-18 0.1288582692253584 0.37180706713247175 
0.18954837713524852 0.014435520834617532 0.2987637416510709 
0.32138926804324536 0.03179596935261688 0.16424327335197889 
0.4049303832833589 0.021193505010082807 0.07649114443482864 
0.13829011246420336 0.021217854040862478 0.36202681784742907 
0.08824952978642392 0.4006820768092177 0.012124513714364047 
0.0823402163195247 0.22126469122159376 0.1991955759449688 
0.1705459960244348 0.001244545079863941 0.33414196180306993 
0.08964506729593229 0.20889874242273107 0.20613165959371296 
0.046092911174829054 0.3920590232633473 0.10709391355776868 
0.00578545151214504 0.256257814343163 0.24090366230640975 
0.0027271299896940637 0.036330007831875594 0.46359489958544414 
0.37503233597928837 0.03766740560175998 0.10010913845185128 
0.4314427071072852 0.005638247070419288 0.07059329588256996 
0.4399846756110472 0.04786384148199307 0.01428872034292155 
0.1981432257958784 0.1370774268273059 0.1721015876648703 
0.18668733462849973 0.24467035211038354 0.07798034722430766 
0.14220802036229793 0.021818978708751015 0.3420830265595079 
0.003184033668547231 0.06507196223553863 0.4327937629992295 
0.21114878124454017 0.10055915478325783 0.22035864855235018 
0.12100876409504842 0.39260780963584513 0.02258669143692887 
0.0022644683434482307 0.11317439643644153 0.39766820779753315 
0.0305299672455346 0.06346837309481834 0.4118912241137783 
0.09008551149467743 0.2173402058373305 0.1951308040294885 
0.053041669755779675 0.42420675290794657 0.024838194268491362 
0.06778523445195596 0.30560149295845546 0.13136462264014664 
0.3178792253932055 0.14308701138241997 0.06921690973603871 
0.062314278602498 0.20928371813354396 0.23356558708705594 
0.19070070973703032 0.1341176438642291 0.1757022663891479 
0.05559528224730315 0.4719341641175423 0.0159782658178655 
0.0026727860793524685 0.2617484741987421 0.24308981871658744 
0.07318012222945977 0.21760488923094792 0.21234266425907547 
0.21249035444571235 0.10498683751513845 0.21723310188351366 
0.26065927509249026 0.009324406503209846 0.23090723613948552 
0.4819615964340285 0.0024124926735525146 0.025125533000296966 
0.0041952271002548575 0.43166042728683507 0.07343270471196782 
0.00936370826199811 0.4148206103379184 0.077832934600254 
0.30044880063888163 0.02369620878711829 0.1924647781465413 
0.058150237729261506 0.44213735954497757 0.0019145817333541667 
0.04350065863572988 0.10964033401118436 0.34848893773450507 
0.24490628311949683 0.07597244911786001 0.18019592126127706 
0.11744533751241769 0.32673376482127625 0.08615483987341185 
0.001033549971304222 0.011762448480900528 0.48836666956636804 
0.04748831375152855 0.19384106367103024 0.2658652636790789 
0.2328627548677549 0.11247460105338472 0.18680150130514298 
0.11902774072036518 0.33515694559812464 0.051509606545721405 
0.29250106878965376 0.15386824753047113 0.06322497998565668 
0.17489187656566166 0.023817926486219224 0.32174773068536944 
0.338520879473766 0.16725576396868386 0.02731687917990178 
0.10179659801189066 0.3023866746036023 0.0980432869746309 
0.48781110577420483 0.0015193820723481046 0.017690150795577175 
0.01262504415257559 0.026399275597025106 0.4632053602687501 
0.338520879473766 0.16725576396868386 0.02731687917990178 
0.2878521162445607 0.1399777823120939 0.08154133031589098 
7.055706455967513E-4 0.46972572632947945 0.03663317079142818 
0.2234220058756101 0.06930780524284444 0.20833513951238125 
0.041495989089497406 0.1030767053046431 0.3560611988035697 
0.08086975919745416 0.4050599016035547 0.014718255715518574 
0.20978961485037922 0.06507889726903887 0.22619643851141769 
0.07745949542280557 0.23032982738828028 0.1953615935356422 
0.25702027157961976 0.02266893758617858 0.22162925095523747 
0.43825708265244023 8.187987407345094E-4 0.062191917764703286 
0.17746450304327369 0.02416828368704244 0.3200857680053563 
0.24490628311949683 0.07597244911786001 0.18019592126127706 
0.19597498404724165 0.1378269811003339 0.1687526413999246 
0.23758381778329743 0.06677228137344013 0.19670885147409825 
0.2243753844187054 0.06931790145262592 0.20769249559948827 
