0.0 0.6262113680533496 4.105573973472018E-8 
0.5099552563478156 0.0 0.0 
0.0 0.0 0.500909593038223 
0.0 0.6262113680533496 4.105573973472018E-8 
0.0 0.5852684442212707 0.05106200565073125 
0.0010041911931827287 0.5108404374898965 2.8742332279192978E-5 
0.2880168229228799 0.00983247745662083 0.20463689834903442 
0.1402153008679112 0.3061870454795175 0.05655242284535802 
0.2476824511825462 0.0117655029688327 0.24393978792091275 
0.2220196718242398 0.07365093085217458 0.215813873998036 
0.3246959522879813 0.027407181409068924 0.15188472462970914 
0.18777187980107463 0.07622378875582779 0.2398558796494215 
0.11952975862500663 0.26338774292639694 0.1189262274372339 
0.04538975980978937 0.08372354686255777 0.37385590007918806 
0.3011356047488979 0.06444290144337482 0.1371225556644853 
0.007849165110933561 0.6187276315404575 1.0963411609300841E-6 
0.4611917221125892 0.018594045871124173 0.0249653456334829 
0.18088990677429082 0.04288299979153714 0.27783540694121195 
0.08016730284207237 0.35455584448454425 0.0917148291886534 
1.8093391845772395E-4 0.4656050535861553 0.03770468621337443 
0.016327729784076005 0.10157130893648181 0.3869696590595782 
0.4394902625426053 0.03588283937130854 0.0265596610142779 
0.011365266035905947 0.024147365922773143 0.46806749722838503 
0.07931854947514828 0.1685614449526535 0.25707430712174056 
0.09426903570102994 0.21060835435759304 0.19750526226881435 
0.402247404931324 0.001823948756156924 0.10955521694500468 
0.04940516450523676 0.4831085706826477 0.0024497551795167475 
0.2652152042159974 0.061397582375300574 0.17699215139105084 
0.07385733948690448 0.15695571775643616 0.2741447096217029 
0.35417850472304396 0.11411533369162159 0.033600482607601075 
0.04153714974931262 0.18572304256100974 0.2899488524427636 
0.08434538277469132 0.37303423413115483 0.06905835960942389 
0.024893425572083294 0.15273806781577243 0.3261116432341807 
0.00508177871407077 0.08425708708320871 0.4126255434989273 
0.0026624069651157455 0.4536556209832283 0.04707905153705696 
0.012003423483159107 0.03696001660578576 0.4562213334048378 
0.4777266385018366 0.013831488719195515 0.013307055869320156 
0.34711847489228387 0.08956133762687533 0.06536809509477425 
0.05968439922204267 0.015399395354687883 0.42684895540901413 
0.06950844427147336 0.1471510575893775 0.2976496711493233 
0.050734508661405504 0.4260439426576592 0.027083576973169453 
0.03343766749463968 0.3269703463609506 0.1748446855273469 
0.36696279890528216 0.10998436673183509 0.027093160852656478 
0.2798101916387139 0.03127702584297233 0.19084981137731416 
0.4880251185759381 0.004619392444618319 0.010418100984954595 
0.04609383343102827 0.23070499442320228 0.22661401632423256 
0.014844986710723623 0.09234748193979894 0.3958702399752114 
0.10279540879571637 0.21388491357539177 0.18614832761784253 
0.046312949491657394 0.13232621526677088 0.3319894889163541 
0.08378485254999432 0.1842849890459631 0.23386180139933235 
0.06077624170364287 0.4130469766235425 0.031368019519383686 
0.03897767617165172 0.15492998641080308 0.309527410390902 
0.2550679461640611 0.06847400399377873 0.17832868128457346 
0.13221099430065794 0.29133126159948436 0.08125124780360596 
0.03466523992575231 0.2836582179124518 0.18278177336635257 
0.4296786097329317 4.068929045277972E-4 0.08332678510150804 
0.040256942498788736 0.1718323662729994 0.3022193283343981 
0.30422853842049447 0.06510478803740874 0.13343044827192718 
0.20700124535180725 0.053409166509762684 0.24255141552409137 
0.4176681068599629 0.009059241367904852 0.09673849948801891 
0.08236399746522005 0.004606299305016431 0.44293401910746805 
0.34486810076891 0.12392674699463226 0.03363643045600789 
0.49832381018722216 0.013136081609304812 0.003965625515890446 
0.03269484255580369 0.13955436783247868 0.3426983140847811 
0.41417760107799306 0.0494914552387241 0.04762572602042848 
0.1099256063496325 0.3999469611238529 0.004130856763944425 
0.14636506559854973 7.255840746936522E-4 0.35779236074956366 
0.12465644145153597 0.37627682887087244 0.018364305937926928 
0.20700124535180725 0.053409166509762684 0.24255141552409137 
0.15649963501336514 0.3413018193741674 0.006757321664233693 
0.16932547714002796 0.2531233916659019 0.08184722779888681 
0.03344509360662048 0.13910479402026574 0.3432965263060211 
0.33132851152145093 0.06864336411983156 0.10428376873361282 
0.10672412138672371 0.2467470869568657 0.15805412531816548 
0.16245955542655047 0.24285957655442425 0.09574301277614992 
0.09117799220966213 0.20400865208504318 0.21687780177265603 
0.1240545955017547 0.38377261546939645 0.0032837814853023347 
0.007331152138349245 0.016047616103782716 0.4797598422720209 
0.15353907517894294 0.3348452902086643 0.01569395583712476 
0.017557323666382806 0.22022167008905374 0.2656793339453084 
0.027617741120031188 0.4433867760497379 0.03169282150114041 
0.0643872335709509 0.4038368718064658 0.03359547920265945 
0.14636506559854973 7.255840746936522E-4 0.35779236074956366 
0.0036386432889397077 0.3334991914791426 0.16428029142479353 
0.012268031261974859 0.0013713136343461595 0.48783917670212035 
0.4636594110403902 0.048178259691372786 2.8741941559553643E-5 
0.0014139916354221444 0.24093433567344819 0.2610405895304605 
0.11127120758614575 0.31560740082904865 0.07719971280953757 
0.3770733394631011 0.1238052493012793 8.616753956856831E-4 
0.05834489343200647 0.22149419470578297 0.22336943958620734 
0.07763825077742766 0.021359863237819705 0.4061778180910465 
0.16936368775517144 0.005083050621225779 0.32972279930636605 
0.06040083098297999 0.29960172416129005 0.15432820129463717 
0.39453970246327824 0.0027435883372812207 0.10771478036016281 
0.38591848036422033 0.001749906956785629 0.12595818331147968 
0.23025706284742362 0.007519070709770542 0.2656761381391861 
3.566888112737004E-4 0.4791317946234349 0.03533342269818059 
0.025731673818846956 0.07908697398138055 0.40095443571629735 
0.2735645017891827 0.02132618732587929 0.21666035931709487 
0.06961457244723764 0.15576099830955206 0.2861516884106312 
