0.0 0.5134219551471304 0.0 
0.0 0.0 0.5055472216460295 
0.6364385783257482 0.0 0.0 
0.0 0.5134219551471304 0.0 
0.6364385783257482 0.0 0.0 
0.0 0.0 0.5055472216460295 
0.5752557399247967 0.0 0.028003794957241965 
0.005290924747816085 0.05017982454001463 0.46010106341803053 
0.1372651658653871 0.29396953956956934 0.08310172218609696 
0.5276052877703291 2.292498255783516E-6 0.0 
0.06609692184354812 0.35489510401741226 0.09193983287755816 
0.16299018547145572 0.018061636521020552 0.33678320318059785 
0.15470628439698386 0.3171998102738822 0.04244155422862707 
0.1982608882972521 0.023322147668715897 0.2835260216644578 
0.07589959454520785 0.24308239425712985 0.18861776455042284 
0.02658470364663915 0.12596200756187054 0.3590136288847765 
0.12536416282424503 0.26503453994057863 0.11450738478339394 
0.10014098297313691 0.3334418024142926 0.07411790062915778 
0.5957180872408411 0.0 5.6961479324591725E-11 
0.4017204398140304 0.06977386424429609 0.034774168451802714 
0.18704251066648636 0.15887130036969516 0.1728050894925543 
0.03231875453395506 0.3855815974302296 0.09471692433778924 
0.07810485400504734 0.2105169189681936 0.21642856356461865 
0.043488426248255795 0.42502425704873087 0.044862440003343225 
0.14776289794036293 0.048668940579730424 0.32327257592058656 
0.07481384094717006 0.3436399323224629 0.0873334504540748 
0.11127488824965943 0.22572280303383696 0.16835094275821666 
0.019758999909415664 0.19165012875212736 0.30139484372715447 
0.0012759214698058316 0.30725284386796414 0.296574974131933 
0.0 0.44633474848889054 0.06673349891687698 
0.02328463625989906 0.2473036800768564 0.25744430419965575 
0.026174737006323175 3.6925679128809835E-4 0.4858788781512138 
0.20815963490219805 0.03893869774864225 0.26226088252922003 
0.3010283351400977 0.08345575526114973 0.12288643694742382 
0.08131710860312422 0.009719978191980144 0.4166186832376618 
0.17394828833479897 0.006733462071521737 0.3243863045129232 
0.03969745572851393 0.4705002405768808 0.0026789173112245416 
0.23368040326869108 0.26892351835523487 0.015405952416088801 
0.10354068686075776 0.25904388049595 0.1551763881759896 
0.0629781182110762 0.20169899262687863 0.24331693271875904 
0.0026706491166576616 0.10594800900334746 0.4096816855972096 
0.4259929662048507 0.07701770949121022 0.005917517844641694 
0.38548799002061895 0.06629162293738736 0.05316502100649238 
0.2979121475574198 0.05366650040642386 0.16759666328637546 
0.00606186135718918 0.46257463927352815 0.04520738552445633 
0.5110141918126364 5.348832587110271E-4 0.009806466826224523 
0.061401941845822115 0.005344037920163184 0.45242616034061944 
0.013041524243248647 0.14771160241832132 0.3447659135257818 
0.4510640294646774 0.05306029844599979 7.677955238085075E-4 
0.48385181552421164 0.025087595183274854 0.004412264748821366 
0.43136068715225745 0.07757867427048652 0.0 
0.03217174690159075 0.09547207268661359 0.39093087636380736 
0.40733872444358005 0.07074969069019336 0.028246800176930955 
0.0347070952858109 0.10299590923688144 0.3816088700534188 
0.07924392835883798 0.009572285940456242 0.42306312062112295 
0.010822199955254694 0.48947690923468296 0.015335304677067374 
0.354876114915453 0.029061169175932423 0.12271167008243031 
0.008454360340886495 0.13758738992562042 0.37217976005018916 
0.029436602749067356 0.42190922337544534 0.05311397335968949 
0.02898392034704827 0.4095374839963549 0.06825222248305858 
0.008800760855128507 0.3221690697925383 0.18245240082971118 
0.3286180906197601 0.04303238416961112 0.14122325335862834 
0.21794891797562208 0.04837939764334961 0.2520271652842599 
0.08917092128151798 0.2782879066616464 0.14440690624893146 
0.26130909103679273 0.072444168881746 0.17376803861775622 
0.21466105670760638 0.025370336803795624 0.2696513127648352 
0.5791791635002673 0.0 0.024918974803142778 
0.46294452688760024 0.03791100231740817 0.005793424968807279 
0.09580935363552125 0.30684705515888705 0.1046150248940522 
0.18938753419577653 0.28886358457190603 0.032252634624139215 
0.09993365353422098 0.30397403759466335 0.10689303475384705 
4.034712304846644E-6 0.11779287409240438 0.40232192125907745 
0.262395060472398 0.05976507323521542 0.18145276903709617 
0.49095337681796114 0.003054562486552043 0.021254513573460018 
0.01080270227642333 0.13439035269673003 0.37001690449648866 
0.31553989018075174 0.003723287799124939 0.19577487822867276 
0.28202163138114295 0.01717918645108538 0.20600056686609952 
0.007440791035866646 0.2568682081449358 0.2497000573497926 
0.5000288347633426 0.0011157367049466876 0.012528112554724656 
0.07330571250225115 0.3999238220133951 0.04500998022073829 
0.010821222952499899 0.3735662157890112 0.12969728536360117 
0.10736733224217994 0.035048759731255215 0.362939959574798 
0.03554539352199152 0.27920228230283284 0.19513719574134378 
0.3286180906197601 0.04303238416961112 0.14122325335862834 
0.002692070038731394 0.1152921905676331 0.40296179999238324 
0.3503313987260893 0.0012478070925746472 0.16759692921437486 
0.27254066626013734 0.0903155156977861 0.1506059197326299 
0.29133968941181215 0.047594801098592064 0.16971837909020743 
0.0744217892477252 0.006524930931919654 0.43711860247589124 
0.03295293797823215 0.19773865812399746 0.2743864275689715 
0.3736416899761572 0.03275903797831201 0.11227484478255655 
0.36888047229229964 0.03747680263974624 0.11226284017475853 
0.06895701524982979 0.2098017839460909 0.22634151059862725 
0.026174737006323175 3.6925679128809835E-4 0.4858788781512138 
0.1287226784218962 0.38199420591933114 0.008474655522156226 
0.08756311421743082 0.2711611981496059 0.15416158085151382 
0.24947185881683048 0.04075504962627891 0.21809854095037762 
0.010821222952499899 0.3735662157890112 0.12969728536360117 
0.07033648449580955 0.006121644186113825 0.44203332140224477 
0.016144138888307416 0.18285260069123646 0.30564688054079314 
