1.5424128893167683 0.0 0.0 
0.0 1.5653829045330632 0.0 
0.0 0.0 1.0115007075773725 
0.0 1.5653829045330632 0.0 
0.5626173299487098 0.6961867539152462 2.694143301468309E-7 
1.440022884087927 0.0 9.09417369470855E-4 
1.1714779634746686 1.8556399933815146E-6 0.0 
1.5643361892904973E-4 0.8266391177771075 0.20492332060688093 
1.8281443005608292E-4 0.5102934874166861 0.005123026028239999 
0.02695043616800182 1.4472331717984148 0.0 
6.541672764569015E-4 0.23822869869580252 0.29439987181327437 
0.49769172425485714 0.14624933164456505 0.36533080624613273 
0.3152425072031005 0.8142912077781067 8.372079632015279E-7 
1.102633256841123 0.0 0.024719362066882772 
0.212077059406164 0.25628174207999316 0.13872738783990948 
0.4227917872814332 0.05840563814907561 0.5708652826995323 
0.21658922838408184 0.3399965640080474 0.09408133005813608 
0.1934813357503652 0.9397591069303629 8.3995538181002E-7 
0.0 1.5618832626698582 0.005210737051055627 
0.0 0.9172198082769765 0.09859811057700152 
0.0 0.4427864904452685 0.6031146359608213 
0.03280865968129304 1.343999447270783 0.0 
0.0 0.45533740255362437 0.5923214042253591 
8.387578334116869E-4 0.20295768536505132 0.8471197276555249 
0.0 1.0235667195561833 0.081183240808076 
0.03945817950138661 0.008719816914226238 0.9758473343539269 
0.0025396526853106597 0.2150388157967055 0.3270653983070908 
0.12396494531832962 0.1230906569325035 0.768654406439851 
0.43688408840296394 0.046730774652160516 0.5423853881769595 
0.4906145324811287 0.0562638822116745 0.4781452165127424 
0.004866364188112309 1.0822893003312912 1.7161396613621823E-6 
0.34382245873899786 0.020426674712868482 0.6662314041407483 
0.21540826043570407 0.2603072882916377 0.1313706405987248 
6.380096871818239E-7 0.31043895084417306 0.7429769876022514 
1.0236214606955312 0.006381636938363342 3.6360204589299828E-6 
0.2351157227965257 0.28412251281403345 0.08776836292088587 
0.3724842238718413 0.001028423092454775 0.6831748723548695 
0.46622114871468706 0.05368961444478833 0.5090248139825003 
0.5335075841897895 9.083630353714635E-4 0.6454422055201998 
0.5577739073979588 0.1329701793898188 0.3214683107653469 
0.08005317925246354 0.019084230123964298 0.9092197588331999 
0.165733606372211 0.017727493441066056 0.8421502525264284 
0.13884872736130408 0.03312735095406671 0.8771274783462746 
0.21921336898860108 0.005268162105059874 0.8215595798205474 
0.18855410354380522 0.02418227022050301 0.7984944625281006 
0.5176134157349688 0.0010227886235456309 0.507776942034964 
0.5514556996322891 0.03989061192753403 0.44218124682371657 
0.11303708242137046 0.4452064846927414 0.04892634458636584 
1.1294503907662459 0.0 0.01712798428326536 
0.17534147494314323 0.022487736136443018 0.8132226003036145 
0.02690293556301946 0.00594524824837679 0.993531267631075 
0.048576229044200614 1.3372337549489905 0.0 
1.9128077264779875E-5 1.157272710688789 0.012963901815672902 
0.2846310840970593 0.023463441632967864 0.7034293060606451 
0.24364525421570096 0.05421035294089531 0.7133151724044469 
0.28826413209841056 0.05271593268290485 0.6733635975980753 
4.638001082296456E-6 0.30423390987331933 0.7281359978820738 
0.11981841937897701 0.11195149315153759 0.7822089619796757 
0.002742794654347158 1.035446309509917 1.1173728555509217E-5 
0.4423163508793086 0.0333571189175656 0.5600495766758172 
0.11079542015270283 0.0018847154193229413 0.9000262701680786 
1.1530598585602558 0.10449476250930122 2.6914691507715367E-7 
0.1390821540998436 0.019213197156883764 0.8929062922013051 
0.5098059440036399 0.08206257111194652 0.4191832962676144 
0.2748119936088357 0.33209295085360524 2.051186421353976E-4 
4.261003859822939E-6 1.281368147155805 0.014317779511407435 
0.0 1.1661459764351279 0.07817458008681012 
0.09297307628148518 1.2840578280125334 9.731879923197238E-10 
0.0 1.300661001303353 0.013125686038624408 
0.36300174208461566 0.081228658650319 0.6037199274396055 
0.3718218943476502 0.08196527529738458 0.5556761767286827 
0.4784818994976487 0.07702039445625745 0.45554951742929467 
0.11673190674145695 0.10906763188719773 0.7881536864218683 
0.4784818994976487 0.07702039445625745 0.45554951742929467 
0.0 1.1661459764351279 0.07817458008681012 
0.08135462157383759 0.019394486693236082 0.908967089826961 
0.13884872736130408 0.03312735095406671 0.8771274783462746 
1.0161670520308408 0.10553514013011432 2.400712299865209E-7 
0.480413929443326 0.07733138993732706 0.4546857665915339 
0.5098059440036399 0.08206257111194652 0.4191832962676144 
1.575650178411637E-5 1.033562101139943 0.021777047696762798 
8.387578334116869E-4 0.20295768536505132 0.8471197276555249 
0.2792311376312468 0.055920798605339966 0.6809875449429138 
0.26595605677038664 0.041821217931340894 0.7027049709879754 
0.016906169923064686 0.20109639283670386 0.32770289964093396 
0.16848113079407087 0.02173487253374504 0.8211705128927863 
0.14322729267399337 0.08493614435022333 0.3710135315317973 
0.43453998255531784 0.0416849039665419 0.5649661450903052 
0.6340189490669946 0.0011367895433682356 0.3741251460596973 
0.17088205616818877 0.027160432971918173 0.8140993289627334 
0.786407639405818 1.2456823877880307E-6 9.105431126770061E-4 
0.0 0.9126790573074554 0.12825078867105522 
0.21540826043570407 0.2603072882916377 0.1313706405987248 
1.102633256841123 0.0 0.024719362066882772 
0.8005698962548948 0.20797667289434016 7.554186979420491E-4 
6.988284217571175E-4 1.1086890291169933 2.3743566639408201E-7 
0.11305235104783348 6.391953910372684E-5 0.9035098741659592 
0.3152425072031005 0.8142912077781067 8.372079632015279E-7 
0.4788988064092608 0.04101195675021455 0.5090248139825003 
0.04649999667352309 0.9899824793848597 2.112745680678133E-7 
