0.51269581626686 1.1384133996969162E-15 0.0 
0.0 0.0 0.5244644018891016 
0.5139068128137734 0.0 2.7675560913635085E-4 
0.002964218784844131 37.76626294710803 9.698933038341535E-12 
0.03865503507225895 16.50733856709197 0.0 
3.1900971552799997E-16 5.925462856015935 1.0138040705481022E-9 
0.03865503507225895 16.50733856709197 0.0 
0.044191725481956226 1.8873496080153853 1.6323631474008315E-9 
0.27748981544603335 0.02063343180730705 0.21759304383000486 
0.0650083868389038 0.13452578145689695 0.3436595119772341 
0.09812543999960342 0.0036127200787499404 0.4045039619413639 
0.35439719734814107 0.003963710390588787 0.1531157807340814 
0.2003292184343293 0.041395488803499025 0.2686062998533516 
0.4829907915962802 0.005586460524287091 0.015878281736938532 
0.3480382157421809 0.001120868782090662 0.16327260719346873 
0.308737444115367 0.02295692542545081 0.18402192154252747 
0.36534437502501355 0.008767588591463364 0.1377846211535778 
0.13869295093042436 0.009563145906871922 0.3671839081925024 
0.38641963608825497 1.639950161689852E-4 0.11837089599438656 
0.026649860162785637 0.01947840026178302 0.4642763576045342 
0.15203437776813142 0.22378732317467 0.13518924276378944 
0.3388282885290065 8.782202570297887E-7 0.169915774054543 
0.4216317349451595 0.0017543560768162377 0.09274226762104368 
0.033050077630338355 0.17504569036157538 0.3070614586624583 
0.1674372336708564 5.576780160027837E-16 0.3514836248868458 
0.042948873851743764 0.031391360050935686 0.4419603337337164 
0.2643307683514064 4.9895770046087643E-8 0.24996775854460598 
0.45915443364436903 0.001270182647287966 0.0582934940020903 
0.43439206153067844 0.06207838702235988 0.024897469252076806 
0.0012211924783360995 0.18765260615561238 0.3243216712141333 
0.1879343025383611 0.011542925140745548 0.3171414073544207 
0.4778581683588465 0.002327184624016302 0.029143839410496388 
0.00106902813055641 0.08157958894152845 0.4551129857770331 
0.24135832132603915 0.009008452411818108 0.25942248905145976 
0.01360124796744106 1.6822865130253724E-4 0.5106993014851263 
0.2975738529303289 0.018373209437270513 0.19451846067271564 
0.40114691359361015 0.008970968013716859 0.10617787820253195 
0.12239007378340534 0.09025023911980311 0.2999425747915147 
0.3762868778536874 0.014171004320741745 0.12159937244513934 
0.4122731712043584 9.881953898045804E-4 0.10304653639353699 
0.41763359841849057 0.002620985036591131 0.08801120970303143 
0.21403604376257684 0.2201073650284128 0.08229015542395639 
0.05090548036447138 2.1743726014365413E-4 0.46200040459719355 
0.08599970353149382 0.00592751114677708 0.42558838586019376 
0.11810762660525587 0.2459974510684667 0.17910015885037944 
0.4960184055711746 1.1867819295433207E-4 0.02194658421520051 
0.17257236034280246 0.3594379295342575 0.011227436110872359 
0.44128596828844036 0.027103784827015014 0.06171970050557465 
0.1304483633306991 0.19320902417428817 0.18911712071043127 
0.19555881497303984 0.284679202653364 0.03151713799188327 
0.15718130030891772 0.30517416599333874 0.07422904852860539 
0.4634371010253614 0.0022569535630392545 0.04354212321799258 
0.3002834908589608 0.003551195103205159 0.20538910247891576 
0.26229186968356427 0.23388279571957116 0.05353898463851408 
0.19818969570739722 0.012156400142670458 0.2962695142887039 
0.06969471805574283 0.011141349529270615 0.42994050084714464 
0.22639297196828267 0.0036566569183824112 0.28157830670537504 
0.30309924717447706 0.005243526601930122 0.1988771033032489 
0.015837130490012185 0.22130659014610407 0.2780135060182558 
0.11602594542900836 0.015921437938817777 0.3886878538734693 
0.10166011639858726 0.0012759274612652658 0.4170415126297618 
0.23316007458357355 0.17057310931699435 0.11325616705438665 
0.33130877103946954 0.01248027947668133 0.1707016211291666 
0.10972086758119816 0.007562487298382749 0.3988030259349808 
0.02611864251944552 0.019090132938056156 0.4913179446292142 
0.2893199761926594 6.445116293743759E-4 0.22211752184323688 
0.01258810489258435 9.867050016959724E-4 0.503479262339233 
0.1343710049354428 0.3070032609870299 0.07086061308296228 
0.3727567764843233 8.934768347019971E-4 0.14265764966867472 
0.0072647437737483915 1.7291252716400982E-4 0.5057133116692534 
0.014780073075364107 0.021771577321823794 0.47969555483471277 
0.10919878974000023 0.1620143398486168 0.24043387132927443 
0.11333516206306216 0.015552200349679333 0.3904124335031199 
0.21412764570131618 0.015921983185348897 0.28157830670537504 
0.10312894397081754 5.999222436514803E-7 0.4178254707411996 
0.4261078460436587 0.026127825965600524 0.06419789220568678 
0.2847804482998363 0.020004079014840154 0.20445114268751807 
0.18089244508963517 0.012486335290776921 0.31436463932467423 
0.31915140233568196 0.05106918819839828 0.14878826008161797 
0.05770146289914936 0.22512149005013715 0.23278400693805115 
0.14471897283833446 0.009978651715615294 0.3607098323645317 
0.38483364220497035 0.0010148040786725483 0.12648264275946206 
0.22885015556223937 4.319835639324704E-8 0.28545821144935535 
0.31915140233568196 0.05106918819839828 0.14878826008161797 
0.25282693080338275 0.038937016679801345 0.22461588803240565 
0.506575383257124 0.00560009875903864 0.003510475851820831 
0.11675495167118052 0.01594365740286027 0.3751979419161644 
0.2604061989545101 0.0031380137606908695 0.2520042099142068 
0.257145794679571 0.18632376635370315 0.06485937509267113 
0.04130631312102755 0.46700878410110075 0.006906547530121828 
0.4681034807768981 0.0383109787906897 0.007705763031046997 
0.18211415281179663 0.23014011816783062 0.11281707810864088 
0.05803406772062327 0.22554111805746202 0.23203177410925238 
0.14471897283833446 0.009978651715615294 0.3607098323645317 
0.4677493020787589 0.004609480942091565 0.037450131555331 
0.16070471035770062 0.00339961197273326 0.3453019681016341 
0.08809067071334355 0.1575685780101321 0.26448454048841596 
0.07477753267286331 0.20947705976968012 0.22631394855979922 
0.03543571463183066 0.07332926464001764 0.4347680171618667 
0.02094879184357104 5.137951719574639E-5 0.49217354423615906 
