0.5249976805828389 0.0 0.0 
0.0 0.0 0.514374393085026 
0.5249976805828389 0.0 0.0 
2.0963816909037585E-16 0.5099296648786937 0.0 
0.0 0.0 0.514374393085026 
0.24287416102036516 0.11491569001607929 0.16651472043122592 
0.4072665929038929 0.028938410179672237 0.08246171425917616 
0.08400286586512773 0.24153599932980238 0.18593107870329342 
0.10818251824880604 0.042509474355800346 0.3614933750121952 
0.30753389912528123 0.1538875414600249 0.04968139627543744 
0.06009973837855912 0.26903077690453836 0.18261338188843698 
0.4372517920787419 0.06962687297785086 0.01907317349923383 
0.026890137956133448 0.0923357327152247 0.38821127002255296 
0.5052617666346246 0.020030192335028545 0.0 
0.011177047317654575 0.3857029593820444 0.1121527598681302 
0.3557481287171701 0.1371573505720612 0.024589293966401703 
0.014148174350723833 0.05784428039153398 0.44817538886222164 
0.3735575217350256 0.144023694944508 3.375755356433341E-4 
0.24739592616943015 0.05187053999499793 0.2129813656146605 
0.1024607090297504 0.01455327341741888 0.394601753505128 
0.38884021543179353 0.0 0.12093141431511953 
0.15006184642528628 0.35791651688689924 0.0018484804181572853 
0.26484754508437214 0.147341402438793 0.09651487080579378 
0.023955193087144038 0.3729510811258228 0.11216018270137486 
0.0920293991835518 0.2206168744073595 0.19596686284884998 
0.05632479474551835 0.22682617658556134 0.23533579576380323 
0.22051828853972036 0.2864492713582894 0.003755488342625316 
0.28133709015325953 0.005122685427603238 0.2380858484211853 
0.1674635041003519 0.19145980197293466 0.15023247426366915 
0.014921947274092429 0.4944499513303231 0.0 
0.13610266997460763 0.07018022128077485 0.30601418230253835 
0.21052322763781353 0.2971387169143937 0.0030608169696013554 
0.4229999427068291 0.06288003281079768 0.02819581373982377 
0.21976566299644362 0.1205308092610961 0.17292512192479353 
0.12003402462639093 0.2904831531264105 0.10006720737692903 
0.16142363301375984 0.1770967065011009 0.1705395589913977 
0.3624054956300474 0.12464975129945587 0.02429744676788295 
0.32727729715674153 0.005959180995356542 0.19130914584995 
0.3171559597238851 0.16829200401839714 0.04362266893832332 
0.4677674286056867 0.04306410042511893 0.016426762350054965 
0.1318744220623551 0.31613897317929407 0.06184138522051045 
0.29182314606521337 0.011866265971466458 0.21910435267844347 
0.19357902313116573 0.10069520264872107 0.23119560076621157 
0.061952975944557 0.4095843468797738 0.05321128633351225 
0.04229452083814288 0.10934289618305555 0.368439669725785 
0.02261212609625973 0.08618286788646634 0.41366946443061436 
0.0291134228094898 0.48173348688086426 0.0 
0.22843412525352647 0.26318854342780457 0.017285171083551286 
0.4727884436811589 0.021795095554445428 0.03041414134723456 
0.16964135565916724 0.07962852443766892 0.28038839905432067 
0.0043504382800016094 0.2143708067627865 0.29290299751568416 
0.25986080790576377 0.023422263293528884 0.22739644815662352 
0.49221017116167 0.0017679347403189594 0.02149615795700547 
0.17626484854198385 0.015887434989586842 0.3185273977679151 
0.06421186623078103 0.44292013382615125 0.006421362298335231 
0.11566230724059091 0.3971628521956848 0.0027234768676324276 
0.021445812723969084 0.3381645248518607 0.14918103011861977 
0.021373023239909462 0.46742166810270863 0.02750686994662672 
0.12738319321181962 0.18887986003103477 0.20000314413943202 
0.1547269635066437 0.030558391146153704 0.32454154097558685 
0.007840264178744913 0.41445272012863577 0.09526566431094037 
0.06496030132019687 0.16565833008156852 0.28658161504963336 
0.06889966152961575 0.01009938752664537 0.4638947893540128 
0.035867883501603595 0.015016729816726316 0.4785280187480202 
0.12172217770307324 0.04782977763283923 0.34266515886322985 
0.030208010840490854 0.009858089369345579 0.4799359518953138 
0.4522442073997348 0.023652990376599653 0.04894410447124572 
0.20110297695649562 0.10422191435228742 0.20629342375834706 
0.1867782758307253 0.1961876072968454 0.12827493445300048 
0.07676724969214462 0.39630216885293496 0.034983232897112276 
0.14605984811384867 0.0324888268425694 0.32912325352919053 
0.02107627607870319 0.3474853930562097 0.14314707099134655 
0.05744110524440121 0.2571296579166091 0.19717313401052422 
0.0011844151857093538 0.01477969946810397 0.4964443342180124 
0.02184352287130246 0.3444357473386373 0.14314678084495516 
0.0330811849783212 0.049051758170137516 0.43352505424234683 
0.20506418615183444 0.11094494984148391 0.2044876327633431 
0.12796349042118452 0.30676340289145254 0.07512908100822335 
0.08549508146363148 0.20391527967337705 0.22233838056747854 
2.9254379336601807E-6 7.588627181254192E-4 0.5136177191532554 
0.13023755346477714 0.3122149525119425 0.06740346834414078 
0.2891733246288084 0.15239932669190467 0.0695479754669398 
0.3622494487122217 0.07263866686686482 0.07928353777786704 
0.17994323216496882 0.09483318511452471 0.24024308192543328 
0.04040713153984734 0.4695225333388466 0.0 
0.06889966152961575 0.01009938752664537 0.4638947893540128 
0.04975824191190091 0.1998573751891188 0.25865868068271936 
0.3444451858924061 0.050296029106831244 0.11382140541955763 
0.13356123341338563 0.325913263450559 0.05193434513576032 
0.010039824177798517 0.42486789858488455 0.07928711232227444 
0.002043893784208901 0.01214291260316747 0.49436910439528303 
0.12100189880584691 0.05617241947133833 0.3343441346104414 
0.1867782758307253 0.1961876072968454 0.12827493445300048 
0.051162746823655104 0.2054986650401632 0.2516128859199208 
0.0580030820151007 0.022362869715978388 0.43710560949003713 
0.07891150337600679 0.036885782027068 0.4049334559550578 
0.3865633560334898 0.09403415701243302 0.04956005765325136 
0.011277841751884822 0.41210118259928885 0.09078369710345105 
0.14798759440776513 0.17439307398940454 0.18874011330420956 
0.041596612599872816 0.04901871111473099 0.42014178923437423 
