0.0 0.0 2.687362107480828 
2.71157898028137 0.0 0.0 
1.4715805602968894E-15 3.2549719546270466 2.729442139631519E-7 
2.111276705896309 1.1255376408372657E-4 0.5074675104756644 
1.5833928103405215 0.005736792667470649 0.005795973671991538 
0.016425248951873913 1.9817654014366104 0.6919104695697478 
2.2384082354263143E-14 2.924127591473887 0.07864899093096615 
1.2434892490020977 0.03588881680286333 0.0016451520795522942 
2.2698867618586311E-13 2.5257317705773166 0.0 
9.848109342099757E-16 2.178291870624345 0.35996518218449935 
1.5833928103405215 0.005736792667470649 0.005795973671991538 
6.810629668284709E-4 1.6590740519091103 0.8825704783001811 
0.02691917880821777 1.566492306299763 0.005811590822330397 
0.025067347488738737 2.0698931460213066 0.4380959925191825 
0.02529724330996349 1.215222954457149 1.3016514262469208 
1.4005872865040166E-15 3.0979427566357796 0.17239865436434018 
0.03701387035982154 1.0742501588263387 0.20699080559274843 
5.59601352271443E-5 1.9042418058803712 0.9958739517004945 
3.797481424084229E-5 1.2922275572500144 1.37199518085563 
3.5130388791489765E-16 0.7770449906485166 1.775184076741238 
2.683715156319093 0.0 1.090126474263104 
2.2392064964887326E-16 0.9733235563799112 2.2235887234286604 
7.365004113464768E-5 0.6067732381581438 2.0699308440496793 
0.5556327519541536 0.004216448747180205 1.986901627125015 
0.20118026122806518 0.03527692200198569 2.3548231044154186 
1.0682967377646573E-15 2.362953150143536 0.1936194574120257 
1.457334899331813E-15 3.2234621425464263 0.04688214978881971 
0.3182148110136967 0.014587639826650086 2.2052638836271123 
0.07170287870907084 0.33832919820003304 0.8495933513098425 
0.0043896412621007835 0.5302034417157829 2.448161521724669 
2.2647153983863397 0.2909792918256259 1.4117261419513682E-4 
0.006511513113573284 0.34543311986655434 2.321291733311459 
2.5604504968195245 0.00815206995912933 1.4188562529368726E-4 
1.4652220190979736E-14 2.936066233725408 0.1574606741612111 
2.4891344279045433 0.09742040294217748 0.0 
1.1663236914158113 0.0 1.6366087367919266 
0.6488655250362484 0.0023417114467871557 1.9203483494580627 
5.59601352271443E-5 1.9042418058803712 0.9958739517004945 
2.3950944174705553 0.30355908473873583 0.0 
1.0754605076665207 3.2230455609587213E-4 1.5147391673965256 
0.04803632132686695 0.44337169263323806 2.0676219992177822 
2.3691983671590444 8.426096432063012E-4 0.13834136963653565 
0.02434700674630217 2.0104122469657053 0.49829723231722 
0.0012612065904392478 0.1368423035641041 2.560394952865528 
0.35179149862538045 0.9275681069599212 0.001645128341558363 
0.658346320534068 2.44414293132766 0.0 
2.278609387796077 4.652016321364029E-4 0.3139775918495634 
0.3718741932891596 0.017047499377063326 2.1530422872746744 
2.666164864032437 0.09053117758613682 6.376846937576341E-5 
0.7318032738185978 0.2448882320575782 1.552280387775567 
0.8632422215236384 0.20758441765213112 1.4581452544759737 
9.201611911021067E-6 0.039714151723504766 2.6566122566246713 
3.946858731367961E-16 0.8730011000475401 1.675418113744234 
0.7932312042675321 0.18240244790519194 1.5505991142648172 
0.8791366006037178 0.23374957779307362 1.4274127083176953 
2.278609387796077 4.652016321364029E-4 0.3139775918495634 
0.4463055207856634 0.0031021821192042253 2.134432245699548 
1.1144747589189201 0.002143613463555574 1.4560085306787052 
0.09309889209279942 0.2594940339611334 2.325567625630783 
2.683715156319093 0.0 1.090126474263104 
0.013316784283111687 0.8232269415877448 1.7462610028147048 
1.036626625737285 0.0 2.173104310300839 
0.026224380786197366 1.6211584066156504 0.9353868574367303 
0.9764896123624928 0.0035766027972133746 1.6093548906590944 
0.0020338212069174375 8.10585497853025E-6 2.565271584788137 
0.03440195563908788 0.5071014916369381 2.1364846896046563 
0.4793414320937182 6.274754889113409E-8 2.097619576709531 
0.692605185298108 0.0030671756641128325 1.8449652297629708 
0.011906846788277659 1.2286133509788346 1.3016514262469208 
0.050295096198509345 0.2032973561141998 2.430006495207229 
0.9983878892060836 0.17732537742689325 1.372671926324115 
0.4540061579140736 0.020812602309848695 2.0641941224461546 
0.18802323659261452 0.04778804901925602 2.348390757494927 
0.4884310789138542 0.08045294147188477 1.9869208106980463 
0.48617229473119195 0.08274035660613135 1.9870208089955805 
0.674034889188423 0.03270596081046832 1.8227749290953128 
0.0239524705642083 1.150623081295221 1.3662532912384568 
3.149820654598207E-4 1.263475275701212 1.3865116407978386 
0.15584462154165263 2.3843493923122767 1.4031638085410528E-4 
0.15584462154165263 2.3843493923122767 1.4031638085410528E-4 
0.02631825425442934 1.6269615469613903 0.9294898436227582 
0.7755600881673876 0.003434538289603406 1.7616429642682008 
0.6488655250362484 0.0023417114467871557 1.9203483494580627 
1.0182868324196752 0.001957983687855841 1.5331751273846652 
0.952083277538698 0.014361192428112624 1.624272548107984 
0.7181592195378758 0.060835406919115244 1.7616429642682008 
0.019399103197454002 1.1317870427390964 1.4032793453575825 
0.9104141822183596 0.006328110376443401 1.6670976560096127 
0.0239524705642083 1.150623081295221 1.3662532912384568 
0.0070997910597213314 0.8597435792852047 1.6733157658972548 
0.05685885920153206 0.26828786501411855 0.9344787040032958 
0.07170287870907084 0.33832919820003304 0.8495933513098425 
0.932222664114084 0.23933517430631476 1.3678203695618132 
0.035811682436485574 1.579291544430859 0.0024261156766212716 
0.006537970629274329 0.10263446023195283 2.446608826708617 
0.9702583561719292 1.653937072846698 0.0 
0.013316784283111687 0.8232269415877448 1.7462610028147048 
0.6688067856512735 0.056654752662706524 1.8252497251482105 
2.3691983671590444 8.426096432063012E-4 0.13834136963653565 
0.6959472242013443 6.62708953877332E-5 1.8444463301028269 
