0.0 1.0045426873806047 0.0 
0.0 1.0045426873806047 0.0 
1.0085407052356858 8.061876808015395E-15 0.0 
0.0 0.0 1.0068330965885437 
0.42756453941469097 0.22397112915452036 0.3866399663865397 
0.5715935684009825 0.2994178542202812 0.1370458375097259 
0.32292244946826965 0.6864721024145113 0.00600756558063396 
0.6405279914216161 0.20751801025670083 0.18931051851923478 
0.178440795517973 0.3880103761488604 0.44147582398850554 
0.26417241726624374 0.5826611935010397 0.1614860856789632 
0.07101995576198392 0.1370551445264151 0.8037133540865183 
0.07160778196425965 0.17422628967692375 0.760321156710218 
0.88248347339947 0.012034875241865464 0.130393460481861 
0.021415654986532345 0.9529797246645607 0.04175697031764178 
0.43905405845265677 0.06660032280606365 0.5053029157510416 
0.22503723824565128 0.4916002136454015 0.2896295146712549 
0.10612923770609307 0.07483234298740009 0.8289082217079926 
0.0831144740398015 0.1574284059597432 0.7656480021265892 
0.016714337358448596 0.924166421285993 0.069797208172833 
0.3589747218540682 0.31374748013756437 0.36721873954889617 
0.0061012328972797555 0.4544881233076995 0.5732326180158258 
0.5090660778060461 0.17867559258773139 0.31855040783434363 
0.07572547518267744 0.8943530117925927 0.03680513241241773 
0.3445666793687695 0.36110224003721747 0.3015757088545411 
0.7153534983508647 0.132799001452168 0.18933429224751291 
0.2451503219772561 0.5339735547733035 0.2337903168469538 
0.1424462118946936 0.6424596903073079 0.2231331096585378 
0.29167908401145914 0.6200546117539586 0.1040187217701466 
0.98685887916261 2.324990632109855E-4 0.022948953627113633 
0.20030159780103993 0.09145663809191576 0.7146328830747749 
0.11560052112241642 0.5540958403047714 0.3375163600452841 
0.02629718705363512 0.055105282735952534 0.9255353923800553 
0.0036340280256695985 0.11951481678711205 0.8929987421008473 
0.0069449257125423405 0.4133429433481649 0.6234990561065039 
0.006137587832810203 0.36611649968037824 0.6369777642810677 
0.15556095084671204 0.004694814424694573 0.8471097676955014 
0.8151282022702665 0.028478666769149244 0.16010434963481412 
0.17315368000188733 0.5853414970470169 0.24817337079745197 
0.00742712129756533 0.3990116116395282 0.6029537966864267 
0.03790079041848107 0.44759133990510425 0.5334616493419022 
0.01790435271739851 0.038657180821086615 0.9482197739099135 
0.09315259761939505 0.47329860487175357 0.4414758480120943 
0.3031761703904577 0.24769661948468719 0.4565642230283107 
0.4048691773371623 0.2775977702357295 0.32289166378565 
0.8474649081698244 0.10496815232219207 0.07429512028577483 
0.3822217260352882 0.2620695889494396 0.36284292378158806 
0.9023813926317763 0.0033121812569727517 0.10235968843482211 
0.45962709344271535 0.07779059155625845 0.5003722520445908 
0.30033024274710207 0.6002690263915038 0.1357002662155619 
0.5437579029612528 0.0024620389931949275 0.47086114782183563 
0.30563169591820466 0.6404457245670784 0.05754529677048639 
0.9306327184359149 0.030685863786562545 0.05413017332810739 
0.6881947138073784 0.23077039388936837 0.08759265919972925 
0.4094095253347514 0.26119153384186744 0.33661651777333984 
0.016991104645092188 0.3401746340096547 0.6620093110076435 
0.6671130607933713 0.29235752643134966 0.0540261159517205 
0.956903941527754 0.009393255864382378 0.05441051046820983 
0.8474649081698244 0.10496815232219207 0.07429512028577483 
0.7793119028631165 0.12249585718024698 0.13588235889886102 
0.06140223038427874 0.07047646718249895 0.8756438770935575 
0.5386966929392982 0.28218548421856093 0.1862837058383597 
0.48341572058834775 0.5066145684587047 0.017214339213475705 
0.20542253609295524 0.09212764488775636 0.7077912343225394 
0.2912140775470655 0.7377108510297674 0.003959094189200627 
0.6093154627605969 0.3191777138315015 0.07868014353831788 
0.011688657874249374 0.024493372452750354 0.9706512215886729 
0.15068454848786764 0.8097640095881451 0.05134628891400864 
0.5295157419256797 0.4849990263412534 0.0041926640137964506 
0.6093154627605969 0.3191777138315015 0.07868014353831788 
0.6932704570236166 0.344170053570836 0.0011482130629878098 
0.059553979605756396 0.8580907100187534 0.10120401084287944 
0.04275422329685539 0.4428767985694786 0.533614264197729 
0.15892264189054986 0.7587648260954009 0.10120872872748563 
0.12496138015408466 0.5299165127127284 0.3499480559868691 
0.6458004568770409 0.007478689973159461 0.3522560907878103 
0.7601257129956479 0.044913886639784656 0.20782816308302815 
0.4786266196583172 0.26173993541596297 0.265204414025209 
4.447242374928739E-4 0.023892182129213575 0.9841139970486075 
0.278176463030649 0.71083975714323 0.01583594385458967 
0.14884690838474715 0.7998887116029465 0.06305922700232772 
0.14883279059808657 0.31639038672697295 0.5468964329328844 
0.2741295874402414 0.582747698507768 0.15431223408420872 
0.02516520443504329 0.32770157437417746 0.6540411574660819 
0.22989131227976728 0.7771415824744557 1.0629700859450432E-4 
0.37181011477459736 0.3896530725477081 0.2453117330462191 
0.8036387270268878 0.00915247767014223 0.20698411435004768 
0.05192571254166703 0.0686646050166447 0.8869322571020233 
0.13697301885133303 0.42947818363981566 0.4414758480120943 
0.7697157217904105 0.023229945908062013 0.22110571761841014 
0.13004375607663463 0.6988424121733819 0.2067974299027309 
0.7548491858735866 0.24180537527719706 0.009689371457060836 
0.02466907110024901 0.052363302549168204 0.9277516588477902 
0.021944097760758854 0.9764950105523867 0.017778273072374225 
0.18921930454897892 0.728468163436972 0.10120872872748563 
0.6806104712924934 0.03955772777332583 0.3066825382460489 
0.00531934409868792 0.4581199691477485 0.544972526467848 
0.23706032354717155 0.08938801431450027 0.6932423382944874 
0.19812214071343595 0.47813929943821315 0.3408250557499595 
0.08407527375537943 0.6969571522503326 0.22812784382347776 
0.15714284415548987 0.8444702581544379 0.01018174468009367 
