0.010314358921752611
0.0010759970295883753
0.0013055285922030525
0.0012369678786496997
0.001897425455289549
0.0011645948372979145
0.0012487202179078266
0.0020632159167435996
0.001345406005397116
0.0014158248345367682
0.0013217410506184742
0.0012999275134640998
0.009817085163945862
0.0011296369413262234
0.022654615683682097
0.0010665916613349835
0.0012406069877466015
0.00991030556177168
0.0010824445124789032
0.010947561851470259
0.0018039507624000007
0.0012522116066700534
0.010108841343521142
0.005357780060833775
0.0013318123316604267
0.0017445681054866708
0.001048914067880498
0.001030857564302694
0.001562404410960323
0.0012196554174837282
