0.8146179266666767
0.8124827715615405
0.915804807600042
0.7899156646378023
0.9147619271174382
0.8218304930210498
0.887674520757312
1.118222548175092
0.9779895276918845
1.0997187166614657
0.8855010685196065
0.812123691868899
0.8578526299214446
0.8961895443755258
0.9633359011712973
0.8098975916241532
0.8324584405882157
0.7962201481256188
0.8255450513952504
0.7886570258090043
0.8948146976614357
0.8664671562718531
0.9582160609623509
1.0091988783345596
0.890649595162972
1.6695424842815867
0.7823809231799951
0.7929335444449942
1.0268684163360622
0.9165950036347925
