0.9999999344378925 0.0 0.500094665324172 0.5011224820695321 0.49991861365404744 0.4999814020447135 0.5000525950986318 
1.0 1.0 0.5000744572649612 0.5002902552638226 0.49991499491910374 0.4999759797538145 0.5000567828096031 
0.0 0.8263081098408316 0.49999894583231885 0.4999708514914885 0.5000741332600787 0.49998535159120144 0.5000514819123861 
0.9999999344378925 0.0 0.500094665324172 0.5011224820695321 0.49991861365404744 0.4999814020447135 0.5000525950986318 
0.9197555206402548 0.0 0.500094665324172 0.5011554864836119 0.49991620912611384 0.5000142818577087 0.5001728230370562 
0.9999438487448132 0.0019619062834876355 0.49989917439932213 0.5003088510846596 0.49989314407390617 0.4999761462756884 0.5000519862807503 
0.5927512061687725 0.9669884151344559 0.5000681930005821 0.5001025918087498 0.4999224679546212 0.4999630899623404 0.5000512721116195 
0.8875596250213088 0.31410072553423274 0.5001241546985267 0.4999923391964831 0.4998998793232749 0.4999729237649831 0.5000607674124806 
0.5154037980410725 0.9546517797478259 0.4998630433997255 0.49996706248126016 0.500107024283975 0.4999851912301527 0.5000528421942245 
0.578063687482353 0.7509020843280145 0.49986959816766025 0.49997546401281695 0.499930185614312 0.4999890563333113 0.4996938861607423 
0.6986341592950935 0.9221614953513874 0.49982806662059287 0.49997254491757204 0.5000819020397057 0.4999880347932384 0.500056739054113 
0.5239552592359961 0.7112687902324493 0.4998918205970917 0.500082746094851 0.5000768968893404 0.4999819624285056 0.5001192331153488 
0.7630213937774909 0.31215538109573904 0.5000033385492979 0.5000450400344051 0.49990500566036905 0.4999781599884935 0.5000844440935812 
0.2567022094776641 0.3515498206933517 0.5001241546985267 0.4999822592894636 0.4999004293552127 0.4999729237649831 0.5000607674124806 
0.7272284344138552 0.823723494812133 0.5000653988801158 0.4999683406950944 0.49992059570548286 0.4999782248874993 0.500123673743099 
0.9999982502715573 0.012527059975539767 0.500094665324172 0.5011224820695321 0.49989645541093053 0.49998114748596484 0.5000486864151682 
0.9505392955855534 0.9612451074793962 0.4998156805708846 0.4999676912872257 0.49990258890352485 0.49997814656188927 0.5000559543018952 
0.44611084094938425 0.8083637539072581 0.5000122428233674 0.49996802378683575 0.5001072846634871 0.49995937794570744 0.5000442142777798 
0.8257822701246685 0.18441001666249207 0.5001818757208493 0.5003173168868028 0.4999200626935438 0.5003542719741637 0.5000455913261013 
0.9251134366900043 3.884486079691954E-4 0.4998755712072405 0.4999670525393314 0.49990269672762716 0.4999782248874993 0.5000940212914183 
0.23352416031920714 0.1384890832127622 0.49985260795928754 0.5000961426460362 0.5000961757091541 0.499991191325624 0.5000949226008046 
0.9470852214162445 0.9245164709007734 0.5000088916663166 0.500101730116547 0.49992972557061527 0.4999622939542901 0.5000527711448547 
0.07052032020407079 0.3200344612342465 0.49986579413111926 0.5001071713344866 0.4999400808068623 0.5000199113778164 0.5000526535775817 
0.49089589625662716 0.31998770073496524 0.5001071463294182 0.49998551685288706 0.49992708595420277 0.49998119474767905 0.5001811418390825 
0.6068628935457616 0.30920310516599325 0.5000924673509176 0.49996688613634127 0.5001075736876487 0.49998924038809517 0.5000528635604813 
0.7867025905414178 0.9954860725970502 0.5001067560718454 0.49995678115913655 0.4999106435843054 0.49971127027036927 0.500182714751718 
0.9954207058544606 0.09277725857682403 0.5000707476344137 0.5001033268706908 0.4998952266843377 0.49993468288339304 0.4994315073989463 
0.6485496109308317 0.812017211524148 0.49985017970902507 0.4999983645342254 0.499920321906542 0.4999781599884935 0.5000850469327536 
0.4570937856373806 0.31998770073496524 0.5001079941913853 0.49998551685288706 0.49992708595420277 0.4999856360653312 0.5001811418390825 
0.933052674237949 0.7563168157882646 0.5000552537671366 0.49995697910882747 0.50010683319953 0.49998755112395227 0.500052074300399 
0.4393971733785431 0.18277353955854223 0.5001823815199469 0.4999469735068267 0.4999197432382142 0.5003590888862205 0.5000531115355604 
0.8688195709843118 0.18441001666249207 0.5001818757208493 0.5003173168868028 0.4999200626935438 0.5003542719741637 0.5000455913261013 
0.3526231534964504 0.14014083368498664 0.49987513648821275 0.4999671619434924 0.499921267336331 0.49998120459889495 0.5001211838664534 
0.17797848640810915 0.056882059881999514 0.5000983013975265 0.49998103096199725 0.5000812434491131 0.49997721552792623 0.500052449762768 
0.906477304983208 0.005834542582256106 0.49987940455362917 0.49996718291603803 0.49990269672762716 0.4999782248874993 0.5000940212914183 
0.09692184455663816 0.24515073821108585 0.49981561961045007 0.5001003698443988 0.49993002166499473 0.49997910928413813 0.500055704041399 
0.9736423577718991 0.9718619468314149 0.5001534681297995 0.49997492074820654 0.4999025236937233 0.49997814656188927 0.5001229198894456 
0.8697970968439107 0.7949038745111537 0.5000088916663166 0.4999697160103442 0.49992937327738407 0.49996291630322476 0.500115670598888 
0.14958935151942765 0.7949038745111537 0.5000088916663166 0.500101730116547 0.49992972557061527 0.4999622939542901 0.5000527699029895 
0.42126314915360236 0.32081881327371936 0.5001102152229532 0.499966247707312 0.5001070117400344 0.500343706206825 0.5000451821145954 
0.9462480293167452 0.1064110773484884 0.5001521132835571 0.49995378976755417 0.4999197432382142 0.5000676394493702 0.5000531115355604 
0.6733417958864747 0.09277725857682403 0.5000707476344137 0.5001033268706908 0.4998952266843377 0.4999377028524436 0.4994285993070655 
0.9462480293167452 0.769399265461793 0.5001486969719877 0.5000974331384649 0.4999197751545961 0.49999253827005424 0.5000531115355604 
0.619773397051115 0.8994589810016427 0.5000030472000897 0.49997357832409434 0.49989201614439965 0.49998487375111444 0.500083783185569 
0.979290647453561 0.9906232743057487 0.5000653988801158 0.49996715739450703 0.4999035248354639 0.4999782248874993 0.5001260074983701 
0.5498445879066677 0.16652466987794645 0.4998630433997255 0.49996688613634127 0.5001075736876487 0.49998151481556613 0.5000528635604813 
0.21307973501623845 0.1384890832127622 0.5001010341869567 0.5000961426460362 0.5000960891930641 0.4999894217644333 0.5000471143079853 
0.6297976902828966 0.32460308245882585 0.5001228407536129 0.500052282355266 0.5000861724179276 0.4999729281670824 0.5000516133434131 
0.34984163828809134 0.25925417617287827 0.499877071617268 0.49996705330298014 0.49990297856439 0.4999720775427794 0.4997149581983876 
0.5340763933436112 0.3125485957360219 0.5000321244446249 0.5001003620279212 0.49993002166499473 0.4999781586003962 0.5000555269257119 
0.9379086231719038 0.1282677575788942 0.49984766400748226 0.5001153173628846 0.5000812076233969 0.4999777046760597 0.5000947405455269 
0.38516915684322406 0.2010115312234108 0.4998705791226241 0.5001017107192652 0.49992976070410367 0.4999946061570245 0.5000522455207298 
0.6446720128411506 0.7883612806303055 0.5000030472000897 0.4999983645342254 0.4998930637903669 0.4999781599884935 0.500083783185569 
0.8390406231311359 0.31215538109573904 0.5001738888893426 0.5000409498055192 0.49990500566036905 0.49997820234934803 0.5000844440935812 
0.6352427354889476 0.10889941998359348 0.5000009108683877 0.49997167837672546 0.5000798581989231 0.4999814907178386 0.5000605789706005 
0.837700056871499 0.9990539255519366 0.5001808972445041 0.49995699123047205 0.4999156395716227 0.49969760614266695 0.5000519317262306 
0.41237749761530706 0.18981127682445287 0.5001102152229532 0.499966247707312 0.5001070117400344 0.500343706206825 0.5000451220165647 
0.7346060814671292 0.823723494812133 0.5000653988801158 0.49996715903320715 0.49992059570548286 0.4999782248874993 0.5001259129679855 
0.5177538287848877 0.7949038745111537 0.5000088916663166 0.5001006980057795 0.49992937327738407 0.4999624830661346 0.500115670598888 
0.8151961586221301 0.9787704223656476 0.5001128561964976 0.5002971291426737 0.4999238427247505 0.5003525560086046 0.5000807970334842 
0.1641245299657234 0.9470359481791164 0.49946498399089245 0.49996802378683575 0.5001071126110239 0.499958326875871 0.500048921012998 
0.933052674237949 0.7356482316607279 0.5000584385374985 0.49995697910882747 0.50010683319953 0.49998755112395227 0.5000882463951181 
0.9923061133322068 0.974316497109551 0.5001109108520456 0.4999645648537399 0.500134097749259 0.5003492523345336 0.5000519885883516 
0.33449856966404856 0.18981127682445287 0.5001102152229532 0.499966247707312 0.5001338715043463 0.500343706206825 0.5000451220165647 
0.9068527048081154 0.8932612505309863 0.5000072358929457 0.5000878149771699 0.49991530607263646 0.4996884690928995 0.5000489577836797 
0.9919633672283936 0.21559427465245792 0.4996385549094782 0.4999667416910652 0.4999142768362311 0.4999974392141534 0.5000521004264108 
0.29133610487321493 0.9950670958602365 0.49985619033136713 0.49996715739450703 0.49988956718713035 0.5000174063038098 0.5001232566857073 
0.9646362571722836 0.24884839725519758 0.5001102152229532 0.49975595970376346 0.5001070117400344 0.5003320310376417 0.500045082084213 
0.5177538287848877 0.7949038745111537 0.5000088916663166 0.5001006980057795 0.49992937327738407 0.4999624830661346 0.500115670598888 
0.9866074638179707 0.3143816347541886 0.499816494401334 0.5000443524640807 0.4999214212010704 0.4999729237649831 0.5000601486944565 
0.837700056871499 0.40081886742562195 0.5001808972445041 0.4999813533445614 0.4999153156873298 0.4999761873483714 0.5000519317262306 
0.33449856966404856 0.19382854469856614 0.5001102152229532 0.5001011383050527 0.5001338715043463 0.500343706206825 0.5000452695663294 
0.7931926595231491 0.8283795229107688 0.4998271538818283 0.5000491173477477 0.4999107438378434 0.49998842484182254 0.5000520407235173 
0.6910140809904081 0.30193158273582277 0.49987028023816105 0.49997453930689384 0.4998964791952774 0.4999720775427794 0.4997037772894775 
0.8089198839346393 0.40081886742562195 0.5000103469044594 0.49998544357344726 0.4999153156873298 0.4999761449875168 0.5000519317262306 
0.5764638544263898 0.3088825120374783 0.4998506538986217 0.4999753027608913 0.4998963850555161 0.49997205234823167 0.4997037772894775 
0.993575208645934 0.24428504976036436 0.5001092616408944 0.5003030355074539 0.5000802190435679 0.49998946046996373 0.5000469991522991 
0.046465860010706406 0.31358162510621224 0.5000835649581742 0.5001001402561308 0.4999243009717692 0.4999854513322416 0.5000939764691038 
0.9688660369305429 0.3143816347541886 0.5001241546985267 0.5000443524640807 0.5001398885327858 0.4999729237649831 0.5000601486944565 
0.4722913112617577 0.07383883407480935 0.5001215351242736 0.5001028132767759 0.49991711962572066 0.4999923420467654 0.5000524729694091 
0.9369544673044548 0.05863583068371431 0.49986677413498004 0.4999810511771241 0.5000812434491131 0.49997734052410187 0.5000457591181245 
0.933052674237949 0.13751370942136976 0.5000552537671366 0.4999671759735035 0.50010683319953 0.49998690423417413 0.500052074300399 
0.29133610487321493 0.9950670958602365 0.49985619033136713 0.49996715739450703 0.49988956718713035 0.5000174063038098 0.5001232566857073 
0.6723686623135731 0.01079274680470893 0.50006223769346 0.4999737916969072 0.5000798992660966 0.4999853280686503 0.5000565844929596 
0.02719826335302694 0.8994589810016427 0.5000030472000897 0.4999563781817292 0.4999237538691327 0.49998488005202035 0.5000837780711556 
0.9999438487448132 0.9058719933167612 0.49989917439932213 0.5003088510846596 0.4998935442824978 0.49997583594328404 0.5000519862807503 
0.48143357789941543 0.005834542582256106 0.49987940455362917 0.49996718291603803 0.4999031224314749 0.4999782248874993 0.5000940212914183 
0.8468497660800616 0.2606624117316279 0.5001241546985267 0.5000443524640807 0.5001398885327858 0.4999729237649831 0.5000601486944565 
0.998282626575469 0.7528238338023292 0.5000744572649612 0.4999552996381595 0.49991499491910374 0.499987643091855 0.5000519913608618 
0.5561095902001039 0.20849443807249018 0.500119939335343 0.500088209785622 0.4999135005293974 0.4999790255431676 0.500049034001469 
0.1959675980652562 0.7842396953690458 0.4998269526418975 0.5001074722157663 0.49990780502593996 0.49997913182422643 0.5000445635133187 
0.34600808921970944 0.9708618764183583 0.5001209882980429 0.5000961426460362 0.500096215617841 0.4999913000297247 0.5000949226008046 
0.699943665894753 0.16777889523249223 0.5001102152229532 0.4999754101498879 0.5001070117400344 0.500343706206825 0.5000528635604813 
0.7867025905414178 0.9930941260284251 0.5001067560718454 0.4999568928310983 0.4999106435843054 0.49997555687571593 0.5001696426289242 
0.7547670028901088 0.9954860725970502 0.5001067560718454 0.49995678115913655 0.4999106435843054 0.49971127027036927 0.500182714751718 
0.4722913112617577 0.9683775213378936 0.5001215351242736 0.5001028132767759 0.4999175198343124 0.499992031714361 0.5000524729694091 
0.9313676782645296 7.43894428326286E-4 0.5001227430304682 0.4999728133755979 0.49990213478001283 0.5003404162787582 0.5000940212914183 
0.2072444169457326 0.24548755740379916 0.4998128460490268 0.4999771056232701 0.49989297485348483 0.4999868282567935 0.5001062346705051 
0.5764638544263898 0.927681042118091 0.4998506538986217 0.4999771960582054 0.4999249880584284 0.49997205234823167 0.4997037772894775 
0.4405934712523798 0.3088825120374783 0.49987028023816105 0.49997453930689384 0.4998963850555161 0.4999720775427794 0.4997037772894775 
