1.0 0.0 0.5001205787710399 0.5000598768473157 0.4999309499174136 0.49982927157330065 0.49995705842785615 
1.0 1.0 0.49971949640162033 0.4999634929910235 0.49991004199985073 0.3016169955685697 0.49997930649944755 
2.1263310438036386E-17 0.9999999999447093 0.5000262897474467 0.5000688932545345 0.49994147055762633 0.49978787361822435 0.5001317533707904 
0.8898466332232913 1.0 0.49971949640162033 0.49992607689723945 0.49990827462288284 0.5007515503867824 0.49997389116165525 
1.0 1.0 0.49971949640162033 0.4999634929910235 0.49991004199985073 0.3016169955685697 0.49997930649944755 
1.0 0.0 0.5001205787710399 0.5000598768473157 0.4999309499174136 0.49982927157330065 0.49995705842785615 
0.9999870799799667 0.974303712371038 0.49972076077790584 0.5001221697178365 0.4999374610817439 0.5000686922803929 0.49629307943963963 
0.9991454756925005 1.0 0.49971949640162033 0.49992593132803764 0.49990842733528107 0.5007515503867824 0.49997389116165525 
0.999989051867894 1.0 0.49972076077790584 0.5001221697178365 0.4999374610817439 0.5000686922803929 0.49629307943963963 
0.5121073317845408 0.0 0.5000139282044391 0.4999842235005933 0.49993501510795885 0.4998752132278823 0.4999624488857539 
0.9989092546930932 0.6432184567303164 0.5000328019114899 0.4998606847767235 0.49999421457592547 0.49992538037500156 0.500131695353716 
0.5871355107679743 0.6307300566402724 0.4997344555120185 0.4999224609480408 0.5000556649377241 0.49993325908042996 0.49996281416501986 
0.7652078146969346 0.47086518208334904 0.5001490410489295 0.5000845225059312 0.4999412234701085 0.5001066244862566 0.5001483861653362 
0.2998036397805763 0.49077532889803016 0.5000680118905241 0.4999295578568126 0.500022375412318 0.5000964949214189 0.5001091912160506 
0.9371373706198397 0.5248318578168695 0.5000212100598979 0.49993028769716463 0.4999107448822755 0.50008247694644 0.49996681915282226 
0.4745602324259797 0.4489789058426325 0.4996666405701186 0.49990463329189183 0.4999412455117188 0.5001024005815469 0.49977238851598377 
0.7811686344759664 0.10942727028818577 0.5000159440636509 0.5000610896921053 0.499910598599577 0.4998316391412661 0.5001301164858163 
0.9446098286487068 0.004576801181294124 0.5001137267144368 0.500059067142754 0.5000216773093216 0.49982923876570207 0.5001301333610267 
0.9842742033189639 0.7978725728404984 0.4996957929010201 0.49951516202122614 0.49999396078821456 0.5000702686832093 0.4999413979100204 
0.6894936761035879 0.20542549414111877 0.4999641160753056 0.4999986391022161 0.4999452728900671 0.5001044896419904 0.499971002756261 
0.5439908774960053 0.008082591688178964 0.49968083625773646 0.49999417366590865 0.49994170410408295 0.4999344169476703 0.5001313030479866 
0.278700451169139 0.9198344544330295 0.5001613351245211 0.4999239620635552 0.499940187871578 0.5001077435318619 0.5001329768626753 
0.41167753886231345 0.07139755291994448 0.49995228170925227 0.499993616471072 0.49994129739051757 0.4999264494303286 0.4997737671808429 
0.7094163318615424 0.8031170006818835 0.4996957929010201 0.4999988791469846 0.49999396078821456 0.49993401920828656 0.49996194192171367 
0.23911673766869046 0.849194538086702 0.5000172437828233 0.4999239620635552 0.499940187871578 0.5001077435318619 0.5001329768626753 
0.6167583783329251 0.4489789058426325 0.4996666405701186 0.49990334015243754 0.4999412455117188 0.5001024005815469 0.4999542109665561 
0.177402859048452 0.08396011101077883 0.4997200243972085 0.4999259313862183 0.49992642219436106 0.5000737016825803 0.49996103093404204 
0.5574447725986993 0.6306281533267856 0.5000346327986938 0.4998606847767235 0.49999421457592547 0.49992538037500156 0.500131695353716 
0.7716139076454498 0.025994766576431468 0.5000142275354014 0.4999218887877269 0.4999321553964355 0.500073939550125 0.5001312906125904 
0.963402022865059 0.4907913601231962 0.5000138641771312 0.5000072161583282 0.4999452728900671 0.5000967836347342 0.5001279938711902 
0.7175216304940422 0.06506735346686021 0.5000142275354014 0.4999208669194633 0.4999321553964355 0.500073939550125 0.4999737700814304 
0.3879220399546774 0.858210305043803 0.5000262872220301 0.4999879806369811 0.5000080970217327 0.500061779726019 0.5001513747219983 
0.9326823280062441 0.09041437586087228 0.500018460056856 0.5000126452791802 0.5000028614456656 0.5002877649071613 0.5001185888592949 
0.7446660802284616 0.2000483574264253 0.4999682741625259 0.5000072161583282 0.4999452728900671 0.5001044595651106 0.4999733997477747 
0.1087551102377548 0.20542549414111877 0.4999641160753056 0.4999986391022161 0.4999452728900671 0.500074556730857 0.4999703753246678 
0.4893564824291055 0.04428106881794708 0.500152241306787 0.4999029668666229 0.5000203187730273 0.49992562674410884 0.5001114078361434 
0.21228196803571991 0.15190453169503992 0.5001565179879327 0.49998263749491784 0.500022375412318 0.5000964949214189 0.5001087459656447 
0.9859789229909101 0.20937070858660206 0.4999682741625259 0.5000072161583282 0.4999452728900671 0.5001036338680225 0.5001279938711902 
0.7626965586951218 0.19666114584279415 0.5000423597403083 0.49998474519727315 0.49993501510795885 0.49990673980147515 0.500109100720947 
0.42719121367580565 0.4700117607038211 0.5001126903604743 0.49990463329189183 0.4999412455117188 0.5001024818540672 0.49999677800000053 
0.6642236054294527 0.05594471433818071 0.5000182052212491 0.4999259313862183 0.49992642219436106 0.5001036345937137 0.4999608792534972 
0.9527378085609371 0.4994672895325193 0.5000212100598979 0.4999239190593439 0.4999409107533203 0.50008247694644 0.4999589582576162 
0.4772610653779328 0.858210305043803 0.5000262872220301 0.5000855781005135 0.5000083126556845 0.500061779726019 0.5001513747219983 
0.3292372935809066 0.15220642681777807 0.49994210877300094 0.5000151829573979 0.4999367025325826 0.5001007904962588 0.4999517767274072 
0.8135967597743664 0.025998138715272137 0.5000361133293942 0.5000495700604651 0.4999941686071508 0.5002590493966748 0.5001315497596296 
0.8493646723621199 0.8673453290502017 0.5000254806834007 0.49999508553665245 0.4999401896148965 0.4999258164942524 0.5001329850103721 
0.7598030252451524 0.1508577135139086 0.5001553045870367 0.49998358613337784 0.49994624833067436 0.4998739626867802 0.5001277562788685 
0.1406172210823165 0.48896874576099614 0.5000277918637189 0.5000654892797245 0.49993560752953276 0.49990777650602863 0.5001475214797153 
0.6240653234883266 0.090121368472875 0.4999489980546082 0.5000179154049809 0.4999343206902304 0.5001024887388756 0.5001315423948091 
0.21392073484734603 0.1116461692931494 0.4996735823711179 0.5000097024749345 0.4999428443048167 0.4999101615503614 0.5001088320553405 
0.1184509157744934 0.09934828456689271 0.5000182052212491 0.4999259313862183 0.49992642219436106 0.5000737016825803 0.499960251821904 
0.8531190644952983 0.03902030146467589 0.4996735823711179 0.5000073152286153 0.4999431115356957 0.499914857248669 0.5001255864654122 
0.9201541606714125 0.009715426154632278 0.5000172163650016 0.5000074140794948 0.4999412420413102 0.5000625846806535 0.5001294630912466 
0.7529426527775263 0.15110627722361936 0.5000380258636046 0.5000872805305461 0.4999349157329364 0.49990673980147515 0.5001106635797279 
0.016140352747737258 0.0815109359706355 0.5001216511293433 0.4999076579695513 0.5000217462215116 0.5000648222932128 0.500132652578448 
0.6444777737969315 0.09521708626922977 0.4999364607175916 0.5000179154049809 0.49994129766070217 0.5000738425285675 0.4999619033428013 
0.8350147538055049 0.009715426154632278 0.5000379363235633 0.5000160447581135 0.4999412420413102 0.499935542235129 0.5001345760702596 
0.010752363991960945 0.9645259164309059 0.49968655399550066 0.49999417366590865 0.499941480371688 0.4999316261900884 0.5001313030479866 
0.8222905281038412 0.0033686662966179726 0.5000491893984796 0.49998272096149504 0.5000556649377241 0.49993325908042996 0.49998124206370886 
0.05937620524553261 0.5904192026849058 0.5000277918637189 0.5000654892797245 0.5000269502124902 0.4998617020632719 0.5001475214797153 
0.32944499785768533 0.038862679137634665 0.4996735823711179 0.5000073152286153 0.4999430599663148 0.4999148245578725 0.5001255864654122 
0.8657645055943541 0.11133334902284142 0.4996735823711179 0.5000088369288989 0.4999431115356957 0.4999076682284609 0.5001477248419779 
0.8717821876388544 0.6170346389726715 0.4997364132329175 0.5000126855617492 0.49999153539237945 0.5000548519266224 0.5001653888196587 
0.8892687526077947 0.2608678717394878 0.49994507672184796 0.49999544544791036 0.49993673301572544 0.5002714745186096 0.5001344984820582 
0.789094855844374 0.6203459704441824 0.49994214881937754 0.4999231417698495 0.4999392319510629 0.500083306447262 0.5001437302187273 
0.9908241772557708 0.0033701344306855553 0.500117847141391 0.5000598768473157 0.5000520427291977 0.49982927157330065 0.4999574508687034 
0.17799798668386108 0.2000483574264253 0.4999682741625259 0.5000075846295878 0.49993466294712274 0.5000975485527562 0.5001112196839749 
0.6701857473246903 0.12352502994821447 0.5000423597403083 0.49998474519727315 0.49993501510795885 0.49990673980147515 0.500109100720947 
0.9049605789364498 0.03347171062693266 0.5000133292159535 0.49999992912171465 0.4999367588107676 0.5000831707016429 0.5001345384926714 
0.8123796329636125 0.3969524320107678 0.5001623999417684 0.5000495700604651 0.4999353406454868 0.5002584645012117 0.5001315497596296 
1.0 0.02600175152917556 0.5001205787710399 0.5000581030202766 0.4999309499174136 0.49982927157330065 0.49995705842785615 
0.4844838569851819 0.6331029510548495 0.5000328019114899 0.4998606847767235 0.49999421457592547 0.49992538037500156 0.5001288719364794 
0.05987656610065484 0.09934828456689271 0.5000182052212491 0.4999259313862183 0.5000014155571506 0.500321713818752 0.5001236145787525 
0.9758680036056069 0.0928775258111646 0.5001560142312794 0.5000133053910069 0.5000012396181287 0.500066920336618 0.5001443105805539 
0.840325328884409 0.586810392314033 0.5000671184962973 0.4999259842942002 0.5000545365969198 0.5001091140406172 0.5001289479031488 
0.7323927303570568 0.20201416965551486 0.49996394064833305 0.5000636852669365 0.4999452728900671 0.5001048385733512 0.5001244644256928 
0.8982371107681519 0.2008448546510195 0.49996394064833305 0.49991336041221296 0.4999452728900671 0.5001048385733512 0.5001247680598983 
0.9094027224312116 0.858210305043803 0.5000262872220301 0.5000855781005135 0.5000083126556845 0.500061779726019 0.5001513747219983 
0.7176332624658727 0.009715426154632278 0.5000379363235633 0.5000143177366035 0.4999412420413102 0.499935542235129 0.5001345760702596 
0.24286920804950934 0.04835469681574639 0.49966534547054053 0.5000073152286153 0.4999431097923772 0.5000968924807865 0.5001255864654122 
0.4167461874877464 0.922450805410197 0.49968044835332714 0.49992489525238887 0.49994170410408295 0.5001066629775041 0.499967866542669 
0.08344498764160369 0.09934828456689271 0.5000182052212491 0.4999259313862183 0.49992642219436106 0.5000737016825803 0.499960251821904 
0.5463593107759914 0.025994766576431468 0.5000142275354014 0.4999218887877269 0.49993192464812 0.500073939550125 0.5001319084191247 
0.9326823280062441 6.84655634877962E-4 0.5001654349590788 0.5000133053910069 0.499941640822762 0.5000669589677667 0.5001185888592949 
0.41167753886231345 0.5176959184486134 0.5000255311423976 0.4999920673155742 0.4999097758947499 0.4999229051428755 0.49995302002171976 
0.8563321694822547 0.6170346389726715 0.4997364132329175 0.5000125023402615 0.49999153539237945 0.5000548519266224 0.5001661570333613 
0.08197207484052657 0.06691324051619416 0.500044335926607 0.4999037836344826 0.5000461089343962 0.5000619760512205 0.4999537181155741 
0.3625516844818018 0.15627570131690877 0.5000170362789277 0.5000074882493988 0.5000239203432612 0.5000625066994515 0.5001297695394871 
0.789094855844374 0.6061347617837555 0.49994214881937754 0.4999231417698495 0.4999392319510629 0.500083306447262 0.5001437302187273 
0.3391838293479676 0.15110627722361936 0.5000423597403083 0.49998474519727315 0.49993501510795885 0.49990673980147515 0.500110393837552 
0.3625516844818018 0.7491088389162592 0.5000192156418013 0.4999800570346814 0.5000217770452305 0.5000611525448925 0.5001297695394871 
0.016140352747737258 0.0034230975424206223 0.5001216511293433 0.4999076579695513 0.5000217462215116 0.5000648222932128 0.500132652578448 
0.6240653234883266 0.090121368472875 0.4999489980546082 0.5000179154049809 0.4999343206902304 0.5001024887388756 0.5001315423948091 
0.2617018535783687 0.0034230975424206223 0.5001339859993945 0.4999982241398055 0.5000217462215116 0.5000660794258915 0.5001447118388235 
0.1380890010997035 0.025994766576431468 0.5000142275354014 0.4999262189018434 0.4999321553964355 0.5000740438392481 0.5001315418421242 
0.24955795069749215 0.0034230975424206223 0.5001339859993945 0.5003707017203026 0.5000218415349656 0.5000660794258915 0.5001447118388235 
0.25829862815464977 0.0034230975424206223 0.5001319859545899 0.4999911345350542 0.4999928802871412 0.5000660794258915 0.5001059517663705 
0.34760935474354404 0.15220642681777807 0.49994210877300094 0.5000151829573979 0.4999367025325826 0.5001007904962588 0.4999517767274072 
0.9094027224312116 0.49586027607749894 0.5000256727124025 0.5000855781005135 0.5000083126556845 0.5001089826200883 0.5001512644795795 
0.031986636924281026 0.06184052260886794 0.500044335926607 0.4999208669194633 0.5000461089343962 0.5000619760512205 0.49998604046436335 
