1.0 1.0 0.4005420122343931 0.4999361309101334 0.5000560874911243 0.49989643956790775 0.4004215544868543 
0.0 0.3282546036224075 0.5002163885418162 0.5000788272788658 0.5000826047394092 0.500214206736935 0.40028069357285984 
1.0 1.0 0.4005420122343931 0.4999361309101334 0.5000560874911243 0.49989643956790775 0.4004215544868543 
1.0 0.0 0.49944369264544486 0.4999380003507849 0.5000649116642701 0.4998822444307379 0.400453318532714 
0.9997998555692077 0.9999284461764821 0.5004423532431708 0.5002366446029738 0.5001182299661435 0.4999639096880858 0.39938493477134296 
1.0 0.8864133498935545 0.4005420122343931 0.4999353248821549 0.4993599747284066 0.49989643956790775 0.40042041026749065 
1.0 0.9683658713502314 0.4005270747299552 0.4999353248821549 0.5000827845536916 0.4998971154485886 0.4003763886757183 
0.8574609521367735 0.17445253558458973 0.5004000118676656 0.5000328760386574 0.5000731232497388 0.5002545740655193 0.40028792525428636 
0.5956389815271411 0.6410931615704925 0.5002771009687126 0.500080064653398 0.5001120040606728 0.5004293070889415 0.40031032708819503 
0.2844799412561058 0.15693676560444303 0.5001555285536217 0.5000797720709237 0.5002875193545777 0.4999652506929408 0.3993392352865109 
0.7847580424363839 0.5343437246448617 0.5002180761717967 0.5000598099299483 0.49976387980624626 0.5002109183397141 0.40028186243611774 
0.22624953304774031 4.0755672464729E-4 0.4992371640454236 0.4993483341646813 0.49990304121157547 0.5002537291326338 0.40028744607717337 
0.8217960038480474 0.004375303192116264 0.5001586982422835 0.4999443059959364 0.4998955051177563 0.500209544784415 0.3996647223176371 
0.28275823736497774 0.6000248502512152 0.5002767303881677 0.500080064653398 0.5001120040606728 0.49984129181502535 0.40031032708819503 
0.8984509929412227 0.4913129464331518 0.500278291274495 0.5001165625649435 0.5000965452123497 0.5002286322510463 0.3996486335316295 
0.9314456762591493 0.6426966125189253 0.5002122190715491 0.5000482211077985 0.5000427504706314 0.500266620000173 0.4003890062596416 
0.22017309227076037 0.03160167974571304 0.4992266261541278 0.4999564679020933 0.5002911541827149 0.49991115277272014 0.4002795765663055 
0.975688767503246 0.7359300149491195 0.49921440363153097 0.500051331792938 0.49989644722821275 0.5002549569709505 0.3998784284229837 
0.6251976254931831 0.5450835823689324 0.5002736449881218 0.5000514426965602 0.5001095859165854 0.5002111756113716 0.3996624620584333 
0.9160463016969156 1.0 0.4005420122343931 0.49995646110232 0.5000588347785156 0.49989643956790775 0.4004215544868543 
0.7074710253970478 0.5072305261951302 0.5002698734055993 0.5000514426965602 0.5001290963202433 0.5002111756113716 0.4003959676831419 
0.8651879192401623 0.0106639902377611 0.5004000118676656 0.5000328760386574 0.5000730240807845 0.5002545740655193 0.40028792525428636 
0.7074710253970478 0.45287646753794053 0.5002698734055993 0.5000514426965602 0.5000955586230031 0.5002142816944617 0.40039738540826414 
0.41101077068375275 0.15693676560444303 0.5001555285536217 0.5000799542493437 0.5001327748665227 0.5002481588388188 0.3993392352865109 
0.6497801073979784 0.006080773905904779 0.5003187929427217 0.5000330185972081 0.5001093809624231 0.5002285523578629 0.39947216806924807 
0.6769578339452398 0.34365499943591676 0.5003953751598287 0.5000577742966518 0.50011367089 0.4998751314352555 0.40026291226082905 
0.8280951410610529 0.7908070531148282 0.4991898754047717 0.499907315234307 0.49988102733395084 0.5002533055658919 0.39987046836191137 
0.5416332860903185 0.979848482561423 0.5001586982422835 0.5000490484702004 0.4998955051177563 0.5002089467014786 0.3996647223176371 
0.02148876001676453 0.006578476035835279 0.5002159425944361 0.5000788273672858 0.5000825055704547 0.5002134756245146 0.40028069357285984 
0.5270681012758729 0.847451493087687 0.49942164929343813 0.5000509099991353 0.5001002815220829 0.5002138782734153 0.40045531569795045 
0.975711338433344 0.03114953657375613 0.5002162497902647 0.5000575024705641 0.49976118900278454 0.4998799091361879 0.4003423435238519 
0.3277184578704655 0.004375303192116264 0.5001586982422835 0.5000499594155827 0.4998955051177563 0.5002089467014786 0.3996647223176371 
0.4242627035955799 0.16977645466006142 0.500130282912037 0.5000632747916416 0.4998860599801771 0.500259147818547 0.4003645505393001 
0.9084019524502557 0.9727244851025382 0.5003982834425049 0.49997028624986894 0.5002923415229855 0.4999044588927503 0.3996376620180046 
0.8742344344301625 0.31938371291643525 0.5000961186203814 0.5000120103872725 0.499446393313626 0.5004079306252186 0.40031243074436923 
0.9622775289079979 0.46063414564187877 0.5002807974118552 0.5000512281791725 0.5001301096584819 0.5002068208248044 0.3993424584250591 
0.999115672204891 0.6606881278918899 0.5001465726370127 0.5000502037076244 0.5001095874619225 0.49988258616788595 0.39965501037181145 
0.10871598606526217 0.3445804181460103 0.5002194137778353 0.5000788167149955 0.5000960708186122 0.500214206736935 0.40028069357285984 
0.8918075882307795 0.5554250185423408 0.5001937160969475 0.5000338098762476 0.5001041191760085 0.5002531002896199 0.40028816789855937 
0.8213005240194298 0.16977645466006142 0.5001317608193572 0.5000636787573457 0.4998860599801771 0.500259147818547 0.4003645505393001 
0.6743374574604721 0.2092772703476424 0.5003953751598287 0.5002292634155563 0.5001273096836837 0.5002290637034671 0.4004197740366333 
0.20073369974046018 4.926270832791013E-4 0.4992206359073416 0.4993483341646813 0.49990304121157547 0.5002180516758719 0.4002795765663055 
0.9227980753778067 0.8593182399852273 0.5002909707881595 0.5000328760386574 0.5000668673102058 0.49988427162245375 0.4003432576067519 
0.09227138489489661 0.34354546396965724 0.5002163885418162 0.5000788167149955 0.5001292861357622 0.500211100653845 0.40027927584773754 
0.8181179738428648 0.9861220158778604 0.5004816242888472 0.5001141076277791 0.5002866717476045 0.4999648820401647 0.39964588522281824 
0.4934862323531418 0.0 0.49944369264544486 0.5000492589021095 0.5000641461855102 0.5002301380044896 0.400453318532714 
0.37756984966800344 0.9165406317593079 0.5003283362511337 0.5000313834273294 0.5000571680057991 0.5002142581450743 0.4003783824658821 
0.6437580116471743 0.14131467938901365 0.5003187929427217 0.5000330185972081 0.5001103692213805 0.5002143134553398 0.39947216806924807 
0.9898779338877688 0.011723047796708035 0.499447545050292 0.5000388815560832 0.5000641461855102 0.4997567318815241 0.400453318532714 
0.7642130854017855 0.011723047796708035 0.499447545050292 0.5000501311529729 0.5001096753756004 0.4997193392383129 0.4004535037517103 
0.9307320145421399 0.21424928873051802 0.5004374585258805 0.5000514444580068 0.4998949659446395 0.5002110927673346 0.4003956805767283 
0.9401255958069001 0.8377814384555391 0.5001442331291027 0.5000516210850887 0.4993611332078146 0.4998746809842166 0.39965501037181145 
0.9997998555692077 0.9727037935301154 0.5004423532431708 0.5002366446029738 0.5001182299661435 0.4999639096880858 0.39938493477134296 
0.20019912664187775 0.4767742886222509 0.5002162497902647 0.5000575024705641 0.49976118900278454 0.4998799091361879 0.4003423435238519 
1.0 0.02487690510717168 0.5003413612606111 0.5002295115948854 0.5000813030146694 0.5001849445925713 0.40029382921566686 
0.7471527431751922 0.011723047796708035 0.499447545050292 0.500036982923397 0.5000605454372992 0.4997193392383129 0.40038659233559004 
0.4703982615734344 0.13163983114128258 0.5003992297198996 0.500094422419859 0.5001183218870868 0.5002584984536417 0.40031849700808986 
0.9863190494583934 0.08369477540042852 0.5001417315581066 0.5000370554780486 0.5000640535303261 0.500266431969025 0.39965501037181145 
0.5236732265315858 0.9891635365088964 0.4993416105094046 0.500049034843164 0.4993785368985589 0.5002661031537938 0.40036115315854687 
0.4914602729722317 0.9891682897208037 0.4993416105094046 0.500049034843164 0.4993785368985589 0.5002611128529655 0.40036115315854687 
0.9408837372654079 0.9860519194160638 0.5001468776753767 0.5000788167149955 0.5001035055087042 0.500229128051189 0.39964338283839906 
0.9864159718680217 0.08369477540042852 0.5001417315581066 0.5000371825607406 0.5000641458450138 0.5003210489224373 0.4004673937485347 
0.7858787203144499 0.383413506486776 0.500216390435193 0.5000788167149955 0.5000956609422516 0.49988527187026865 0.40027891197325377 
0.8342074430707715 0.7688181158374636 0.4991898754047717 0.499907315234307 0.49988102733395084 0.5002533055658919 0.39987046836191137 
0.8843194859252633 0.9699465874080001 0.5003982834425049 0.49997028624986894 0.4998756814624034 0.4999044588927503 0.4002645907590646 
0.4533842303045184 0.3455144715661277 0.49942164929343813 0.5000330097768131 0.5000959211786566 0.500213892299535 0.40045531569795045 
0.7540433098651533 0.22993453064206776 0.5002801502446038 0.5000080325390509 0.5001239109548478 0.5002565064123109 0.4002776012548152 
0.8205762914695585 0.22993453064206776 0.5002801502446038 0.5000094929172136 0.5001239109548478 0.5002565064123109 0.4002776208374699 
0.5683740769711764 0.23344269854179395 0.5003569068992159 0.5002279677569845 0.5001268480190536 0.5002274263500978 0.4002805551228521 
0.9134177809018648 0.3426651009005239 0.5002075851619601 0.4999118822302007 0.5000957484385222 0.500214206736935 0.3998572589132896 
0.9898779338877688 0.05098900563577198 0.499447545050292 0.5000388815560832 0.5000641461855102 0.4997567318815241 0.400453318532714 
0.5402115481818557 0.9891635365088964 0.4993416105094046 0.500049034843164 0.4993785368985589 0.5002661031537938 0.40036115315854687 
0.999115672204891 0.21415260038750591 0.5001360998396779 0.5000502037076244 0.5001095874619225 0.500266431969025 0.39965501037181145 
0.8477456570952865 0.599073377667323 0.5002122190715491 0.4999102186220311 0.5000605733322119 0.4998834098642222 0.40038887424630487 
0.4709498491256988 0.33558583396776365 0.5003953751598287 0.5002275399270953 0.5001273096836837 0.5002287506092111 0.4002687203783084 
0.5167854785310975 0.20005574489722755 0.4993389297192675 0.5000327610458317 0.5001124666680764 0.4998734136741135 0.40036721075929926 
0.0657389909029858 0.384709179654228 0.5004477709903214 0.5000723852487119 0.5000989028559334 0.4998446511097766 0.400279670297663 
0.8478716096119617 0.9805786106738924 0.49918495560922793 0.499907315234307 0.49988102733395084 0.5002533055658919 0.3999031941924987 
0.28631650208734805 0.862851791852726 0.5004367458628035 0.5000722009325371 0.500062444647739 0.4998398201288069 0.3996700190842231 
0.6769578339452398 0.23496324219167894 0.5003953751598287 0.5002275399270953 0.5001273096836837 0.5002290637034671 0.40028500764021446 
0.5780344592375737 0.047538850820458 0.5002771009687126 0.500080064653398 0.5001120040606728 0.5002255855208187 0.4004258587918172 
0.9583611157988216 0.08369477540042852 0.5001417562542613 0.50005016043628 0.5001095874619225 0.500266431969025 0.4003182361015432 
0.47823600550480483 0.8593182399852273 0.5002909707881595 0.5000970492739624 0.5000668673102058 0.4998832732007725 0.4003432576067519 
0.28518783324288655 0.8537933802214339 0.5004367458628035 0.5000722009325371 0.500062444647739 0.4998398201288069 0.3996700190842231 
0.8424477805450125 0.8377814384555391 0.5001442331291027 0.5000516210850887 0.499321720354726 0.500212255012981 0.39965501037181145 
0.5971263791446164 0.5129527910900337 0.500276495324085 0.49934846566192803 0.5000568174665734 0.5004314097028063 0.40031032708819503 
0.7858787203144499 0.379292177696944 0.500216390435193 0.5000788167149955 0.5000957484385222 0.5002431514367665 0.40027891197325377 
0.9923375566880872 0.9822207799058762 0.5001190957979412 0.5001221471765287 0.5001081008054241 0.5002544463888947 0.39965485952352175 
0.9570374751012709 0.08369477540042852 0.5001417562542613 0.50005016043628 0.5001095874619225 0.500266431969025 0.4003182361015432 
0.3552984447398706 0.5277578401953477 0.5002122190715491 0.5000813287499036 0.5000958788855142 0.5002131053033266 0.40028119239226806 
0.9408837372654079 0.9909117263119758 0.5002800584440821 0.5000788167149955 0.5000957484385222 0.500229128051189 0.40039298245142363 
0.23928375798301338 0.47587717686804387 0.5004229477864388 0.5000575024705641 0.4997782795435216 0.5002313396004183 0.4003440967660422 
0.8424477805450125 0.8377814384555391 0.5001442331291027 0.5000516210850887 0.499321720354726 0.500212255012981 0.39965501037181145 
0.0657389909029858 0.384709179654228 0.5004477709903214 0.5000723852487119 0.5000989028559334 0.4998446511097766 0.400279670297663 
0.9878961998088256 0.9954123606498176 0.5001461644032429 0.5000625421554482 0.5001182299661435 0.49996701459205445 0.40037285775204107 
0.5511782699330507 0.3528437249111247 0.5002115937851096 0.5000788167149955 0.5000957484385222 0.5002254683755951 0.40028069357285984 
0.09227138489489661 0.37992271909484987 0.5002076788665922 0.5000788167149955 0.5001292861357622 0.5002016528849512 0.40027927584773754 
0.3423764916598479 0.16977645466006142 0.500130282912037 0.5000632747916416 0.4998860599801771 0.500259147818547 0.4003645505393001 
0.8918075882307795 0.46446707271583726 0.5002053591802542 0.5000788167149955 0.5001041191760085 0.500253058279696 0.4003078466182863 
0.8307794600373174 0.15211442356402194 0.500427949659285 0.5002377812048714 0.4998860599801771 0.5002560429145785 0.399376627558602 
