0.0 0.0012607213863345054 0.5000056740133034 0.5001314496012127 0.5002846230407403 0.499680863549805 0.49999021341202754 
1.0 0.9999999999995252 0.5000556054464552 0.49985238690648087 0.5000088176863324 0.4996479907651417 0.4998602152145639 
1.0 0.9999999999995252 0.5000556054464552 0.49985238690648087 0.5000088176863324 0.4996479907651417 0.4998602152145639 
0.0 0.0012607213863345054 0.5000056740133034 0.5001314496012127 0.5002846230407403 0.499680863549805 0.49999021341202754 
1.0 0.0 0.5000348729316872 0.49990278512716346 0.49970245324209916 0.500394620167668 0.5000388499701278 
0.9138540587935656 0.21571972503296288 0.5000358416593267 0.5001290137011387 0.49971576209045954 0.5003685864237882 0.49997990785176416 
0.9821691352342916 0.5077396673371107 0.5000083630663148 0.5001314496012127 0.49969289852930127 0.499723256746018 0.49999021341202754 
0.8173472862676565 0.557478333634081 0.5000066507212468 0.4999022257169449 0.4996967154026956 0.5004596248490963 0.5000434137675174 
0.7679615796303582 0.4082309974365103 0.5000554273806714 0.4998519351233504 0.5001172990332491 0.50037111728969 0.5000420659534864 
0.04151759503182806 0.20537917222118252 0.5000074701926964 0.5000946182027958 0.49967744510602574 0.5003921032477239 0.4999818003913868 
0.9562886581156714 0.031940846105290854 0.5000347745052101 0.4998528166468103 0.4996637782826317 0.4996479907651417 0.5000343627736051 
0.5685581565018524 0.0012010394442448225 0.5000366002965086 0.4998886009452867 0.4996896009698576 0.5004349805801036 0.5000254071502905 
0.25009562035789557 0.6576673254438195 0.5000056548567958 0.4997222306355052 0.4997068464091702 0.49971751220802185 0.4999902923143126 
0.6547835088413428 0.6736983022575298 0.5000057851193367 0.4998814819654162 0.5002821501127148 0.5003695917057907 0.5000388674959111 
0.7956358589366299 0.908116618320665 0.49990459935575227 0.500132368100919 0.4996993451257936 0.5004003787420698 0.5000330810900563 
0.7687717916206497 0.0062015658668166385 0.5000100613036006 0.49985399112995593 0.499687440163488 0.5003461896072815 0.5000372041668983 
0.69384621115748 0.01657812865757822 0.5000087770547871 0.49987004948301167 0.5001201252440871 0.5003793406727216 0.4999972625069848 
0.9838435893906261 0.9784058156604598 0.4999995532823948 0.4998622234758781 0.5002838191629425 0.4996480017988428 0.5000462955739761 
0.7342132479246967 0.0528568031895556 0.4998968949222768 0.49988936416484303 0.5002687826162984 0.5003921732711483 0.4998851627365568 
0.48757100376121376 0.4222790056951017 0.5000056896387396 0.49988921264226055 0.5002824580799197 0.49944772957635686 0.5000378890373884 
0.8807369411237853 0.21571972503296288 0.500008087964124 0.5001290137011387 0.4997167940470852 0.5003673173225082 0.5000346192175374 
0.1200195879951434 0.959619611277804 0.5000056381386303 0.4998839669337772 0.5002370668072175 0.5003768345379268 0.49999226978252276 
0.7475759478528916 0.9147046650813145 0.49988076504591256 0.49988516011213996 0.5002582950458132 0.5003590586562551 0.5000450174878437 
0.3154322207867298 0.853154693155146 0.499995169200991 0.5001239714409166 0.49972221839300457 0.4996361722654565 0.49997684655379915 
0.3543560536193434 0.5527218696938851 0.5000092870807091 0.5001314001201258 0.50029137455065 0.49963501059767906 0.49998425024349186 
0.6513784819997999 0.655279432798296 0.5000056926257723 0.4998811760482878 0.5002824580799197 0.499468093068925 0.5000284309744284 
0.999598953876413 0.3866283907853903 0.5000074432506302 0.4997416825326127 0.50026869451521 0.4994414518601513 0.5000252585773715 
0.8034765628313114 0.7700307203754778 0.49989678560545125 0.5001322789608893 0.5002558685437296 0.5003693851967631 0.5000106071283864 
0.9039283549529976 0.04548817773976471 0.5000560200152372 0.4998477861710427 0.49997425369697523 0.5004007619269757 0.5000443924884195 
0.8563673054856109 0.4716440635746213 0.5000065112318229 0.49974239142578847 0.499647752089591 0.5003919213187948 0.5000410841780337 
0.719009912685778 0.7289885251558379 0.5000080450637479 0.5001108633116315 0.4997029367298112 0.5004003380592079 0.5000237621923392 
0.19589609456708798 0.9158626689235787 0.5000061672446865 0.4998869669620133 0.5002140025805689 0.5003992350740332 0.5000214278070875 
0.5955475284473635 0.9052347290703451 0.5000610850777851 0.5001313651659792 0.5002659812282998 0.5003922019369363 0.4999913638385254 
0.6360327811801625 0.7816739036602112 0.5000058806807427 0.49987164160323083 0.49970255966650085 0.4994456069307053 0.5000214278070875 
0.9948811145729165 0.01695375464340605 0.5000348563215253 0.49987004948301167 0.5001201252440871 0.5003589376600014 0.4999969009205547 
0.9543723114447871 0.2958221005591519 0.5000577635997778 0.499888596898842 0.49968851275626425 0.5000471488659114 0.4998536532552522 
0.5039221643536087 0.702294043367395 0.5000056926257723 0.49988921264226055 0.5002824580799197 0.49944706301210073 0.4998626825371143 
0.9931352235932711 0.43056594684167554 0.500005885945037 0.5000939743809628 0.49997439133474864 0.49967723854231255 0.5000333408381304 
0.9421952143392701 0.6602753254151924 0.5000020457967054 0.49974987933500153 0.5002639477295295 0.5003923019857652 0.5000530005787515 
0.6806623552937374 0.5077396673371107 0.5000083630663148 0.5001314496012127 0.49969289852930127 0.5002880883801177 0.49999021341202754 
0.9749107482291072 0.8604664151896225 0.5000075276015534 0.49988957697490305 0.5002941443284182 0.49944135505027953 0.49997506240028255 
0.06894479427371442 0.9844322198710498 0.4999995532823948 0.4998622234758781 0.5002753009959586 0.4996480017988428 0.4999803344180186 
0.9844500621392521 0.09371859427526255 0.500057202344548 0.49987014263773194 0.4999915442727215 0.5003837402102081 0.5000390111568975 
0.9421952143392701 0.6274607291301358 0.5000020457967054 0.49974987933500153 0.5002639477295295 0.5003923019857652 0.5000530005787515 
0.41462247675390057 0.0535715905702171 0.5000370083618729 0.4998665689858367 0.500254739727934 0.500383729518251 0.49999257245304013 
0.8240377989507837 0.47361081115152154 0.500005677675101 0.5001491412789639 0.49969621762774563 0.5003894563775583 0.49999021341202754 
0.8411383666036928 0.00564018557944479 0.5000442308037836 0.5001322610592558 0.4996975067945572 0.4997036165587427 0.4999869068502766 
0.33017394398055677 0.7700307203754778 0.499896242922287 0.5001322789608893 0.5002913691866316 0.5003693851967631 0.49998413012182014 
0.5369825273820222 0.4241126810161325 0.5000136100786056 0.49986070622480583 0.4996957966116534 0.4996735314224313 0.49986193586930294 
0.9731405605231924 0.908116618320665 0.500007164007279 0.500132368100919 0.5002687342333807 0.5003768297870229 0.5000445857425438 
0.27021420806222674 0.004770763114966742 0.5000056753168384 0.49985769391248097 0.5002860184727685 0.499683377307303 0.500019696472154 
0.867420004925873 0.05736090525007555 0.5000354697664953 0.4998891833270691 0.5002802674779693 0.5003590924984359 0.4999859531409495 
0.681702348565558 0.9863304250367625 0.49987939581991236 0.4998963023090006 0.5002582950458132 0.5003733275972458 0.5000462370460071 
0.3529012882051999 0.012515298933115399 0.5000366002965086 0.4998886009796211 0.4996895929365379 0.5000561507778457 0.5000254071502905 
0.8713019348545663 0.908116618320665 0.5000601567678581 0.500132368100919 0.5002687342333807 0.5004003787420698 0.5000445857425438 
0.22384685280130434 0.471674100722078 0.5000065112318229 0.49974239142578847 0.5002780501521263 0.5003394073554698 0.5000381127108333 
1.0 0.9517360011149159 0.5000556054464552 0.49985238690648087 0.5000088176863324 0.4996479907651417 0.4998602152145639 
0.07297769706222314 0.9056523647617258 0.5000606581527913 0.500123598096174 0.5002846230407403 0.4997044568252772 0.5000248312948807 
0.9723508508917801 0.05467451689698122 0.49986948297607764 0.49989286322575566 0.5000944499348532 0.4996753467738029 0.49997751685761593 
0.15696601939266924 0.9209114681598718 0.5000006473071654 0.49988725725207334 0.5002591798294707 0.49968650384349567 0.5000242866594095 
0.6290067658519486 0.9052347290703451 0.5000620178368788 0.5001385971582065 0.5002659812282998 0.5003922019369363 0.4999912593526139 
0.976072323811605 0.09795230058845604 0.500057202344548 0.49988859359262894 0.4999915442727215 0.5003837402102081 0.5000390159885573 
0.9895988707483969 0.5876162264661284 0.4999987146662779 0.5001312380398935 0.500291748452211 0.5003583349674694 0.5000120577980418 
0.5141696231127745 0.004614075902329429 0.49987125350884903 0.49990285075767527 0.4996795192514766 0.5003728400281429 0.49997751685761593 
0.4367762273783567 0.4113518864307409 0.5000034567787917 0.4998814739222082 0.5002925108017166 0.5004027553217809 0.5000404713212785 
0.2002596023631389 0.35295601284323375 0.5000056740133034 0.4998839669337772 0.5002282168063208 0.5003481828438284 0.4999892433485419 
0.9256560220677181 0.6980138176542741 0.500036757223664 0.5001161906095833 0.5003060817978573 0.5003687788043514 0.49998482867494415 
0.13403350165255123 0.4082309974365103 0.5000551935784509 0.49985120044023995 0.4999877477863349 0.4996566129719706 0.5000140932291233 
0.9840371594494156 0.18729980320457645 0.5000552421643552 0.49985060031333794 0.49969571516634953 0.5003698651705196 0.5000438029175341 
0.760953141223311 0.32716130671511623 0.5000056740133034 0.49986908089525495 0.5002282168063208 0.5003481828438284 0.49998835055162455 
0.8459276103570633 0.9158626689235787 0.5000061690995541 0.4998529997659383 0.49970294892152467 0.5003997375063849 0.5000214278070875 
0.22251713006592116 0.5070398370544091 0.5000683369073519 0.500132368100919 0.5002774460203211 0.500338131344169 0.4999930841767919 
0.8979366063217679 0.9406034861128967 0.5000556054464552 0.4999003790285652 0.50010633557752 0.500360254805165 0.49986320136401713 
0.3922598826277519 0.2958221005591519 0.5000088559110466 0.499888596898842 0.49968851275626425 0.5000471488659114 0.49958287746568 
0.7530661659762499 0.29632820998055187 0.5000069133278446 0.49986908089525495 0.5002282168063208 0.5003481828438284 0.4999881693105391 
0.8166085649969028 0.5373146840438369 0.5000066501803886 0.49986444976573463 0.500267739499625 0.5003695917057907 0.5000391561043368 
0.8258709097177287 0.848162237835834 0.5000066622515845 0.49988830228304243 0.4997070216422078 0.5004566664760379 0.4999767028415638 
0.9989108955284494 0.0774353949201777 0.5000034650593517 0.4998814739222082 0.5002925108017166 0.5004027553217809 0.5000388243922054 
0.5029499117496916 0.007517357061584573 0.5000056932593984 0.500134575012633 0.5002845243567176 0.4996833727783546 0.4998626825371143 
0.9358053866074258 0.9856045164023566 0.5000555773424256 0.4998519357703667 0.5000088176863324 0.5004070733748966 0.4998602152145639 
0.9933776147727708 0.0 0.49986948297607764 0.49989461637559995 0.5001005447674498 0.4996753467738029 0.49997751685761593 
0.24394711700012822 0.5016342594774853 0.5000367137594938 0.5001317030060675 0.5002530989265569 0.5003836899301715 0.499860739772553 
0.8985747021959143 0.9533998083402928 0.5000556054464552 0.49985423049315914 0.50010633557752 0.4996482243677926 0.49986320136401713 
0.44958057681222713 0.557478333634081 0.5000080239825693 0.4999022257169449 0.5003087014672956 0.5003506118136898 0.5000428010201768 
0.415115031217955 0.504896294964174 0.5000066864027216 0.49986444976573463 0.500267739499625 0.5003695917057907 0.5000391561043368 
0.9370129282214776 0.818362088444271 0.4998789083564407 0.4998776702523302 0.5002582950458132 0.5003478601382227 0.5000454956525276 
0.5957046666196149 0.024395307677240158 0.5000053672718239 0.499868007242278 0.500265501606346 0.5003586289427087 0.49961715135370866 
0.15696601939266924 0.9209114681598718 0.5000006473071654 0.49988725725207334 0.5002591798294707 0.49968650384349567 0.5000242866594095 
0.8320462715614754 0.9147046650813145 0.49988076504591256 0.49988516011213996 0.5002582950458132 0.5003590586562551 0.5000450174878437 
0.9838435893906261 0.9354721081400998 0.4999991504066504 0.5001229340208303 0.5002838191629425 0.49970376266142175 0.5000462955739761 
0.5957046666196149 0.513311021369363 0.5000047520033472 0.500120625930824 0.5002593971164234 0.49961610004606566 0.49962418350167154 
0.27021420806222674 0.004770763114966742 0.5000056753168384 0.49985769391248097 0.5002860184727685 0.499683377307303 0.500019696472154 
0.9493606536055786 0.4242206416338265 0.500005885945037 0.5001290326249929 0.4999701399802032 0.49967723854231255 0.5000333408381304 
0.7156655347324546 0.45255870370899776 0.49999180898127793 0.49985240880262155 0.5000129331210068 0.5003730897152772 0.5000093820478613 
0.4372619142934272 0.39731797736448565 0.5000057220308318 0.49988398571556003 0.5001501156654834 0.49965524982369175 0.4999894357257027 
0.6559453730413201 0.9158626689235787 0.5000061690995541 0.4998869669620133 0.49970294892152467 0.5003993264175357 0.5000214278070875 
0.8602925877586964 0.3993317311222308 0.5000361458880151 0.5001322610592558 0.4996876038324115 0.5003790609202302 0.49998680232708737 
0.9017989477050383 0.32716130671511623 0.5000056740133034 0.49986965746489465 0.5002282168063208 0.5003481828438284 0.49998835055162455 
0.8567658470781933 0.07861492265407952 0.500055650289406 0.49987161243656203 0.4999991610980865 0.5003642936740244 0.5000391128772459 
0.42608522956041256 0.848162237835834 0.5000080127622626 0.49988830228304243 0.5003188149362991 0.5003476534406315 0.4999773155889044 
