0.0 8.779272477084897E-5 0.49984642657059675 0.500414501451684 0.300229795226 0.4987044482988129 0.4998649546864462 
1.0 1.0 0.5006745221227329 0.500151680000475 0.3002429516823692 0.5010375913738961 0.4992391994507462 
0.9999999161454554 4.521023777808561E-16 0.5000141456039214 0.5004276513687249 0.30026452523442515 0.5027246727608736 0.49979903144861987 
0.8062255575552916 0.9999466920826803 0.49963623331320256 0.49916387642988364 0.3002423196371837 0.4995635472093995 0.5004150795687776 
0.9963659911429494 0.9963899781008347 0.49818637002846466 0.49973210591480854 0.400602934965976 0.49967289429957756 0.5015031955987351 
0.7427938807071718 0.00822006095798744 0.499845863687456 0.500414501451684 0.3002176846479424 0.4987044482988129 0.4997791633143407 
0.973807911187326 7.654960891422808E-15 0.49820180544883513 0.5004171326478188 0.40169763450609347 0.5030421785691501 0.5022253228490394 
0.9987157515518968 0.9719482319088512 0.4996297496320634 0.49973210591480854 0.400602934965976 0.49972356423517256 0.5015032997415624 
1.0 8.987046005045857E-14 0.4995252326851344 0.49983567065760764 0.3002115647704703 0.5000723304415836 0.49996753861196314 
0.8581841103184721 4.521023777808561E-16 0.4996053244689655 0.4997529364042402 0.3002644358363964 0.49966874833333724 0.4997889556124441 
0.9963659911429494 0.9963899781008347 0.49818637002846466 0.49973210591480854 0.400602934965976 0.49967289429957756 0.5015031955987351 
0.6528491548568378 4.1033942942804436E-4 0.4998468788789299 0.5004365268456713 0.3001093262639368 0.49954545964885466 0.49986494788695945 
0.9963659911429494 0.01689405345687811 0.49820285780226253 0.500417974124283 0.400602934965976 0.49967289429957756 0.5015031955987351 
0.8270484709143089 0.011965546637463853 0.49983602297775087 0.5004370677994749 0.3002076548491834 0.49969321884244816 0.49985274180957534 
0.4879765732764959 0.020392447745306796 0.49950100949845877 0.499763911283706 0.30015473615377825 0.4996672892115037 0.4998619118114905 
0.9472842028711559 4.521023777808561E-16 0.4996104757722762 0.5004276513687249 0.3002644358363964 0.5027246727608736 0.4997889556124441 
0.8429811898793726 0.03330789928198147 0.4996137185335992 0.5005009109830956 0.5027803870642471 0.499714047595005 0.5003060630265709 
0.6566155218958025 2.9386231620819915E-5 0.5016229122434492 0.5002322846366861 0.3001608435840148 0.5011363645236294 0.5002880070168169 
0.4850371909166511 2.9386231620819915E-5 0.499645723964074 0.5002322846366861 0.3002060136535557 0.5011363645236294 0.5004387775514819 
0.3044573861245242 4.521023777808561E-16 0.5000141456039214 0.5004276513687249 0.30026452523442515 0.499461621095264 0.49980092833616513 
0.7111361363367735 1.0 0.500587383266557 0.49916387642988364 0.3002429092429135 0.50167207983961 0.40205014638989267 
0.3044573861245242 2.300577728558248E-16 0.5000067455970497 0.5004276513687249 0.30026452523442515 0.5026141961133702 0.49980092833616513 
0.22670798583243656 1.2136511295821661E-4 0.4998487829697399 0.499746750146654 0.300229795226 0.4987044482988129 0.49986058974433467 
0.21982880876460337 0.9924685991479524 0.49946155887540605 0.49975339896830423 0.300244373862029 0.5002238721072652 0.49975019125642567 
0.0912511025370028 0.8508105293309507 0.5000045104440377 0.49923908451685167 0.30021901561472514 0.4995083962894475 0.5003165951169112 
0.9242660048692485 4.521023777808561E-16 0.4996178757791479 0.5004276513687249 0.30026452523442515 0.4995720977427674 0.4997889556124441 
0.9856644604977225 4.521023777808561E-16 0.4996104757722762 0.5004276513687249 0.30026452523442515 0.5027246727608736 0.4997889556124441 
0.13112441007582093 0.9561672704338102 0.49960307437214424 0.5004152068271545 0.3002542333751699 0.4998472480673584 0.49986181584923706 
0.325519053302116 0.17487138872056093 0.4996238956265176 0.4993078225277569 0.40144093931091246 0.49971777395219763 0.49998873681787376 
0.17922798011444008 0.008211182302713005 0.49954790656347475 0.5004134151295466 0.3002191618879304 0.5021205584040128 0.4998592591310518 
0.9999447646007913 0.8861447367167741 0.5005684412710305 0.49983567065760764 0.3002433498983625 0.4995479114308456 0.49996753861196314 
0.13165488746824075 0.018501526954499553 0.4995467447862358 0.5004289644591495 0.3002105173290017 0.5011553515716326 0.4998296860233323 
0.9999447646007913 0.9968262626283392 0.500673709147747 0.49983567065760764 0.3002433498983625 0.4995479114308456 0.49996753861196314 
0.9490999500409125 4.990425632322432E-15 0.4996629765564732 0.5004449326779649 0.3002030903149629 0.5008690109004863 0.5022253228490394 
1.0 0.9623358446608741 0.5001389674759147 0.5001705062787709 0.30019876428297504 0.49943586629345027 0.49928531197788933 
0.4161083869444496 1.0 0.5006579067351911 0.5004133590273813 0.30024330360038826 0.4998490938627869 0.5015599405306361 
0.2532347502201539 0.9964040457237023 0.49950957924732087 0.5003840499888468 0.3001554711262122 0.49946505834333205 0.49975948954553856 
0.6566155218958025 2.9386231620819915E-5 0.5016229122434492 0.5002322846366861 0.3001608435840148 0.5011363645236294 0.5002880070168169 
1.0 0.8875146125687411 0.5005692542460164 0.500151680000475 0.3002429516823692 0.5010375913738961 0.4992391994507462 
0.4152764657803744 0.9997003999762462 0.4998374795634789 0.500441749039086 0.30024149454488214 0.5008170735463666 0.49986470821585777 
0.1920290154588138 0.09775241746620515 0.49952164601235355 0.4997713853130793 0.3001557359881293 0.5002603895717979 0.5005061983126725 
0.9448483721658533 0.9996444746519348 0.4998374795634789 0.4998382021211188 0.3002418070271479 0.5000670761006137 0.49986470821585777 
0.8032822264069044 0.011965546637463853 0.49983602297775087 0.5004370677994749 0.3002076548491834 0.49969321884244816 0.49985274180957534 
0.05117790951045509 0.009132328273393683 0.49963071898415345 0.500414501451684 0.300229795226 0.4987044482988129 0.4998649546864462 
0.9987157515518968 0.27497468037099493 0.49963000252531264 0.49973210591480854 0.400602934965976 0.49972356423517256 0.5015032997415624 
1.0 0.21219938800400695 0.500696046256857 0.5001541733652133 0.30024306645788423 0.599247399491137 0.49982737484591616 
0.8789158220121722 0.9997958813483796 0.4998374795634789 0.500441749039086 0.30015927174120194 0.5008423475087178 0.49986470821585777 
0.15300047354536694 0.9561672704338102 0.49960307437214424 0.5004419892484366 0.3002541025420517 0.4998472480673584 0.4998111837891819 
0.9999768683259447 0.9671595358286283 0.49952270058929393 0.4997338587365285 0.3002120014497634 0.5002040907702179 0.5015031955987351 
0.38620101248569794 0.7492675726324737 0.499974704228034 0.4997324849118692 0.30021799623173695 0.4995893393524087 0.4997782010506772 
0.42342370109520466 0.8061456354766148 0.499974704228034 0.4997324849118692 0.30021799623173695 0.4995893393524087 0.4997782010506772 
0.014732347556691505 2.3164237503628046E-4 0.4998487829697399 0.5005120733702765 0.300229795226 0.4987044482988129 0.49986058974433467 
0.3425657346024355 4.521023777808561E-16 0.5000141456039214 0.5004276513687249 0.30026452523442515 0.499461621095264 0.49996764772449176 
0.38620101248569794 0.813042070146941 0.4999752671111747 0.4997324849118692 0.30023010680979456 0.4995893393524087 0.4998639507122187 
0.4380926135176757 0.789960930119727 0.49965448786763716 0.49975768936229553 0.30021799623173695 0.4995893393524087 0.4997591293653468 
0.8789158220121722 0.9997958813483796 0.4998374795634789 0.500441749039086 0.30015927174120194 0.5008423475087178 0.49986470821585777 
0.17393016279804863 0.9930971763520019 0.4995065529702587 0.5005217378188671 0.3002250896166861 0.49943775041460625 0.4998894418516064 
0.4340382085928613 0.9980802631260832 0.4995106429069001 0.5004792578310634 0.3002419542681928 0.49949851591297995 0.49992672874155303 
0.13165488746824075 0.2640407257590839 0.4995467447862358 0.500483705517191 0.30021218990081494 0.5011553515716326 0.49983102624660425 
0.7111361363367735 1.0 0.500587383266557 0.49916387642988364 0.3002429092429135 0.50167207983961 0.40205014638989267 
0.32388965243090195 0.015918814368308942 0.49964318283304465 0.5005052559421004 0.3002623252504089 0.4995083962894475 0.5004457168149247 
0.32296371452768163 1.0 0.49951363567054546 0.4997707902557382 0.3007227017942086 0.6000295710487075 0.5012065943728153 
0.6378357398980536 0.015918814368308942 0.49964318283304465 0.5005052559421004 0.3002612183483477 0.4995083962894475 0.5004457168149247 
0.37848854053029723 0.9963506518826072 0.49977109427896016 0.5004090841424917 0.3002090565609521 0.5008168906578555 0.4998684579110604 
7.953555545401753E-4 0.9960302916153118 0.49946155887540605 0.5005187221919267 0.300244373862029 0.5002238721072652 0.49975019125642567 
0.2022053196646228 0.06353044622733828 0.49952010317336837 0.5004134085513383 0.3002141707335936 0.5002542532969744 0.5011553160594734 
0.18601037482991645 0.999999869096355 0.49960307437214424 0.5004152068271545 0.3007379500366609 0.4998472480673584 0.4998236085759624 
0.2738180224923974 0.9955910629252678 0.49963800846979173 0.4998108681376456 0.30021163852616134 0.4995083962894475 0.4999660332971943 
0.4879765732764959 0.009598269185547736 0.49950100949845877 0.499763911283706 0.30015473615377825 0.4996672892115037 0.4998619118114905 
0.0944971500108345 0.19833041456805509 0.4995319867763646 0.500483705517191 0.3002126057286048 0.5011701880589959 0.4998116703153532 
0.4613561834695422 0.8491763404739661 0.499974704228034 0.5004409682057778 0.30021988450271375 0.4995078400998354 0.4997788631538237 
0.18700919694609558 0.9561672704338102 0.49960307437214424 0.5004152068271545 0.3002541025420517 0.4998472480673584 0.49983052817765716 
0.0912511025370028 0.7973462173565691 0.5000045104440377 0.4992310374112649 0.30015918792593976 0.4995898955420208 0.5003165951169112 
0.22258507905883584 0.8585776035380065 0.49945644469969025 0.5001355198540741 0.300244373862029 0.4995610772646591 0.4997798103277691 
0.22258507905883584 0.8545640417529186 0.49946155887540605 0.5001587476312398 0.300244373862029 0.4995610772646591 0.4997798103277691 
0.27939768387290653 0.9537228379956817 0.5001632437656593 0.4998340959148112 0.30021163852616134 0.4995083962894475 0.4999660332971943 
0.46228047003250206 0.020392447745306796 0.49950100949845877 0.499763911283706 0.30015473615377825 0.4996672892115037 0.5000739588527339 
0.4768476596765001 2.492360290990425E-4 0.4996399026538538 0.501051132425963 0.30020618655500386 0.49970951037281863 0.5004503812217571 
0.9999447646007913 0.061351463979402276 0.5005279604941029 0.4998387881272044 0.30015514551334027 0.4996682426602098 0.49996753861196314 
0.9999447646007913 0.061351463979402276 0.5005279604941029 0.4998387881272044 0.30015514551334027 0.4996682426602098 0.49996753861196314 
0.6401189531245048 0.015918814368308942 0.49964318283304465 0.5005052559421004 0.3002612183483477 0.4995083962894475 0.5004457168149247 
0.3066138316227295 0.9955910629252678 0.49963800846979173 0.4998108681376456 0.30021163852616134 0.4995083962894475 0.4999660332971943 
0.2532347502201539 0.9964040457237023 0.49950957924732087 0.5003840499888468 0.3001554711262122 0.49946505834333205 0.49975948954553856 
0.39956013451989747 0.9980808687709622 0.49950737138088186 0.5001262423019467 0.3002414829952474 0.4994953247964268 0.49986470821585777 
0.3730413098860916 0.9851401783812723 0.4998536924191473 0.5005310237622433 0.30024019407239566 0.5007663805108505 0.49986195830341146 
0.3066138316227295 0.9219052290568348 0.49963800846979173 0.4998108681376456 0.30021163852616134 0.4995083962894475 0.4999660332971943 
0.450656370132971 0.016851404324078112 0.4995106429069001 0.5005225924790107 0.3002414840352034 0.5000242948525371 0.49982956459650624 
0.3547984050211601 0.9930971763520019 0.4995065529702587 0.5005217378188671 0.3002250896166861 0.49943775041460625 0.4998894418516064 
0.46228047003250206 0.020392447745306796 0.49950100949845877 0.499763911283706 0.30015473615377825 0.4996672892115037 0.5000739588527339 
0.3412555370949328 0.008190396676733248 0.5000160970226459 0.5004276513687249 0.3002211336133922 0.49953265071193487 0.49996764772449176 
0.25812969231289135 0.17487138872056093 0.4996238956265176 0.4993078225277569 0.40144093931091246 0.49971777395219763 0.49998873681787376 
0.325519053302116 0.17487138872056093 0.4996238956265176 0.4993078225277569 0.40144093931091246 0.49971777395219763 0.49998873681787376 
0.4613561834695422 0.7957120284995846 0.499974704228034 0.500432921100191 0.3001600568139283 0.4995893393524087 0.4997788631538237 
0.9985001102528344 0.02217299912522987 0.4981925878628246 0.500417974124283 0.39841787958832264 0.49967289429957756 0.4997819895305102 
0.04271587427048956 0.059886645169465624 0.4998462184584619 0.5005302886103375 0.30024019407239566 0.4995176059001982 0.49986458162266995 
1.0 0.369735556065189 0.5006745221227329 0.5001434325416948 0.300154506252296 0.4995638757617486 0.49922566916403965 
0.32388965243090195 0.015918814368308942 0.49964318283304465 0.5005052559421004 0.3002623252504089 0.4995083962894475 0.5004457168149247 
0.2844153898192615 0.9219052290568348 0.49963800846979173 0.5003836840697767 0.3001538134457667 0.4995083962894475 0.4999660332971943 
0.9448483721658533 0.9996444746519348 0.4998374795634789 0.4998382021211188 0.3002418070271479 0.5000670761006137 0.49986470821585777 
0.27397146303703446 0.9999047850424531 0.49963800846979173 0.4998128818318319 0.30021163852616134 0.4995083962894475 0.4999894576098185 
