0.0 0.10453541325332821 0.5000300916054838 0.5000915141065283 0.5002161623332121 0.500236743653153 0.5000030465958619 
1.0 0.0 0.4999765254442948 0.500036709727017 0.5002068128231068 0.4999964110693956 0.5001530756210075 
1.0 1.0 0.5000334136777854 0.5000315363432842 0.5000121234048817 0.5002610545625268 0.5000609282304262 
0.0 0.10453541325332821 0.5000300916054838 0.5000915141065283 0.5002161623332121 0.500236743653153 0.5000030465958619 
0.4349521008466382 0.10758763228458608 0.5000267923316061 0.5000373782389155 0.5002156843700913 0.5002616106214561 0.5000589198150215 
0.8442323782863216 0.8565911968510589 0.5000322705466894 0.5000360772317091 0.5003078540114532 0.5000130386719819 0.500026146598739 
0.891560676938545 0.35881768471557224 0.5001881764178887 0.5000899970272588 0.5002875435423427 0.5002625713742018 0.5000781695854553 
0.16347399712166205 0.8330563969056216 0.5001264722485265 0.5001876442830578 0.5003078160726168 0.5000092400526419 0.500033093778621 
0.7838567339343163 0.1870190774559114 0.4999874666939639 0.5000812934798384 0.5002330830309982 0.5002400006813358 0.5000259773104923 
0.9419036673873094 0.9724432165294148 0.49998764517395944 0.5000835089709875 0.5004507233461727 0.5002376423905788 0.500115401840749 
0.7783070409202384 0.38569384390598005 0.4999966026484668 0.5000855865405487 0.5000755343449692 0.5002381410194876 0.500025849108893 
0.8734093415950988 0.23933565027401807 0.49997523309985253 0.500040347247746 0.5001896415493653 0.500009793963581 0.5000295097585378 
0.48467891592747037 0.10334596394958961 0.4999762866287396 0.5000383022877669 0.4995224036518892 0.5002512552691369 0.5001462161533414 
0.1537012213612779 0.3653075436276006 0.5000335867919418 0.5000792727655858 0.5004393445256098 0.5002622590165349 0.500031989043971 
0.8520000166590183 0.046415317560661265 0.500028311428624 0.5000862686009333 0.500184807170972 0.5002567679705502 0.5000360777958814 
0.41132754652960524 0.38907985637139175 0.4994246317475734 0.5000391159071673 0.5001894064582184 0.5000022238646062 0.5000648884167194 
0.9999340164892103 0.5564852908231567 0.5000272997908978 0.5000802779966257 0.5002084787469281 0.5002610545625268 0.5000771134696225 
0.9348536949489866 0.9656916735586087 0.5001600668653424 0.5000364741362013 0.5000639149112281 0.5002397526466208 0.5000578656321906 
0.7251408847891446 0.9349786103034963 0.5001734612565432 0.5000829605913992 0.5001955017300812 0.500285489464188 0.5000508770596643 
0.9805603222706778 0.2898541904834674 0.5000306246393 0.5000363222857731 0.5000684560531907 0.4999907869810497 0.5000502869337083 
0.8317987729871887 0.8937838205955446 0.5000370435230918 0.5000227326904784 0.5002923364291715 0.5002379509264193 0.5001577379796669 
0.6969226771377194 0.27312937206997695 0.4999662084050275 0.49998382645840683 0.5002189603043938 0.5000087245124235 0.500061407728431 
0.8670051707322287 0.9911063778215984 0.5002054111982244 0.5000873063515852 0.5002171952151981 0.5002608289631061 0.5000590422690566 
0.029451793099236123 0.21691516195773056 0.49997523309985253 0.49998323530441535 0.5001847286210321 0.500009793963581 0.5000258377732675 
0.2203469384477164 0.045304979274262525 0.5000335867919418 0.5000795953012933 0.5004505047364766 0.5000038226658039 0.5000601351740876 
0.9108003384445915 0.005150871862217575 0.49997650092124724 0.4999791562701726 0.5001257711317892 0.5000095815630716 0.500148233985501 
0.5985896439823009 0.11154151163367572 0.50002716848625 0.49998181380325474 0.5002156843700913 0.5002616106214561 0.5000589198150215 
0.9382908664268758 0.8160196010506819 0.4999941645189759 0.50002224932051 0.5002923364291715 0.5002376451463203 0.5000496175044745 
0.5168870267825142 0.8587894199508287 0.5000333369741505 0.5000360772317091 0.5001786092834566 0.49998174313178284 0.5000262537267623 
0.9398481309437563 0.004381486939228851 0.49997639349316403 0.5001794489369896 0.5001255578081111 0.5002388360261417 0.500148177454284 
0.6339358756192507 0.0 0.4999959873271011 0.500036709727017 0.5000846487250331 0.5000032902976165 0.5001530756210075 
0.738956646367748 0.17324942612886501 0.49997658131508854 0.5001841960818166 0.5002156450760427 0.4999961343650134 0.5001413110573358 
0.8729115420331064 0.6536224285587139 0.4996270522786066 0.5000873063515852 0.5001929529708149 0.5002388107120297 0.5000360777958814 
0.8729112731444195 0.11131399520273798 0.5001600668653424 0.5000856788376242 0.5000600442772125 0.5002397526466208 0.5000578656321906 
0.21551343571929732 0.3653075436276006 0.5000335867919418 0.5000792727655858 0.5004393445256098 0.5002622590165349 0.5000606116349987 
0.9880527512466609 0.8160196010506819 0.49999421507199215 0.5000227326904784 0.5002923364291715 0.5002381982042515 0.5000507690324693 
0.8327555845610277 0.9985978073478801 0.5000360859621625 0.5000745891967415 0.5001892229339949 0.5000187321500633 0.5001568651624815 
0.5938063555709595 0.1387595469035108 0.50002716848625 0.49998181380325474 0.5004377236352187 0.5002616106214561 0.5000320321304307 
0.10428743207226268 0.1016021320573454 0.5000326617914985 0.5000852114101102 0.5002477584524516 0.5000172521216707 0.5000258377732675 
0.9008350881925264 0.8298491773545519 0.5000429961775901 0.5000443866766948 0.500305083521601 0.5002675436348596 0.5000800380880692 
0.9157919122818701 0.3889098408273907 0.5001685553765247 0.5000899970272588 0.5002875435423427 0.5002853638213727 0.5000784666403045 
0.2779441652067959 7.671772087322944E-4 0.5000335867919418 0.5000796483309254 0.5004424640726094 0.5000021579596015 0.5000257842376618 
0.9389764647203959 0.8373309995365782 0.49999456086784355 0.5000818165717059 0.5001811694072454 0.5002379509264193 0.5001546088630155 
0.9208182656291842 0.9656916735586087 0.5000345912411147 0.5000364741362013 0.5002897215721686 0.5002295259837819 0.5000586133353119 
0.9419036673873094 0.9943244510377935 0.49998764517395944 0.5000462960800682 0.5004507233461727 0.5002376423905788 0.5001546972675711 
0.42469047378561375 0.3849535847348834 0.4994246317475734 0.5000391159071673 0.5001894064582184 0.5000022238646062 0.5000648884167194 
0.24648696021421607 0.004594295694379358 0.5000335867919418 0.5000795953012933 0.5004505047364766 0.5000038226658039 0.5000601351740876 
0.9874680777639988 0.3861507427587068 0.5000300148888653 0.5000854512957631 0.5000588125393577 0.5003045826500809 0.500025355469009 
0.31659100753164726 0.848664499419371 0.5000105842539143 0.5000874068933955 0.500216530428249 0.5002393105771064 0.5000272464790924 
0.8118883913850256 0.9966941969154568 0.4999942138326324 0.5001804598812243 0.5000778254441633 0.5002379645551768 0.500099389739272 
0.33703669070747644 0.27312937206997695 0.4999662084050275 0.49998382645840683 0.500218731098019 0.5000087245124235 0.5000648738628836 
0.8714097972205449 0.535065711544933 0.49961696524374877 0.5000788315725934 0.5001823831110632 0.5002388107120297 0.5000360777958814 
0.017005690370750753 0.10453541325332821 0.5000300916054838 0.5000915141065283 0.5002161623332121 0.5002373836899459 0.5000082284449427 
0.23422574891952105 0.1016021320573454 0.5000326617914985 0.5000381474484136 0.5002477584524516 0.5000174115787223 0.5000258377732675 
0.749931558164845 0.0 0.49997268952648516 0.5001928264042913 0.5000833328080128 0.5002641114872585 0.5001553502412578 
0.06968071155949729 0.2955974683751189 0.5000300916054838 0.5000915141065283 0.5002161623332121 0.5002373836899459 0.5000098119798239 
0.5168870267825142 0.3891293547579622 0.4994112747631896 0.5000360772317091 0.5001792374469782 0.49998174313178284 0.5000264925626877 
0.5124258044208094 0.7678037119382427 0.5000342896625023 0.5000370129760515 0.5003013928058212 0.4999929087868591 0.5002594583716374 
0.8020488684860154 0.1279620912653397 0.4999960268338688 0.5000915141065283 0.5000790343033931 0.5002373664737388 0.5000082284449427 
0.9520885789416238 0.23958972693051173 0.5002163620854044 0.5000388390212479 0.5001822833098755 0.5002568623271174 0.5000253473595021 
0.7626654843643639 0.5241696965943418 0.500009727844113 0.5000780343795181 0.5002495664858474 0.5002357931019128 0.5000779545492477 
0.3693101980881126 0.2363918684077067 0.5001535753001173 0.500085293847026 0.5001943498073166 0.5002444550083797 0.5000255043808775 
0.6750952214734612 0.9749364147354488 0.4999939106839156 0.5000748580449015 0.5000778254441633 0.5002379288024834 0.5001002929893799 
0.4122577796799877 0.1016021320573454 0.5000326617914985 0.5000381474484136 0.5002447324123794 0.4999969073093058 0.5000262871874372 
0.4100006933785325 0.8295834058890512 0.5002018764133017 0.5000787340426119 0.500217437686191 0.5002379291383469 0.5000589057704887 
0.8729115420331064 0.5260460795593038 0.4996270522786066 0.5000873063515852 0.5001929529708149 0.5002388107120297 0.5000360777958814 
0.9677026621518694 0.0025979321665548227 0.49997650092124724 0.49997551340811897 0.5001257711317892 0.5000105829738377 0.500148233985501 
0.6894098941614356 0.9034749040607799 0.4999765254442948 0.5001758408662357 0.5002052876603138 0.4999971862141585 0.5001576658959132 
0.29894571408876874 0.8159109682411112 0.500161600945759 0.5000443866766948 0.5002201978033092 0.5002398597742126 0.5000496122712377 
0.6130859478335136 0.42024298133251703 0.4999762990372687 0.5000778861891632 0.5000853873496742 0.5000116660049448 0.5001009540587966 
0.5735689263558456 0.9034749040607799 0.4999765254442948 0.5001841960818166 0.5002052549610666 0.4999961343650134 0.5001486238519394 
0.8729115420331064 0.6536224285587139 0.4996270522786066 0.5000873063515852 0.5001929529708149 0.5002388107120297 0.5000360777958814 
0.9158340927555062 0.04767588742087003 0.5000326617914985 0.5000862618230931 0.5001849755117788 0.500009793963581 0.5000258852546691 
0.29894571408876874 0.8298491773545519 0.500161600945759 0.5000443866766948 0.5002201978033092 0.5002675436348596 0.5000800380880692 
0.4820473216605152 0.9270809035556036 0.5001310934327284 0.5001862341067309 0.500214442705285 0.500239016625062 0.5000581688306014 
0.8729115420331064 0.3807954741513958 0.4996270522786066 0.5000873063515852 0.5001929529708149 0.5002388107120297 0.5000360777958814 
0.9934797195917473 0.0 0.4999959873271011 0.500036709727017 0.5000846487250331 0.5000032902976165 0.5001530756210075 
0.8859081016639639 0.1221153296177433 0.5001076577752681 0.5000896872314929 0.5001948827442307 0.5000034674357344 0.5000791513799806 
0.6629242952621859 0.8294625722224584 0.5000110747422696 0.4999850031293371 0.500307215797007 0.5000100512245379 0.5000331974587827 
0.5741518329888259 0.9170483742122971 0.49997402803674124 0.5001850347087337 0.5002056406922968 0.5002581767783155 0.5000332901050959 
0.9348536949489866 0.09478420140402283 0.5001600668653424 0.5000364741362013 0.5000608975417292 0.5002397526466208 0.5000578656321906 
0.554195795563785 0.8565090597494434 0.49999421507199215 0.5000227326904784 0.5001804623570947 0.5002379509264193 0.500051744765367 
0.6036868303706193 0.18546651629583308 0.500030309136805 0.49998248983603744 0.5002160301413318 0.5002397086013044 0.5000259773104923 
0.25815669433577604 0.1016021320573454 0.5001670386105611 0.5000381474484136 0.5002477584524516 0.5002889696488413 0.5000491381661247 
0.9038462626627694 0.09637965263623044 0.49997650092124724 0.4999791748032018 0.5001254840409227 0.5002537783932938 0.5000605990918487 
0.891560676938545 0.45444617746610355 0.5001783331125348 0.5000899970272588 0.5002875435423427 0.5003088285287749 0.5000781695854553 
0.9805603222706778 0.8696753876706163 0.5000306144466026 0.5000363222857731 0.5000453215093243 0.5003045826500809 0.5000269457558372 
0.554195795563785 0.8946899282855276 0.49999421507199215 0.5000198968783272 0.5002923293184736 0.5002379509264193 0.5000307738526639 
0.565578889950917 0.8733357410497099 0.5000309143776523 0.5000199133008094 0.5000453215093243 0.5003045826500809 0.5000307481509222 
0.5168870267825142 0.8969702884869128 0.5001588125983781 0.5000360772317091 0.500064676694593 0.49999196979462185 0.500025506023641 
0.31947187483728823 0.27547251037617754 0.500033613438833 0.5000225777487108 0.5001849755117788 0.500009793963581 0.5000258377732675 
0.5365038282257037 0.7678037119382427 0.5000342896625023 0.4999850031293371 0.5003078160726168 0.5000100512245379 0.5000331974587827 
0.6627182183000966 0.10805925152503287 0.49961717496270525 0.5000873063515852 0.5001933368381931 0.5002380363574026 0.5000586819251287 
0.6833351979027849 0.38488198592350675 0.4999916225414081 0.5000391096574672 0.5002123218751577 0.5000086683985416 0.500079550808469 
0.760711511579016 0.8729742454816908 0.49999456086784355 0.5000785265526099 0.5001799437694782 0.49962702723179386 0.500059718535594 
0.7252011023031733 0.05555297334211173 0.5003068991797538 0.5001692680094044 0.5001960456474855 0.5003094081764223 0.5000280149145038 
0.9832688665646778 0.2363918684077067 0.5001538764274687 0.500085293847026 0.5000652354956253 0.4999954450700169 0.500024661836819 
0.4820473216605152 0.8041447585642969 0.5001322693546729 0.5000834892212254 0.500214442705285 0.500239016625062 0.5000608635423054 
0.07669218319509263 0.24436571875570273 0.4999767264456525 0.5000863523068239 0.5001849755117788 0.500009793963581 0.5001649231946064 
1.0 0.11647044561576614 0.5000335455075587 0.5000315363432842 0.5000121234048817 0.5002610545625268 0.5000609282304262 
