1.0 1.0 0.500128250077053 0.49967964457888203 0.5001794892596315 0.5000619165521722 0.5002421942884703 
1.7399735006529138E-5 1.0 0.49920485345834986 0.49965813439702383 0.5000713398152886 0.5002863731182691 0.5001549143718134 
1.0 3.976196903075749E-17 0.49934891235186707 0.4996526756219199 0.5000148148530198 0.5002852532791664 0.4998178743274955 
1.447034856578417E-17 3.976196903075749E-17 0.5007032518963659 0.4999481572430979 0.5001324383062036 0.49800505032040915 0.4998206152004928 
1.0 1.0 0.500128250077053 0.49967964457888203 0.5001794892596315 0.5000619165521722 0.5002421942884703 
1.447034856578417E-17 3.976196903075749E-17 0.5007032518963659 0.4999481572430979 0.5001324383062036 0.49800505032040915 0.4998206152004928 
1.447034856578417E-17 0.9318305509718604 0.4992923346710666 0.4996621607648378 0.5011857412462442 0.5003513473794842 0.500083605835385 
1.447034856578417E-17 0.19567460081208443 0.49931124281054295 0.49912552482344763 0.5000640039931906 0.500282797600889 0.4995699996618272 
1.0 0.0031493987147850344 0.5002055005540637 0.4998556802038866 0.5000962993273032 0.5002849184540191 0.5003760364642059 
0.999376672767102 0.03611399582023417 0.5001221011789964 0.49970396489505503 0.5001381062788649 0.5000842304762937 0.5002043309200191 
0.8269824393948947 0.5725085255794441 0.5004703971935738 0.4996681035945125 0.4998156018287411 0.5002908720563021 0.5001230711506344 
0.0015833631007032278 0.013564503619624524 0.5001258893624978 0.49967113365816673 0.5000518779164462 0.5001155681218146 0.5002066563312512 
0.8887682981624125 0.23805338906259302 0.5001418775768901 0.4999491282621908 0.5000986696096672 0.5000883650327185 0.5002100447576469 
0.8668771993481907 0.30789117054246123 0.5001076481474209 0.49994390000553235 0.5001283084367928 0.5002815830670242 0.5002692353313634 
0.9833613760610297 0.1844512896560955 0.5001117360933056 0.49984485897678843 0.5000551540655872 0.5002691019318757 0.49961620159598 
0.5089720373233876 0.10335413623208672 0.49944179637039626 0.5001959195370975 0.5001320823937672 0.5000834083367789 0.5001479191168948 
0.629251010255531 0.01955849195539218 0.5001259610972497 0.4996711274905232 0.5001284945491359 0.5002791618882365 0.5002065187319629 
0.615741956486208 0.5285619626232402 0.5001242545543617 0.49967957198761775 0.5001823194803748 0.5000783957044304 0.5002413180502131 
0.4282066372087834 0.529746742129145 0.5004703971935738 0.4996681035945125 0.4998156018287411 0.5002919127617764 0.5001230711506344 
0.9750828126314967 0.04944744625341509 0.5001162532250104 0.4999854995045761 0.5000551662774412 0.5002877894621868 0.49961620159598 
0.9607237447880111 3.976196903075749E-17 0.4993431379157643 0.4996526756219199 0.5000148148530198 0.5002852532791664 0.49981897909077044 
1.447034856578417E-17 0.3536961027161828 0.5000735407627489 0.49912552482344763 0.4997466659808766 0.5001213640241735 0.4995661546449376 
0.060035652051118826 0.9981252902291825 0.5000930503846911 0.499646913555333 0.4998211458469741 0.5001514357249617 0.5001255139815575 
0.9978045207056151 0.23989053009618633 0.5004814469539548 0.4996709766322839 0.5000899220774601 0.5000863599778319 0.5002113242292496 
0.7192622883396536 0.006202368596115337 0.5001008173770357 0.4996796723365814 0.5000942213322722 0.5002860744518106 0.5003762117851975 
0.8935392033728359 0.023824618300625267 0.5001218495853604 0.5002251153725152 0.5000538602511413 0.5002908720563021 0.5000941454720013 
0.21369713515649713 0.7354198082551477 0.5001713270841753 0.4996431263012899 0.4998015934888011 0.5000699921501588 0.5002039031028961 
0.6950202612401154 0.23989053009618633 0.5004814469539548 0.49967133365509114 0.500081967337587 0.5000863599778319 0.5002168627084591 
0.5964393924964553 0.5725085255794441 0.5001563582881307 0.4996681035945125 0.4998156999331662 0.5002918333620026 0.5001208888770556 
0.999376672767102 0.5374436706700958 0.500113402768921 0.49970396489505503 0.5001381062788649 0.5000837726603845 0.5002059516928044 
0.7395831552255138 0.9736523099335334 0.5001158694700757 0.49970243283720783 0.5000935003664897 0.5002852017191745 0.500222409940266 
0.6585665342918638 0.5366859664399276 0.5001136439363678 0.49983938500056907 0.49981033400358393 0.5006403576486306 0.5001231877577599 
0.9539099436676073 0.7122104400532174 0.5001012108927798 0.4995319785824657 0.4998525862603848 0.5000589959303442 0.5001194122055593 
0.9539099436676073 0.825098880552754 0.5001012108927798 0.4995319785824657 0.4998525862603848 0.5000589959303442 0.5001198480141743 
0.46632233186731414 0.8328106175823922 0.5001117360933056 0.4996673157661061 0.5000542803435053 0.5002776673616238 0.49961620159598 
0.9975012384925135 0.5725085255794441 0.5004703971935738 0.4996681035945125 0.4998156018287411 0.5002918702468776 0.500124900635426 
0.469452343413133 0.573986802695659 0.5004064988211211 0.49966831053432076 0.49981329976967326 0.5001168809792012 0.5001255139815575 
0.8288969060900261 0.10759104273152612 0.5001259610972497 0.49967477954371936 0.500127305521657 0.5002791618882365 0.5001050999390857 
0.5655234926356828 0.13459966080195265 0.5005642624267926 0.4996725613050821 0.5001392179886717 0.5002948801608733 0.5001481894213176 
0.8609247477341403 0.19722349572653913 0.5001160090601053 0.5002133738924812 0.5000635738213053 0.500285433692596 0.49982508862436614 
0.33927570710239335 0.11136652280728526 0.5005299378594297 0.49967476360476737 0.5000631038584528 0.5002851121627907 0.49955848558896687 
0.9996121467986647 0.8714189517661037 0.4999004490549716 0.49967964457888203 0.5001794892596315 0.500110112457208 0.5001668088011625 
0.029798620766145756 1.0 0.49930316510736683 0.4996582678122269 0.5000728828969402 0.5002948378279546 0.5001698093304409 
0.18338731026038452 0.013564503619624524 0.5001258893624978 0.49967113365816673 0.5000518779164462 0.5001155681218146 0.5002066563312512 
0.969304052357445 0.5844739120660444 0.500107626244847 0.49965455066304487 0.4997993877692896 0.5002911953083266 0.500123597700548 
0.6665969250176251 0.5725085255794441 0.500078600052785 0.4996681035945125 0.499811588030175 0.5002908720563021 0.5001094515101638 
0.5089720373233876 0.3730445789119405 0.49944179637039626 0.5001959195370975 0.4997849219972217 0.5000867310630409 0.500136133224488 
0.8368106381547016 0.9188180695997853 0.5001158694700757 0.49970497727643687 0.5000911081290106 0.5002827110986797 0.49982451655394716 
0.978830427955425 0.21167485343427817 0.5001117360933056 0.49984289299976487 0.5000547027312915 0.50011720111163 0.5002738140549458 
0.9128447788717956 0.009251493194005006 0.5000901188059399 0.49967956987555634 0.5001976910287688 0.5000497359503299 0.5001281219036086 
0.9156351662096501 0.11136652280728526 0.5005314661874299 0.49984089112958735 0.5000550495616807 0.5002867543971057 0.50010537885915 
0.9601041272270846 0.9658962232810421 0.5001174987359825 0.49984061714788025 0.5001197034850163 0.50043018823492 0.5002115194748354 
0.8368106381547016 0.888834494950526 0.5001158694700757 0.49970421766663625 0.5000911081290106 0.5002852721903825 0.499818829383906 
0.23162622066908667 0.5309475596143991 0.5001135376246159 0.4996717094653387 0.500071670665673 0.5000613606295444 0.5002059629438625 
0.42856298510958063 0.6663818174289479 0.5005641500730519 0.4996468458718412 0.5001368492469287 0.5002952689744724 0.5001194631134812 
0.8378219413398591 0.5220227589605192 0.5004067522334024 0.49966763882343485 0.5000828201752678 0.5002815897481313 0.499818829383906 
0.9334225665314082 0.7116077829716461 0.5001021902291864 0.49967861740109576 0.49985095658169304 0.500135610700995 0.5001194631134812 
0.747619927419561 0.23670069936871668 0.5001123849627709 0.49966728414940803 0.5000542803435053 0.5000635920830846 0.5002089278656902 
0.5947234432922798 0.6111982517861186 0.5001544422363005 0.49964271156922446 0.4998015934888011 0.5000696142617859 0.5002727376266178 
0.8966632264783729 0.11136652280728526 0.5005314661874299 0.49967476360476737 0.5000631038584528 0.5002864256545079 0.50010537885915 
0.8596855464275068 0.19722349572653913 0.5001160059110925 0.5002205282949608 0.5000635738213053 0.500285433692596 0.5000989222312183 
0.7385247330466947 0.3253993443179344 0.5001291578254407 0.4995319785824657 0.500091744858859 0.5000589959303442 0.5002710396847592 
0.3692407140465398 0.015181349640535954 0.500695155439051 0.4996678721842567 0.5000515585705283 0.5000630454612378 0.5001843878920461 
0.9324602450230693 0.023824618300625267 0.5001218495853604 0.5002251153725152 0.5000538602511413 0.5002908720563021 0.5000941454720013 
0.7581035445109711 0.7921634028115154 0.5001118407763601 0.4997065463975688 0.5000946865627142 0.500281719668465 0.500228196631451 
0.7782261736271542 0.565653874625082 0.5001076481474209 0.49965156755802226 0.5001283084367928 0.5002815896567758 0.4998208532104504 
0.8024350385001815 0.8645274015794814 0.5001596858647928 0.49961288348264926 0.5000549971271638 0.5002918804337448 0.5002392467460202 
0.9694825239125769 0.8714189517661037 0.4999004490549716 0.49967964457888203 0.5001794892596315 0.500110112457208 0.5001706566108356 
0.9683608410438854 0.9635835087896982 0.5001198641347956 0.4996969156393928 0.5000820650974953 0.5001244350554556 0.5000870604988701 
0.8046927939356349 0.9288229967388981 0.5001596858647928 0.49961288348264926 0.500053604938004 0.5002918804337448 0.5002345453664782 
0.629251010255531 0.2209445863579465 0.5001098645764653 0.4996711274905232 0.5001284945491359 0.5002804147299408 0.5002720208930634 
0.44287951795791614 0.5870049987410078 0.5004723865458351 0.4996486281822502 0.500057776308569 0.5002879527094549 0.5001185805323465 
0.664753791628973 0.8714189517661037 0.5001146714573785 0.4996728953699149 0.5001794892596315 0.5006354519660504 0.5001670499955722 
0.5182816920285533 0.5392651698953379 0.499371731153919 0.4998587715203517 0.5000179091454687 0.5002857797004263 0.5000765878588632 
0.978830427955425 0.9483474607966522 0.5001117360933056 0.49984485897678843 0.5000547027312915 0.5002867773785834 0.500126442978429 
0.9601041272270846 0.9880332617714673 0.5001075237460175 0.49984061714788025 0.5001373890769907 0.50043018823492 0.5002115194748354 
0.23162622066908667 0.3562895718905926 0.5001222360346912 0.5001682060044963 0.500071670665673 0.5000618184454536 0.5002043421710773 
0.7395831552255138 0.8621506449894322 0.5001158694700757 0.49970243283720783 0.5000935003664897 0.5002852017191745 0.500222409940266 
0.8917927516419482 0.5725085255794441 0.5001112907131681 0.4996686010264212 0.4998156018287411 0.5002907282563069 0.5001205328074017 
0.8887682981624125 0.30789117054246123 0.5001415707609332 0.4999491282621908 0.5000986696096672 0.5002832394395322 0.5001536490239173 
0.3819941252842313 0.9736523099335334 0.5001158694700757 0.49970243283720783 0.5000539133245455 0.5001287432667079 0.5005799259632555 
0.1276216057122721 0.18341528838912652 0.5001098479828583 0.5002213038550238 0.5000518644270829 0.5001164351892463 0.5000961722711817 
0.8345198019091691 0.8306325523293442 0.5001076481474209 0.4996391332731784 0.50013696124984 0.5002828597110278 0.5002692353313634 
0.7112468436842428 0.23989053009618633 0.5004814469539548 0.49967133365509114 0.5000899220774601 0.5000863599778319 0.5002113242292496 
0.11830502585004105 0.2151301234846213 0.5001097928417135 0.5002213038550238 0.5000518644270829 0.5001164351892463 0.5002721584923517 
0.9889164771804904 0.99995193433909 0.500128250077053 0.49966743300189864 0.5001828704429684 0.5000619165521722 0.5002421942884703 
0.08554715189785783 0.2151301234846213 0.5001097928417135 0.49967113365816673 0.5000518779164462 0.5001168209635187 0.5002721584923517 
0.9480108037053803 0.39694556521315955 0.5000735407627489 0.4991282366952601 0.4997170681699926 0.5001213640241735 0.4995661546449376 
0.948823315620918 0.9635835087896982 0.5001198641347956 0.4997040058342843 0.5000820650974953 0.5001244350554556 0.5000870649953754 
0.5743762690748361 0.7165804509809945 0.5001546057404149 0.4996431263012899 0.4998015934888011 0.5000699921501588 0.500220682273003 
0.9381819570548469 0.9223008173234242 0.4999004490549716 0.49967964457888203 0.5001794892596315 0.500110112457208 0.5001668088011625 
0.8378219413398591 0.5429037487427607 0.5004067522334024 0.49966763882343485 0.5000828201752678 0.5002815897481313 0.499818829383906 
1.0 0.6318558629306978 0.49944173470319964 0.49970229580845 0.5000612343981398 0.5002852532791664 0.4998178743274955 
0.9832078861794802 0.46394257523288107 0.500113402768921 0.49970396489505503 0.5001381062788649 0.5000837726603845 0.5002059516928044 
0.40103116173372844 0.9872688592764508 0.5004814469539548 0.4996709766322839 0.5000899220774601 0.5002995757837638 0.5001682919739994 
8.837763435920465E-5 0.020123291727260944 0.5007032518963659 0.4999481572430979 0.5000948503186974 0.5002244294564981 0.4998206152004928 
0.9487845835701633 0.9937507395786412 0.500128250077053 0.49966867787462593 0.5001828540420951 0.5002958334520744 0.500127206721043 
0.629251010255531 0.2209445863579465 0.5001098645764653 0.4996711274905232 0.5001284945491359 0.5002804147299408 0.5002720208930634 
0.9884343616927111 0.5366859664399276 0.49989942153396094 0.4998461342095363 0.49981033400358393 0.5001150181397883 0.5001229465633503 
0.5992266590912311 0.9770352819798047 0.5004014024818388 0.4996739075037799 0.5001303334216691 0.500501745122671 0.49979713258649 
