1.0 1.0 0.5000454553491418 0.5000302460474294 0.4999434326510772 0.49987600324612386 0.49999063044819225 
1.0 4.163284726274114E-17 0.4995880816166121 0.49997569350133825 0.4999560910601126 0.49986943143032797 0.5000038743986238 
0.0 0.9851035059587537 0.49993531731936225 0.49997578988080665 0.49994230605576445 0.5000308480793909 0.49995199869533496 
1.0 1.0 0.5000454553491418 0.5000302460474294 0.4999434326510772 0.49987600324612386 0.49999063044819225 
0.43166792976990054 0.6056063772822053 0.5000454992703488 0.5000232169435446 0.4999372756393839 0.4999573418421075 0.5002017278821513 
0.9940515603997775 0.29798855018588 0.5000454260135739 0.5000880702112992 0.4999434285951823 0.500044885556915 0.49998138748358734 
0.9961876275862889 0.0314682782807395 0.4999456829375728 0.5000138076233452 0.49993435487215393 0.49987600324612386 0.49999103622110386 
0.24716740508818247 0.01496727658591096 0.500017686812065 0.4999790140376245 0.49995626221556644 0.4998728498434356 0.49999069279325953 
0.8759223696171524 0.6119852092156375 0.500045497590319 0.49993872269175416 0.4994527043601308 0.4999563239868708 0.4999627005216728 
0.7235833290946234 4.163284726274114E-17 0.5000569280658709 0.500471146193039 0.4999280656250167 0.4998741742534523 0.4999999376230743 
0.9563159115887947 0.9379362270228859 0.49995010749604846 0.49997756764466317 0.49992426962939546 0.4998031366445117 0.500191597761284 
0.10926435851379146 0.3139634407746469 0.5000097773712754 0.5000308651727722 0.49977734413708025 0.49987556333405286 0.49999064322510944 
0.6930472350825659 0.8787478906963397 0.5000473575919531 0.5000790408944957 0.49976412743096615 0.4999636368360872 0.4999982013912841 
0.08373541206673496 0.6119852092156375 0.5000448877436877 0.49993872269175416 0.4994527043601308 0.4999563239868708 0.4999627005216728 
0.48096240450802685 0.02559652976874023 0.4999307058518774 0.4999842759427893 0.49996370681138097 0.4999563858773646 0.4999505320666077 
0.9358802484996717 0.22887744384962216 0.4999472244614488 0.5000281252396911 0.4997860450428971 0.49995900675828514 0.49994390292218716 
0.7810449460479236 0.9012849547515824 0.500052770688565 0.5004061780144394 0.49992474450061575 0.49995686014789387 0.49999079496132465 
0.4435406443861543 0.35141717935230316 0.5000454992703488 0.49997296586561274 0.4999376344611585 0.49995734434111055 0.5001858130190097 
0.3966932696997408 0.7744131879213929 0.5000165332799238 0.4999723281802043 0.499741701463963 0.49987734659512406 0.49993161690904825 
0.8574041638458156 0.7700854758549303 0.5005265733887148 0.49977214966410605 0.4999742150356527 0.4999576631939048 0.4999974767798465 
0.475812159407651 0.196778006302889 0.4999336626003255 0.5000129532874183 0.4997777578568574 0.49986845516286893 0.5000399612202016 
0.9149254703869003 0.0014998378086952258 0.49993358195890014 0.5000821829769999 0.4997629833746502 0.49996049861681546 0.499960887886122 
0.94594245459778 0.34787253210731406 0.5000111429392474 0.5000755487366139 0.499918988288777 0.5000363959847463 0.5002142251265344 
0.14290957647210098 0.313582814858136 0.5000097773712754 0.500089738994842 0.49977734413708025 0.49987556333405286 0.4999813140417398 
0.805168277991411 0.9544243715438044 0.5000172956309014 0.5000850295130393 0.49995741870121563 0.49995477132916577 0.499961314688868 
0.7810449460479236 0.8416750661903727 0.5000740689068959 0.5000036017961822 0.49992474450061575 0.49995686014789387 0.4999495303071552 
0.949274613927427 0.9879517604259254 0.5000753117363622 0.5000216486524071 0.49990981754129393 0.49996073296747934 0.5000031570628767 
0.6059971920197531 0.8899830744353405 0.4999366944515644 0.4999172616141769 0.4999145405060621 0.49986204810787077 0.49999079496132465 
1.0 0.015025146801082944 0.499596080411531 0.49997569350133825 0.49995626342437244 0.4998729188569756 0.49999134628689057 
0.17432041059341674 0.587099551557763 0.49994574361491856 0.4999159303646725 0.49995854121188743 0.5000192479891836 0.4999375710784281 
0.7839554954290515 0.29798855018588 0.5000454260135739 0.5000925332843038 0.4999434285951823 0.500044885556915 0.49998138748358734 
0.9853839668226045 0.34787253210731406 0.5000111429392474 0.5000755487366139 0.49994253498789576 0.5000363959847463 0.5000003407599933 
0.7474447643860441 0.28405626660672173 0.5000524971324323 0.500084924434523 0.49994378237637366 0.4999562794310587 0.499961314688868 
0.2573740578142646 4.163284726274114E-17 0.5000178717122051 0.49997569350133825 0.4999560910601126 0.4999547811079805 0.49995693133391866 
0.40573815149816794 0.9292320571462457 0.4999231800555373 0.4999758221453696 0.49993846243364876 0.4998790673118779 0.4999458895280986 
0.6825778442038349 0.9099736739081796 0.4999365329388538 0.5004061780144394 0.499925448053027 0.49995691969853073 0.49999079496132465 
0.8478136556727658 0.9502644522113993 0.5000788473342811 0.5000099393047086 0.49995179612834134 0.49987791378471663 0.499945795329939 
0.3058433901069533 0.8669793458862218 0.5000101083334509 0.500399453773701 0.49979359093403436 0.49987427661405875 0.500003871027947 
0.9758020843915397 0.18049463073351368 0.5000427691441917 0.5000358976357777 0.4999425200001032 0.4999582581420046 0.49994968943479773 
0.6038277955425223 0.27120844977900443 0.5000464530614745 0.499970886625953 0.4999253533462021 0.4998599908563536 0.5000134328784411 
0.33955229228621414 0.9927554504930027 0.5000455322065064 0.4999781423206063 0.4999376344611585 0.4998675999219944 0.5001900230005899 
0.5915560154438084 0.300274413260856 0.5000125979950876 0.4999722210416535 0.49979025950615585 0.49995441507954513 0.49998130187841183 
0.8035860081257049 0.10519846553669115 0.4999318347690968 0.4999364246079704 0.4999437538653137 0.5000443714573541 0.4993333304102502 
0.5210157397979982 0.022078230071134824 0.4999516372450128 0.49991822542425257 0.4999422151681329 0.4998684129039226 0.5000127803307692 
0.07770213769161313 0.069824112615543 0.5000771864508787 0.5000144043515662 0.49993387371412407 0.4998787565224567 0.5000402410330127 
0.8047827517233541 0.9087292726245562 0.5000524971324323 0.5003471373684358 0.4999456952982219 0.49995511903668094 0.499961314688868 
0.8609476531965357 0.9871002224724554 0.49994665883992123 0.49974054012700947 0.4999427232390021 0.49996133008180044 0.4999472947562038 
0.971544192946368 0.901887902074191 0.5000454553491418 0.5000302460474294 0.4999434326510772 0.49987600324612386 0.49999063044819225 
0.6607647487183845 0.591082990398589 0.5000097773712754 0.5000878561107129 0.4997753157302994 0.4998754915625168 0.4999811981183215 
0.8468986370062771 0.4327900959407464 0.5000454992703488 0.49997393030060916 0.5002753269306316 0.49987491188294975 0.5000191405501866 
0.32409355824692376 0.8669793458862218 0.5000074202093406 0.4999416669481308 0.49979359093403436 0.4998743045466233 0.500003871027947 
0.1362259829312817 0.0466484098044877 0.4999483376507132 0.5000136278621324 0.49993388192665555 0.4999590390320356 0.5000415546489834 
0.5858438493628868 0.6773930235312007 0.4999088767035033 0.500092560347696 0.49944827027378474 0.49995491076539383 0.4999618053614762 
0.9578766245859028 0.23560136156830927 0.4999088994864154 0.500092560347696 0.49944827027378474 0.499790453072095 0.4999615441387243 
0.22498006936451093 0.019616169543645035 0.500019469509417 0.49997569350133825 0.5003561338568775 0.4999547811079805 0.4999461992553546 
0.18580802401365948 0.32479262011425386 0.5000129152308779 0.5000870749609966 0.49977734413708025 0.49995560713550136 0.4999813140417398 
0.6117236654280166 0.29303180058091416 0.5000464530614745 0.49997146837948786 0.49994368586210625 0.4998601203110118 0.5000134328784411 
0.950530061087359 0.11114058682421951 0.49994651922804406 0.5000811528759003 0.49991738869352687 0.5000242462738752 0.49993463417583645 
0.7397438904779777 0.1815416282257114 0.5000531620834876 0.4999478195867821 0.4999427489842088 0.49991770493758425 0.5001803276946061 
0.8694471708664245 0.6895932934626895 0.500045497590319 0.49997184911576775 0.4994527043601308 0.4999563239868708 0.4999627005216728 
0.537643657289343 0.2294357077422018 0.499948040023879 0.49997159881818587 0.49979025950615585 0.49995892909707074 0.49994425204708537 
0.6489609830809462 0.587099551557763 0.5000096643640453 0.500040007778177 0.4999601917345753 0.4999583762041992 0.4999838428207501 
0.9706015840075254 0.1053880169730901 0.500011154530173 0.500035376197448 0.49994210877751744 0.4999582581420046 0.49934106571256115 
0.5210157397979982 0.010108060435615018 0.4999513652700433 0.4999194900185399 0.49977697417319644 0.4998684129039226 0.5000127537082019 
0.577954713074726 0.2516640106789814 0.5000463368039426 0.499975672195155 0.49990413166601266 0.4998601203110118 0.5000133447874936 
0.5937368246238726 0.669309039598395 0.500045497590319 0.49997184911576775 0.49942647088058256 0.4998647615708862 0.4999618053614762 
0.5390069415042517 0.9654630737380153 0.500052518519585 0.499974609815314 0.49994314360084474 0.49995121356434336 0.499997411888918 
0.9506858652880864 0.9950193605979268 0.5000753117363622 0.5000216486524071 0.4997893107136492 0.4997923114056724 0.49994961367311364 
0.8558131098031145 0.009625267122332692 0.5000454992703488 0.49997393030060916 0.5002744118018295 0.49987491188294975 0.5000191405501866 
0.8449596421156874 0.022074621459144045 0.5000454992703488 0.49997393030060916 0.49995517561518327 0.4998762258259934 0.5000187001215282 
0.6274465122875439 0.9268962714277791 0.5000523850746331 0.5003993060780703 0.49995082447814193 0.4999633875407623 0.4999523844472917 
0.9961876275862889 0.1162336185148034 0.5000480595612828 0.5000138076233452 0.4999341365200543 0.49987600324612386 0.49999062123913063 
0.3052867928563831 0.28405626660672173 0.5000528920315317 0.5000837267534914 0.49994344030906357 0.4999562794310587 0.4999601491975052 
0.6403810889193813 0.7632362587942958 0.500044694404551 0.4999381959293463 0.4999424902419295 0.5000403415282677 0.500011439821424 
0.8375460572731611 0.26440986731560756 0.5000455024788537 0.4999651940465901 0.4994513424452878 0.49995732458661607 0.4999669389464178 
0.025532624971440487 0.08077134231960942 0.49992521313169513 0.49997436323362404 0.49995311949319665 0.5000298341943004 0.4999506425411948 
0.475812159407651 0.196778006302889 0.4999336626003255 0.5000129532874183 0.4997777578568574 0.49986845516286893 0.5000399612202016 
0.6489609830809462 0.6743051421315998 0.5000089286227845 0.5000375238565593 0.49943252968004465 0.4999583762041992 0.4999838428207501 
0.8981408189244628 0.26206903118019015 0.5000454992703488 0.49997210023222854 0.49994419428786624 0.4998770065292963 0.5001912493223665 
0.8759307542411766 0.6552893715926462 0.49993396346488256 0.5000662637085299 0.4997793840391463 0.4998006536480772 0.5000007488928891 
0.3817983027837162 0.8801371340496944 0.5000559530204096 0.5003775823886635 0.4997862785633682 0.49987428368095477 0.5000000825785816 
0.9487578107392363 0.669309039598395 0.500045497590319 0.49997184911576775 0.49942647088058256 0.49995622442225995 0.4999618053614762 
0.8047827517233541 0.2518575233288579 0.5000524971324323 0.500084924434523 0.49990422818028013 0.4999562794310587 0.499961314688868 
0.9651096041317888 0.9968949777091662 0.49994826746998544 0.5000129532874183 0.4997777578568574 0.49986845516286893 0.5000394863291254 
0.07770213769161313 0.3235173408168062 0.5000449802290509 0.5000144043515662 0.4999375487598349 0.4998787565224567 0.5000418231581282 
0.9487578107392363 0.669309039598395 0.500045497590319 0.49997184911576775 0.49942647088058256 0.49995622442225995 0.4999618053614762 
0.839917675569591 0.672819074159312 0.5000800515478113 0.5000091898003868 0.4997793840391463 0.4998006536480772 0.5000007488928891 
0.9277544116771022 0.0014998378086952258 0.4999352901170562 0.5000824360980916 0.4997629833746502 0.4999595059236388 0.49994762527349845 
0.5842153013295195 0.7632362587942958 0.500044694404551 0.4999381959293463 0.49994236142429294 0.5000389145841164 0.500011439821424 
0.2887792783479122 0.28702507941346933 0.5000111376437392 0.4999751321725844 0.499943438421702 0.4999504188615908 0.5000044132639022 
0.9706015840075254 0.16642276798693056 0.500011154530173 0.500035376197448 0.4999419912777704 0.4999582581420046 0.4999911594931846 
0.5485686272275907 0.7632362587942958 0.500044694404551 0.4999381959293463 0.49994236142429294 0.5000389145841164 0.500011439821424 
0.6117236654280166 0.2516640106789814 0.5000464530614745 0.49997146837948786 0.49990413166601266 0.4998601203110118 0.5000134328784411 
0.5579072613808628 0.9189495452692258 0.5000559512056848 0.5000054024726764 0.49994314373801896 0.49991661537690407 0.499997411888918 
0.8759307542411766 0.9981351771403693 0.49993255154444954 0.5000159751381135 0.4999427232390021 0.499959621608281 0.4999441120745717 
0.38647808267519435 0.8801371340496944 0.5000559530204096 0.500397962667201 0.4997934985505594 0.49987428368095477 0.5000000826160768 
0.6403810889193813 0.7632362587942958 0.500044694404551 0.4999381959293463 0.4999424902419295 0.5000403415282677 0.500011439821424 
0.6642103381377034 0.587099551557763 0.4999196953725149 0.49997929069334945 0.4999596621761931 0.4998692151478082 0.4999838428207501 
0.6074184569756002 0.7806113248315301 0.500044694404551 0.4999381959293463 0.49994236142429294 0.5000389145841164 0.500011439821424 
0.5857630924630122 0.7639785967630377 0.5000473575919531 0.5000790408944957 0.4999350531448075 0.4999636368360872 0.4999982013912841 
